51 51
3.777298e-01 0 5
-1.191017 -1.173197 -1.155469 -1.137865 -1.120420 -1.103173 -1.086168 -1.069450 -1.053070 -1.037085 -1.021553 -1.006537 -0.992104 -0.978325 -0.965271 -0.953018 -0.941640 -0.931211 -0.921806 -0.913493 -0.906336 -0.900395 -0.895719 -0.892349 -0.890314 -0.889634 -0.890314 -0.892349 -0.895719 -0.900395 -0.906336 -0.913493 -0.921806 -0.931211 -0.941640 -0.953018 -0.965271 -0.978325 -0.992104 -1.006537 -1.021553 -1.037085 -1.053070 -1.069450 -1.086168 -1.103173 -1.120420 -1.137865 -1.155469 -1.173197 -1.191017 
-1.173567 -1.155084 -1.136668 -1.118350 -1.100165 -1.082155 -1.064363 -1.046838 -1.029634 -1.012810 -0.996428 -0.980557 -0.965271 -0.950646 -0.936762 -0.923703 -0.911552 -0.900395 -0.890314 -0.881390 -0.873696 -0.867301 -0.862263 -0.858628 -0.856433 -0.855699 -0.856433 -0.858628 -0.862263 -0.867301 -0.873696 -0.881390 -0.890314 -0.900395 -0.911552 -0.923703 -0.936762 -0.950646 -0.965271 -0.980557 -0.996428 -1.012810 -1.029634 -1.046838 -1.064363 -1.082155 -1.100165 -1.118350 -1.136668 -1.155084 -1.173567 
-1.156236 -1.137067 -1.117934 -1.098870 -1.079911 -1.061097 -1.042474 -1.024093 -1.006010 -0.988287 -0.970992 -0.954199 -0.937986 -0.922439 -0.907646 -0.893700 -0.880696 -0.868730 -0.857898 -0.848290 -0.839994 -0.833088 -0.827640 -0.823708 -0.821331 -0.820536 -0.821331 -0.823708 -0.827640 -0.833088 -0.839994 -0.848290 -0.857898 -0.868730 -0.880696 -0.893700 -0.907646 -0.922439 -0.937986 -0.954199 -0.970992 -0.988287 -1.006010 -1.024093 -1.042474 -1.061097 -1.079911 -1.098870 -1.117934 -1.137067 -1.156236 
-1.139058 -1.119179 -1.099302 -1.079461 -1.059691 -1.040032 -1.020533 -1.001244 -0.982225 -0.963541 -0.945264 -0.927473 -0.910254 -0.893700 -0.877909 -0.862986 -0.849036 -0.836171 -0.824497 -0.814123 -0.805148 -0.797665 -0.791754 -0.787483 -0.784899 -0.784035 -0.784899 -0.787483 -0.791754 -0.797665 -0.805148 -0.814123 -0.824497 -0.836171 -0.849036 -0.862986 -0.877909 -0.893700 -0.910254 -0.927473 -0.945264 -0.963541 -0.982225 -1.001244 -1.020533 -1.040032 -1.059691 -1.079461 -1.099302 -1.119179 -1.139058 
-1.122070 -1.101457 -1.080810 -1.060160 -1.039543 -1.018998 -0.998575 -0.978325 -0.958310 -0.938597 -0.919264 -0.900395 -0.882083 -0.864429 -0.847542 -0.831538 -0.816539 -0.802667 -0.790051 -0.778812 -0.769068 -0.760930 -0.754492 -0.749834 -0.747014 -0.746070 -0.747014 -0.749834 -0.754492 -0.760930 -0.769068 -0.778812 -0.790051 -0.802667 -0.816539 -0.831538 -0.847542 -0.864429 -0.882083 -0.900395 -0.919264 -0.938597 -0.958310 -0.978325 -0.998575 -1.018998 -1.039543 -1.060160 -1.080810 -1.101457 -1.122070 
-1.105310 -1.083943 -1.062500 -1.041011 -1.019510 -0.998039 -0.976643 -0.955377 -0.934304 -0.913493 -0.893025 -0.872990 -0.853489 -0.834632 -0.816539 -0.799339 -0.783169 -0.768171 -0.754492 -0.742274 -0.731656 -0.722769 -0.715726 -0.710623 -0.707532 -0.706497 -0.707532 -0.710623 -0.715726 -0.722769 -0.731656 -0.742274 -0.754492 -0.768171 -0.783169 -0.799339 -0.816539 -0.834632 -0.853489 -0.872990 -0.893025 -0.913493 -0.934304 -0.955377 -0.976643 -0.998039 -1.019510 -1.041011 -1.062500 -1.083943 -1.105310 
-1.088824 -1.066682 -1.044419 -1.022062 -0.999644 -0.977204 -0.954789 -0.932451 -0.910254 -0.888271 -0.866585 -0.845291 -0.824497 -0.804322 -0.784899 -0.766372 -0.748896 -0.732632 -0.717750 -0.704418 -0.692801 -0.683053 -0.675313 -0.669695 -0.666289 -0.665147 -0.666289 -0.669695 -0.675313 -0.683053 -0.692801 -0.704418 -0.717750 -0.732632 -0.748896 -0.766372 -0.784899 -0.804322 -0.824497 -0.845291 -0.866585 -0.888271 -0.910254 -0.932451 -0.954789 -0.977204 -0.999644 -1.022062 -1.044419 -1.066682 -1.088824 
-1.072658 -1.049725 -1.026620 -1.003368 -0.980000 -0.956552 -0.933069 -0.909603 -0.886218 -0.862986 -0.839994 -0.817341 -0.795141 -0.773524 -0.752635 -0.732632 -0.713692 -0.696001 -0.679753 -0.665147 -0.652379 -0.641635 -0.633084 -0.626867 -0.623092 -0.621826 -0.623092 -0.626867 -0.633084 -0.641635 -0.652379 -0.665147 -0.679753 -0.696001 -0.713692 -0.732632 -0.752635 -0.773524 -0.795141 -0.817341 -0.839994 -0.862986 -0.886218 -0.909603 -0.933069 -0.956552 -0.980000 -1.003368 -1.026620 -1.049725 -1.072658 
-1.056865 -1.033126 -1.009161 -0.984991 -0.960642 -0.936149 -0.911552 -0.886903 -0.862263 -0.837704 -0.813314 -0.789196 -0.765470 -0.742274 -0.719765 -0.698121 -0.677539 -0.658231 -0.640425 -0.624354 -0.610254 -0.598350 -0.588849 -0.581926 -0.577716 -0.576303 -0.577716 -0.581926 -0.588849 -0.598350 -0.610254 -0.624354 -0.640425 -0.658231 -0.677539 -0.698121 -0.719765 -0.742274 -0.765470 -0.789196 -0.813314 -0.837704 -0.862263 -0.886903 -0.911552 -0.936149 -0.960642 -0.984991 -1.009161 -1.033126 -1.056865 
-1.041499 -1.016945 -0.992104 -0.966995 -0.941640 -0.916067 -0.890314 -0.864429 -0.838468 -0.812504 -0.786623 -0.760930 -0.735548 -0.710623 -0.686327 -0.662854 -0.640425 -0.619282 -0.599690 -0.581926 -0.566273 -0.553008 -0.542384 -0.534623 -0.529895 -0.528307 -0.529895 -0.534623 -0.542384 -0.553008 -0.566273 -0.581926 -0.599690 -0.619282 -0.640425 -0.662854 -0.686327 -0.710623 -0.735548 -0.760930 -0.786623 -0.812504 -0.838468 -0.864429 -0.890314 -0.916067 -0.941640 -0.966995 -0.992104 -1.016945 -1.041499 
-1.026620 -1.001244 -0.975519 -0.949455 -0.923071 -0.896390 -0.869443 -0.842272 -0.814929 -0.787483 -0.760016 -0.732632 -0.705459 -0.678647 -0.652379 -0.626867 -0.602356 -0.579124 -0.557477 -0.537745 -0.520270 -0.505392 -0.493430 -0.484663 -0.479310 -0.477510 -0.479310 -0.484663 -0.493430 -0.505392 -0.520270 -0.537745 -0.557477 -0.579124 -0.602356 -0.626867 -0.652379 -0.678647 -0.705459 -0.732632 -0.760016 -0.787483 -0.814929 -0.842272 -0.869443 -0.896390 -0.923071 -0.949455 -0.975519 -1.001244 -1.026620 
-1.012290 -0.986092 -0.959477 -0.932451 -0.905023 -0.877210 -0.849036 -0.820536 -0.791754 -0.762752 -0.733606 -0.704418 -0.675313 -0.646445 -0.618004 -0.590220 -0.563362 -0.537745 -0.513725 -0.491691 -0.472061 -0.455256 -0.441680 -0.431693 -0.425578 -0.423519 -0.425578 -0.431693 -0.441680 -0.455256 -0.472061 -0.491691 -0.513725 -0.537745 -0.563362 -0.590220 -0.618004 -0.646445 -0.675313 -0.704418 -0.733606 -0.762752 -0.791754 -0.820536 -0.849036 -0.877210 -0.905023 -0.932451 -0.959477 -0.986092 -1.012290 
-0.998575 -0.971561 -0.944059 -0.916067 -0.887587 -0.858628 -0.829204 -0.799339 -0.769068 -0.738443 -0.707532 -0.676427 -0.645247 -0.614147 -0.583320 -0.553008 -0.523504 -0.495160 -0.468387 -0.443648 -0.421449 -0.402319 -0.386775 -0.375287 -0.368229 -0.365848 -0.368229 -0.375287 -0.386775 -0.402319 -0.421449 -0.443648 -0.468387 -0.495160 -0.523504 -0.553008 -0.583320 -0.614147 -0.645247 -0.676427 -0.707532 -0.738443 -0.769068 -0.799339 -0.829204 -0.858628 -0.887587 -0.916067 -0.944059 -0.971561 -0.998575 
-0.985542 -0.957725 -0.929346 -0.900395 -0.870865 -0.840754 -0.810066 -0.778812 -0.747014 -0.714711 -0.681956 -0.648828 -0.615437 -0.581926 -0.548488 -0.515371 -0.482887 -0.451424 -0.421449 -0.393512 -0.368229 -0.346265 -0.328290 -0.314926 -0.306682 -0.303895 -0.306682 -0.314926 -0.328290 -0.346265 -0.368229 -0.393512 -0.421449 -0.451424 -0.482887 -0.515371 -0.548488 -0.581926 -0.615437 -0.648828 -0.681956 -0.714711 -0.747014 -0.778812 -0.810066 -0.840754 -0.870865 -0.900395 -0.929346 -0.957725 -0.985542 
-0.973261 -0.944662 -0.915425 -0.885531 -0.854964 -0.823708 -0.791754 -0.759100 -0.725752 -0.691729 -0.657067 -0.621826 -0.586094 -0.550000 -0.513725 -0.477510 -0.441680 -0.406651 -0.372948 -0.341213 -0.312197 -0.286740 -0.265719 -0.249973 -0.240207 -0.236897 -0.240207 -0.249973 -0.265719 -0.286740 -0.312197 -0.341213 -0.372948 -0.406651 -0.441680 -0.477510 -0.513725 -0.550000 -0.586094 -0.621826 -0.657067 -0.691729 -0.725752 -0.759100 -0.791754 -0.823708 -0.854964 -0.885531 -0.915425 -0.944662 -0.973261 
-0.961804 -0.932451 -0.902384 -0.871575 -0.839994 -0.807614 -0.774410 -0.740363 -0.705459 -0.669695 -0.633084 -0.595658 -0.557477 -0.518644 -0.479310 -0.439702 -0.400136 -0.361043 -0.322999 -0.286740 -0.253174 -0.223361 -0.198463 -0.179632 -0.167872 -0.163870 -0.167872 -0.179632 -0.198463 -0.223361 -0.253174 -0.286740 -0.322999 -0.361043 -0.400136 -0.439702 -0.479310 -0.518644 -0.557477 -0.595658 -0.633084 -0.669695 -0.705459 -0.740363 -0.774410 -0.807614 -0.839994 -0.871575 -0.902384 -0.932451 -0.961804 
-0.951240 -0.921172 -0.890314 -0.858628 -0.826072 -0.792603 -0.758182 -0.722769 -0.686327 -0.648828 -0.610254 -0.570602 -0.529895 -0.488193 -0.445606 -0.402319 -0.358619 -0.314926 -0.271842 -0.230188 -0.191041 -0.155737 -0.125820 -0.102907 -0.088461 -0.083520 -0.088461 -0.102907 -0.125820 -0.155737 -0.191041 -0.230188 -0.271842 -0.314926 -0.358619 -0.402319 -0.445606 -0.488193 -0.529895 -0.570602 -0.610254 -0.648828 -0.686327 -0.722769 -0.758182 -0.792603 -0.826072 -0.858628 -0.890314 -0.921172 -0.951240 
-0.941640 -0.910904 -0.879305 -0.846793 -0.813314 -0.778812 -0.743226 -0.706497 -0.668563 -0.629365 -0.588849 -0.546971 -0.503704 -0.459051 -0.413060 -0.365848 -0.317636 -0.268793 -0.219902 -0.171833 -0.125820 -0.083520 -0.046989 -0.018532 -0.000357 0.005904 -0.000357 -0.018532 -0.046989 -0.083520 -0.125820 -0.171833 -0.219902 -0.268793 -0.317636 -0.365848 -0.413060 -0.459051 -0.503704 -0.546971 -0.588849 -0.629365 -0.668563 -0.706497 -0.743226 -0.778812 -0.813314 -0.846793 -0.879305 -0.910904 -0.941640 
-0.933069 -0.901722 -0.869443 -0.836171 -0.801838 -0.766372 -0.729697 -0.691729 -0.652379 -0.611556 -0.569164 -0.525111 -0.479310 -0.431693 -0.382220 -0.330909 -0.277870 -0.223361 -0.167872 -0.112239 -0.057794 -0.006514 0.038889 0.075092 0.098644 0.106841 0.098644 0.075092 0.038889 -0.006514 -0.057794 -0.112239 -0.167872 -0.223361 -0.277870 -0.330909 -0.382220 -0.431693 -0.479310 -0.525111 -0.569164 -0.611556 -0.652379 -0.691729 -0.729697 -0.766372 -0.801838 -0.836171 -0.869443 -0.901722 -0.933069 
-0.925592 -0.893700 -0.860812 -0.826857 -0.791754 -0.755417 -0.717750 -0.678647 -0.637992 -0.595658 -0.551507 -0.505392 -0.457158 -0.406651 -0.353724 -0.298260 -0.240207 -0.179632 -0.116821 -0.052430 0.012271 0.075092 0.132584 0.179951 0.211618 0.222814 0.211618 0.179951 0.132584 0.075092 0.012271 -0.052430 -0.116821 -0.179632 -0.240207 -0.298260 -0.353724 -0.406651 -0.457158 -0.505392 -0.551507 -0.595658 -0.637992 -0.678647 -0.717750 -0.755417 -0.791754 -0.826857 -0.860812 -0.893700 -0.925592 
-0.919264 -0.886903 -0.853489 -0.818941 -0.783169 -0.746070 -0.707532 -0.667427 -0.625612 -0.581926 -0.536187 -0.488193 -0.437715 -0.384504 -0.328290 -0.268793 -0.205743 -0.138931 -0.068296 0.005904 0.082777 0.160265 0.234364 0.298343 0.342949 0.359128 0.342949 0.298343 0.234364 0.160265 0.082777 0.005904 -0.068296 -0.138931 -0.205743 -0.268793 -0.328290 -0.384504 -0.437715 -0.488193 -0.536187 -0.581926 -0.625612 -0.667427 -0.707532 -0.746070 -0.783169 -0.818941 -0.853489 -0.886903 -0.919264 
-0.914138 -0.881390 -0.847542 -0.812504 -0.776176 -0.738443 -0.699177 -0.658231 -0.615437 -0.570602 -0.523504 -0.473886 -0.421449 -0.365848 -0.306682 -0.243490 -0.175752 -0.102907 -0.024399 0.060184 0.150805 0.246292 0.342949 0.432248 0.498859 0.524128 0.498859 0.432248 0.342949 0.246292 0.150805 0.060184 -0.024399 -0.102907 -0.175752 -0.243490 -0.306682 -0.365848 -0.421449 -0.473886 -0.523504 -0.570602 -0.615437 -0.658231 -0.699177 -0.738443 -0.776176 -0.812504 -0.847542 -0.881390 -0.914138 
-0.910254 -0.877210 -0.843029 -0.807614 -0.770856 -0.732632 -0.692801 -0.651199 -0.607638 -0.561899 -0.513725 -0.462812 -0.408799 -0.351253 -0.289652 -0.223361 -0.151605 -0.073440 0.012271 0.106841 0.211618 0.327462 0.453109 0.580750 0.687238 0.731250 0.687238 0.580750 0.453109 0.327462 0.211618 0.106841 0.012271 -0.073440 -0.151605 -0.223361 -0.289652 -0.351253 -0.408799 -0.462812 -0.513725 -0.561899 -0.607638 -0.651199 -0.692801 -0.732632 -0.770856 -0.807614 -0.843029 -0.877210 -0.910254 
-0.907646 -0.874401 -0.839994 -0.804322 -0.767273 -0.728714 -0.688496 -0.646445 -0.602356 -0.555993 -0.507072 -0.455256 -0.400136 -0.341213 -0.277870 -0.209332 -0.134611 -0.052430 0.038889 0.141582 0.258623 0.393838 0.551319 0.731250 0.910619 0.998904 0.910619 0.731250 0.551319 0.393838 0.258623 0.141582 0.038889 -0.052430 -0.134611 -0.209332 -0.277870 -0.341213 -0.400136 -0.455256 -0.507072 -0.555993 -0.602356 -0.646445 -0.688496 -0.728714 -0.767273 -0.804322 -0.839994 -0.874401 -0.907646 
-0.906336 -0.872990 -0.838468 -0.802667 -0.765470 -0.726742 -0.686327 -0.644047 -0.599690 -0.553008 -0.503704 -0.451424 -0.395732 -0.336095 -0.271842 -0.202120 -0.125820 -0.041468 0.052949 0.160265 0.284615 0.432248 0.612830 0.840180 1.117525 1.300049 1.117525 0.840180 0.612830 0.432248 0.284615 0.160265 0.052949 -0.041468 -0.125820 -0.202120 -0.271842 -0.336095 -0.395732 -0.451424 -0.503704 -0.553008 -0.599690 -0.644047 -0.686327 -0.726742 -0.765470 -0.802667 -0.838468 -0.872990 -0.906336 
-0.906172 -0.872814 -0.838277 -0.802460 -0.765244 -0.726494 -0.686055 -0.643746 -0.599355 -0.552633 -0.503281 -0.450942 -0.395178 -0.335451 -0.271082 -0.201209 -0.124707 -0.040075 0.054744 0.162669 0.287998 0.437350 0.621322 0.856507 1.154850 1.366574 1.154850 0.856507 0.621322 0.437350 0.287998 0.162669 0.054744 -0.040075 -0.124707 -0.201209 -0.271082 -0.335451 -0.395178 -0.450942 -0.503281 -0.552633 -0.599355 -0.643746 -0.686055 -0.726494 -0.765244 -0.802460 -0.838277 -0.872814 -0.906172 
-0.906344 -0.872998 -0.838477 -0.802676 -0.765480 -0.726752 -0.686339 -0.644060 -0.599704 -0.553024 -0.503723 -0.451445 -0.395756 -0.336123 -0.271875 -0.202160 -0.125869 -0.041529 0.052871 0.160161 0.284469 0.432028 0.612466 0.839487 1.115991 1.297436 1.115991 0.839487 0.612466 0.432028 0.284469 0.160161 0.052871 -0.041529 -0.125869 -0.202160 -0.271875 -0.336123 -0.395756 -0.451445 -0.503723 -0.553024 -0.599704 -0.644060 -0.686339 -0.726752 -0.765480 -0.802676 -0.838477 -0.872998 -0.906344 
-0.907667 -0.874424 -0.840018 -0.804349 -0.767302 -0.728746 -0.688531 -0.646483 -0.602399 -0.556041 -0.507126 -0.455317 -0.400207 -0.341295 -0.277967 -0.209447 -0.134752 -0.052605 0.038666 0.141287 0.258218 0.393249 0.550406 0.729737 0.908104 0.995669 0.908104 0.729737 0.550406 0.393249 0.258218 0.141287 0.038666 -0.052605 -0.134752 -0.209447 -0.277967 -0.341295 -0.400207 -0.455317 -0.507126 -0.556041 -0.602399 -0.646483 -0.688531 -0.728746 -0.767302 -0.804349 -0.840018 -0.874424 -0.907667 
-0.910289 -0.877248 -0.843069 -0.807658 -0.770904 -0.732685 -0.692859 -0.651263 -0.607709 -0.561978 -0.513814 -0.462912 -0.408914 -0.351387 -0.289809 -0.223547 -0.151829 -0.073714 0.011926 0.106395 0.211025 0.326647 0.451954 0.579102 0.685016 0.728735 0.685016 0.579102 0.451954 0.326647 0.211025 0.106395 0.011926 -0.073714 -0.151829 -0.223547 -0.289809 -0.351387 -0.408914 -0.462912 -0.513814 -0.561978 -0.607709 -0.651263 -0.692859 -0.732685 -0.770904 -0.807658 -0.843069 -0.877248 -0.910289 
-0.914186 -0.881442 -0.847599 -0.812565 -0.776242 -0.738516 -0.699257 -0.658318 -0.615534 -0.570710 -0.523625 -0.474023 -0.421606 -0.366028 -0.306891 -0.243736 -0.176046 -0.103262 -0.024837 0.059634 0.150102 0.245379 0.341759 0.430725 0.497026 0.522161 0.497026 0.430725 0.341759 0.245379 0.150102 0.059634 -0.024837 -0.103262 -0.176046 -0.243736 -0.306891 -0.366028 -0.421606 -0.474023 -0.523625 -0.570710 -0.615534 -0.658318 -0.699257 -0.738516 -0.776242 -0.812565 -0.847599 -0.881442 -0.914186 
-0.919326 -0.886969 -0.853561 -0.819019 -0.783253 -0.746162 -0.707632 -0.667537 -0.625734 -0.582061 -0.536338 -0.488363 -0.437908 -0.384725 -0.328545 -0.269089 -0.206092 -0.139347 -0.068797 0.005293 0.082026 0.159339 0.233229 0.296990 0.341420 0.357530 0.341420 0.296990 0.233229 0.159339 0.082026 0.005293 -0.068797 -0.139347 -0.206092 -0.269089 -0.328545 -0.384725 -0.437908 -0.488363 -0.536338 -0.582061 -0.625734 -0.667537 -0.707632 -0.746162 -0.783253 -0.819019 -0.853561 -0.886969 -0.919326 
-0.925666 -0.893780 -0.860898 -0.826950 -0.791855 -0.755527 -0.717870 -0.678778 -0.638136 -0.595818 -0.551685 -0.505591 -0.457383 -0.406905 -0.354015 -0.298596 -0.240597 -0.180089 -0.117359 -0.053069 0.011512 0.074193 0.131534 0.178757 0.210316 0.221471 0.210316 0.178757 0.131534 0.074193 0.011512 -0.053069 -0.117359 -0.180089 -0.240597 -0.298596 -0.354015 -0.406905 -0.457383 -0.505591 -0.551685 -0.595818 -0.638136 -0.678778 -0.717870 -0.755527 -0.791855 -0.826950 -0.860898 -0.893780 -0.925666 
-0.933156 -0.901815 -0.869543 -0.836278 -0.801954 -0.766498 -0.729834 -0.691879 -0.652544 -0.611737 -0.569365 -0.525335 -0.479562 -0.431975 -0.382540 -0.331274 -0.278288 -0.223842 -0.168428 -0.112883 -0.058538 -0.007367 0.037926 0.074030 0.097512 0.105684 0.097512 0.074030 0.037926 -0.007367 -0.058538 -0.112883 -0.168428 -0.223842 -0.278288 -0.331274 -0.382540 -0.431975 -0.479562 -0.525335 -0.569365 -0.611737 -0.652544 -0.691879 -0.729834 -0.766498 -0.801954 -0.836278 -0.869543 -0.901815 -0.933156 
-0.941737 -0.911008 -0.879417 -0.846914 -0.813445 -0.778953 -0.743379 -0.706664 -0.668746 -0.629566 -0.589070 -0.547216 -0.503977 -0.459356 -0.413402 -0.366233 -0.318071 -0.269286 -0.220462 -0.172468 -0.126537 -0.084321 -0.047872 -0.019485 -0.001357 0.004887 -0.001357 -0.019485 -0.047872 -0.084321 -0.126537 -0.172468 -0.220462 -0.269286 -0.318071 -0.366233 -0.413402 -0.459356 -0.503977 -0.547216 -0.589070 -0.629566 -0.668746 -0.706664 -0.743379 -0.778953 -0.813445 -0.846914 -0.879417 -0.911008 -0.941737 
-0.951349 -0.921288 -0.890439 -0.858762 -0.826215 -0.792759 -0.758350 -0.722951 -0.686526 -0.649046 -0.610492 -0.570864 -0.530185 -0.488514 -0.445963 -0.402717 -0.359063 -0.315423 -0.272397 -0.230806 -0.191726 -0.156488 -0.126632 -0.103769 -0.089357 -0.084428 -0.089357 -0.103769 -0.126632 -0.156488 -0.191726 -0.230806 -0.272397 -0.315423 -0.359063 -0.402717 -0.445963 -0.488514 -0.530185 -0.570864 -0.610492 -0.649046 -0.686526 -0.722951 -0.758350 -0.792759 -0.826215 -0.858762 -0.890439 -0.921288 -0.951349 
-0.961922 -0.932577 -0.902519 -0.871720 -0.840149 -0.807781 -0.774591 -0.740558 -0.705671 -0.669926 -0.633336 -0.595934 -0.557780 -0.518976 -0.479677 -0.440107 -0.400583 -0.361537 -0.323543 -0.287337 -0.253824 -0.224064 -0.199213 -0.180420 -0.168684 -0.164691 -0.168684 -0.180420 -0.199213 -0.224064 -0.253824 -0.287337 -0.323543 -0.361537 -0.400583 -0.440107 -0.479677 -0.518976 -0.557780 -0.595934 -0.633336 -0.669926 -0.705671 -0.740558 -0.774591 -0.807781 -0.840149 -0.871720 -0.902519 -0.932577 -0.961922 
-0.973389 -0.944798 -0.915570 -0.885686 -0.855130 -0.823886 -0.791946 -0.759307 -0.725976 -0.691971 -0.657330 -0.622112 -0.586406 -0.550341 -0.514097 -0.477917 -0.442125 -0.407137 -0.373477 -0.341787 -0.312815 -0.287400 -0.266415 -0.250698 -0.240951 -0.237647 -0.240951 -0.250698 -0.266415 -0.287400 -0.312815 -0.341787 -0.373477 -0.407137 -0.442125 -0.477917 -0.514097 -0.550341 -0.586406 -0.622112 -0.657330 -0.691971 -0.725976 -0.759307 -0.791946 -0.823886 -0.855130 -0.885686 -0.915570 -0.944798 -0.973389 
-0.985678 -0.957869 -0.929500 -0.900559 -0.871041 -0.840942 -0.810267 -0.779028 -0.747247 -0.714962 -0.682227 -0.649122 -0.615755 -0.582271 -0.548863 -0.515777 -0.483327 -0.451899 -0.421962 -0.394062 -0.368816 -0.346885 -0.328939 -0.315598 -0.307368 -0.304586 -0.307368 -0.315598 -0.328939 -0.346885 -0.368816 -0.394062 -0.421962 -0.451899 -0.483327 -0.515777 -0.548863 -0.582271 -0.615755 -0.649122 -0.682227 -0.714962 -0.747247 -0.779028 -0.810267 -0.840942 -0.871041 -0.900559 -0.929500 -0.957869 -0.985678 
-0.998718 -0.971713 -0.944221 -0.916239 -0.887771 -0.858824 -0.829413 -0.799563 -0.769309 -0.738702 -0.707810 -0.676726 -0.645570 -0.614494 -0.583694 -0.553410 -0.523936 -0.495624 -0.468883 -0.444175 -0.422007 -0.402904 -0.387384 -0.375913 -0.368867 -0.366490 -0.368867 -0.375913 -0.387384 -0.402904 -0.422007 -0.444175 -0.468883 -0.495624 -0.523936 -0.553410 -0.583694 -0.614494 -0.645570 -0.676726 -0.707810 -0.738702 -0.769309 -0.799563 -0.829413 -0.858824 -0.887771 -0.916239 -0.944221 -0.971713 -0.998718 
-1.012441 -0.986252 -0.959646 -0.932630 -0.905214 -0.877413 -0.849253 -0.820767 -0.792001 -0.763015 -0.733889 -0.704721 -0.675636 -0.646791 -0.618375 -0.590617 -0.563786 -0.538197 -0.514203 -0.492197 -0.472592 -0.455809 -0.442252 -0.432279 -0.426174 -0.424118 -0.426174 -0.432279 -0.442252 -0.455809 -0.472592 -0.492197 -0.514203 -0.538197 -0.563786 -0.590617 -0.618375 -0.646791 -0.675636 -0.704721 -0.733889 -0.763015 -0.792001 -0.820767 -0.849253 -0.877413 -0.905214 -0.932630 -0.959646 -0.986252 -1.012441 
-1.026777 -1.001410 -0.975694 -0.949641 -0.923268 -0.896599 -0.869665 -0.842508 -0.815181 -0.787750 -0.760301 -0.732936 -0.705783 -0.678992 -0.652746 -0.627257 -0.602770 -0.579562 -0.557939 -0.538230 -0.520776 -0.505916 -0.493970 -0.485215 -0.479870 -0.478072 -0.479870 -0.485215 -0.493970 -0.505916 -0.520776 -0.538230 -0.557939 -0.579562 -0.602770 -0.627257 -0.652746 -0.678992 -0.705783 -0.732936 -0.760301 -0.787750 -0.815181 -0.842508 -0.869665 -0.896599 -0.923268 -0.949641 -0.975694 -1.001410 -1.026777 
-1.041662 -1.017116 -0.992285 -0.967186 -0.941842 -0.916281 -0.890541 -0.864669 -0.838723 -0.812774 -0.786910 -0.761234 -0.735870 -0.710965 -0.686689 -0.663237 -0.640828 -0.619707 -0.600135 -0.582391 -0.566756 -0.553507 -0.542896 -0.535145 -0.530423 -0.528837 -0.530423 -0.535145 -0.542896 -0.553507 -0.566756 -0.582391 -0.600135 -0.619707 -0.640828 -0.663237 -0.686689 -0.710965 -0.735870 -0.761234 -0.786910 -0.812774 -0.838723 -0.864669 -0.890541 -0.916281 -0.941842 -0.967186 -0.992285 -1.017116 -1.041662 
-1.057032 -1.033302 -1.009346 -0.985186 -0.960848 -0.936366 -0.911782 -0.887146 -0.862519 -0.837975 -0.813601 -0.789500 -0.765790 -0.742612 -0.720121 -0.698496 -0.677932 -0.658643 -0.640855 -0.624801 -0.610716 -0.598826 -0.589336 -0.582421 -0.578216 -0.576805 -0.578216 -0.582421 -0.589336 -0.598826 -0.610716 -0.624801 -0.640855 -0.658643 -0.677932 -0.698496 -0.720121 -0.742612 -0.765790 -0.789500 -0.813601 -0.837975 -0.862519 -0.887146 -0.911782 -0.936366 -0.960848 -0.985186 -1.009346 -1.033302 -1.057032 
-1.072830 -1.049905 -1.026810 -1.003568 -0.980210 -0.956773 -0.933302 -0.909848 -0.886476 -0.863258 -0.840280 -0.817642 -0.795459 -0.773858 -0.752984 -0.732999 -0.714076 -0.696401 -0.680168 -0.665577 -0.652822 -0.642090 -0.633548 -0.627338 -0.623567 -0.622302 -0.623567 -0.627338 -0.633548 -0.642090 -0.652822 -0.665577 -0.680168 -0.696401 -0.714076 -0.732999 -0.752984 -0.773858 -0.795459 -0.817642 -0.840280 -0.863258 -0.886476 -0.909848 -0.933302 -0.956773 -0.980210 -1.003568 -1.026810 -1.049905 -1.072830 
-1.088999 -1.066866 -1.044612 -1.022264 -0.999857 -0.977427 -0.955023 -0.932697 -0.910512 -0.888542 -0.866870 -0.845590 -0.824811 -0.804651 -0.785243 -0.766731 -0.749269 -0.733020 -0.718152 -0.704832 -0.693227 -0.683489 -0.675756 -0.670145 -0.666742 -0.665601 -0.666742 -0.670145 -0.675756 -0.683489 -0.693227 -0.704832 -0.718152 -0.733020 -0.749269 -0.766731 -0.785243 -0.804651 -0.824811 -0.845590 -0.866870 -0.888542 -0.910512 -0.932697 -0.955023 -0.977427 -0.999857 -1.022264 -1.044612 -1.066866 -1.088999 
-1.105489 -1.084130 -1.062695 -1.041216 -1.019725 -0.998264 -0.976878 -0.955624 -0.934562 -0.913763 -0.893308 -0.873287 -0.853799 -0.834955 -0.816875 -0.799689 -0.783532 -0.768548 -0.754880 -0.742673 -0.732066 -0.723187 -0.716151 -0.711054 -0.707966 -0.706931 -0.707966 -0.711054 -0.716151 -0.723187 -0.732066 -0.742673 -0.754880 -0.768548 -0.783532 -0.799689 -0.816875 -0.834955 -0.853799 -0.873287 -0.893308 -0.913763 -0.934562 -0.955624 -0.976878 -0.998264 -1.019725 -1.041216 -1.062695 -1.084130 -1.105489 
-1.122251 -1.101646 -1.081008 -1.060367 -1.039759 -1.019224 -0.998811 -0.978571 -0.958567 -0.938866 -0.919545 -0.900688 -0.882388 -0.864746 -0.847872 -0.831880 -0.816892 -0.803033 -0.790427 -0.779197 -0.769463 -0.761332 -0.754900 -0.750246 -0.747429 -0.746486 -0.747429 -0.750246 -0.754900 -0.761332 -0.769463 -0.779197 -0.790427 -0.803033 -0.816892 -0.831880 -0.847872 -0.864746 -0.882388 -0.900688 -0.919545 -0.938866 -0.958567 -0.978571 -0.998811 -1.019224 -1.039759 -1.060367 -1.081008 -1.101646 -1.122251 
-1.139242 -1.119370 -1.099502 -1.079669 -1.059908 -1.040259 -1.020769 -1.001490 -0.982481 -0.963808 -0.945542 -0.927762 -0.910554 -0.894012 -0.878232 -0.863320 -0.849381 -0.836525 -0.824861 -0.814496 -0.805528 -0.798052 -0.792147 -0.787879 -0.785298 -0.784435 -0.785298 -0.787879 -0.792147 -0.798052 -0.805528 -0.814496 -0.824861 -0.836525 -0.849381 -0.863320 -0.878232 -0.894012 -0.910554 -0.927762 -0.945542 -0.963808 -0.982481 -1.001490 -1.020769 -1.040259 -1.059908 -1.079669 -1.099502 -1.119370 -1.139242 
-1.156422 -1.137260 -1.118135 -1.099079 -1.080129 -1.061324 -1.042710 -1.024338 -1.006265 -0.988552 -0.971267 -0.954484 -0.938282 -0.922745 -0.907962 -0.894026 -0.881032 -0.869075 -0.858251 -0.848651 -0.840362 -0.833462 -0.828019 -0.824090 -0.821715 -0.820921 -0.821715 -0.824090 -0.828019 -0.833462 -0.840362 -0.848651 -0.858251 -0.869075 -0.881032 -0.894026 -0.907962 -0.922745 -0.938282 -0.954484 -0.971267 -0.988552 -1.006265 -1.024338 -1.042710 -1.061324 -1.080129 -1.099079 -1.118135 -1.137260 -1.156422 
-1.173754 -1.155279 -1.136870 -1.118559 -1.100383 -1.082381 -1.064598 -1.047082 -1.029887 -1.013072 -0.996700 -0.980839 -0.965562 -0.950946 -0.937072 -0.924021 -0.911880 -0.900731 -0.890658 -0.881740 -0.874053 -0.867663 -0.862628 -0.858997 -0.856803 -0.856070 -0.856803 -0.858997 -0.862628 -0.867663 -0.874053 -0.881740 -0.890658 -0.900731 -0.911880 -0.924021 -0.937072 -0.950946 -0.965562 -0.980839 -0.996700 -1.013072 -1.029887 -1.047082 -1.064598 -1.082381 -1.100383 -1.118559 -1.136870 -1.155279 -1.173754 
-1.191206 -1.173392 -1.155671 -1.138074 -1.120637 -1.103399 -1.086401 -1.069692 -1.053321 -1.037345 -1.021821 -1.006814 -0.992390 -0.978619 -0.965574 -0.953329 -0.941959 -0.931538 -0.922139 -0.913832 -0.906682 -0.900745 -0.896073 -0.892705 -0.890672 -0.889993 -0.890672 -0.892705 -0.896073 -0.900745 -0.906682 -0.913832 -0.922139 -0.931538 -0.941959 -0.953329 -0.965574 -0.978619 -0.992390 -1.006814 -1.021821 -1.037345 -1.053321 -1.069692 -1.086401 -1.103399 -1.120637 -1.138074 -1.155671 -1.173392 -1.191206 
