53 53
6.005145e-01 0 5
-0.869873 -0.852943 -0.836092 -0.819349 -0.802745 -0.786313 -0.770090 -0.754118 -0.738440 -0.723104 -0.708162 -0.693667 -0.679678 -0.666255 -0.653462 -0.641364 -0.630026 -0.619515 -0.609896 -0.601234 -0.593587 -0.587012 -0.581560 -0.577272 -0.574183 -0.572320 -0.571697 -0.572320 -0.574183 -0.577272 -0.581560 -0.587012 -0.593587 -0.601234 -0.609896 -0.619515 -0.630026 -0.641364 -0.653462 -0.666255 -0.679678 -0.693667 -0.708162 -0.723104 -0.738440 -0.754118 -0.770090 -0.786313 -0.802745 -0.819349 -0.836092 -0.852943 -0.869873 
-0.853281 -0.835742 -0.818260 -0.800863 -0.783582 -0.766453 -0.749512 -0.732803 -0.716373 -0.700270 -0.684551 -0.669273 -0.654499 -0.640296 -0.626733 -0.613882 -0.601816 -0.590611 -0.580339 -0.571073 -0.562883 -0.555831 -0.549976 -0.545368 -0.542046 -0.540041 -0.539371 -0.540041 -0.542046 -0.545368 -0.549976 -0.555831 -0.562883 -0.571073 -0.580339 -0.590611 -0.601816 -0.613882 -0.626733 -0.640296 -0.654499 -0.669273 -0.684551 -0.700270 -0.716373 -0.732803 -0.749512 -0.766453 -0.783582 -0.800863 -0.818260 -0.835742 -0.853281 
-0.836792 -0.818623 -0.800486 -0.782408 -0.764419 -0.746557 -0.728860 -0.711372 -0.694142 -0.677222 -0.660671 -0.644551 -0.628931 -0.613882 -0.599481 -0.585806 -0.572942 -0.560971 -0.549976 -0.540041 -0.531245 -0.523661 -0.517356 -0.512388 -0.508805 -0.506640 -0.505916 -0.506640 -0.508805 -0.512388 -0.517356 -0.523661 -0.531245 -0.540041 -0.549976 -0.560971 -0.572942 -0.585806 -0.599481 -0.613882 -0.628931 -0.644551 -0.660671 -0.677222 -0.694142 -0.711372 -0.728860 -0.746557 -0.764419 -0.782408 -0.800486 -0.818623 -0.836792 
-0.820436 -0.801617 -0.782799 -0.764012 -0.745285 -0.726655 -0.708162 -0.689851 -0.671772 -0.653981 -0.636540 -0.619515 -0.602980 -0.587012 -0.571697 -0.557122 -0.543378 -0.530561 -0.518765 -0.508084 -0.498610 -0.490429 -0.483618 -0.478245 -0.474366 -0.472021 -0.471237 -0.472021 -0.474366 -0.478245 -0.483618 -0.490429 -0.498610 -0.508084 -0.518765 -0.530561 -0.543378 -0.557122 -0.571697 -0.587012 -0.602980 -0.619515 -0.636540 -0.653981 -0.671772 -0.689851 -0.708162 -0.726655 -0.745285 -0.764012 -0.782799 -0.801617 -0.820436 
-0.804245 -0.784755 -0.765234 -0.745709 -0.726213 -0.706779 -0.687449 -0.668269 -0.649291 -0.630572 -0.612178 -0.594180 -0.576656 -0.559691 -0.543378 -0.527814 -0.513101 -0.499347 -0.486658 -0.475144 -0.464910 -0.456056 -0.448673 -0.442841 -0.438626 -0.436077 -0.435223 -0.436077 -0.438626 -0.442841 -0.448673 -0.456056 -0.464910 -0.475144 -0.486658 -0.499347 -0.513101 -0.527814 -0.543378 -0.559691 -0.576656 -0.594180 -0.612178 -0.630572 -0.649291 -0.668269 -0.687449 -0.706779 -0.726213 -0.745709 -0.765234 -0.784755 -0.804245 
-0.788253 -0.768073 -0.747826 -0.727538 -0.707240 -0.686967 -0.666760 -0.646664 -0.626733 -0.607027 -0.587614 -0.568569 -0.549976 -0.531928 -0.514524 -0.497873 -0.482090 -0.467294 -0.453609 -0.441160 -0.430069 -0.420453 -0.412420 -0.406065 -0.401466 -0.398683 -0.397751 -0.398683 -0.401466 -0.406065 -0.412420 -0.420453 -0.430069 -0.441160 -0.453609 -0.467294 -0.482090 -0.497873 -0.514524 -0.531928 -0.549976 -0.568569 -0.587614 -0.607027 -0.626733 -0.646664 -0.666760 -0.686967 -0.707240 -0.727538 -0.747826 -0.768073 -0.788253 
-0.772500 -0.751611 -0.730617 -0.709541 -0.688411 -0.667263 -0.646137 -0.625078 -0.604140 -0.583385 -0.562883 -0.542713 -0.522965 -0.503737 -0.485141 -0.467294 -0.450324 -0.434369 -0.419568 -0.406065 -0.394003 -0.383521 -0.374746 -0.367791 -0.362752 -0.359700 -0.358677 -0.359700 -0.362752 -0.367791 -0.374746 -0.383521 -0.394003 -0.406065 -0.419568 -0.434369 -0.450324 -0.467294 -0.485141 -0.503737 -0.522965 -0.542713 -0.562883 -0.583385 -0.604140 -0.625078 -0.646137 -0.667263 -0.688411 -0.709541 -0.730617 -0.751611 -0.772500 
-0.757026 -0.735414 -0.713652 -0.691763 -0.669774 -0.647717 -0.625630 -0.603560 -0.581560 -0.559691 -0.538027 -0.516650 -0.495653 -0.475144 -0.455242 -0.436077 -0.417792 -0.400541 -0.384485 -0.369790 -0.356624 -0.345151 -0.335523 -0.327877 -0.322328 -0.318963 -0.317835 -0.318963 -0.322328 -0.327877 -0.335523 -0.345151 -0.356624 -0.369790 -0.384485 -0.400541 -0.417792 -0.436077 -0.455242 -0.475144 -0.495653 -0.516650 -0.538027 -0.559691 -0.581560 -0.603560 -0.625630 -0.647717 -0.669774 -0.691763 -0.713652 -0.735414 -0.757026 
-0.741875 -0.719526 -0.696981 -0.674257 -0.651381 -0.628383 -0.605297 -0.582169 -0.559050 -0.536003 -0.513101 -0.490429 -0.468085 -0.446183 -0.424850 -0.404231 -0.384485 -0.365783 -0.348312 -0.332263 -0.317835 -0.305222 -0.294607 -0.286158 -0.280015 -0.276284 -0.275033 -0.276284 -0.280015 -0.286158 -0.294607 -0.305222 -0.317835 -0.332263 -0.348312 -0.365783 -0.384485 -0.404231 -0.424850 -0.446183 -0.468085 -0.490429 -0.513101 -0.536003 -0.559050 -0.582169 -0.605297 -0.628383 -0.651381 -0.674257 -0.696981 -0.719526 -0.741875 
-0.727097 -0.704001 -0.680657 -0.657081 -0.633295 -0.609324 -0.585202 -0.560971 -0.536679 -0.512388 -0.488171 -0.464113 -0.440317 -0.416901 -0.394003 -0.371779 -0.350405 -0.330076 -0.311003 -0.293411 -0.277532 -0.263598 -0.251834 -0.242444 -0.235602 -0.231441 -0.230044 -0.231441 -0.235602 -0.242444 -0.251834 -0.263598 -0.277532 -0.293411 -0.311003 -0.330076 -0.350405 -0.371779 -0.394003 -0.416901 -0.440317 -0.464113 -0.488171 -0.512388 -0.536679 -0.560971 -0.585202 -0.609324 -0.633295 -0.657081 -0.680657 -0.704001 -0.727097 
-0.712741 -0.688892 -0.664739 -0.640296 -0.615579 -0.590611 -0.565419 -0.540041 -0.514524 -0.488925 -0.463314 -0.437778 -0.412420 -0.387363 -0.362752 -0.338757 -0.315570 -0.293411 -0.272520 -0.253158 -0.235602 -0.220131 -0.207018 -0.196516 -0.188844 -0.184170 -0.182600 -0.184170 -0.188844 -0.196516 -0.207018 -0.220131 -0.235602 -0.253158 -0.272520 -0.293411 -0.315570 -0.338757 -0.362752 -0.387363 -0.412420 -0.437778 -0.463314 -0.488925 -0.514524 -0.540041 -0.565419 -0.590611 -0.615579 -0.640296 -0.664739 -0.688892 -0.712741 
-0.698863 -0.674257 -0.649291 -0.623971 -0.598308 -0.572320 -0.546029 -0.519468 -0.492676 -0.465706 -0.438626 -0.411518 -0.384485 -0.357652 -0.331171 -0.305222 -0.280015 -0.255793 -0.232833 -0.211436 -0.191931 -0.174655 -0.159946 -0.148119 -0.139452 -0.134159 -0.132379 -0.134159 -0.139452 -0.148119 -0.159946 -0.174655 -0.191931 -0.211436 -0.232833 -0.255793 -0.280015 -0.305222 -0.331171 -0.357652 -0.384485 -0.411518 -0.438626 -0.465706 -0.492676 -0.519468 -0.546029 -0.572320 -0.598308 -0.623971 -0.649291 -0.674257 -0.698863 
-0.685519 -0.660160 -0.634379 -0.608177 -0.581560 -0.554537 -0.527124 -0.499347 -0.471237 -0.442841 -0.414218 -0.385446 -0.356624 -0.327877 -0.299359 -0.271257 -0.243799 -0.217253 -0.191931 -0.168184 -0.146400 -0.126992 -0.110375 -0.096952 -0.087077 -0.081031 -0.078995 -0.081031 -0.087077 -0.096952 -0.110375 -0.126992 -0.146400 -0.168184 -0.191931 -0.217253 -0.243799 -0.271257 -0.299359 -0.327877 -0.356624 -0.385446 -0.414218 -0.442841 -0.471237 -0.499347 -0.527124 -0.554537 -0.581560 -0.608177 -0.634379 -0.660160 -0.685519 
-0.672768 -0.646664 -0.620074 -0.592993 -0.565419 -0.537354 -0.508805 -0.479787 -0.450324 -0.420453 -0.390222 -0.359700 -0.328978 -0.298176 -0.267445 -0.236980 -0.207018 -0.177852 -0.149830 -0.123359 -0.098898 -0.076948 -0.058032 -0.042663 -0.031303 -0.024325 -0.021970 -0.024325 -0.031303 -0.042663 -0.058032 -0.076948 -0.098898 -0.123359 -0.149830 -0.177852 -0.207018 -0.236980 -0.267445 -0.298176 -0.328978 -0.359700 -0.390222 -0.420453 -0.450324 -0.479787 -0.508805 -0.537354 -0.565419 -0.592993 -0.620074 -0.646664 -0.672768 
-0.660671 -0.633837 -0.606451 -0.578501 -0.549976 -0.520870 -0.491179 -0.460908 -0.430069 -0.398683 -0.366788 -0.334439 -0.301714 -0.268720 -0.235602 -0.202551 -0.169812 -0.137695 -0.106586 -0.076948 -0.049324 -0.024325 -0.002607 0.015165 0.028379 0.036529 0.039285 0.036529 0.028379 0.015165 -0.002607 -0.024325 -0.049324 -0.076948 -0.106586 -0.137695 -0.169812 -0.202551 -0.235602 -0.268720 -0.301714 -0.334439 -0.366788 -0.398683 -0.430069 -0.460908 -0.491179 -0.520870 -0.549976 -0.578501 -0.606451 -0.633837 -0.660671 
-0.649291 -0.621748 -0.593587 -0.564786 -0.535327 -0.505191 -0.474366 -0.442841 -0.410614 -0.377691 -0.344092 -0.309853 -0.275033 -0.239721 -0.204045 -0.168184 -0.132379 -0.096952 -0.062315 -0.028990 0.002388 0.031076 0.056245 0.077026 0.092591 0.102244 0.105516 0.102244 0.092591 0.077026 0.056245 0.031076 0.002388 -0.028990 -0.062315 -0.096952 -0.132379 -0.168184 -0.204045 -0.239721 -0.275033 -0.309853 -0.344092 -0.377691 -0.410614 -0.442841 -0.474366 -0.505191 -0.535327 -0.564786 -0.593587 -0.621748 -0.649291 
-0.638690 -0.610468 -0.581560 -0.551937 -0.521569 -0.490429 -0.458489 -0.425725 -0.392117 -0.357652 -0.322328 -0.286158 -0.249173 -0.211436 -0.173047 -0.134159 -0.094997 -0.055873 -0.017219 0.020397 0.056245 0.089427 0.118894 0.143502 0.162110 0.173730 0.177684 0.173730 0.162110 0.143502 0.118894 0.089427 0.056245 0.020397 -0.017219 -0.055873 -0.094997 -0.134159 -0.173047 -0.211436 -0.249173 -0.286158 -0.322328 -0.357652 -0.392117 -0.425725 -0.458489 -0.490429 -0.521569 -0.551937 -0.581560 -0.610468 -0.638690 
-0.628931 -0.600066 -0.570449 -0.540041 -0.508805 -0.476697 -0.443679 -0.409708 -0.374746 -0.338757 -0.301714 -0.263598 -0.224409 -0.184170 -0.142941 -0.100834 -0.058032 -0.014822 0.028379 0.070973 0.112147 0.150836 0.185719 0.215274 0.237906 0.252173 0.257052 0.252173 0.237906 0.215274 0.185719 0.150836 0.112147 0.070973 0.028379 -0.014822 -0.058032 -0.100834 -0.142941 -0.184170 -0.224409 -0.263598 -0.301714 -0.338757 -0.374746 -0.409708 -0.443679 -0.476697 -0.508805 -0.540041 -0.570449 -0.600066 -0.628931 
-0.620074 -0.590611 -0.560331 -0.529189 -0.497134 -0.464113 -0.430069 -0.394943 -0.358677 -0.321210 -0.282483 -0.242444 -0.201051 -0.158277 -0.114128 -0.068653 -0.021970 0.025700 0.073987 0.122314 0.169817 0.215274 0.257052 0.293119 0.321208 0.339144 0.345321 0.339144 0.321208 0.293119 0.257052 0.215274 0.169817 0.122314 0.073987 0.025700 -0.021970 -0.068653 -0.114128 -0.158277 -0.201051 -0.242444 -0.282483 -0.321210 -0.358677 -0.394943 -0.430069 -0.464113 -0.497134 -0.529189 -0.560331 -0.590611 -0.620074 
-0.612178 -0.582169 -0.551284 -0.519468 -0.486658 -0.452790 -0.417792 -0.381587 -0.344092 -0.305222 -0.264885 -0.222988 -0.179441 -0.134159 -0.087077 -0.038158 0.012576 0.065013 0.118894 0.173730 0.228689 0.282453 0.333068 0.377862 0.413563 0.436781 0.444860 0.436781 0.413563 0.377862 0.333068 0.282453 0.228689 0.173730 0.118894 0.065013 0.012576 -0.038158 -0.087077 -0.134159 -0.179441 -0.222988 -0.264885 -0.305222 -0.344092 -0.381587 -0.417792 -0.452790 -0.486658 -0.519468 -0.551284 -0.582169 -0.612178 
-0.605297 -0.574803 -0.543378 -0.510958 -0.477472 -0.442841 -0.406978 -0.369790 -0.331171 -0.291007 -0.249173 -0.205534 -0.159946 -0.112256 -0.062315 -0.009982 0.044855 0.102244 0.162110 0.224164 0.287748 0.351603 0.413563 0.470229 0.516886 0.548063 0.559082 0.548063 0.516886 0.470229 0.413563 0.351603 0.287748 0.224164 0.162110 0.102244 0.044855 -0.009982 -0.062315 -0.112256 -0.159946 -0.205534 -0.249173 -0.291007 -0.331171 -0.369790 -0.406978 -0.442841 -0.477472 -0.510958 -0.543378 -0.574803 -0.605297 
-0.599481 -0.568569 -0.536679 -0.503737 -0.469664 -0.434369 -0.397751 -0.359700 -0.320088 -0.278775 -0.235602 -0.190391 -0.142941 -0.093031 -0.040417 0.015165 0.073987 0.136307 0.202323 0.272084 0.345321 0.421140 0.497499 0.570448 0.633375 0.677214 0.693108 0.677214 0.633375 0.570448 0.497499 0.421140 0.345321 0.272084 0.202323 0.136307 0.073987 0.015165 -0.040417 -0.093031 -0.142941 -0.190391 -0.235602 -0.278775 -0.320088 -0.359700 -0.397751 -0.434369 -0.469664 -0.503737 -0.536679 -0.568569 -0.599481 
-0.594772 -0.563518 -0.531245 -0.497873 -0.463314 -0.427468 -0.390222 -0.351448 -0.311003 -0.268720 -0.224409 -0.177852 -0.128796 -0.076948 -0.021970 0.036529 0.098999 0.165944 0.237906 0.315417 0.398863 0.488180 0.582184 0.677214 0.764889 0.830210 0.854972 0.830210 0.764889 0.677214 0.582184 0.488180 0.398863 0.315417 0.237906 0.165944 0.098999 0.036529 -0.021970 -0.076948 -0.128796 -0.177852 -0.224409 -0.268720 -0.311003 -0.351448 -0.390222 -0.427468 -0.463314 -0.497873 -0.531245 -0.563518 -0.594772 
-0.591208 -0.559691 -0.527124 -0.493422 -0.458489 -0.422217 -0.384485 -0.345151 -0.304056 -0.261013 -0.215807 -0.168184 -0.117846 -0.064439 -0.007539 0.053366 0.118894 0.189802 0.267005 0.351603 0.444860 0.548063 0.661997 0.785353 0.910420 1.014563 1.057553 1.014563 0.910420 0.785353 0.661997 0.548063 0.444860 0.351603 0.267005 0.189802 0.118894 0.053366 -0.007539 -0.064439 -0.117846 -0.168184 -0.215807 -0.261013 -0.304056 -0.345151 -0.384485 -0.422217 -0.458489 -0.493422 -0.527124 -0.559691 -0.591208 
-0.588815 -0.557122 -0.524356 -0.490429 -0.455242 -0.418681 -0.380616 -0.340899 -0.299359 -0.255793 -0.209969 -0.161607 -0.110375 -0.055873 0.002388 0.065013 0.132760 0.206590 0.287748 0.377862 0.479094 0.594315 0.727193 0.881605 1.057553 1.232447 1.318353 1.232447 1.057553 0.881605 0.727193 0.594315 0.479094 0.377862 0.287748 0.206590 0.132760 0.065013 0.002388 -0.055873 -0.110375 -0.161607 -0.209969 -0.255793 -0.299359 -0.340899 -0.380616 -0.418681 -0.455242 -0.490429 -0.524356 -0.557122 -0.588815 
-0.587614 -0.555831 -0.522965 -0.488925 -0.453609 -0.416901 -0.378668 -0.338757 -0.296990 -0.253158 -0.207018 -0.158277 -0.106586 -0.051519 0.007449 0.070973 0.139887 0.215274 0.298569 0.391728 0.497499 0.619878 0.764889 0.941813 1.163824 1.433612 1.610654 1.433612 1.163824 0.941813 0.764889 0.619878 0.497499 0.391728 0.298569 0.215274 0.139887 0.070973 0.007449 -0.051519 -0.106586 -0.158277 -0.207018 -0.253158 -0.296990 -0.338757 -0.378668 -0.416901 -0.453609 -0.488925 -0.522965 -0.555831 -0.587614 
-0.587464 -0.555670 -0.522790 -0.488736 -0.453404 -0.416678 -0.378424 -0.338489 -0.296693 -0.252828 -0.206648 -0.157859 -0.106110 -0.050972 0.008086 0.071724 0.140788 0.216374 0.299944 0.393499 0.499866 0.623204 0.769895 0.950120 1.179737 1.469844 1.675113 1.469844 1.179737 0.950120 0.769895 0.623204 0.499866 0.393499 0.299944 0.216374 0.140788 0.071724 0.008086 -0.050972 -0.106110 -0.157859 -0.206648 -0.252828 -0.296693 -0.338489 -0.378424 -0.416678 -0.453404 -0.488736 -0.522790 -0.555670 -0.587464 
-0.587621 -0.555838 -0.522972 -0.488933 -0.453618 -0.416911 -0.378679 -0.338769 -0.297003 -0.253173 -0.207034 -0.158295 -0.106607 -0.051543 0.007421 0.070940 0.139848 0.215227 0.298510 0.391652 0.497396 0.619734 0.764673 0.941456 1.163149 1.432123 1.608122 1.432123 1.163149 0.941456 0.764673 0.619734 0.497396 0.391652 0.298510 0.215227 0.139848 0.070940 0.007421 -0.051543 -0.106607 -0.158295 -0.207034 -0.253173 -0.297003 -0.338769 -0.378679 -0.416911 -0.453618 -0.488933 -0.522972 -0.555838 -0.587621 
-0.588835 -0.557142 -0.524378 -0.490453 -0.455268 -0.418709 -0.380647 -0.340934 -0.299397 -0.255836 -0.210016 -0.161660 -0.110436 -0.055943 0.002307 0.064918 0.132646 0.206452 0.287575 0.377641 0.478804 0.593916 0.726614 0.880711 1.056076 1.229998 1.315207 1.229998 1.056076 0.880711 0.726614 0.593916 0.478804 0.377641 0.287575 0.206452 0.132646 0.064918 0.002307 -0.055943 -0.110436 -0.161660 -0.210016 -0.255836 -0.299397 -0.340934 -0.380647 -0.418709 -0.455268 -0.490453 -0.524378 -0.557142 -0.588835 
-0.591240 -0.559726 -0.527162 -0.493462 -0.458532 -0.422265 -0.384536 -0.345208 -0.304119 -0.261083 -0.215885 -0.168272 -0.117946 -0.064553 -0.007671 0.053211 0.118711 0.189581 0.266734 0.351262 0.444421 0.547479 0.661195 0.784221 0.908807 1.012392 1.055098 1.012392 0.908807 0.784221 0.661195 0.547479 0.444421 0.351262 0.266734 0.189581 0.118711 0.053211 -0.007671 -0.064553 -0.117946 -0.168272 -0.215885 -0.261083 -0.304119 -0.345208 -0.384536 -0.422265 -0.458532 -0.493462 -0.527162 -0.559726 -0.591240 
-0.594817 -0.563566 -0.531296 -0.497929 -0.463374 -0.427533 -0.390293 -0.351527 -0.311089 -0.268816 -0.224516 -0.177972 -0.128931 -0.077103 -0.022148 0.036322 0.098756 0.165653 0.237555 0.314985 0.398321 0.487488 0.581286 0.676045 0.763394 0.828413 0.853044 0.828413 0.763394 0.676045 0.581286 0.487488 0.398321 0.314985 0.237555 0.165653 0.098756 0.036322 -0.022148 -0.077103 -0.128931 -0.177972 -0.224516 -0.268816 -0.311089 -0.351527 -0.390293 -0.427533 -0.463374 -0.497929 -0.531296 -0.563566 -0.594817 
-0.599537 -0.568630 -0.536744 -0.503808 -0.469740 -0.434451 -0.397842 -0.359799 -0.320197 -0.278895 -0.235736 -0.190540 -0.143109 -0.093222 -0.040635 0.014914 0.073694 0.135962 0.201912 0.271589 0.344718 0.420399 0.496586 0.569332 0.632046 0.675712 0.691538 0.675712 0.632046 0.569332 0.496586 0.420399 0.344718 0.271589 0.201912 0.135962 0.073694 0.014914 -0.040635 -0.093222 -0.143109 -0.190540 -0.235736 -0.278895 -0.320197 -0.359799 -0.397842 -0.434451 -0.469740 -0.503808 -0.536744 -0.568630 -0.599537 
-0.605365 -0.574876 -0.543457 -0.511043 -0.477563 -0.442940 -0.407086 -0.369908 -0.331301 -0.291150 -0.249331 -0.205710 -0.160142 -0.112478 -0.062567 -0.010270 0.044523 0.101858 0.161659 0.223632 0.287117 0.350854 0.412677 0.469195 0.515710 0.546781 0.557760 0.546781 0.515710 0.469195 0.412677 0.350854 0.287117 0.223632 0.161659 0.101858 0.044523 -0.010270 -0.062567 -0.112478 -0.160142 -0.205710 -0.249331 -0.291150 -0.331301 -0.369908 -0.407086 -0.442940 -0.477563 -0.511043 -0.543457 -0.574876 -0.605365 
-0.612258 -0.582254 -0.551375 -0.519566 -0.486764 -0.452905 -0.417916 -0.381722 -0.344240 -0.305385 -0.265064 -0.223187 -0.179662 -0.134408 -0.087356 -0.038475 0.012215 0.064600 0.118419 0.173181 0.228053 0.281718 0.332226 0.376911 0.412516 0.435666 0.443720 0.435666 0.412516 0.376911 0.332226 0.281718 0.228053 0.173181 0.118419 0.064600 0.012215 -0.038475 -0.087356 -0.134408 -0.179662 -0.223187 -0.265064 -0.305385 -0.344240 -0.381722 -0.417916 -0.452905 -0.486764 -0.519566 -0.551375 -0.582254 -0.612258 
-0.620164 -0.590707 -0.560435 -0.529300 -0.497254 -0.464242 -0.430208 -0.395095 -0.358842 -0.321390 -0.282682 -0.242663 -0.201293 -0.158547 -0.114430 -0.068991 -0.022351 0.025269 0.073499 0.121760 0.169189 0.214566 0.256260 0.292247 0.320268 0.338157 0.344317 0.338157 0.320268 0.292247 0.256260 0.214566 0.169189 0.121760 0.073499 0.025269 -0.022351 -0.068991 -0.114430 -0.158547 -0.201293 -0.242663 -0.282682 -0.321390 -0.358842 -0.395095 -0.430208 -0.464242 -0.497254 -0.529300 -0.560435 -0.590707 -0.620164 
-0.629031 -0.600173 -0.570563 -0.540164 -0.508936 -0.476839 -0.443832 -0.409874 -0.374926 -0.338953 -0.301928 -0.263834 -0.224668 -0.184456 -0.143259 -0.101187 -0.058426 -0.015261 0.027887 0.070424 0.111536 0.150159 0.184978 0.214472 0.237054 0.251288 0.256155 0.251288 0.237054 0.214472 0.184978 0.150159 0.111536 0.070424 0.027887 -0.015261 -0.058426 -0.101187 -0.143259 -0.184456 -0.224668 -0.263834 -0.301928 -0.338953 -0.374926 -0.409874 -0.443832 -0.476839 -0.508936 -0.540164 -0.570563 -0.600173 -0.629031 
-0.638800 -0.610585 -0.581684 -0.552070 -0.521712 -0.490582 -0.458654 -0.425903 -0.392310 -0.357862 -0.322557 -0.286407 -0.249446 -0.211735 -0.173376 -0.134522 -0.095397 -0.056315 -0.017707 0.019859 0.055655 0.088784 0.118200 0.142761 0.161331 0.172927 0.176873 0.172927 0.161331 0.142761 0.118200 0.088784 0.055655 0.019859 -0.017707 -0.056315 -0.095397 -0.134522 -0.173376 -0.211735 -0.249446 -0.286407 -0.322557 -0.357862 -0.392310 -0.425903 -0.458654 -0.490582 -0.521712 -0.552070 -0.581684 -0.610585 -0.638800 
-0.649409 -0.621874 -0.593721 -0.564929 -0.535480 -0.505355 -0.474542 -0.443030 -0.410818 -0.377912 -0.344331 -0.310113 -0.275316 -0.240029 -0.204382 -0.168552 -0.132782 -0.097392 -0.062796 -0.029514 0.001821 0.030466 0.055593 0.076338 0.091874 0.101509 0.104775 0.101509 0.091874 0.076338 0.055593 0.030466 0.001821 -0.029514 -0.062796 -0.097392 -0.132782 -0.168552 -0.204382 -0.240029 -0.275316 -0.310113 -0.344331 -0.377912 -0.410818 -0.443030 -0.474542 -0.505355 -0.535480 -0.564929 -0.593721 -0.621874 -0.649409 
-0.660797 -0.633971 -0.606594 -0.578653 -0.550138 -0.521043 -0.491364 -0.461107 -0.430282 -0.398913 -0.367037 -0.334707 -0.302004 -0.269034 -0.235943 -0.202921 -0.170213 -0.138130 -0.107057 -0.077455 -0.049868 -0.024904 -0.003220 0.014523 0.027714 0.035851 0.038601 0.035851 0.027714 0.014523 -0.003220 -0.024904 -0.049868 -0.077455 -0.107057 -0.138130 -0.170213 -0.202921 -0.235943 -0.269034 -0.302004 -0.334707 -0.367037 -0.398913 -0.430282 -0.461107 -0.491364 -0.521043 -0.550138 -0.578653 -0.606594 -0.633971 -0.660797 
-0.672901 -0.646806 -0.620225 -0.593153 -0.565589 -0.537535 -0.508998 -0.479994 -0.450546 -0.420690 -0.390477 -0.359974 -0.329274 -0.298494 -0.267788 -0.237349 -0.207416 -0.178279 -0.150289 -0.123849 -0.099419 -0.077499 -0.058611 -0.043264 -0.031922 -0.024955 -0.022605 -0.024955 -0.031922 -0.043264 -0.058611 -0.077499 -0.099419 -0.123849 -0.150289 -0.178279 -0.207416 -0.237349 -0.267788 -0.298494 -0.329274 -0.359974 -0.390477 -0.420690 -0.450546 -0.479994 -0.508998 -0.537535 -0.565589 -0.593153 -0.620225 -0.646806 -0.672901 
-0.685659 -0.660308 -0.634536 -0.608344 -0.581737 -0.554725 -0.527325 -0.499560 -0.471465 -0.443084 -0.414478 -0.385725 -0.356923 -0.328197 -0.299701 -0.271624 -0.244191 -0.217672 -0.192377 -0.168657 -0.146900 -0.127516 -0.110922 -0.097518 -0.087657 -0.081620 -0.079587 -0.081620 -0.087657 -0.097518 -0.110922 -0.127516 -0.146900 -0.168657 -0.192377 -0.217672 -0.244191 -0.271624 -0.299701 -0.328197 -0.356923 -0.385725 -0.414478 -0.443084 -0.471465 -0.499560 -0.527325 -0.554725 -0.581737 -0.608344 -0.634536 -0.660308 -0.685659 
-0.699010 -0.674412 -0.649454 -0.624143 -0.598491 -0.572514 -0.546235 -0.519686 -0.492908 -0.465954 -0.438890 -0.411799 -0.384785 -0.357972 -0.331512 -0.305585 -0.280401 -0.256203 -0.233265 -0.211893 -0.192410 -0.175155 -0.160464 -0.148653 -0.139998 -0.134713 -0.132935 -0.134713 -0.139998 -0.148653 -0.160464 -0.175155 -0.192410 -0.211893 -0.233265 -0.256203 -0.280401 -0.305585 -0.331512 -0.357972 -0.384785 -0.411799 -0.438890 -0.465954 -0.492908 -0.519686 -0.546235 -0.572514 -0.598491 -0.624143 -0.649454 -0.674412 -0.699010 
-0.712893 -0.689052 -0.664908 -0.640474 -0.615767 -0.590810 -0.565630 -0.540265 -0.514761 -0.489176 -0.463580 -0.438060 -0.412720 -0.387681 -0.363090 -0.339115 -0.315949 -0.293810 -0.272939 -0.253599 -0.236062 -0.220608 -0.207511 -0.197023 -0.189360 -0.184692 -0.183124 -0.184692 -0.189360 -0.197023 -0.207511 -0.220608 -0.236062 -0.253599 -0.272939 -0.293810 -0.315949 -0.339115 -0.363090 -0.387681 -0.412720 -0.438060 -0.463580 -0.489176 -0.514761 -0.540265 -0.565630 -0.590810 -0.615767 -0.640474 -0.664908 -0.689052 -0.712893 
-0.727254 -0.704166 -0.680830 -0.657264 -0.633487 -0.609527 -0.585417 -0.561197 -0.536918 -0.512641 -0.488438 -0.464396 -0.440616 -0.417217 -0.394337 -0.372131 -0.350776 -0.330465 -0.311410 -0.293836 -0.277973 -0.264055 -0.252304 -0.242925 -0.236091 -0.231935 -0.230540 -0.231935 -0.236091 -0.242925 -0.252304 -0.264055 -0.277973 -0.293836 -0.311410 -0.330465 -0.350776 -0.372131 -0.394337 -0.417217 -0.440616 -0.464396 -0.488438 -0.512641 -0.536918 -0.561197 -0.585417 -0.609527 -0.633487 -0.657264 -0.680830 -0.704166 -0.727254 
-0.742036 -0.719695 -0.697158 -0.674444 -0.651578 -0.628589 -0.605514 -0.582398 -0.559292 -0.536258 -0.513369 -0.490711 -0.468383 -0.446496 -0.425180 -0.404577 -0.384847 -0.366162 -0.348706 -0.332674 -0.318260 -0.305660 -0.295056 -0.286617 -0.280480 -0.276754 -0.275504 -0.276754 -0.280480 -0.286617 -0.295056 -0.305660 -0.318260 -0.332674 -0.348706 -0.366162 -0.384847 -0.404577 -0.425180 -0.446496 -0.468383 -0.490711 -0.513369 -0.536258 -0.559292 -0.582398 -0.605514 -0.628589 -0.651578 -0.674444 -0.697158 -0.719695 -0.742036 
-0.757190 -0.735586 -0.713833 -0.691953 -0.669973 -0.647926 -0.625850 -0.603791 -0.581802 -0.559946 -0.538295 -0.516931 -0.495948 -0.475454 -0.455566 -0.436415 -0.418146 -0.400909 -0.384867 -0.370186 -0.357033 -0.345571 -0.335953 -0.328315 -0.322773 -0.319411 -0.318284 -0.319411 -0.322773 -0.328315 -0.335953 -0.345571 -0.357033 -0.370186 -0.384867 -0.400909 -0.418146 -0.436415 -0.455566 -0.475454 -0.495948 -0.516931 -0.538295 -0.559946 -0.581802 -0.603791 -0.625850 -0.647926 -0.669973 -0.691953 -0.713833 -0.735586 -0.757190 
-0.772668 -0.751787 -0.730801 -0.709733 -0.688613 -0.667474 -0.646358 -0.625309 -0.604383 -0.583639 -0.563149 -0.542992 -0.523257 -0.504043 -0.485459 -0.467626 -0.450670 -0.434727 -0.419939 -0.406448 -0.394398 -0.383925 -0.375158 -0.368211 -0.363177 -0.360128 -0.359106 -0.360128 -0.363177 -0.368211 -0.375158 -0.383925 -0.394398 -0.406448 -0.419939 -0.434727 -0.450670 -0.467626 -0.485459 -0.504043 -0.523257 -0.542992 -0.563149 -0.583639 -0.604383 -0.625309 -0.646358 -0.667474 -0.688613 -0.709733 -0.730801 -0.751787 -0.772668 
-0.788424 -0.768251 -0.748012 -0.727733 -0.707444 -0.687180 -0.666982 -0.646896 -0.626976 -0.607281 -0.587879 -0.568846 -0.550265 -0.532228 -0.514837 -0.498198 -0.482427 -0.467643 -0.453969 -0.441531 -0.430449 -0.420842 -0.412817 -0.406468 -0.401874 -0.399093 -0.398162 -0.399093 -0.401874 -0.406468 -0.412817 -0.420842 -0.430449 -0.441531 -0.453969 -0.467643 -0.482427 -0.498198 -0.514837 -0.532228 -0.550265 -0.568846 -0.587879 -0.607281 -0.626976 -0.646896 -0.666982 -0.687180 -0.707444 -0.727733 -0.748012 -0.768251 -0.788424 
-0.804418 -0.784935 -0.765422 -0.745905 -0.726417 -0.706992 -0.687672 -0.668501 -0.649533 -0.630825 -0.612441 -0.594454 -0.576941 -0.559987 -0.543685 -0.528132 -0.513430 -0.499686 -0.487008 -0.475504 -0.465278 -0.456432 -0.449055 -0.443228 -0.439017 -0.436470 -0.435618 -0.436470 -0.439017 -0.443228 -0.449055 -0.456432 -0.465278 -0.475504 -0.487008 -0.499686 -0.513430 -0.528132 -0.543685 -0.559987 -0.576941 -0.594454 -0.612441 -0.630825 -0.649533 -0.668501 -0.687672 -0.706992 -0.726417 -0.745905 -0.765422 -0.784935 -0.804418 
-0.820611 -0.801799 -0.782989 -0.764209 -0.745490 -0.726869 -0.708384 -0.690082 -0.672013 -0.654232 -0.636800 -0.619786 -0.603261 -0.587304 -0.571998 -0.557433 -0.543700 -0.530892 -0.519105 -0.508433 -0.498967 -0.490792 -0.483987 -0.478618 -0.474742 -0.472400 -0.471616 -0.472400 -0.474742 -0.478618 -0.483987 -0.490792 -0.498967 -0.508433 -0.519105 -0.530892 -0.543700 -0.557433 -0.571998 -0.587304 -0.603261 -0.619786 -0.636800 -0.654232 -0.672013 -0.690082 -0.708384 -0.726869 -0.745490 -0.764209 -0.782989 -0.801799 -0.820611 
-0.836968 -0.818807 -0.800677 -0.782606 -0.764625 -0.746771 -0.729082 -0.711603 -0.694382 -0.677471 -0.660929 -0.644819 -0.629208 -0.614168 -0.599776 -0.586111 -0.573256 -0.561293 -0.550307 -0.540380 -0.531590 -0.524012 -0.517712 -0.512748 -0.509168 -0.507005 -0.506282 -0.507005 -0.509168 -0.512748 -0.517712 -0.524012 -0.531590 -0.540380 -0.550307 -0.561293 -0.573256 -0.586111 -0.599776 -0.614168 -0.629208 -0.644819 -0.660929 -0.677471 -0.694382 -0.711603 -0.729082 -0.746771 -0.764625 -0.782606 -0.800677 -0.818807 -0.836968 
-0.853458 -0.835926 -0.818452 -0.801062 -0.783788 -0.766666 -0.749734 -0.733033 -0.716611 -0.700517 -0.684806 -0.669537 -0.654772 -0.640578 -0.627023 -0.614180 -0.602123 -0.590925 -0.580661 -0.571402 -0.563217 -0.556171 -0.550321 -0.545716 -0.542398 -0.540394 -0.539724 -0.540394 -0.542398 -0.545716 -0.550321 -0.556171 -0.563217 -0.571402 -0.580661 -0.590925 -0.602123 -0.614180 -0.627023 -0.640578 -0.654772 -0.669537 -0.684806 -0.700517 -0.716611 -0.733033 -0.749734 -0.766666 -0.783788 -0.801062 -0.818452 -0.835926 -0.853458 
-0.870052 -0.853128 -0.836284 -0.819548 -0.802951 -0.786526 -0.770311 -0.754346 -0.738676 -0.723349 -0.708414 -0.693927 -0.679947 -0.666532 -0.653747 -0.641656 -0.630326 -0.619822 -0.610210 -0.601553 -0.593912 -0.587342 -0.581894 -0.577609 -0.574523 -0.572661 -0.572039 -0.572661 -0.574523 -0.577609 -0.581894 -0.587342 -0.593912 -0.601553 -0.610210 -0.619822 -0.630326 -0.641656 -0.653747 -0.666532 -0.679947 -0.693927 -0.708414 -0.723349 -0.738676 -0.754346 -0.770311 -0.786526 -0.802951 -0.819548 -0.836284 -0.853128 -0.870052 
