57 57
1.114243e+00 0 5
-0.511325 -0.495837 -0.480412 -0.465071 -0.449839 -0.434743 -0.419810 -0.405072 -0.390563 -0.376320 -0.362380 -0.348787 -0.335583 -0.322815 -0.310532 -0.298783 -0.287621 -0.277098 -0.267266 -0.258178 -0.249884 -0.242433 -0.235872 -0.230242 -0.225581 -0.221921 -0.219288 -0.217701 -0.217170 -0.217701 -0.219288 -0.221921 -0.225581 -0.230242 -0.235872 -0.242433 -0.249884 -0.258178 -0.267266 -0.277098 -0.287621 -0.298783 -0.310532 -0.322815 -0.335583 -0.348787 -0.362380 -0.376320 -0.390563 -0.405072 -0.419810 -0.434743 -0.449839 -0.465071 -0.480412 -0.495837 -0.511325 
-0.496123 -0.480116 -0.464153 -0.448257 -0.432452 -0.416764 -0.401225 -0.385865 -0.370720 -0.355829 -0.341232 -0.326973 -0.313101 -0.299664 -0.286716 -0.274311 -0.262506 -0.251359 -0.240927 -0.231271 -0.222446 -0.214508 -0.207510 -0.201499 -0.196518 -0.192604 -0.189786 -0.188087 -0.187519 -0.188087 -0.189786 -0.192604 -0.196518 -0.201499 -0.207510 -0.214508 -0.222446 -0.231271 -0.240927 -0.251359 -0.262506 -0.274311 -0.286716 -0.299664 -0.313101 -0.326973 -0.341232 -0.355829 -0.370720 -0.385865 -0.401225 -0.416764 -0.432452 -0.448257 -0.464153 -0.480116 -0.496123 
-0.481003 -0.464459 -0.447939 -0.431466 -0.415064 -0.398759 -0.382584 -0.366569 -0.350754 -0.335176 -0.319881 -0.304914 -0.290326 -0.276171 -0.262506 -0.249391 -0.236887 -0.225060 -0.213974 -0.203694 -0.194286 -0.185811 -0.178329 -0.171895 -0.166558 -0.162362 -0.159339 -0.157514 -0.156905 -0.157514 -0.159339 -0.162362 -0.166558 -0.171895 -0.178329 -0.185811 -0.194286 -0.203694 -0.213974 -0.225060 -0.236887 -0.249391 -0.262506 -0.276171 -0.290326 -0.304914 -0.319881 -0.335176 -0.350754 -0.366569 -0.382584 -0.398759 -0.415064 -0.431466 -0.447939 -0.464459 -0.481003 
-0.465988 -0.448890 -0.431795 -0.414723 -0.397699 -0.380750 -0.363908 -0.347207 -0.330683 -0.314380 -0.298342 -0.282620 -0.267266 -0.252339 -0.237901 -0.224016 -0.210754 -0.198184 -0.186381 -0.175416 -0.165363 -0.156294 -0.148276 -0.141372 -0.135639 -0.131126 -0.127873 -0.125910 -0.125253 -0.125910 -0.127873 -0.131126 -0.135639 -0.141372 -0.148276 -0.156294 -0.165363 -0.175416 -0.186381 -0.198184 -0.210754 -0.224016 -0.237901 -0.252339 -0.267266 -0.282620 -0.298342 -0.314380 -0.330683 -0.347207 -0.363908 -0.380750 -0.397699 -0.414723 -0.431795 -0.448890 -0.465988 
-0.451102 -0.433435 -0.415745 -0.398052 -0.380383 -0.362763 -0.345224 -0.327801 -0.310532 -0.293461 -0.276635 -0.260107 -0.243933 -0.228176 -0.212903 -0.198184 -0.184095 -0.170715 -0.158123 -0.146404 -0.135639 -0.125910 -0.117294 -0.109865 -0.103688 -0.098821 -0.095310 -0.093189 -0.092480 -0.093189 -0.095310 -0.098821 -0.103688 -0.109865 -0.117294 -0.125910 -0.135639 -0.146404 -0.158123 -0.170715 -0.184095 -0.198184 -0.212903 -0.228176 -0.243933 -0.260107 -0.276635 -0.293461 -0.310532 -0.327801 -0.345224 -0.362763 -0.380383 -0.398052 -0.415745 -0.433435 -0.451102 
-0.436373 -0.418121 -0.399818 -0.381484 -0.363145 -0.344826 -0.326559 -0.308379 -0.290326 -0.272444 -0.254781 -0.237394 -0.220343 -0.203694 -0.187519 -0.171895 -0.156905 -0.142635 -0.129177 -0.116624 -0.105068 -0.094604 -0.085321 -0.077303 -0.070627 -0.065360 -0.061558 -0.059259 -0.058491 -0.059259 -0.061558 -0.065360 -0.070627 -0.077303 -0.085321 -0.094604 -0.105068 -0.116624 -0.129177 -0.142635 -0.156905 -0.171895 -0.187519 -0.203694 -0.220343 -0.237394 -0.254781 -0.272444 -0.290326 -0.308379 -0.326559 -0.344826 -0.363145 -0.381484 -0.399818 -0.418121 -0.436373 
-0.421829 -0.402978 -0.384045 -0.365051 -0.346018 -0.326973 -0.307948 -0.288976 -0.270098 -0.251359 -0.232810 -0.214508 -0.196518 -0.178909 -0.161759 -0.145151 -0.129177 -0.113933 -0.099520 -0.086042 -0.073607 -0.062321 -0.052288 -0.043607 -0.036367 -0.030648 -0.026515 -0.024015 -0.023178 -0.024015 -0.026515 -0.030648 -0.036367 -0.043607 -0.052288 -0.062321 -0.073607 -0.086042 -0.099520 -0.113933 -0.129177 -0.145151 -0.161759 -0.178909 -0.196518 -0.214508 -0.232810 -0.251359 -0.270098 -0.288976 -0.307948 -0.326973 -0.346018 -0.365051 -0.384045 -0.402978 -0.421829 
-0.407504 -0.388040 -0.368461 -0.348787 -0.329038 -0.309242 -0.289426 -0.269627 -0.249884 -0.230242 -0.210754 -0.191479 -0.172484 -0.153843 -0.135639 -0.117963 -0.100914 -0.084598 -0.069129 -0.054625 -0.041208 -0.029000 -0.018122 -0.008690 -0.000810 0.005424 0.009936 0.012666 0.013581 0.012666 0.009936 0.005424 -0.000810 -0.008690 -0.018122 -0.029000 -0.041208 -0.054625 -0.069129 -0.084598 -0.100914 -0.117963 -0.135639 -0.153843 -0.172484 -0.191479 -0.210754 -0.230242 -0.249884 -0.269627 -0.289426 -0.309242 -0.329038 -0.348787 -0.368461 -0.388040 -0.407504 
-0.393431 -0.373342 -0.353103 -0.332731 -0.312246 -0.291672 -0.271038 -0.250376 -0.229726 -0.209135 -0.188654 -0.168345 -0.148276 -0.128526 -0.109183 -0.090345 -0.072120 -0.054625 -0.037987 -0.022340 -0.007822 0.005424 0.017258 0.027544 0.036155 0.042980 0.047925 0.050922 0.051925 0.050922 0.047925 0.042980 0.036155 0.027544 0.017258 0.005424 -0.007822 -0.022340 -0.037987 -0.054625 -0.072120 -0.090345 -0.109183 -0.128526 -0.148276 -0.168345 -0.188654 -0.209135 -0.229726 -0.250376 -0.271038 -0.291672 -0.312246 -0.332731 -0.353103 -0.373342 -0.393431 
-0.379647 -0.358924 -0.338012 -0.316927 -0.295686 -0.274311 -0.252829 -0.231271 -0.209675 -0.188087 -0.166558 -0.145151 -0.123937 -0.102996 -0.082423 -0.062321 -0.042809 -0.024015 -0.006080 0.010844 0.026598 0.041018 0.053940 0.065202 0.074654 0.082160 0.087607 0.090911 0.092018 0.090911 0.087607 0.082160 0.074654 0.065202 0.053940 0.041018 0.026598 0.010844 -0.006080 -0.024015 -0.042809 -0.062321 -0.082423 -0.102996 -0.123937 -0.145151 -0.166558 -0.188087 -0.209675 -0.231271 -0.252829 -0.274311 -0.295686 -0.316927 -0.338012 -0.358924 -0.379647 
-0.366190 -0.344826 -0.323233 -0.301421 -0.279407 -0.257210 -0.234853 -0.212367 -0.189786 -0.167155 -0.144524 -0.121955 -0.099520 -0.077303 -0.055401 -0.033926 -0.013004 0.007223 0.026598 0.044951 0.062100 0.077853 0.092018 0.104403 0.114826 0.123123 0.129156 0.132820 0.134048 0.132820 0.129156 0.123123 0.114826 0.104403 0.092018 0.077853 0.062100 0.044951 0.026598 0.007223 -0.013004 -0.033926 -0.055401 -0.077303 -0.099520 -0.121955 -0.144524 -0.167155 -0.189786 -0.212367 -0.234853 -0.257210 -0.279407 -0.301421 -0.323233 -0.344826 -0.366190 
-0.353103 -0.331094 -0.308811 -0.286263 -0.263462 -0.240424 -0.217170 -0.193726 -0.170123 -0.146404 -0.122616 -0.098821 -0.075089 -0.051506 -0.028173 -0.005206 0.017258 0.039066 0.060044 0.080001 0.098727 0.116001 0.131595 0.145279 0.156833 0.166056 0.172777 0.176864 0.178236 0.176864 0.172777 0.166056 0.156833 0.145279 0.131595 0.116001 0.098727 0.080001 0.060044 0.039066 0.017258 -0.005206 -0.028173 -0.051506 -0.075089 -0.098821 -0.122616 -0.146404 -0.170123 -0.193726 -0.217170 -0.240424 -0.263462 -0.286263 -0.308811 -0.331094 -0.353103 
-0.340429 -0.317773 -0.294797 -0.271507 -0.247909 -0.224016 -0.199845 -0.175416 -0.150759 -0.125910 -0.100914 -0.075828 -0.050723 -0.025683 -0.000810 0.023774 0.047925 0.071479 0.094242 0.116001 0.136517 0.155533 0.172777 0.187974 0.200855 0.211172 0.218709 0.223301 0.224843 0.223301 0.218709 0.211172 0.200855 0.187974 0.172777 0.155533 0.136517 0.116001 0.094242 0.071479 0.047925 0.023774 -0.000810 -0.025683 -0.050723 -0.075828 -0.100914 -0.125910 -0.150759 -0.175416 -0.199845 -0.224016 -0.247909 -0.271507 -0.294797 -0.317773 -0.340429 
-0.328214 -0.304914 -0.281246 -0.257210 -0.232810 -0.208052 -0.182948 -0.157514 -0.131774 -0.105757 -0.079505 -0.053068 -0.026515 0.000075 0.026598 0.052931 0.078926 0.104403 0.129156 0.152944 0.175497 0.196515 0.215676 0.232648 0.247099 0.258718 0.267234 0.272433 0.274182 0.272433 0.267234 0.258718 0.247099 0.232648 0.215676 0.196515 0.175497 0.152944 0.129156 0.104403 0.078926 0.052931 0.026598 0.000075 -0.026515 -0.053068 -0.079505 -0.105757 -0.131774 -0.157514 -0.182948 -0.208052 -0.232810 -0.257210 -0.281246 -0.304914 -0.328214 
-0.316504 -0.292567 -0.268212 -0.243434 -0.218231 -0.192604 -0.166558 -0.140104 -0.113258 -0.086042 -0.058491 -0.030648 -0.002574 0.025654 0.053940 0.082160 0.110161 0.137757 0.164725 0.190801 0.215676 0.239006 0.260407 0.279475 0.295800 0.308987 0.318688 0.324628 0.326628 0.324628 0.318688 0.308987 0.295800 0.279475 0.260407 0.239006 0.215676 0.190801 0.164725 0.137757 0.110161 0.082160 0.053940 0.025654 -0.002574 -0.030648 -0.058491 -0.086042 -0.113258 -0.140104 -0.166558 -0.192604 -0.218231 -0.243434 -0.268212 -0.292567 -0.316504 
-0.305349 -0.280787 -0.255754 -0.230242 -0.204241 -0.177748 -0.150759 -0.123277 -0.095310 -0.066872 -0.037987 -0.008690 0.020969 0.050922 0.081079 0.111322 0.141500 0.171424 0.200855 0.229508 0.257037 0.283044 0.307075 0.328639 0.347221 0.362319 0.373477 0.380331 0.382643 0.380331 0.373477 0.362319 0.347221 0.328639 0.307075 0.283044 0.257037 0.229508 0.200855 0.171424 0.141500 0.111322 0.081079 0.050922 0.020969 -0.008690 -0.037987 -0.066872 -0.095310 -0.123277 -0.150759 -0.177748 -0.204241 -0.230242 -0.255754 -0.280787 -0.305349 
-0.294797 -0.269627 -0.243933 -0.217701 -0.190915 -0.163565 -0.135639 -0.107131 -0.078038 -0.048364 -0.018122 0.012666 0.043964 0.075717 0.107848 0.140249 0.172777 0.205244 0.237407 0.268959 0.299522 0.328639 0.355775 0.380331 0.401661 0.419115 0.432090 0.440093 0.442799 0.440093 0.432090 0.419115 0.401661 0.380331 0.355775 0.328639 0.299522 0.268959 0.237407 0.205244 0.172777 0.140249 0.107848 0.075717 0.043964 0.012666 -0.018122 -0.048364 -0.078038 -0.107131 -0.135639 -0.163565 -0.190915 -0.217701 -0.243933 -0.269627 -0.294797 
-0.284900 -0.259143 -0.232810 -0.205879 -0.178329 -0.150139 -0.121292 -0.091769 -0.061558 -0.030648 0.000962 0.033265 0.066241 0.099856 0.134048 0.168731 0.203776 0.239006 0.274182 0.308987 0.343014 0.375748 0.406567 0.434739 0.459450 0.479850 0.495128 0.504601 0.507813 0.504601 0.495128 0.479850 0.459450 0.434739 0.406567 0.375748 0.343014 0.308987 0.274182 0.239006 0.203776 0.168731 0.134048 0.099856 0.066241 0.033265 0.000962 -0.030648 -0.061558 -0.091769 -0.121292 -0.150139 -0.178329 -0.205879 -0.232810 -0.259143 -0.284900 
-0.275707 -0.249391 -0.222446 -0.194845 -0.166558 -0.137558 -0.107816 -0.077303 -0.045992 -0.013861 0.019109 0.052931 0.087607 0.123123 0.159446 0.196515 0.234228 0.272433 0.310908 0.349342 0.387310 0.424252 0.459450 0.492023 0.520941 0.545083 0.563336 0.574732 0.578610 0.574732 0.563336 0.545083 0.520941 0.492023 0.459450 0.424252 0.387310 0.349342 0.310908 0.272433 0.234228 0.196515 0.159446 0.123123 0.087607 0.052931 0.019109 -0.013861 -0.045992 -0.077303 -0.107816 -0.137558 -0.166558 -0.194845 -0.222446 -0.249391 -0.275707 
-0.267266 -0.240424 -0.212903 -0.184668 -0.155683 -0.125910 -0.095310 -0.063843 -0.031470 0.001850 0.036155 0.071479 0.107848 0.145279 0.183772 0.223301 0.263805 0.305173 0.347221 0.389665 0.432090 0.473909 0.514320 0.552278 0.586489 0.615463 0.637643 0.651621 0.656400 0.651621 0.637643 0.615463 0.586489 0.552278 0.514320 0.473909 0.432090 0.389665 0.347221 0.305173 0.263805 0.223301 0.183772 0.145279 0.107848 0.071479 0.036155 0.001850 -0.031470 -0.063843 -0.095310 -0.125910 -0.155683 -0.184668 -0.212903 -0.240424 -0.267266 
-0.259625 -0.232297 -0.204241 -0.175416 -0.145778 -0.115281 -0.083874 -0.051506 -0.018122 0.016336 0.051925 0.088705 0.126732 0.166056 0.206717 0.248738 0.292112 0.336787 0.382643 0.429459 0.476868 0.524296 0.570895 0.615463 0.656400 0.691723 0.719219 0.736769 0.742812 0.736769 0.719219 0.691723 0.656400 0.615463 0.570895 0.524296 0.476868 0.429459 0.382643 0.336787 0.292112 0.248738 0.206717 0.166056 0.126732 0.088705 0.051925 0.016336 -0.018122 -0.051506 -0.083874 -0.115281 -0.145778 -0.175416 -0.204241 -0.232297 -0.259625 
-0.252829 -0.225060 -0.196518 -0.167155 -0.136920 -0.105757 -0.073607 -0.040405 -0.006080 0.029442 0.066241 0.104403 0.144015 0.185167 0.227947 0.272433 0.318688 0.366743 0.416572 0.468059 0.520941 0.574732 0.628610 0.681279 0.730824 0.774637 0.809531 0.832213 0.840103 0.832213 0.809531 0.774637 0.730824 0.681279 0.628610 0.574732 0.520941 0.468059 0.416572 0.366743 0.318688 0.272433 0.227947 0.185167 0.144015 0.104403 0.066241 0.029442 -0.006080 -0.040405 -0.073607 -0.105757 -0.136920 -0.167155 -0.196518 -0.225060 -0.252829 
-0.246918 -0.218760 -0.189786 -0.159945 -0.129177 -0.097420 -0.064603 -0.030648 0.004528 0.041018 0.078926 0.118361 0.159446 0.202313 0.247099 0.293952 0.343014 0.394418 0.448268 0.504601 0.563336 0.624176 0.686464 0.748958 0.809531 0.864869 0.910384 0.940773 0.951509 0.940773 0.910384 0.864869 0.809531 0.748958 0.686464 0.624176 0.563336 0.504601 0.448268 0.394418 0.343014 0.293952 0.247099 0.202313 0.159446 0.118361 0.078926 0.041018 0.004528 -0.030648 -0.064603 -0.097420 -0.129177 -0.159945 -0.189786 -0.218760 -0.246918 
-0.241932 -0.213439 -0.184095 -0.153843 -0.122616 -0.090345 -0.056949 -0.022340 0.013581 0.050922 0.089807 0.130374 0.172777 0.217190 0.263805 0.312839 0.364524 0.419115 0.476868 0.538025 0.602767 0.671124 0.742812 0.816934 0.891477 0.962580 1.023821 1.066433 1.081870 1.066433 1.023821 0.962580 0.891477 0.816934 0.742812 0.671124 0.602767 0.538025 0.476868 0.419115 0.364524 0.312839 0.263805 0.217190 0.172777 0.130374 0.089807 0.050922 0.013581 -0.022340 -0.056949 -0.090345 -0.122616 -0.153843 -0.184095 -0.213439 -0.241932 
-0.237901 -0.209135 -0.179488 -0.148898 -0.117294 -0.084598 -0.050723 -0.015571 0.020969 0.059021 0.098727 0.140249 0.183772 0.229508 0.277703 0.328639 0.382643 0.440093 0.501417 0.567096 0.637643 0.713551 0.795167 0.882386 0.974008 1.066433 1.151515 1.214779 1.238733 1.214779 1.151515 1.066433 0.974008 0.882386 0.795167 0.713551 0.637643 0.567096 0.501417 0.440093 0.382643 0.328639 0.277703 0.229508 0.183772 0.140249 0.098727 0.059021 0.020969 -0.015571 -0.050723 -0.084598 -0.117294 -0.148898 -0.179488 -0.209135 -0.237901 
-0.234853 -0.205879 -0.176000 -0.145151 -0.113258 -0.080236 -0.045992 -0.010421 0.026598 0.065202 0.105548 0.147818 0.192222 0.239006 0.288460 0.340927 0.396817 0.456624 0.520941 0.590492 0.666150 0.748958 0.840103 0.940773 1.051646 1.171346 1.292314 1.392733 1.434101 1.392733 1.292314 1.171346 1.051646 0.940773 0.840103 0.748958 0.666150 0.590492 0.520941 0.456624 0.396817 0.340927 0.288460 0.239006 0.192222 0.147818 0.105548 0.065202 0.026598 -0.010421 -0.045992 -0.080236 -0.113258 -0.145151 -0.176000 -0.205879 -0.234853 
-0.232810 -0.203694 -0.173659 -0.142635 -0.110545 -0.077303 -0.042809 -0.006952 0.030394 0.069376 0.110161 0.152944 0.197956 0.245467 0.295800 0.349342 0.406567 0.468059 0.534545 0.606951 0.686464 0.774637 0.873520 0.985818 1.114956 1.264479 1.434101 1.601888 1.684008 1.601888 1.434101 1.264479 1.114956 0.985818 0.873520 0.774637 0.686464 0.606951 0.534545 0.468059 0.406567 0.349342 0.295800 0.245467 0.197956 0.152944 0.110161 0.069376 0.030394 -0.006952 -0.042809 -0.077303 -0.110545 -0.142635 -0.173659 -0.203694 -0.232810 
-0.231784 -0.202598 -0.172484 -0.141372 -0.109183 -0.075828 -0.041208 -0.005206 0.032306 0.071479 0.112487 0.155533 0.200855 0.248738 0.299522 0.353619 0.411537 0.473909 0.541538 0.615463 0.697059 0.788193 0.891477 1.010693 1.151515 1.322615 1.536151 1.793891 1.962064 1.793891 1.536151 1.322615 1.151515 1.010693 0.891477 0.788193 0.697059 0.615463 0.541538 0.473909 0.411537 0.353619 0.299522 0.248738 0.200855 0.155533 0.112487 0.071479 0.032306 -0.005206 -0.041208 -0.075828 -0.109183 -0.141372 -0.172484 -0.202598 -0.231784 
-0.231656 -0.202461 -0.172337 -0.141214 -0.109012 -0.075644 -0.041007 -0.004988 0.032545 0.071742 0.112778 0.155857 0.201219 0.249149 0.299990 0.354157 0.412162 0.474646 0.542421 0.616541 0.698405 0.789924 0.893786 1.013929 1.156366 1.330628 1.551406 1.828365 2.023130 1.828365 1.551406 1.330628 1.156366 1.013929 0.893786 0.789924 0.698405 0.616541 0.542421 0.474646 0.412162 0.354157 0.299990 0.249149 0.201219 0.155857 0.112778 0.071742 0.032545 -0.004988 -0.041007 -0.075644 -0.109012 -0.141214 -0.172337 -0.202461 -0.231656 
-0.231790 -0.202604 -0.172490 -0.141379 -0.109190 -0.075836 -0.041216 -0.005216 0.032295 0.071467 0.112474 0.155519 0.200840 0.248721 0.299502 0.353596 0.411510 0.473877 0.541499 0.615416 0.697001 0.788118 0.891377 1.010553 1.151305 1.322271 1.535503 1.792474 1.959663 1.792474 1.535503 1.322271 1.151305 1.010553 0.891377 0.788118 0.697001 0.615416 0.541499 0.473877 0.411510 0.353596 0.299502 0.248721 0.200840 0.155519 0.112474 0.071467 0.032295 -0.005216 -0.041216 -0.075836 -0.109190 -0.141379 -0.172490 -0.202604 -0.231790 
-0.232826 -0.203712 -0.173678 -0.142656 -0.110568 -0.077326 -0.042834 -0.006980 0.030363 0.069342 0.110123 0.152903 0.197910 0.245415 0.295740 0.349273 0.406487 0.467965 0.534433 0.606815 0.686295 0.774422 0.873237 0.985429 1.114395 1.263615 1.432680 1.599544 1.681003 1.599544 1.432680 1.263615 1.114395 0.985429 0.873237 0.774422 0.686295 0.606815 0.534433 0.467965 0.406487 0.349273 0.295740 0.245415 0.197910 0.152903 0.110123 0.069342 0.030363 -0.006980 -0.042834 -0.077326 -0.110568 -0.142656 -0.173678 -0.203712 -0.232826 
-0.234881 -0.205908 -0.176032 -0.145185 -0.113294 -0.080275 -0.046035 -0.010468 0.026547 0.065146 0.105486 0.147749 0.192145 0.238919 0.288362 0.340815 0.396688 0.456472 0.520761 0.590275 0.665885 0.748624 0.839673 0.940204 1.050868 1.170248 1.290757 1.390642 1.431740 1.390642 1.290757 1.170248 1.050868 0.940204 0.839673 0.748624 0.665885 0.590275 0.520761 0.456472 0.396688 0.340815 0.288362 0.238919 0.192145 0.147749 0.105486 0.065146 0.026547 -0.010468 -0.046035 -0.080275 -0.113294 -0.145185 -0.176032 -0.205908 -0.234881 
-0.237939 -0.209176 -0.179532 -0.148945 -0.117344 -0.084653 -0.050782 -0.015635 0.020898 0.058944 0.098642 0.140155 0.183667 0.229390 0.277569 0.328487 0.382469 0.439890 0.501178 0.566811 0.637299 0.713128 0.794637 0.881710 0.973134 1.065297 1.150065 1.213040 1.236869 1.213040 1.150065 1.065297 0.973134 0.881710 0.794637 0.713128 0.637299 0.566811 0.501178 0.439890 0.382469 0.328487 0.277569 0.229390 0.183667 0.140155 0.098642 0.058944 0.020898 -0.015635 -0.050782 -0.084653 -0.117344 -0.148945 -0.179532 -0.209176 -0.237939 
-0.241980 -0.213491 -0.184151 -0.153902 -0.122680 -0.090414 -0.057023 -0.022421 0.013492 0.050825 0.089700 0.130256 0.172646 0.217043 0.263640 0.312651 0.364310 0.418868 0.476580 0.537687 0.602365 0.670640 0.742223 0.816211 0.890586 0.961492 1.022528 1.064973 1.080345 1.064973 1.022528 0.961492 0.890586 0.816211 0.742223 0.670640 0.602365 0.537687 0.476580 0.418868 0.364310 0.312651 0.263640 0.217043 0.172646 0.130256 0.089700 0.050825 0.013492 -0.022421 -0.057023 -0.090414 -0.122680 -0.153902 -0.184151 -0.213491 -0.241980 
-0.246977 -0.218822 -0.189853 -0.160017 -0.129254 -0.097503 -0.064692 -0.030746 0.004422 0.040903 0.078799 0.118221 0.159291 0.202140 0.246906 0.293733 0.342766 0.394135 0.447942 0.504223 0.562893 0.623655 0.685847 0.748225 0.808665 0.863859 0.909237 0.939524 0.950221 0.939524 0.909237 0.863859 0.808665 0.748225 0.685847 0.623655 0.562893 0.504223 0.447942 0.394135 0.342766 0.293733 0.246906 0.202140 0.159291 0.118221 0.078799 0.040903 0.004422 -0.030746 -0.064692 -0.097503 -0.129254 -0.160017 -0.189853 -0.218822 -0.246977 
-0.252897 -0.225133 -0.196596 -0.167238 -0.137009 -0.105853 -0.073711 -0.040517 -0.006202 0.029309 0.066096 0.104243 0.143839 0.184972 0.227729 0.272189 0.318414 0.366432 0.416218 0.467653 0.520474 0.574193 0.627987 0.680560 0.730001 0.773708 0.808508 0.831123 0.838989 0.831123 0.808508 0.773708 0.730001 0.680560 0.627987 0.574193 0.520474 0.467653 0.416218 0.366432 0.318414 0.272189 0.227729 0.184972 0.143839 0.104243 0.066096 0.029309 -0.006202 -0.040517 -0.073711 -0.105853 -0.137009 -0.167238 -0.196596 -0.225133 -0.252897 
-0.259703 -0.232380 -0.204330 -0.175510 -0.145879 -0.115389 -0.083991 -0.051633 -0.018259 0.016187 0.051763 0.088528 0.126537 0.165841 0.206479 0.248474 0.291816 0.336455 0.382269 0.429037 0.476389 0.523753 0.570279 0.614769 0.655625 0.690870 0.718299 0.735804 0.741831 0.735804 0.718299 0.690870 0.655625 0.614769 0.570279 0.523753 0.476389 0.429037 0.382269 0.336455 0.291816 0.248474 0.206479 0.165841 0.126537 0.088528 0.051763 0.016187 -0.018259 -0.051633 -0.083991 -0.115389 -0.145879 -0.175510 -0.204330 -0.232380 -0.259703 
-0.267353 -0.240516 -0.213001 -0.184772 -0.155794 -0.126029 -0.095439 -0.063982 -0.031620 0.001688 0.035978 0.071286 0.107637 0.145048 0.183517 0.223019 0.263493 0.304827 0.346834 0.389233 0.431608 0.473370 0.513720 0.551614 0.585762 0.614677 0.636808 0.650754 0.655522 0.650754 0.636808 0.614677 0.585762 0.551614 0.513720 0.473370 0.431608 0.389233 0.346834 0.304827 0.263493 0.223019 0.183517 0.145048 0.107637 0.071286 0.035978 0.001688 -0.031620 -0.063982 -0.095439 -0.126029 -0.155794 -0.184772 -0.213001 -0.240516 -0.267353 
-0.275802 -0.249492 -0.222553 -0.194959 -0.166680 -0.137689 -0.107956 -0.077453 -0.046154 -0.014036 0.018920 0.052726 0.087383 0.122879 0.159179 0.196221 0.233905 0.272077 0.310515 0.348907 0.386831 0.423724 0.458871 0.491391 0.520259 0.544356 0.562572 0.573945 0.577814 0.573945 0.562572 0.544356 0.520259 0.491391 0.458871 0.423724 0.386831 0.348907 0.310515 0.272077 0.233905 0.196221 0.159179 0.122879 0.087383 0.052726 0.018920 -0.014036 -0.046154 -0.077453 -0.107956 -0.137689 -0.166680 -0.194959 -0.222553 -0.249492 -0.275802 
-0.285003 -0.259252 -0.232925 -0.206002 -0.178460 -0.150279 -0.121442 -0.091930 -0.061730 -0.030834 0.000761 0.033048 0.066007 0.099601 0.133771 0.168428 0.203445 0.238644 0.273786 0.308555 0.342541 0.375234 0.406010 0.434139 0.458810 0.479175 0.494425 0.503880 0.507085 0.503880 0.494425 0.479175 0.458810 0.434139 0.406010 0.375234 0.342541 0.308555 0.273786 0.238644 0.203445 0.168428 0.133771 0.099601 0.066007 0.033048 0.000761 -0.030834 -0.061730 -0.091930 -0.121442 -0.150279 -0.178460 -0.206002 -0.232925 -0.259252 -0.285003 
-0.294907 -0.269743 -0.244057 -0.217832 -0.191055 -0.163713 -0.135797 -0.107300 -0.078219 -0.048559 -0.018332 0.012441 0.043721 0.075454 0.107563 0.139940 0.172442 0.204880 0.237012 0.268532 0.299060 0.328141 0.355241 0.379762 0.401059 0.418485 0.431438 0.439427 0.442128 0.439427 0.431438 0.418485 0.401059 0.379762 0.355241 0.328141 0.299060 0.268532 0.237012 0.204880 0.172442 0.139940 0.107563 0.075454 0.043721 0.012441 -0.018332 -0.048559 -0.078219 -0.107300 -0.135797 -0.163713 -0.191055 -0.217832 -0.244057 -0.269743 -0.294907 
-0.305465 -0.280910 -0.255885 -0.230380 -0.204388 -0.177904 -0.150925 -0.123454 -0.095499 -0.067075 -0.038204 -0.008923 0.020718 0.050652 0.080789 0.111009 0.141164 0.171061 0.200465 0.229088 0.256587 0.282562 0.306563 0.328097 0.346653 0.361728 0.372869 0.379712 0.382021 0.379712 0.372869 0.361728 0.346653 0.328097 0.306563 0.282562 0.256587 0.229088 0.200465 0.171061 0.141164 0.111009 0.080789 0.050652 0.020718 -0.008923 -0.038204 -0.067075 -0.095499 -0.123454 -0.150925 -0.177904 -0.204388 -0.230380 -0.255885 -0.280910 -0.305465 
-0.316627 -0.292697 -0.268349 -0.243579 -0.218384 -0.192767 -0.166732 -0.140289 -0.113454 -0.086251 -0.058714 -0.030887 -0.002830 0.025381 0.053647 0.081845 0.109824 0.137397 0.164340 0.190389 0.215238 0.238541 0.259916 0.278960 0.295262 0.308431 0.318119 0.324049 0.326046 0.324049 0.318119 0.308431 0.295262 0.278960 0.259916 0.238541 0.215238 0.190389 0.164340 0.137397 0.109824 0.081845 0.053647 0.025381 -0.002830 -0.030887 -0.058714 -0.086251 -0.113454 -0.140289 -0.166732 -0.192767 -0.218384 -0.243579 -0.268349 -0.292697 -0.316627 
-0.328342 -0.305049 -0.281389 -0.257361 -0.232969 -0.208221 -0.183127 -0.157704 -0.131975 -0.105971 -0.079733 -0.053311 -0.026774 -0.000201 0.026304 0.052618 0.078591 0.104047 0.128777 0.152543 0.175072 0.196067 0.215206 0.232157 0.246590 0.258194 0.266697 0.271889 0.273636 0.271889 0.266697 0.258194 0.246590 0.232157 0.215206 0.196067 0.175072 0.152543 0.128777 0.104047 0.078591 0.052618 0.026304 -0.000201 -0.026774 -0.053311 -0.079733 -0.105971 -0.131975 -0.157704 -0.183127 -0.208221 -0.232969 -0.257361 -0.281389 -0.305049 -0.328342 
-0.340563 -0.317914 -0.294946 -0.271663 -0.248074 -0.224190 -0.200029 -0.175611 -0.150965 -0.126128 -0.101146 -0.076074 -0.050984 -0.025960 -0.001105 0.023461 0.047594 0.071127 0.093871 0.115609 0.136105 0.155100 0.172325 0.187505 0.200371 0.210674 0.218202 0.222788 0.224329 0.222788 0.218202 0.210674 0.200371 0.187505 0.172325 0.155100 0.136105 0.115609 0.093871 0.071127 0.047594 0.023461 -0.001105 -0.025960 -0.050984 -0.076074 -0.101146 -0.126128 -0.150965 -0.175611 -0.200029 -0.224190 -0.248074 -0.271663 -0.294946 -0.317914 -0.340563 
-0.353242 -0.331239 -0.308964 -0.286424 -0.263632 -0.240603 -0.217358 -0.193924 -0.170333 -0.146626 -0.122851 -0.099069 -0.075351 -0.051784 -0.028466 -0.005517 0.016931 0.038721 0.059681 0.079619 0.098327 0.115584 0.131161 0.144830 0.156371 0.165583 0.172296 0.176379 0.177749 0.176379 0.172296 0.165583 0.156371 0.144830 0.131161 0.115584 0.098327 0.079619 0.059681 0.038721 0.016931 -0.005517 -0.028466 -0.051784 -0.075351 -0.099069 -0.122851 -0.146626 -0.170333 -0.193924 -0.217358 -0.240603 -0.263632 -0.286424 -0.308964 -0.331239 -0.353242 
-0.366333 -0.344976 -0.323390 -0.301586 -0.279580 -0.257392 -0.235045 -0.212569 -0.189999 -0.167379 -0.144760 -0.122204 -0.099782 -0.077579 -0.055692 -0.034233 -0.013327 0.006884 0.026243 0.044580 0.061712 0.077451 0.091601 0.103973 0.114385 0.122673 0.128699 0.132358 0.133586 0.132358 0.128699 0.122673 0.114385 0.103973 0.091601 0.077451 0.061712 0.044580 0.026243 0.006884 -0.013327 -0.034233 -0.055692 -0.077579 -0.099782 -0.122204 -0.144760 -0.167379 -0.189999 -0.212569 -0.235045 -0.257392 -0.279580 -0.301586 -0.323390 -0.344976 -0.366333 
-0.379793 -0.359077 -0.338173 -0.317096 -0.295863 -0.274497 -0.253023 -0.231475 -0.209890 -0.188312 -0.166796 -0.145401 -0.124199 -0.103271 -0.082712 -0.062624 -0.043126 -0.024347 -0.006427 0.010482 0.026222 0.040629 0.053539 0.064789 0.074231 0.081729 0.087171 0.090472 0.091578 0.090472 0.087171 0.081729 0.074231 0.064789 0.053539 0.040629 0.026222 0.010482 -0.006427 -0.024347 -0.043126 -0.062624 -0.082712 -0.103271 -0.124199 -0.145401 -0.166796 -0.188312 -0.209890 -0.231475 -0.253023 -0.274497 -0.295863 -0.317096 -0.338173 -0.359077 -0.379793 
-0.393581 -0.373499 -0.353267 -0.332903 -0.312426 -0.291860 -0.271234 -0.250582 -0.229943 -0.209361 -0.188892 -0.168594 -0.148537 -0.128799 -0.109469 -0.090644 -0.072432 -0.054950 -0.038326 -0.022691 -0.008186 0.005048 0.016871 0.027147 0.035750 0.042568 0.047509 0.050502 0.051504 0.050502 0.047509 0.042568 0.035750 0.027147 0.016871 0.005048 -0.008186 -0.022691 -0.038326 -0.054950 -0.072432 -0.090644 -0.109469 -0.128799 -0.148537 -0.168594 -0.188892 -0.209361 -0.229943 -0.250582 -0.271234 -0.291860 -0.312426 -0.332903 -0.353267 -0.373499 -0.393581 
-0.407657 -0.388199 -0.368627 -0.348960 -0.329220 -0.309431 -0.289625 -0.269835 -0.250101 -0.230469 -0.210991 -0.191727 -0.172743 -0.154114 -0.135921 -0.118257 -0.101220 -0.084917 -0.069459 -0.054967 -0.041561 -0.029364 -0.018496 -0.009072 -0.001200 0.005029 0.009536 0.012264 0.013177 0.012264 0.009536 0.005029 -0.001200 -0.009072 -0.018496 -0.029364 -0.041561 -0.054967 -0.069459 -0.084917 -0.101220 -0.118257 -0.135921 -0.154114 -0.172743 -0.191727 -0.210991 -0.230469 -0.250101 -0.269835 -0.289625 -0.309431 -0.329220 -0.348960 -0.368627 -0.388199 -0.407657 
-0.421985 -0.403139 -0.384213 -0.365226 -0.346201 -0.327165 -0.308147 -0.289184 -0.270315 -0.251585 -0.233046 -0.214755 -0.196775 -0.179177 -0.162037 -0.145441 -0.129478 -0.114245 -0.099842 -0.086375 -0.073950 -0.062673 -0.052649 -0.043975 -0.036742 -0.031028 -0.026898 -0.024401 -0.023565 -0.024401 -0.026898 -0.031028 -0.036742 -0.043975 -0.052649 -0.062673 -0.073950 -0.086375 -0.099842 -0.114245 -0.129478 -0.145441 -0.162037 -0.179177 -0.196775 -0.214755 -0.233046 -0.251585 -0.270315 -0.289184 -0.308147 -0.327165 -0.346201 -0.365226 -0.384213 -0.403139 -0.421985 
-0.436530 -0.418284 -0.399988 -0.381662 -0.363330 -0.345019 -0.326760 -0.308588 -0.290543 -0.272670 -0.255017 -0.237640 -0.220598 -0.203959 -0.187794 -0.172180 -0.157200 -0.142940 -0.129492 -0.116948 -0.105402 -0.094946 -0.085670 -0.077658 -0.070988 -0.065726 -0.061927 -0.059631 -0.058863 -0.059631 -0.061927 -0.065726 -0.070988 -0.077658 -0.085670 -0.094946 -0.105402 -0.116948 -0.129492 -0.142940 -0.157200 -0.172180 -0.187794 -0.203959 -0.220598 -0.237640 -0.255017 -0.272670 -0.290543 -0.308588 -0.326760 -0.345019 -0.363330 -0.381662 -0.399988 -0.418284 -0.436530 
-0.451261 -0.433600 -0.415917 -0.398231 -0.380568 -0.362956 -0.345425 -0.328009 -0.310749 -0.293686 -0.276869 -0.260350 -0.244185 -0.228438 -0.213174 -0.198464 -0.184385 -0.171013 -0.158431 -0.146720 -0.135963 -0.126241 -0.117632 -0.110209 -0.104037 -0.099174 -0.095666 -0.093547 -0.092838 -0.093547 -0.095666 -0.099174 -0.104037 -0.110209 -0.117632 -0.126241 -0.135963 -0.146720 -0.158431 -0.171013 -0.184385 -0.198464 -0.213174 -0.228438 -0.244185 -0.260350 -0.276869 -0.293686 -0.310749 -0.328009 -0.345425 -0.362956 -0.380568 -0.398231 -0.415917 -0.433600 -0.451261 
-0.466148 -0.449057 -0.431968 -0.414902 -0.397885 -0.380944 -0.364109 -0.347415 -0.330900 -0.314604 -0.298575 -0.282861 -0.267515 -0.252597 -0.238167 -0.224291 -0.211037 -0.198476 -0.186681 -0.175724 -0.165678 -0.156616 -0.148604 -0.141705 -0.135976 -0.131467 -0.128217 -0.126255 -0.125599 -0.126255 -0.128217 -0.131467 -0.135976 -0.141705 -0.148604 -0.156616 -0.165678 -0.175724 -0.186681 -0.198476 -0.211037 -0.224291 -0.238167 -0.252597 -0.267515 -0.282861 -0.298575 -0.314604 -0.330900 -0.347415 -0.364109 -0.380944 -0.397885 -0.414902 -0.431968 -0.449057 -0.466148 
-0.481165 -0.464627 -0.448113 -0.431646 -0.415250 -0.398953 -0.382784 -0.366777 -0.350969 -0.335399 -0.320111 -0.305152 -0.290572 -0.276425 -0.262768 -0.249661 -0.237165 -0.225346 -0.214267 -0.203994 -0.194592 -0.186123 -0.178647 -0.172218 -0.166885 -0.162692 -0.159671 -0.157848 -0.157239 -0.157848 -0.159671 -0.162692 -0.166885 -0.172218 -0.178647 -0.186123 -0.194592 -0.203994 -0.214267 -0.225346 -0.237165 -0.249661 -0.262768 -0.276425 -0.290572 -0.305152 -0.320111 -0.335399 -0.350969 -0.366777 -0.382784 -0.398953 -0.415250 -0.431646 -0.448113 -0.464627 -0.481165 
-0.496286 -0.480284 -0.464327 -0.448437 -0.432638 -0.416958 -0.401425 -0.386072 -0.370934 -0.356050 -0.341460 -0.327209 -0.313344 -0.299915 -0.286974 -0.274577 -0.262779 -0.251638 -0.241214 -0.231563 -0.222745 -0.214812 -0.207819 -0.201812 -0.196835 -0.192924 -0.190108 -0.188410 -0.187842 -0.188410 -0.190108 -0.192924 -0.196835 -0.201812 -0.207819 -0.214812 -0.222745 -0.231563 -0.241214 -0.251638 -0.262779 -0.274577 -0.286974 -0.299915 -0.313344 -0.327209 -0.341460 -0.356050 -0.370934 -0.386072 -0.401425 -0.416958 -0.432638 -0.448437 -0.464327 -0.480284 -0.496286 
-0.511489 -0.496006 -0.480587 -0.465252 -0.450026 -0.434936 -0.420009 -0.405278 -0.390776 -0.376539 -0.362606 -0.349020 -0.335823 -0.323062 -0.310786 -0.299044 -0.287889 -0.277372 -0.267546 -0.258463 -0.250175 -0.242729 -0.236172 -0.230546 -0.225889 -0.222232 -0.219600 -0.218014 -0.217484 -0.218014 -0.219600 -0.222232 -0.225889 -0.230546 -0.236172 -0.242729 -0.250175 -0.258463 -0.267546 -0.277372 -0.287889 -0.299044 -0.310786 -0.323062 -0.335823 -0.349020 -0.362606 -0.376539 -0.390776 -0.405278 -0.420009 -0.434936 -0.450026 -0.465252 -0.480587 -0.496006 -0.511489 
