35 35
3.186807e-02 0 5
-2.824669 -2.798563 -2.772681 -2.747131 -2.722037 -2.697540 -2.673802 -2.651008 -2.629357 -2.609069 -2.590378 -2.573523 -2.558746 -2.546278 -2.536331 -2.529087 -2.524682 -2.523204 -2.524682 -2.529087 -2.536331 -2.546278 -2.558746 -2.573523 -2.590378 -2.609069 -2.629357 -2.651008 -2.673802 -2.697540 -2.722037 -2.747131 -2.772681 -2.798563 -2.824669 
-2.799375 -2.771823 -2.744408 -2.717239 -2.690443 -2.664171 -2.638599 -2.613926 -2.590378 -2.568206 -2.547681 -2.529087 -2.512715 -2.498847 -2.487748 -2.479642 -2.474705 -2.473047 -2.474705 -2.479642 -2.487748 -2.498847 -2.512715 -2.529087 -2.547681 -2.568206 -2.590378 -2.613926 -2.638599 -2.664171 -2.690443 -2.717239 -2.744408 -2.771823 -2.799375 
-2.774394 -2.745318 -2.716273 -2.687368 -2.658732 -2.630523 -2.602925 -2.576158 -2.550473 -2.526155 -2.503519 -2.482903 -2.464658 -2.449133 -2.436658 -2.427518 -2.421939 -2.420063 -2.421939 -2.427518 -2.436658 -2.449133 -2.464658 -2.482903 -2.503519 -2.526155 -2.550473 -2.576158 -2.602925 -2.630523 -2.658732 -2.687368 -2.716273 -2.745318 -2.774394 
-2.749839 -2.719164 -2.688396 -2.657637 -2.627017 -2.596695 -2.566867 -2.537766 -2.509671 -2.482903 -2.457827 -2.434846 -2.414385 -2.396878 -2.382743 -2.372347 -2.365984 -2.363841 -2.365984 -2.372347 -2.382743 -2.396878 -2.414385 -2.434846 -2.457827 -2.482903 -2.509671 -2.537766 -2.566867 -2.596695 -2.627017 -2.657637 -2.688396 -2.719164 -2.749839 
-2.725840 -2.693498 -2.660916 -2.628188 -2.595439 -2.562825 -2.530545 -2.498847 -2.468033 -2.438462 -2.410556 -2.384791 -2.361687 -2.341788 -2.325625 -2.313682 -2.306348 -2.303874 -2.306348 -2.313682 -2.325625 -2.341788 -2.361687 -2.384791 -2.410556 -2.438462 -2.468033 -2.498847 -2.530545 -2.562825 -2.595439 -2.628188 -2.660916 -2.693498 -2.725840 
-2.702543 -2.668477 -2.634001 -2.599197 -2.564176 -2.529087 -2.494125 -2.459545 -2.425667 -2.392888 -2.361687 -2.332629 -2.306348 -2.283527 -2.264857 -2.250979 -2.242420 -2.239527 -2.242420 -2.250979 -2.264857 -2.283527 -2.306348 -2.332629 -2.361687 -2.392888 -2.425667 -2.459545 -2.494125 -2.529087 -2.564176 -2.599197 -2.634001 -2.668477 -2.702543 
-2.680113 -2.644281 -2.607847 -2.570872 -2.533448 -2.495705 -2.457827 -2.420063 -2.382743 -2.346293 -2.311252 -2.278279 -2.248146 -2.221719 -2.199902 -2.183562 -2.173430 -2.169995 -2.173430 -2.183562 -2.199902 -2.221719 -2.248146 -2.278279 -2.311252 -2.346293 -2.382743 -2.420063 -2.457827 -2.495705 -2.533448 -2.570872 -2.607847 -2.644281 -2.680113 
-2.658732 -2.621113 -2.582678 -2.543459 -2.503519 -2.462960 -2.421939 -2.380684 -2.339517 -2.298880 -2.259362 -2.221719 -2.186884 -2.155952 -2.130121 -2.110587 -2.098387 -2.094235 -2.098387 -2.110587 -2.130121 -2.155952 -2.186884 -2.221719 -2.259362 -2.298880 -2.339517 -2.380684 -2.421939 -2.462960 -2.503519 -2.543459 -2.582678 -2.621113 -2.658732 
-2.638599 -2.599197 -2.558746 -2.517241 -2.474705 -2.431198 -2.386830 -2.341788 -2.296361 -2.250979 -2.206256 -2.163035 -2.122423 -2.085799 -2.054761 -2.030986 -2.015995 -2.010867 -2.015995 -2.030986 -2.054761 -2.085799 -2.122423 -2.163035 -2.206256 -2.250979 -2.296361 -2.341788 -2.386830 -2.431198 -2.474705 -2.517241 -2.558746 -2.599197 -2.638599 
-2.619923 -2.578777 -2.536331 -2.492540 -2.447373 -2.400832 -2.352960 -2.303874 -2.253793 -2.203092 -2.152363 -2.102496 -2.054761 -2.010867 -1.972948 -1.943399 -1.924520 -1.918016 -1.924520 -1.943399 -1.972948 -2.010867 -2.054761 -2.102496 -2.152363 -2.203092 -2.253793 -2.303874 -2.352960 -2.400832 -2.447373 -2.492540 -2.536331 -2.578777 -2.619923 
-2.602925 -2.560109 -2.515737 -2.469711 -2.421939 -2.372347 -2.320889 -2.267577 -2.212512 -2.155952 -2.098387 -2.040670 -1.984165 -1.930916 -1.883737 -1.846092 -1.821587 -1.813056 -1.821587 -1.846092 -1.883737 -1.930916 -1.984165 -2.040670 -2.098387 -2.155952 -2.212512 -2.267577 -2.320889 -2.372347 -2.421939 -2.469711 -2.515737 -2.560109 -2.602925 
-2.587826 -2.543459 -2.497279 -2.449133 -2.398860 -2.346293 -2.291275 -2.233677 -2.173430 -2.110587 -2.045423 -1.978597 -1.911400 -1.846092 -1.786253 -1.736895 -1.703866 -1.692182 -1.703866 -1.736895 -1.786253 -1.846092 -1.911400 -1.978597 -2.045423 -2.110587 -2.173430 -2.233677 -2.291275 -2.346293 -2.398860 -2.449133 -2.497279 -2.543459 -2.587826 
-2.574842 -2.529087 -2.481276 -2.431198 -2.378615 -2.323264 -2.264857 -2.203092 -2.137674 -2.068364 -1.995067 -1.918016 -1.838097 -1.757415 -1.680125 -1.613271 -1.566591 -1.549645 -1.566591 -1.613271 -1.680125 -1.757415 -1.838097 -1.918016 -1.995067 -2.068364 -2.137674 -2.203092 -2.264857 -2.323264 -2.378615 -2.431198 -2.481276 -2.529087 -2.574842 
-2.564176 -2.517241 -2.468033 -2.416286 -2.361687 -2.303874 -2.242420 -2.176836 -2.106562 -2.030986 -1.949492 -1.861597 -1.767273 -1.667670 -1.566591 -1.472967 -1.402981 -1.376399 -1.402981 -1.472967 -1.566591 -1.667670 -1.767273 -1.861597 -1.949492 -2.030986 -2.106562 -2.176836 -2.242420 -2.303874 -2.361687 -2.416286 -2.468033 -2.517241 -2.564176 
-2.556005 -2.508141 -2.457827 -2.404748 -2.348527 -2.288708 -2.224742 -2.155952 -2.081512 -2.000405 -1.911400 -1.813056 -1.703866 -1.582804 -1.451063 -1.316777 -1.204446 -1.157957 -1.204446 -1.316777 -1.451063 -1.582804 -1.703866 -1.813056 -1.911400 -2.000405 -2.081512 -2.155952 -2.224742 -2.288708 -2.348527 -2.404748 -2.457827 -2.508141 -2.556005 
-2.550473 -2.501967 -2.450886 -2.396878 -2.339517 -2.278279 -2.212512 -2.141397 -2.063881 -1.978597 -1.883737 -1.776882 -1.654789 -1.513265 -1.347778 -1.157957 -0.968322 -0.875036 -0.968322 -1.157957 -1.347778 -1.513265 -1.654789 -1.776882 -1.883737 -1.978597 -2.063881 -2.141397 -2.212512 -2.278279 -2.339517 -2.396878 -2.450886 -2.501967 -2.550473 
-2.547681 -2.498847 -2.447373 -2.392888 -2.334938 -2.272963 -2.206256 -2.133916 -2.054761 -1.967216 -1.869120 -1.757415 -1.627625 -1.472967 -1.282962 -1.042804 -0.750020 -0.559287 -0.750020 -1.042804 -1.282962 -1.472967 -1.627625 -1.757415 -1.869120 -1.967216 -2.054761 -2.133916 -2.206256 -2.272963 -2.334938 -2.392888 -2.447373 -2.498847 -2.547681 
-2.547330 -2.498456 -2.446932 -2.392386 -2.334362 -2.272293 -2.205468 -2.132971 -2.053606 -1.965770 -1.867253 -1.754910 -1.624088 -1.467610 -1.274007 -1.025539 -0.710814 -0.490623 -0.710814 -1.025539 -1.274007 -1.467610 -1.624088 -1.754910 -1.867253 -1.965770 -2.053606 -2.132971 -2.205468 -2.272293 -2.334362 -2.392386 -2.446932 -2.498456 -2.547330 
-2.547696 -2.498864 -2.447392 -2.392909 -2.334963 -2.272992 -2.206291 -2.133957 -2.054811 -1.967279 -1.869201 -1.757524 -1.627778 -1.473198 -1.283346 -1.043536 -0.751633 -0.561996 -0.751633 -1.043536 -1.283346 -1.473198 -1.627778 -1.757524 -1.869201 -1.967279 -2.054811 -2.133957 -2.206291 -2.272992 -2.334963 -2.392909 -2.447392 -2.498864 -2.547696 
-2.550518 -2.502018 -2.450943 -2.396942 -2.339591 -2.278364 -2.212613 -2.141517 -2.064027 -1.978779 -1.883969 -1.777188 -1.655213 -1.513883 -1.348739 -1.159556 -0.970981 -0.878453 -0.970981 -1.159556 -1.348739 -1.513883 -1.655213 -1.777188 -1.883969 -1.978779 -2.064027 -2.141517 -2.212613 -2.278364 -2.339591 -2.396942 -2.450943 -2.502018 -2.550518 
-2.556079 -2.508223 -2.457920 -2.404853 -2.348647 -2.288847 -2.224904 -2.156144 -2.081744 -2.000691 -1.911759 -1.813521 -1.704485 -1.583658 -1.452275 -1.318513 -1.206792 -1.160614 -1.206792 -1.318513 -1.452275 -1.583658 -1.704485 -1.813521 -1.911759 -2.000691 -2.081744 -2.156144 -2.224904 -2.288847 -2.348647 -2.404853 -2.457920 -2.508223 -2.556079 
-2.564278 -2.517354 -2.468160 -2.416429 -2.361850 -2.304060 -2.242637 -2.177091 -2.106867 -2.031355 -1.949947 -1.862169 -1.768006 -1.668623 -1.567837 -1.474566 -1.404909 -1.378469 -1.404909 -1.474566 -1.567837 -1.668623 -1.768006 -1.862169 -1.949947 -2.031355 -2.106867 -2.177091 -2.242637 -2.304060 -2.361850 -2.416429 -2.468160 -2.517354 -2.564278 
-2.574970 -2.529228 -2.481434 -2.431375 -2.378816 -2.323493 -2.265121 -2.203399 -2.138036 -2.068795 -1.995587 -1.918651 -1.838879 -1.758381 -1.681309 -1.614685 -1.568192 -1.551320 -1.568192 -1.614685 -1.681309 -1.758381 -1.838879 -1.918651 -1.995587 -2.068795 -2.138036 -2.203399 -2.265121 -2.323493 -2.378816 -2.431375 -2.481434 -2.529228 -2.574970 
-2.587977 -2.543626 -2.497465 -2.449341 -2.399093 -2.346558 -2.291578 -2.234025 -2.173834 -2.111061 -2.045982 -1.979260 -1.912189 -1.847027 -1.787347 -1.738141 -1.705225 -1.693583 -1.705225 -1.738141 -1.787347 -1.847027 -1.912189 -1.979260 -2.045982 -2.111061 -2.173834 -2.234025 -2.291578 -2.346558 -2.399093 -2.449341 -2.497465 -2.543626 -2.587977 
-2.603098 -2.560300 -2.515948 -2.469945 -2.422201 -2.372641 -2.321222 -2.267955 -2.212946 -2.156451 -2.098964 -2.041338 -1.984937 -1.931802 -1.884738 -1.847197 -1.822765 -1.814261 -1.822765 -1.847197 -1.884738 -1.931802 -1.984937 -2.041338 -2.098964 -2.156451 -2.212946 -2.267955 -2.321222 -2.372641 -2.422201 -2.469945 -2.515948 -2.560300 -2.603098 
-2.620115 -2.578988 -2.536563 -2.492796 -2.447658 -2.401149 -2.353315 -2.304274 -2.254245 -2.203604 -2.152944 -2.103154 -2.055504 -2.011699 -1.973865 -1.944388 -1.925559 -1.919073 -1.925559 -1.944388 -1.973865 -2.011699 -2.055504 -2.103154 -2.152944 -2.203604 -2.254245 -2.304274 -2.353315 -2.401149 -2.447658 -2.492796 -2.536563 -2.578988 -2.620115 
-2.638808 -2.599425 -2.558995 -2.517515 -2.475008 -2.431532 -2.387201 -2.342201 -2.296823 -2.251495 -2.206832 -2.163676 -2.123133 -2.086577 -2.055603 -2.031881 -2.016925 -2.011810 -2.016925 -2.031881 -2.055603 -2.086577 -2.123133 -2.163676 -2.206832 -2.251495 -2.296823 -2.342201 -2.387201 -2.431532 -2.475008 -2.517515 -2.558995 -2.599425 -2.638808 
-2.658956 -2.621356 -2.582942 -2.543748 -2.503835 -2.463308 -2.422321 -2.381105 -2.339982 -2.299393 -2.259927 -2.222338 -2.187559 -2.156681 -2.130899 -2.111404 -2.099230 -2.095087 -2.099230 -2.111404 -2.130899 -2.156681 -2.187559 -2.222338 -2.259927 -2.299393 -2.339982 -2.381105 -2.422321 -2.463308 -2.503835 -2.543748 -2.582942 -2.621356 -2.658956 
-2.680349 -2.644536 -2.608123 -2.571172 -2.533774 -2.496061 -2.458216 -2.420487 -2.383206 -2.346798 -2.311802 -2.278874 -2.248787 -2.222403 -2.200624 -2.184315 -2.174201 -2.170773 -2.174201 -2.184315 -2.200624 -2.222403 -2.248787 -2.278874 -2.311802 -2.346798 -2.383206 -2.420487 -2.458216 -2.496061 -2.533774 -2.571172 -2.608123 -2.644536 -2.680349 
-2.702789 -2.668742 -2.634287 -2.599506 -2.564510 -2.529448 -2.494516 -2.459969 -2.426125 -2.393383 -2.362221 -2.333201 -2.306957 -2.284171 -2.265531 -2.251677 -2.243132 -2.240244 -2.243132 -2.251677 -2.265531 -2.284171 -2.306957 -2.333201 -2.362221 -2.393383 -2.426125 -2.459969 -2.494516 -2.529448 -2.564510 -2.599506 -2.634287 -2.668742 -2.702789 
-2.726094 -2.693770 -2.661208 -2.628503 -2.595777 -2.563188 -2.530936 -2.499268 -2.468485 -2.438946 -2.411073 -2.385340 -2.362267 -2.342396 -2.326257 -2.314333 -2.307010 -2.304540 -2.307010 -2.314333 -2.326257 -2.342396 -2.362267 -2.385340 -2.411073 -2.438946 -2.468485 -2.499268 -2.530936 -2.563188 -2.595777 -2.628503 -2.661208 -2.693770 -2.726094 
-2.750100 -2.719443 -2.688693 -2.657955 -2.627357 -2.597059 -2.567256 -2.538182 -2.510114 -2.483374 -2.458327 -2.435372 -2.414937 -2.397454 -2.383338 -2.372958 -2.366604 -2.364464 -2.366604 -2.372958 -2.383338 -2.397454 -2.414937 -2.435372 -2.458327 -2.483374 -2.510114 -2.538182 -2.567256 -2.597059 -2.627357 -2.657955 -2.688693 -2.719443 -2.750100 
-2.774660 -2.745601 -2.716575 -2.687689 -2.659073 -2.630885 -2.603310 -2.576567 -2.550907 -2.526613 -2.504002 -2.483409 -2.465186 -2.449681 -2.437221 -2.428094 -2.422522 -2.420649 -2.422522 -2.428094 -2.437221 -2.449681 -2.465186 -2.483409 -2.504002 -2.526613 -2.550907 -2.576567 -2.603310 -2.630885 -2.659073 -2.687689 -2.716575 -2.745601 -2.774660 
-2.799645 -2.772109 -2.744711 -2.717560 -2.690783 -2.664532 -2.638980 -2.614328 -2.590802 -2.568651 -2.548147 -2.529573 -2.513220 -2.499369 -2.488283 -2.480187 -2.475256 -2.473600 -2.475256 -2.480187 -2.488283 -2.499369 -2.513220 -2.529573 -2.548147 -2.568651 -2.590802 -2.614328 -2.638980 -2.664532 -2.690783 -2.717560 -2.744711 -2.772109 -2.799645 
-2.824943 -2.798851 -2.772985 -2.747452 -2.722375 -2.697896 -2.674178 -2.651402 -2.629771 -2.609502 -2.590829 -2.573991 -2.559230 -2.546776 -2.536841 -2.529605 -2.525205 -2.523729 -2.525205 -2.529605 -2.536841 -2.546776 -2.559230 -2.573991 -2.590829 -2.609502 -2.629771 -2.651402 -2.674178 -2.697896 -2.722375 -2.747452 -2.772985 -2.798851 -2.824943 
