61 61
2.067456e+00 0 5
-0.218976 -0.204794 -0.190661 -0.176595 -0.162615 -0.148741 -0.134997 -0.121405 -0.107993 -0.094789 -0.081823 -0.069127 -0.056735 -0.044684 -0.033009 -0.021752 -0.010951 -0.000649 0.009113 0.018292 0.026846 0.034735 0.041917 0.048356 0.054015 0.058863 0.062870 0.066013 0.068272 0.069634 0.070088 0.069634 0.068272 0.066013 0.062870 0.058863 0.054015 0.048356 0.041917 0.034735 0.026846 0.018292 0.009113 -0.000649 -0.010951 -0.021752 -0.033009 -0.044684 -0.056735 -0.069127 -0.081823 -0.094789 -0.107993 -0.121405 -0.134997 -0.148741 -0.162615 -0.176595 -0.190661 -0.204794 -0.218976 
-0.205038 -0.190410 -0.175816 -0.161274 -0.146803 -0.132426 -0.118164 -0.104042 -0.090089 -0.076334 -0.062807 -0.049544 -0.036580 -0.023953 -0.011705 0.000124 0.011489 0.022344 0.032645 0.042344 0.051394 0.059750 0.067367 0.074203 0.080216 0.085372 0.089637 0.092984 0.095391 0.096842 0.097327 0.096842 0.095391 0.092984 0.089637 0.085372 0.080216 0.074203 0.067367 0.059750 0.051394 0.042344 0.032645 0.022344 0.011489 0.000124 -0.011705 -0.023953 -0.036580 -0.049544 -0.062807 -0.076334 -0.090089 -0.104042 -0.118164 -0.132426 -0.146803 -0.161274 -0.175816 -0.190410 -0.205038 
-0.191165 -0.176076 -0.161005 -0.145970 -0.130991 -0.116089 -0.101287 -0.086611 -0.072090 -0.057753 -0.043635 -0.029771 -0.016199 -0.002960 0.009903 0.022344 0.034316 0.045769 0.056652 0.066915 0.076506 0.085372 0.093465 0.100735 0.107139 0.112634 0.117183 0.120756 0.123326 0.124876 0.125394 0.124876 0.123326 0.120756 0.117183 0.112634 0.107139 0.100735 0.093465 0.085372 0.076506 0.066915 0.056652 0.045769 0.034316 0.022344 0.009903 -0.002960 -0.016199 -0.029771 -0.043635 -0.057753 -0.072090 -0.086611 -0.101287 -0.116089 -0.130991 -0.145970 -0.161005 -0.176076 -0.191165 
-0.177374 -0.161811 -0.146248 -0.130703 -0.115196 -0.099748 -0.084383 -0.069127 -0.054010 -0.039062 -0.024319 -0.009819 0.004400 0.018292 0.031812 0.044910 0.057535 0.069634 0.081149 0.092025 0.102205 0.111629 0.120244 0.127993 0.134826 0.140696 0.145560 0.149382 0.152134 0.153794 0.154349 0.153794 0.152134 0.149382 0.145560 0.140696 0.134826 0.127993 0.120244 0.111629 0.102205 0.092025 0.081149 0.069634 0.057535 0.044910 0.031812 0.018292 0.004400 -0.009819 -0.024319 -0.039062 -0.054010 -0.069127 -0.084383 -0.099748 -0.115196 -0.130703 -0.146248 -0.161811 -0.177374 
-0.163685 -0.147635 -0.131565 -0.115494 -0.099440 -0.083425 -0.067473 -0.051611 -0.035868 -0.020278 -0.004876 0.010299 0.025204 0.039792 0.054015 0.067819 0.081149 0.093946 0.106147 0.117692 0.128515 0.138552 0.147740 0.156017 0.163325 0.169610 0.174824 0.178924 0.181878 0.183660 0.184256 0.183660 0.181878 0.178924 0.174824 0.169610 0.163325 0.156017 0.147740 0.138552 0.128515 0.117692 0.106147 0.093946 0.081149 0.067819 0.054015 0.039792 0.025204 0.010299 -0.004876 -0.020278 -0.035868 -0.051611 -0.067473 -0.083425 -0.099440 -0.115494 -0.131565 -0.147635 -0.163685 
-0.150121 -0.133570 -0.116979 -0.100364 -0.083744 -0.067141 -0.050579 -0.034084 -0.017686 -0.001421 0.014677 0.030565 0.046199 0.061530 0.076506 0.091069 0.105158 0.118711 0.131659 0.143932 0.155460 0.166170 0.175991 0.184853 0.192688 0.199435 0.205038 0.209449 0.212628 0.214548 0.215189 0.214548 0.212628 0.209449 0.205038 0.199435 0.192688 0.184853 0.175991 0.166170 0.155460 0.143932 0.131659 0.118711 0.105158 0.091069 0.076506 0.061530 0.046199 0.030565 0.014677 -0.001421 -0.017686 -0.034084 -0.050579 -0.067141 -0.083744 -0.100364 -0.116979 -0.133570 -0.150121 
-0.136702 -0.119640 -0.102513 -0.085339 -0.068135 -0.050923 -0.033726 -0.016571 0.000511 0.017486 0.034316 0.050959 0.067367 0.083490 0.099271 0.114650 0.129560 0.143932 0.157692 0.170763 0.183065 0.194517 0.205038 0.214548 0.222970 0.230233 0.236272 0.241031 0.244464 0.246537 0.247231 0.246537 0.244464 0.241031 0.236272 0.230233 0.222970 0.214548 0.205038 0.194517 0.183065 0.170763 0.157692 0.143932 0.129560 0.114650 0.099271 0.083490 0.067367 0.050959 0.034316 0.017486 0.000511 -0.016571 -0.033726 -0.050923 -0.068135 -0.085339 -0.102513 -0.119640 -0.136702 
-0.123456 -0.105870 -0.088195 -0.070446 -0.052640 -0.034798 -0.016943 0.000898 0.018695 0.036414 0.054015 0.071455 0.088686 0.105653 0.122296 0.138552 0.154349 0.169610 0.184256 0.198200 0.211353 0.223625 0.234922 0.245154 0.254232 0.262073 0.268602 0.273754 0.277473 0.279721 0.280473 0.279721 0.277473 0.273754 0.268602 0.262073 0.254232 0.245154 0.234922 0.223625 0.211353 0.198200 0.184256 0.169610 0.154349 0.138552 0.122296 0.105653 0.088686 0.071455 0.054015 0.036414 0.018695 0.000898 -0.016943 -0.034798 -0.052640 -0.070446 -0.088195 -0.105870 -0.123456 
-0.110407 -0.092289 -0.074053 -0.055715 -0.037291 -0.018799 -0.000263 0.018292 0.036835 0.055332 0.073743 0.092025 0.110127 0.127993 0.145560 0.162759 0.179513 0.195741 0.211353 0.226255 0.240347 0.253526 0.265688 0.276727 0.286541 0.295033 0.302116 0.307712 0.311756 0.314202 0.315021 0.314202 0.311756 0.307712 0.302116 0.295033 0.286541 0.276727 0.265688 0.253526 0.240347 0.226255 0.211353 0.195741 0.179513 0.162759 0.145560 0.127993 0.110127 0.092025 0.073743 0.055332 0.036835 0.018292 -0.000263 -0.018799 -0.037291 -0.055715 -0.074053 -0.092289 -0.110407 
-0.097585 -0.078925 -0.060119 -0.041179 -0.022120 -0.002960 0.016280 0.035574 0.054892 0.074203 0.093465 0.112634 0.131659 0.150481 0.169035 0.187248 0.205038 0.222316 0.238984 0.254939 0.270068 0.284255 0.297381 0.309325 0.319968 0.329198 0.336909 0.343011 0.347426 0.350099 0.350993 0.350099 0.347426 0.343011 0.336909 0.329198 0.319968 0.309325 0.297381 0.284255 0.270068 0.254939 0.238984 0.222316 0.205038 0.187248 0.169035 0.150481 0.131659 0.112634 0.093465 0.074203 0.054892 0.035574 0.016280 -0.002960 -0.022120 -0.041179 -0.060119 -0.078925 -0.097585 
-0.085021 -0.065812 -0.046426 -0.026872 -0.007164 0.012681 0.032645 0.052703 0.072827 0.092984 0.113137 0.133239 0.153240 0.173079 0.192688 0.211990 0.230899 0.249319 0.267142 0.284255 0.300532 0.315841 0.330047 0.343011 0.354593 0.364660 0.373089 0.379770 0.384611 0.387545 0.388527 0.387545 0.384611 0.379770 0.373089 0.364660 0.354593 0.343011 0.330047 0.315841 0.300532 0.284255 0.267142 0.249319 0.230899 0.211990 0.192688 0.173079 0.153240 0.133239 0.113137 0.092984 0.072827 0.052703 0.032645 0.012681 -0.007164 -0.026872 -0.046426 -0.065812 -0.085021 
-0.072745 -0.052983 -0.033009 -0.012833 0.007536 0.028082 0.048789 0.069634 0.090591 0.111629 0.132712 0.153794 0.174824 0.195741 0.216476 0.236948 0.257066 0.276727 0.295814 0.314202 0.331752 0.348315 0.363735 0.377850 0.390499 0.401525 0.410778 0.418127 0.423460 0.426695 0.427780 0.426695 0.423460 0.418127 0.410778 0.401525 0.390499 0.377850 0.363735 0.348315 0.331752 0.314202 0.295814 0.276727 0.257066 0.236948 0.216476 0.195741 0.174824 0.153794 0.132712 0.111629 0.090591 0.069634 0.048789 0.028082 0.007536 -0.012833 -0.033009 -0.052983 -0.072745 
-0.060793 -0.040474 -0.019909 0.000898 0.021937 0.043197 0.064663 0.086316 0.108133 0.130084 0.152134 0.174241 0.196355 0.218414 0.240347 0.262073 0.283496 0.304505 0.324976 0.344771 0.363735 0.381700 0.398487 0.413911 0.427780 0.439906 0.450112 0.458236 0.464143 0.467731 0.468934 0.467731 0.464143 0.458236 0.450112 0.439906 0.427780 0.413911 0.398487 0.381700 0.363735 0.344771 0.324976 0.304505 0.283496 0.262073 0.240347 0.218414 0.196355 0.174241 0.152134 0.130084 0.108133 0.086316 0.064663 0.043197 0.021937 0.000898 -0.019909 -0.040474 -0.060793 
-0.049199 -0.028324 -0.007164 0.014277 0.035994 0.057977 0.080216 0.102695 0.125394 0.148287 0.171341 0.194517 0.217767 0.241031 0.264238 0.287305 0.310133 0.332607 0.354593 0.375939 0.396475 0.416013 0.434348 0.451262 0.466531 0.479931 0.491245 0.500277 0.506858 0.510861 0.512204 0.510861 0.506858 0.500277 0.491245 0.479931 0.466531 0.451262 0.434348 0.416013 0.396475 0.375939 0.354593 0.332607 0.310133 0.287305 0.264238 0.241031 0.217767 0.194517 0.171341 0.148287 0.125394 0.102695 0.080216 0.057977 0.035994 0.014277 -0.007164 -0.028324 -0.049199 
-0.038000 -0.016571 0.005182 0.027258 0.049655 0.072369 0.095391 0.118711 0.142311 0.166170 0.190261 0.214548 0.238984 0.263515 0.288072 0.312570 0.336909 0.360970 0.384611 0.407670 0.429957 0.451262 0.471351 0.489972 0.506858 0.521740 0.534353 0.544455 0.551835 0.556332 0.557842 0.556332 0.551835 0.544455 0.534353 0.521740 0.506858 0.489972 0.471351 0.451262 0.429957 0.407670 0.384611 0.360970 0.336909 0.312570 0.288072 0.263515 0.238984 0.214548 0.190261 0.166170 0.142311 0.118711 0.095391 0.072369 0.049655 0.027258 0.005182 -0.016571 -0.038000 
-0.027235 -0.005258 0.017083 0.039792 0.062870 0.086316 0.110127 0.134297 0.158813 0.183660 0.208816 0.234249 0.259920 0.285777 0.311756 0.337775 0.363735 0.389512 0.414961 0.439906 0.464143 0.487437 0.509522 0.530103 0.548866 0.565485 0.579635 0.591011 0.599348 0.604439 0.606150 0.604439 0.599348 0.591011 0.579635 0.565485 0.548866 0.530103 0.509522 0.487437 0.464143 0.439906 0.414961 0.389512 0.363735 0.337775 0.311756 0.285777 0.259920 0.234249 0.208816 0.183660 0.158813 0.134297 0.110127 0.086316 0.062870 0.039792 0.017083 -0.005258 -0.027235 
-0.016943 0.005573 0.028495 0.051830 0.075583 0.099759 0.124359 0.149382 0.174824 0.200674 0.226916 0.253526 0.280473 0.307712 0.335183 0.362811 0.390499 0.418127 0.445543 0.472565 0.498974 0.524508 0.548866 0.571710 0.592664 0.611333 0.627314 0.640223 0.649720 0.655533 0.657491 0.655533 0.649720 0.640223 0.627314 0.611333 0.592664 0.571710 0.548866 0.524508 0.498974 0.472565 0.445543 0.418127 0.390499 0.362811 0.335183 0.307712 0.280473 0.253526 0.226916 0.200674 0.174824 0.149382 0.124359 0.099759 0.075583 0.051830 0.028495 0.005573 -0.016943 
-0.007164 0.015878 0.039369 0.063318 0.087736 0.112634 0.138018 0.163893 0.190261 0.217121 0.244464 0.272275 0.300532 0.329198 0.358224 0.387545 0.417069 0.446680 0.476231 0.505533 0.534353 0.562410 0.589365 0.614827 0.638352 0.659459 0.677645 0.692419 0.703338 0.710044 0.712306 0.710044 0.703338 0.692419 0.677645 0.659459 0.638352 0.614827 0.589365 0.562410 0.534353 0.505533 0.476231 0.446680 0.417069 0.387545 0.358224 0.329198 0.300532 0.272275 0.244464 0.217121 0.190261 0.163893 0.138018 0.112634 0.087736 0.063318 0.039369 0.015878 -0.007164 
0.002062 0.025614 0.049655 0.074203 0.099271 0.124876 0.151031 0.177749 0.205038 0.232906 0.261354 0.290379 0.319968 0.350099 0.380734 0.411819 0.443279 0.475005 0.506858 0.538651 0.570144 0.601037 0.630958 0.659459 0.686017 0.710044 0.730911 0.747983 0.760672 0.768498 0.771143 0.768498 0.760672 0.747983 0.730911 0.710044 0.686017 0.659459 0.630958 0.601037 0.570144 0.538651 0.506858 0.475005 0.443279 0.411819 0.380734 0.350099 0.319968 0.290379 0.261354 0.232906 0.205038 0.177749 0.151031 0.124876 0.099271 0.074203 0.049655 0.025614 0.002062 
0.010695 0.034735 0.059306 0.084430 0.110127 0.136419 0.163325 0.190867 0.219061 0.247926 0.277473 0.307712 0.338643 0.370260 0.402542 0.435453 0.468934 0.502896 0.537213 0.571710 0.606150 0.640223 0.673527 0.705560 0.735710 0.763262 0.787424 0.807365 0.822295 0.831552 0.834690 0.831552 0.822295 0.807365 0.787424 0.763262 0.735710 0.705560 0.673527 0.640223 0.606150 0.571710 0.537213 0.502896 0.468934 0.435453 0.402542 0.370260 0.338643 0.307712 0.277473 0.247926 0.219061 0.190867 0.163325 0.136419 0.110127 0.084430 0.059306 0.034735 0.010695 
0.018695 0.043197 0.068272 0.093946 0.120244 0.147194 0.174824 0.203162 0.232236 0.262073 0.292700 0.324137 0.356404 0.389512 0.423460 0.458236 0.493804 0.530103 0.567032 0.604439 0.642104 0.679721 0.716872 0.753007 0.787424 0.819261 0.847515 0.871095 0.888916 0.900041 0.903826 0.900041 0.888916 0.871095 0.847515 0.819261 0.787424 0.753007 0.716872 0.679721 0.642104 0.604439 0.567032 0.530103 0.493804 0.458236 0.423460 0.389512 0.356404 0.324137 0.292700 0.262073 0.232236 0.203162 0.174824 0.147194 0.120244 0.093946 0.068272 0.043197 0.018695 
0.026024 0.050959 0.076506 0.102695 0.129560 0.157133 0.185450 0.214548 0.244464 0.275237 0.306908 0.339513 0.373089 0.407670 0.443279 0.479931 0.517624 0.556332 0.595991 0.636490 0.677645 0.719175 0.760672 0.801557 0.841047 0.878120 0.911515 0.939784 0.961415 0.975042 0.979701 0.975042 0.961415 0.939784 0.911515 0.878120 0.841047 0.801557 0.760672 0.719175 0.677645 0.636490 0.595991 0.556332 0.517624 0.479931 0.443279 0.407670 0.373089 0.339513 0.306908 0.275237 0.244464 0.214548 0.185450 0.157133 0.129560 0.102695 0.076506 0.050959 0.026024 
0.032645 0.057977 0.083960 0.110627 0.138018 0.166170 0.195129 0.224938 0.255647 0.287305 0.319968 0.353690 0.388527 0.424536 0.461770 0.500277 0.540094 0.581239 0.623705 0.667434 0.712306 0.758099 0.804450 0.850793 0.896295 0.939784 0.979701 1.014119 1.040893 1.057975 1.063856 1.057975 1.040893 1.014119 0.979701 0.939784 0.896295 0.850793 0.804450 0.758099 0.712306 0.667434 0.623705 0.581239 0.540094 0.500277 0.461770 0.424536 0.388527 0.353690 0.319968 0.287305 0.255647 0.224938 0.195129 0.166170 0.138018 0.110627 0.083960 0.057977 0.032645 
0.038522 0.064214 0.090591 0.117692 0.145560 0.174241 0.203786 0.234249 0.265688 0.298166 0.331752 0.366518 0.402542 0.439906 0.478694 0.518991 0.560881 0.604439 0.649720 0.696749 0.745496 0.795839 0.847515 0.900041 0.952607 1.003945 1.052190 1.094811 1.128726 1.150757 1.158417 1.150757 1.128726 1.094811 1.052190 1.003945 0.952607 0.900041 0.847515 0.795839 0.745496 0.696749 0.649720 0.604439 0.560881 0.518991 0.478694 0.439906 0.402542 0.366518 0.331752 0.298166 0.265688 0.234249 0.203786 0.174241 0.145560 0.117692 0.090591 0.064214 0.038522 
0.043625 0.069634 0.096358 0.123842 0.152134 0.181285 0.211353 0.242400 0.274495 0.307712 0.342133 0.377850 0.414961 0.453573 0.493804 0.535780 0.579635 0.625505 0.673527 0.723826 0.776491 0.831552 0.888916 0.948282 1.008996 1.069835 1.128726 1.182454 1.226589 1.256027 1.266421 1.256027 1.226589 1.182454 1.128726 1.069835 1.008996 0.948282 0.888916 0.831552 0.776491 0.723826 0.673527 0.625505 0.579635 0.535780 0.493804 0.453573 0.414961 0.377850 0.342133 0.307712 0.274495 0.242400 0.211353 0.181285 0.152134 0.123842 0.096358 0.069634 0.043625 
0.047924 0.074203 0.101225 0.129037 0.157692 0.187248 0.217767 0.249319 0.281982 0.315841 0.350993 0.387545 0.425614 0.465335 0.506858 0.550348 0.595991 0.643993 0.694578 0.747983 0.804450 0.864202 0.927399 0.994050 1.063856 1.135918 1.208261 1.277137 1.336352 1.377491 1.392382 1.377491 1.336352 1.277137 1.208261 1.135918 1.063856 0.994050 0.927399 0.864202 0.804450 0.747983 0.694578 0.643993 0.595991 0.550348 0.506858 0.465335 0.425614 0.387545 0.350993 0.315841 0.281982 0.249319 0.217767 0.187248 0.157692 0.129037 0.101225 0.074203 0.047924 
0.051394 0.077893 0.105158 0.133239 0.162193 0.192080 0.222970 0.254939 0.288072 0.322464 0.358224 0.395473 0.434348 0.475005 0.517624 0.562410 0.609598 0.659459 0.712306 0.768498 0.828441 0.892587 0.961415 1.035376 1.114768 1.199446 1.288195 1.377491 1.459474 1.520292 1.543286 1.520292 1.459474 1.377491 1.288195 1.199446 1.114768 1.035376 0.961415 0.892587 0.828441 0.768498 0.712306 0.659459 0.609598 0.562410 0.517624 0.475005 0.434348 0.395473 0.358224 0.322464 0.288072 0.254939 0.222970 0.192080 0.162193 0.133239 0.105158 0.077893 0.051394 
0.054015 0.080683 0.108133 0.136419 0.165600 0.195741 0.226916 0.259205 0.292700 0.327504 0.363735 0.401525 0.441027 0.482417 0.525899 0.571710 0.620129 0.671485 0.726172 0.784660 0.847515 0.915422 0.989203 1.069835 1.158417 1.256027 1.363222 1.478552 1.594656 1.690675 1.730133 1.690675 1.594656 1.478552 1.363222 1.256027 1.158417 1.069835 0.989203 0.915422 0.847515 0.784660 0.726172 0.671485 0.620129 0.571710 0.525899 0.482417 0.441027 0.401525 0.363735 0.327504 0.292700 0.259205 0.226916 0.195741 0.165600 0.136419 0.108133 0.080683 0.054015 
0.055772 0.082552 0.110127 0.138552 0.167887 0.198200 0.229567 0.262073 0.295814 0.330899 0.367450 0.405611 0.445543 0.487437 0.531515 0.578037 0.627314 0.679721 0.735710 0.795839 0.860803 0.931481 1.008996 1.094811 1.190847 1.299618 1.424273 1.567981 1.730133 1.889572 1.967252 1.889572 1.730133 1.567981 1.424273 1.299618 1.190847 1.094811 1.008996 0.931481 0.860803 0.795839 0.735710 0.679721 0.627314 0.578037 0.531515 0.487437 0.445543 0.405611 0.367450 0.330899 0.295814 0.262073 0.229567 0.198200 0.167887 0.138552 0.110127 0.082552 0.055772 
0.056652 0.083490 0.111128 0.139622 0.169035 0.199435 0.230899 0.263515 0.297381 0.332607 0.369321 0.407670 0.447821 0.489972 0.534353 0.581239 0.630958 0.683906 0.740571 0.801557 0.867632 0.939784 1.019316 1.107990 1.208261 1.323667 1.459474 1.623664 1.827221 2.070830 2.228560 2.070830 1.827221 1.623664 1.459474 1.323667 1.208261 1.107990 1.019316 0.939784 0.867632 0.801557 0.740571 0.683906 0.630958 0.581239 0.534353 0.489972 0.447821 0.407670 0.369321 0.332607 0.297381 0.263515 0.230899 0.199435 0.169035 0.139622 0.111128 0.083490 0.056652 
0.056763 0.083607 0.111253 0.139756 0.169179 0.199590 0.231066 0.263696 0.297577 0.332821 0.369556 0.407928 0.448106 0.490290 0.534710 0.581642 0.631416 0.684433 0.741183 0.802278 0.868495 0.940835 1.020627 1.109672 1.210500 1.326794 1.464143 1.631331 1.841703 2.103241 2.285605 2.103241 1.841703 1.631331 1.464143 1.326794 1.210500 1.109672 1.020627 0.940835 0.868495 0.802278 0.741183 0.684433 0.631416 0.581642 0.534710 0.490290 0.448106 0.407928 0.369556 0.332821 0.297577 0.263696 0.231066 0.199590 0.169179 0.139756 0.111253 0.083607 0.056763 
0.056648 0.083485 0.111123 0.139617 0.169029 0.199428 0.230892 0.263507 0.297372 0.332598 0.369311 0.407658 0.447808 0.489958 0.534338 0.581222 0.630938 0.683883 0.740544 0.801526 0.867595 0.939739 1.019259 1.107917 1.208164 1.323531 1.459273 1.623335 1.826606 2.069497 2.226315 2.069497 1.826606 1.623335 1.459273 1.323531 1.208164 1.107917 1.019259 0.939739 0.867595 0.801526 0.740544 0.683883 0.630938 0.581222 0.534338 0.489958 0.447808 0.407658 0.369311 0.332598 0.297372 0.263507 0.230892 0.199428 0.169029 0.139617 0.111123 0.083485 0.056648 
0.055757 0.082537 0.110111 0.138535 0.167868 0.198180 0.229546 0.262050 0.295789 0.330871 0.367420 0.405577 0.445506 0.487396 0.531469 0.577985 0.627255 0.679653 0.735631 0.795747 0.860694 0.931348 1.008831 1.094602 1.190572 1.299243 1.423733 1.567153 1.728779 1.887352 1.964414 1.887352 1.728779 1.567153 1.423733 1.299243 1.190572 1.094602 1.008831 0.931348 0.860694 0.795747 0.735631 0.679653 0.627255 0.577985 0.531469 0.487396 0.445506 0.405577 0.367420 0.330871 0.295789 0.262050 0.229546 0.198180 0.167868 0.138535 0.110111 0.082537 0.055757 
0.053992 0.080657 0.108106 0.136390 0.165569 0.195708 0.226880 0.259166 0.292658 0.327458 0.363685 0.401470 0.440966 0.482350 0.525824 0.571625 0.620033 0.671376 0.726046 0.784512 0.847340 0.915210 0.988944 1.069511 1.158000 1.255476 1.362470 1.477496 1.593163 1.688679 1.727882 1.688679 1.593163 1.477496 1.362470 1.255476 1.158000 1.069511 0.988944 0.915210 0.847340 0.784512 0.726046 0.671376 0.620033 0.571625 0.525824 0.482350 0.440966 0.401470 0.363685 0.327458 0.292658 0.259166 0.226880 0.195708 0.165569 0.136390 0.108106 0.080657 0.053992 
0.051361 0.077858 0.105121 0.133200 0.162150 0.192034 0.222920 0.254885 0.288014 0.322402 0.358156 0.395398 0.434265 0.474913 0.517522 0.562294 0.609467 0.659310 0.712135 0.768299 0.828207 0.892309 0.961079 1.034963 1.114253 1.198790 1.287349 1.376395 1.458080 1.518622 1.541498 1.518622 1.458080 1.376395 1.287349 1.198790 1.114253 1.034963 0.961079 0.892309 0.828207 0.768299 0.712135 0.659310 0.609467 0.562294 0.517522 0.474913 0.434265 0.395398 0.358156 0.322402 0.288014 0.254885 0.222920 0.192034 0.162150 0.133200 0.105121 0.077858 0.051361 
0.047882 0.074158 0.101177 0.128986 0.157638 0.187190 0.217704 0.249251 0.281909 0.315762 0.350907 0.387450 0.425510 0.465220 0.506729 0.550204 0.595830 0.643810 0.694368 0.747741 0.804169 0.863872 0.927006 0.993578 1.063282 1.135215 1.207398 1.276085 1.335103 1.376083 1.390912 1.376083 1.335103 1.276085 1.207398 1.135215 1.063282 0.993578 0.927006 0.863872 0.804169 0.747741 0.694368 0.643810 0.595830 0.550204 0.506729 0.465220 0.425510 0.387450 0.350907 0.315762 0.281909 0.249251 0.217704 0.187190 0.157638 0.128986 0.101177 0.074158 0.047882 
0.043574 0.069580 0.096301 0.123781 0.152069 0.181215 0.211278 0.242319 0.274407 0.307616 0.342030 0.377737 0.414836 0.453436 0.493652 0.535611 0.579445 0.625292 0.673285 0.723549 0.776173 0.831183 0.888484 0.947774 1.008394 1.069122 1.127885 1.181474 1.225478 1.254818 1.265175 1.254818 1.225478 1.181474 1.127885 1.069122 1.008394 0.947774 0.888484 0.831183 0.776173 0.723549 0.673285 0.625292 0.579445 0.535611 0.493652 0.453436 0.414836 0.377737 0.342030 0.307616 0.274407 0.242319 0.211278 0.181215 0.152069 0.123781 0.096301 0.069580 0.043574 
0.038463 0.064152 0.090524 0.117621 0.145484 0.174160 0.203699 0.234155 0.265586 0.298056 0.331633 0.366388 0.402400 0.439749 0.478521 0.518800 0.560668 0.604200 0.649451 0.696445 0.745149 0.795442 0.847059 0.899515 0.951999 1.003244 1.051388 1.093908 1.127732 1.149699 1.157336 1.149699 1.127732 1.093908 1.051388 1.003244 0.951999 0.899515 0.847059 0.795442 0.745149 0.696445 0.649451 0.604200 0.560668 0.518800 0.478521 0.439749 0.402400 0.366388 0.331633 0.298056 0.265586 0.234155 0.203699 0.174160 0.145484 0.117621 0.090524 0.064152 0.038463 
0.032578 0.057906 0.083884 0.110547 0.137931 0.166078 0.195030 0.224832 0.255532 0.287182 0.319834 0.353544 0.388368 0.424362 0.461579 0.500066 0.539860 0.580980 0.623415 0.667109 0.711940 0.757686 0.803981 0.850262 0.895694 0.939107 0.978945 1.013287 1.039997 1.057036 1.062901 1.057036 1.039997 1.013287 0.978945 0.939107 0.895694 0.850262 0.803981 0.757686 0.711940 0.667109 0.623415 0.580980 0.539860 0.500066 0.461579 0.424362 0.388368 0.353544 0.319834 0.287182 0.255532 0.224832 0.195030 0.166078 0.137931 0.110547 0.083884 0.057906 0.032578 
0.025949 0.050879 0.076421 0.102606 0.129464 0.157031 0.185341 0.214430 0.244338 0.275102 0.306761 0.339354 0.372916 0.407481 0.443072 0.479704 0.517375 0.556056 0.595686 0.636151 0.677267 0.718753 0.760200 0.801031 0.840461 0.877472 0.910806 0.939017 0.960601 0.974197 0.978845 0.974197 0.960601 0.939017 0.910806 0.877472 0.840461 0.801031 0.760200 0.718753 0.677267 0.636151 0.595686 0.556056 0.517375 0.479704 0.443072 0.407481 0.372916 0.339354 0.306761 0.275102 0.244338 0.214430 0.185341 0.157031 0.129464 0.102606 0.076421 0.050879 0.025949 
0.018613 0.043110 0.068180 0.093847 0.120139 0.147082 0.174705 0.203034 0.232099 0.261926 0.292541 0.323966 0.356219 0.389311 0.423241 0.457996 0.493542 0.529815 0.566715 0.604090 0.641719 0.679296 0.716403 0.752490 0.786857 0.818644 0.846849 0.870385 0.888171 0.899273 0.903049 0.899273 0.888171 0.870385 0.846849 0.818644 0.786857 0.752490 0.716403 0.679296 0.641719 0.604090 0.566715 0.529815 0.493542 0.457996 0.423241 0.389311 0.356219 0.323966 0.292541 0.261926 0.232099 0.203034 0.174705 0.147082 0.120139 0.093847 0.068180 0.043110 0.018613 
0.010606 0.034640 0.059206 0.084324 0.110014 0.136299 0.163197 0.190730 0.218915 0.247769 0.277304 0.307530 0.338447 0.370048 0.402312 0.435203 0.468662 0.502599 0.536889 0.571356 0.605763 0.639800 0.673065 0.705057 0.735165 0.762676 0.786798 0.806705 0.821608 0.830847 0.833979 0.830847 0.821608 0.806705 0.786798 0.762676 0.735165 0.705057 0.673065 0.639800 0.605763 0.571356 0.536889 0.502599 0.468662 0.435203 0.402312 0.370048 0.338447 0.307530 0.277304 0.247769 0.218915 0.190730 0.163197 0.136299 0.110014 0.084324 0.059206 0.034640 0.010606 
0.001966 0.025512 0.049548 0.074089 0.099151 0.124748 0.150895 0.177603 0.204883 0.232740 0.261177 0.290188 0.319763 0.349878 0.380495 0.411562 0.443000 0.474703 0.506530 0.538295 0.569758 0.600619 0.630506 0.658971 0.685494 0.709487 0.730322 0.747366 0.760034 0.767846 0.770487 0.767846 0.760034 0.747366 0.730322 0.709487 0.685494 0.658971 0.630506 0.600619 0.569758 0.538295 0.506530 0.474703 0.443000 0.411562 0.380495 0.349878 0.319763 0.290188 0.261177 0.232740 0.204883 0.177603 0.150895 0.124748 0.099151 0.074089 0.049548 0.025512 0.001966 
-0.007266 0.015771 0.039255 0.063197 0.087609 0.112499 0.137874 0.163740 0.190099 0.216947 0.244278 0.272077 0.300319 0.328970 0.357979 0.387281 0.416785 0.446374 0.475901 0.505177 0.533971 0.561998 0.588924 0.614355 0.637851 0.658929 0.677089 0.691841 0.702743 0.709438 0.711697 0.709438 0.702743 0.691841 0.677089 0.658929 0.637851 0.614355 0.588924 0.561998 0.533971 0.505177 0.475901 0.446374 0.416785 0.387281 0.357979 0.328970 0.300319 0.272077 0.244278 0.216947 0.190099 0.163740 0.137874 0.112499 0.087609 0.063197 0.039255 0.015771 -0.007266 
-0.017051 0.005459 0.028375 0.051703 0.075449 0.099617 0.124209 0.149223 0.174655 0.200494 0.226724 0.253322 0.280255 0.307478 0.334933 0.362543 0.390212 0.417819 0.445214 0.472213 0.498596 0.524105 0.548437 0.571255 0.592183 0.610828 0.626788 0.639679 0.649162 0.654967 0.656922 0.654967 0.649162 0.639679 0.626788 0.610828 0.592183 0.571255 0.548437 0.524105 0.498596 0.472213 0.445214 0.417819 0.390212 0.362543 0.334933 0.307478 0.280255 0.253322 0.226724 0.200494 0.174655 0.149223 0.124209 0.099617 0.075449 0.051703 0.028375 0.005459 -0.017051 
-0.027348 -0.005377 0.016958 0.039660 0.062731 0.086169 0.109972 0.134132 0.158638 0.183475 0.208619 0.234039 0.259697 0.285540 0.311503 0.337505 0.363446 0.389205 0.414633 0.439557 0.463772 0.487044 0.509105 0.529664 0.548406 0.565004 0.579136 0.590497 0.598823 0.603906 0.605616 0.603906 0.598823 0.590497 0.579136 0.565004 0.548406 0.529664 0.509105 0.487044 0.463772 0.439557 0.414633 0.389205 0.363446 0.337505 0.311503 0.285540 0.259697 0.234039 0.208619 0.183475 0.158638 0.134132 0.109972 0.086169 0.062731 0.039660 0.016958 -0.005377 -0.027348 
-0.038118 -0.016695 0.005051 0.027121 0.049511 0.072217 0.095231 0.118541 0.142131 0.165980 0.190060 0.214334 0.238758 0.263275 0.287816 0.312299 0.336621 0.360664 0.384287 0.407326 0.429593 0.450878 0.470947 0.489548 0.506416 0.521280 0.533879 0.543968 0.551339 0.555830 0.557338 0.555830 0.551339 0.543968 0.533879 0.521280 0.506416 0.489548 0.470947 0.450878 0.429593 0.407326 0.384287 0.360664 0.336621 0.312299 0.287816 0.263275 0.238758 0.214334 0.190060 0.165980 0.142131 0.118541 0.095231 0.072217 0.049511 0.027121 0.005051 -0.016695 -0.038118 
-0.049321 -0.028452 -0.007299 0.014135 0.035845 0.057820 0.080051 0.102521 0.125210 0.148093 0.171136 0.194300 0.217537 0.240788 0.263982 0.287034 0.309846 0.332303 0.354272 0.375601 0.396120 0.415639 0.433956 0.450854 0.466107 0.479492 0.490793 0.499814 0.506387 0.510385 0.511727 0.510385 0.506387 0.499814 0.490793 0.479492 0.466107 0.450854 0.433956 0.415639 0.396120 0.375601 0.354272 0.332303 0.309846 0.287034 0.263982 0.240788 0.217537 0.194300 0.171136 0.148093 0.125210 0.102521 0.080051 0.057820 0.035845 0.014135 -0.007299 -0.028452 -0.049321 
-0.060919 -0.040607 -0.020048 0.000752 0.021784 0.043037 0.064494 0.086138 0.107946 0.129887 0.151926 0.174022 0.196124 0.218170 0.240091 0.261803 0.283210 0.304204 0.324660 0.344439 0.363387 0.381336 0.398108 0.413517 0.427371 0.439485 0.449680 0.457795 0.463696 0.467279 0.468481 0.467279 0.463696 0.457795 0.449680 0.439485 0.427371 0.413517 0.398108 0.381336 0.363387 0.344439 0.324660 0.304204 0.283210 0.261803 0.240091 0.218170 0.196124 0.174022 0.151926 0.129887 0.107946 0.086138 0.064494 0.043037 0.021784 0.000752 -0.020048 -0.040607 -0.060919 
-0.072875 -0.053119 -0.033152 -0.012982 0.007380 0.027918 0.048616 0.069453 0.090401 0.111430 0.132502 0.153573 0.174592 0.195497 0.216220 0.236679 0.256783 0.276430 0.295504 0.313877 0.331412 0.347961 0.363367 0.377469 0.390106 0.401121 0.410364 0.417706 0.423034 0.426265 0.427348 0.426265 0.423034 0.417706 0.410364 0.401121 0.390106 0.377469 0.363367 0.347961 0.331412 0.313877 0.295504 0.276430 0.256783 0.236679 0.216220 0.195497 0.174592 0.153573 0.132502 0.111430 0.090401 0.069453 0.048616 0.027918 0.007380 -0.012982 -0.033152 -0.053119 -0.072875 
-0.085154 -0.065952 -0.046571 -0.027024 -0.007323 0.012515 0.032470 0.052519 0.072635 0.092783 0.112926 0.133018 0.153008 0.172835 0.192433 0.211723 0.230620 0.249026 0.266837 0.283936 0.300200 0.315497 0.329691 0.342643 0.354214 0.364272 0.372693 0.379367 0.384203 0.387133 0.388115 0.387133 0.384203 0.379367 0.372693 0.364272 0.354214 0.342643 0.329691 0.315497 0.300200 0.283936 0.266837 0.249026 0.230620 0.211723 0.192433 0.172835 0.153008 0.133018 0.112926 0.092783 0.072635 0.052519 0.032470 0.012515 -0.007323 -0.027024 -0.046571 -0.065952 -0.085154 
-0.097722 -0.079068 -0.060268 -0.041334 -0.022281 -0.003129 0.016103 0.035389 0.054699 0.074000 0.093253 0.112412 0.131427 0.150239 0.168782 0.186983 0.204762 0.222028 0.238685 0.254627 0.269744 0.283920 0.297035 0.308969 0.319603 0.328824 0.336528 0.342624 0.347035 0.349705 0.350599 0.349705 0.347035 0.342624 0.336528 0.328824 0.319603 0.308969 0.297035 0.283920 0.269744 0.254627 0.238685 0.222028 0.204762 0.186983 0.168782 0.150239 0.131427 0.112412 0.093253 0.074000 0.054699 0.035389 0.016103 -0.003129 -0.022281 -0.041334 -0.060268 -0.079068 -0.097722 
-0.110546 -0.092434 -0.074204 -0.055873 -0.037455 -0.018970 -0.000441 0.018105 0.036640 0.055129 0.073531 0.091804 0.109896 0.127752 0.145309 0.162497 0.179241 0.195458 0.211059 0.225951 0.240032 0.253201 0.265352 0.276382 0.286188 0.294673 0.301749 0.307340 0.311381 0.313824 0.314642 0.313824 0.311381 0.307340 0.301749 0.294673 0.286188 0.276382 0.265352 0.253201 0.240032 0.225951 0.211059 0.195458 0.179241 0.162497 0.145309 0.127752 0.109896 0.091804 0.073531 0.055129 0.036640 0.018105 -0.000441 -0.018970 -0.037455 -0.055873 -0.074204 -0.092434 -0.110546 
-0.123597 -0.106017 -0.088348 -0.070605 -0.052806 -0.034971 -0.017123 0.000711 0.018500 0.036211 0.053803 0.071235 0.088456 0.105413 0.122048 0.138293 0.154080 0.169332 0.183968 0.197902 0.211046 0.223308 0.234596 0.244820 0.253891 0.261725 0.268249 0.273396 0.277112 0.279358 0.280109 0.279358 0.277112 0.273396 0.268249 0.261725 0.253891 0.244820 0.234596 0.223308 0.211046 0.197902 0.183968 0.169332 0.154080 0.138293 0.122048 0.105413 0.088456 0.071235 0.053803 0.036211 0.018500 0.000711 -0.017123 -0.034971 -0.052806 -0.070605 -0.088348 -0.106017 -0.123597 
-0.136846 -0.119789 -0.102668 -0.085500 -0.068302 -0.051097 -0.033907 -0.016759 0.000315 0.017283 0.034105 0.050739 0.067139 0.083253 0.099025 0.114395 0.129296 0.143659 0.157410 0.170472 0.182765 0.194209 0.204721 0.214224 0.222639 0.229896 0.235930 0.240685 0.244116 0.246188 0.246881 0.246188 0.244116 0.240685 0.235930 0.229896 0.222639 0.214224 0.204721 0.194209 0.182765 0.170472 0.157410 0.143659 0.129296 0.114395 0.099025 0.083253 0.067139 0.050739 0.034105 0.017283 0.000315 -0.016759 -0.033907 -0.051097 -0.068302 -0.085500 -0.102668 -0.119789 -0.136846 
-0.150266 -0.133721 -0.117135 -0.100526 -0.083913 -0.067316 -0.050760 -0.034272 -0.017882 -0.001624 0.014466 0.030346 0.045972 0.061295 0.076262 0.090817 0.104898 0.118442 0.131382 0.143647 0.155167 0.165870 0.175683 0.184538 0.192368 0.199109 0.204708 0.209115 0.212292 0.214210 0.214851 0.214210 0.212292 0.209115 0.204708 0.199109 0.192368 0.184538 0.175683 0.165870 0.155167 0.143647 0.131382 0.118442 0.104898 0.090817 0.076262 0.061295 0.045972 0.030346 0.014466 -0.001624 -0.017882 -0.034272 -0.050760 -0.067316 -0.083913 -0.100526 -0.117135 -0.133721 -0.150266 
-0.163832 -0.147787 -0.131723 -0.115657 -0.099609 -0.083600 -0.067654 -0.051799 -0.036063 -0.020480 -0.005085 0.010082 0.024979 0.039560 0.053775 0.067571 0.080893 0.093682 0.105876 0.117413 0.128229 0.138259 0.147440 0.155712 0.163015 0.169295 0.174504 0.178602 0.181553 0.183334 0.183929 0.183334 0.181553 0.178602 0.174504 0.169295 0.163015 0.155712 0.147440 0.138259 0.128229 0.117413 0.105876 0.093682 0.080893 0.067571 0.053775 0.039560 0.024979 0.010082 -0.005085 -0.020480 -0.036063 -0.051799 -0.067654 -0.083600 -0.099609 -0.115657 -0.131723 -0.147787 -0.163832 
-0.177522 -0.161964 -0.146406 -0.130867 -0.115366 -0.099924 -0.084565 -0.069315 -0.054204 -0.039264 -0.024528 -0.010034 0.004177 0.018062 0.031575 0.044666 0.057284 0.069375 0.080883 0.091753 0.101925 0.111344 0.119952 0.127696 0.134524 0.140390 0.145250 0.149070 0.151820 0.153478 0.154033 0.153478 0.151820 0.149070 0.145250 0.140390 0.134524 0.127696 0.119952 0.111344 0.101925 0.091753 0.080883 0.069375 0.057284 0.044666 0.031575 0.018062 0.004177 -0.010034 -0.024528 -0.039264 -0.054204 -0.069315 -0.084565 -0.099924 -0.115366 -0.130867 -0.146406 -0.161964 -0.177522 
-0.191313 -0.176229 -0.161164 -0.146135 -0.131161 -0.116264 -0.101468 -0.086798 -0.072283 -0.057953 -0.043842 -0.029984 -0.016419 -0.003187 0.009669 0.022104 0.034069 0.045515 0.056392 0.066648 0.076233 0.085093 0.093181 0.100446 0.106846 0.112337 0.116883 0.120453 0.123022 0.124570 0.125088 0.124570 0.123022 0.120453 0.116883 0.112337 0.106846 0.100446 0.093181 0.085093 0.076233 0.066648 0.056392 0.045515 0.034069 0.022104 0.009669 -0.003187 -0.016419 -0.029984 -0.043842 -0.057953 -0.072283 -0.086798 -0.101468 -0.116264 -0.131161 -0.146135 -0.161164 -0.176229 -0.191313 
-0.205188 -0.190564 -0.175975 -0.161438 -0.146973 -0.132601 -0.118345 -0.104229 -0.090282 -0.076533 -0.063013 -0.049755 -0.036798 -0.024178 -0.011935 -0.000113 0.011245 0.022095 0.032389 0.042082 0.051127 0.059478 0.067090 0.073921 0.079931 0.085083 0.089346 0.092690 0.095096 0.096546 0.097030 0.096546 0.095096 0.092690 0.089346 0.085083 0.079931 0.073921 0.067090 0.059478 0.051127 0.042082 0.032389 0.022095 0.011245 -0.000113 -0.011935 -0.024178 -0.036798 -0.049755 -0.063013 -0.076533 -0.090282 -0.104229 -0.118345 -0.132601 -0.146973 -0.161438 -0.175975 -0.190564 -0.205188 
-0.219126 -0.204949 -0.190821 -0.176760 -0.162785 -0.148917 -0.135177 -0.121591 -0.108185 -0.094987 -0.082027 -0.069337 -0.056951 -0.044905 -0.033237 -0.021985 -0.011190 -0.000894 0.008862 0.018036 0.026585 0.034469 0.041647 0.048082 0.053737 0.058582 0.062587 0.065727 0.067985 0.069345 0.069800 0.069345 0.067985 0.065727 0.062587 0.058582 0.053737 0.048082 0.041647 0.034469 0.026585 0.018036 0.008862 -0.000894 -0.011190 -0.021985 -0.033237 -0.044905 -0.056951 -0.069337 -0.082027 -0.094987 -0.108185 -0.121591 -0.135177 -0.148917 -0.162785 -0.176760 -0.190821 -0.204949 -0.219126 
