77 77
2.099654e+01 0 5
0.407076 0.417882 0.428681 0.439463 0.450220 0.460944 0.471625 0.482251 0.492811 0.503293 0.513684 0.523970 0.534136 0.544166 0.554044 0.563753 0.573274 0.582589 0.591677 0.600518 0.609091 0.617373 0.625344 0.632980 0.640260 0.647159 0.653657 0.659731 0.665359 0.670522 0.675199 0.679372 0.683025 0.686143 0.688713 0.690723 0.692165 0.693033 0.693323 0.693033 0.692165 0.690723 0.688713 0.686143 0.683025 0.679372 0.675199 0.670522 0.665359 0.659731 0.653657 0.647159 0.640260 0.632980 0.625344 0.617373 0.609091 0.600518 0.591677 0.582589 0.573274 0.563753 0.554044 0.544166 0.534136 0.523970 0.513684 0.503293 0.492811 0.482251 0.471625 0.460944 0.450220 0.439463 0.428681 0.417882 0.407076 
0.417153 0.428231 0.439309 0.450378 0.461431 0.472458 0.483449 0.494392 0.505277 0.516091 0.526821 0.537451 0.547968 0.558353 0.568591 0.578663 0.588550 0.598232 0.607688 0.616895 0.625832 0.634475 0.642801 0.650785 0.658402 0.665629 0.672441 0.678813 0.684723 0.690148 0.695066 0.699457 0.703303 0.706587 0.709295 0.711413 0.712934 0.713849 0.714155 0.713849 0.712934 0.711413 0.709295 0.706587 0.703303 0.699457 0.695066 0.690148 0.684723 0.678813 0.672441 0.665629 0.658402 0.650785 0.642801 0.634475 0.625832 0.616895 0.607688 0.598232 0.588550 0.578663 0.568591 0.558353 0.547968 0.537451 0.526821 0.516091 0.505277 0.494392 0.483449 0.472458 0.461431 0.450378 0.439309 0.428231 0.417153 
0.427184 0.438540 0.449905 0.461269 0.472625 0.483963 0.495274 0.506545 0.517767 0.528925 0.540005 0.550994 0.561876 0.572633 0.583247 0.593700 0.603971 0.614039 0.623883 0.633478 0.642801 0.651827 0.660530 0.668884 0.676863 0.684440 0.691588 0.698281 0.704494 0.710201 0.715379 0.720006 0.724060 0.727524 0.730381 0.732618 0.734224 0.735190 0.735513 0.735190 0.734224 0.732618 0.730381 0.727524 0.724060 0.720006 0.715379 0.710201 0.704494 0.698281 0.691588 0.684440 0.676863 0.668884 0.660530 0.651827 0.642801 0.633478 0.623883 0.614039 0.603971 0.593700 0.583247 0.572633 0.561876 0.550994 0.540005 0.528925 0.517767 0.506545 0.495274 0.483963 0.472625 0.461269 0.449905 0.438540 0.427184 
0.437161 0.448801 0.460458 0.472124 0.483792 0.495450 0.507090 0.518700 0.530269 0.541783 0.553229 0.564590 0.575852 0.586996 0.598004 0.608856 0.619531 0.630007 0.640260 0.650265 0.659997 0.669429 0.678534 0.687283 0.695648 0.703600 0.711110 0.718149 0.724688 0.730700 0.736159 0.741040 0.745321 0.748980 0.752000 0.754365 0.756063 0.757085 0.757427 0.757085 0.756063 0.754365 0.752000 0.748980 0.745321 0.741040 0.736159 0.730700 0.724688 0.718149 0.711110 0.703600 0.695648 0.687283 0.678534 0.669429 0.659997 0.650265 0.640260 0.630007 0.619531 0.608856 0.598004 0.586996 0.575852 0.564590 0.553229 0.541783 0.530269 0.518700 0.507090 0.495450 0.483792 0.472124 0.460458 0.448801 0.437161 
0.447073 0.459003 0.470959 0.482935 0.494921 0.506908 0.518887 0.530847 0.542774 0.554657 0.566481 0.578230 0.589887 0.601436 0.612856 0.624126 0.635225 0.646129 0.656814 0.667253 0.677419 0.687283 0.696816 0.705988 0.714767 0.723121 0.731019 0.738429 0.745321 0.751663 0.757427 0.762584 0.767110 0.770982 0.774179 0.776683 0.778483 0.779566 0.779928 0.779566 0.778483 0.776683 0.774179 0.770982 0.767110 0.762584 0.757427 0.751663 0.745321 0.738429 0.731019 0.723121 0.714767 0.705988 0.696816 0.687283 0.677419 0.667253 0.656814 0.646129 0.635225 0.624126 0.612856 0.601436 0.589887 0.578230 0.566481 0.554657 0.542774 0.530847 0.518887 0.506908 0.494921 0.482935 0.470959 0.459003 0.447073 
0.456910 0.469135 0.481397 0.493689 0.506002 0.518327 0.530654 0.542973 0.555271 0.567535 0.579750 0.591901 0.603971 0.615941 0.627791 0.639500 0.651045 0.662401 0.673542 0.684440 0.695066 0.705390 0.715379 0.725002 0.734224 0.743010 0.751327 0.759138 0.766411 0.773110 0.779205 0.784663 0.789456 0.793560 0.796950 0.799607 0.801517 0.802667 0.803051 0.802667 0.801517 0.799607 0.796950 0.793560 0.789456 0.784663 0.779205 0.773110 0.766411 0.759138 0.751327 0.743010 0.734224 0.725002 0.715379 0.705390 0.695066 0.684440 0.673542 0.662401 0.651045 0.639500 0.627791 0.615941 0.603971 0.591901 0.579750 0.567535 0.555271 0.542973 0.530654 0.518327 0.506002 0.493689 0.481397 0.469135 0.456910 
0.466661 0.479186 0.491760 0.504374 0.517021 0.529692 0.542378 0.555066 0.567746 0.580403 0.593024 0.605593 0.618091 0.630501 0.642801 0.654969 0.666982 0.678813 0.690435 0.701819 0.712934 0.723747 0.734224 0.744329 0.754026 0.763277 0.772045 0.780290 0.787975 0.795063 0.801517 0.807303 0.812388 0.816745 0.820347 0.823171 0.825202 0.826425 0.826834 0.826425 0.825202 0.823171 0.820347 0.816745 0.812388 0.807303 0.801517 0.795063 0.787975 0.780290 0.772045 0.763277 0.754026 0.744329 0.734224 0.723747 0.712934 0.701819 0.690435 0.678813 0.666982 0.654969 0.642801 0.630501 0.618091 0.605593 0.593024 0.580403 0.567746 0.555066 0.542378 0.529692 0.517021 0.504374 0.491760 0.479186 0.466661 
0.476313 0.489144 0.502035 0.514978 0.527967 0.540992 0.554044 0.567113 0.580185 0.593249 0.606290 0.619291 0.632235 0.645102 0.657872 0.670522 0.683025 0.695357 0.707487 0.719386 0.731019 0.742352 0.753349 0.763971 0.774179 0.783931 0.793185 0.801900 0.810033 0.817542 0.824388 0.830532 0.835938 0.840572 0.844406 0.847415 0.849579 0.850883 0.851319 0.850883 0.849579 0.847415 0.844406 0.840572 0.835938 0.830532 0.824388 0.817542 0.810033 0.801900 0.793185 0.783931 0.774179 0.763971 0.753349 0.742352 0.731019 0.719386 0.707487 0.695357 0.683025 0.670522 0.657872 0.645102 0.632235 0.619291 0.606290 0.593249 0.580185 0.567113 0.554044 0.540992 0.527967 0.514978 0.502035 0.489144 0.476313 
0.485855 0.498996 0.512209 0.525488 0.538825 0.552212 0.565639 0.579098 0.592575 0.606057 0.619531 0.632980 0.646387 0.659731 0.672991 0.686143 0.699163 0.712021 0.724688 0.737130 0.749314 0.761202 0.772755 0.783931 0.794686 0.804978 0.814759 0.823982 0.832602 0.840572 0.847847 0.854383 0.860139 0.865079 0.869169 0.872381 0.874691 0.876085 0.876550 0.876085 0.874691 0.872381 0.869169 0.865079 0.860139 0.854383 0.847847 0.840572 0.832602 0.823982 0.814759 0.804978 0.794686 0.783931 0.772755 0.761202 0.749314 0.737130 0.724688 0.712021 0.699163 0.686143 0.672991 0.659731 0.646387 0.632980 0.619531 0.606057 0.592575 0.579098 0.565639 0.552212 0.538825 0.525488 0.512209 0.498996 0.485855 
0.495274 0.508728 0.522268 0.535888 0.549579 0.563335 0.577147 0.591005 0.604897 0.618811 0.632732 0.646644 0.660530 0.674369 0.688140 0.701819 0.715379 0.728791 0.742024 0.755043 0.767812 0.780290 0.792436 0.804206 0.815552 0.826425 0.836776 0.846553 0.855703 0.864176 0.871920 0.878887 0.885030 0.890306 0.894679 0.898115 0.900589 0.902081 0.902579 0.902081 0.900589 0.898115 0.894679 0.890306 0.885030 0.878887 0.871920 0.864176 0.855703 0.846553 0.836776 0.826425 0.815552 0.804206 0.792436 0.780290 0.767812 0.755043 0.742024 0.728791 0.715379 0.701819 0.688140 0.674369 0.660530 0.646644 0.632732 0.618811 0.604897 0.591005 0.577147 0.563335 0.549579 0.535888 0.522268 0.508728 0.495274 
0.504555 0.518327 0.532198 0.546162 0.560214 0.574346 0.588550 0.602817 0.617134 0.631491 0.645872 0.660263 0.674646 0.688999 0.703303 0.717531 0.731658 0.745652 0.759482 0.773110 0.786499 0.799607 0.812388 0.824795 0.836776 0.848279 0.859248 0.869626 0.879356 0.888379 0.896638 0.904079 0.910649 0.916298 0.920984 0.924669 0.927324 0.928926 0.929462 0.928926 0.927324 0.924669 0.920984 0.916298 0.910649 0.904079 0.896638 0.888379 0.879356 0.869626 0.859248 0.848279 0.836776 0.824795 0.812388 0.799607 0.786499 0.773110 0.759482 0.745652 0.731658 0.717531 0.703303 0.688999 0.674646 0.660263 0.645872 0.631491 0.617134 0.602817 0.588550 0.574346 0.560214 0.546162 0.532198 0.518327 0.504555 
0.513684 0.527776 0.541981 0.556296 0.570713 0.585228 0.599831 0.614514 0.629267 0.644078 0.658933 0.673817 0.688713 0.703600 0.718457 0.733259 0.747979 0.762584 0.777043 0.791316 0.805364 0.819142 0.832602 0.845693 0.858359 0.870542 0.882182 0.893216 0.903579 0.913206 0.922033 0.929998 0.937039 0.943103 0.948138 0.952101 0.954958 0.956682 0.957259 0.956682 0.954958 0.952101 0.948138 0.943103 0.937039 0.929998 0.922033 0.913206 0.903579 0.893216 0.882182 0.870542 0.858359 0.845693 0.832602 0.819142 0.805364 0.791316 0.777043 0.762584 0.747979 0.733259 0.718457 0.703600 0.688713 0.673817 0.658933 0.644078 0.629267 0.614514 0.599831 0.585228 0.570713 0.556296 0.541981 0.527776 0.513684 
0.522646 0.537060 0.551603 0.566270 0.581058 0.595960 0.610969 0.626077 0.641274 0.656550 0.671891 0.687283 0.702709 0.718149 0.733581 0.748980 0.764319 0.779566 0.794686 0.809641 0.824388 0.838881 0.853067 0.866891 0.880295 0.893216 0.905585 0.917334 0.928391 0.938683 0.948138 0.956682 0.964249 0.970773 0.976198 0.980472 0.983555 0.985418 0.986040 0.985418 0.983555 0.980472 0.976198 0.970773 0.964249 0.956682 0.948138 0.938683 0.928391 0.917334 0.905585 0.893216 0.880295 0.866891 0.853067 0.838881 0.824388 0.809641 0.794686 0.779566 0.764319 0.748980 0.733581 0.718149 0.702709 0.687283 0.671891 0.656550 0.641274 0.626077 0.610969 0.595960 0.581058 0.566270 0.551603 0.537060 0.522646 
0.531425 0.546162 0.561044 0.576068 0.591229 0.606523 0.621943 0.637483 0.653133 0.668884 0.684723 0.700636 0.716608 0.732618 0.748646 0.764667 0.780653 0.796572 0.812388 0.828063 0.843551 0.858803 0.873765 0.888379 0.902579 0.916298 0.929462 0.941993 0.953812 0.964837 0.974985 0.984175 0.992327 0.999368 1.005229 1.009853 1.013191 1.015209 1.015884 1.015209 1.013191 1.009853 1.005229 0.999368 0.992327 0.984175 0.974985 0.964837 0.953812 0.941993 0.929462 0.916298 0.902579 0.888379 0.873765 0.858803 0.843551 0.828063 0.812388 0.796572 0.780653 0.764667 0.748646 0.732618 0.716608 0.700636 0.684723 0.668884 0.653133 0.637483 0.621943 0.606523 0.591229 0.576068 0.561044 0.546162 0.531425 
0.540005 0.555066 0.570288 0.585669 0.601206 0.616895 0.632732 0.648709 0.664820 0.681054 0.697402 0.713849 0.730381 0.746980 0.763624 0.780290 0.796950 0.813572 0.830120 0.846553 0.862826 0.878887 0.894679 0.910139 0.925199 0.939783 0.953812 0.967200 0.979858 0.991694 1.002612 1.012521 1.021329 1.028949 1.035303 1.040321 1.043948 1.046142 1.046876 1.046142 1.043948 1.040321 1.035303 1.028949 1.021329 1.012521 1.002612 0.991694 0.979858 0.967200 0.953812 0.939783 0.925199 0.910139 0.894679 0.878887 0.862826 0.846553 0.830120 0.813572 0.796950 0.780290 0.763624 0.746980 0.730381 0.713849 0.697402 0.681054 0.664820 0.648709 0.632732 0.616895 0.601206 0.585669 0.570288 0.555066 0.540005 
0.548370 0.563753 0.579315 0.595054 0.610969 0.627056 0.643311 0.659731 0.676307 0.693033 0.709899 0.726892 0.743999 0.761202 0.778483 0.795816 0.813177 0.830532 0.847847 0.865079 0.882182 0.899103 0.915781 0.932150 0.948138 0.963661 0.978634 0.992962 1.006544 1.019277 1.031055 1.041768 1.051312 1.059586 1.066498 1.071965 1.075920 1.078315 1.079116 1.078315 1.075920 1.071965 1.066498 1.059586 1.051312 1.041768 1.031055 1.019277 1.006544 0.992962 0.978634 0.963661 0.948138 0.932150 0.915781 0.899103 0.882182 0.865079 0.847847 0.830532 0.813177 0.795816 0.778483 0.761202 0.743999 0.726892 0.709899 0.693033 0.676307 0.659731 0.643311 0.627056 0.610969 0.595054 0.579315 0.563753 0.548370 
0.556501 0.572205 0.588106 0.604202 0.620494 0.636980 0.653657 0.670522 0.687569 0.704792 0.722184 0.739733 0.757427 0.775250 0.793185 0.811209 0.829296 0.847415 0.865531 0.883603 0.901583 0.919415 0.937039 0.954384 0.971372 0.987915 1.003918 1.019277 1.033881 1.047612 1.060348 1.071965 1.082340 1.091356 1.098902 1.104881 1.109213 1.111837 1.112716 1.111837 1.109213 1.104881 1.098902 1.091356 1.082340 1.071965 1.060348 1.047612 1.033881 1.019277 1.003918 0.987915 0.971372 0.954384 0.937039 0.919415 0.901583 0.883603 0.865531 0.847415 0.829296 0.811209 0.793185 0.775250 0.757427 0.739733 0.722184 0.704792 0.687569 0.670522 0.653657 0.636980 0.620494 0.604202 0.588106 0.572205 0.556501 
0.564381 0.580403 0.596640 0.613092 0.629760 0.646644 0.663743 0.681054 0.698575 0.716300 0.734224 0.752337 0.770628 0.789086 0.807691 0.826425 0.845263 0.864176 0.883129 0.902081 0.920984 0.939783 0.958415 0.976805 0.994872 1.012521 1.029649 1.046142 1.061875 1.076717 1.090527 1.103163 1.114480 1.124341 1.132613 1.139181 1.143946 1.146836 1.147804 1.146836 1.143946 1.139181 1.132613 1.124341 1.114480 1.103163 1.090527 1.076717 1.061875 1.046142 1.029649 1.012521 0.994872 0.976805 0.958415 0.939783 0.920984 0.902081 0.883129 0.864176 0.845263 0.826425 0.807691 0.789086 0.770628 0.752337 0.734224 0.716300 0.698575 0.681054 0.663743 0.646644 0.629760 0.613092 0.596640 0.580403 0.564381 
0.571992 0.588328 0.604897 0.621701 0.638743 0.656023 0.673542 0.691299 0.709295 0.727524 0.745984 0.764667 0.783565 0.802667 0.821958 0.841421 0.861033 0.880766 0.900589 0.920460 0.940335 0.960155 0.979858 0.999368 1.018596 1.037445 1.055802 1.073542 1.090527 1.106608 1.121625 1.135413 1.147804 1.158633 1.167742 1.174990 1.180258 1.183457 1.184529 1.183457 1.180258 1.174990 1.167742 1.158633 1.147804 1.135413 1.121625 1.106608 1.090527 1.073542 1.055802 1.037445 1.018596 0.999368 0.979858 0.960155 0.940335 0.920460 0.900589 0.880766 0.861033 0.841421 0.821958 0.802667 0.783565 0.764667 0.745984 0.727524 0.709295 0.691299 0.673542 0.656023 0.638743 0.621701 0.604897 0.588328 0.571992 
0.579315 0.595960 0.612856 0.630007 0.647417 0.665089 0.683025 0.701227 0.719696 0.738429 0.757427 0.776683 0.796194 0.815949 0.835938 0.856145 0.876550 0.897130 0.917853 0.938683 0.959574 0.980472 1.001311 1.022015 1.042493 1.062642 1.082340 1.101452 1.119826 1.137292 1.153670 1.168768 1.182387 1.194331 1.204409 1.212450 1.218307 1.221868 1.223063 1.221868 1.218307 1.212450 1.204409 1.194331 1.182387 1.168768 1.153670 1.137292 1.119826 1.101452 1.082340 1.062642 1.042493 1.022015 1.001311 0.980472 0.959574 0.938683 0.917853 0.897130 0.876550 0.856145 0.835938 0.815949 0.796194 0.776683 0.757427 0.738429 0.719696 0.701227 0.683025 0.665089 0.647417 0.630007 0.612856 0.595960 0.579315 
0.586332 0.603278 0.620494 0.637986 0.655759 0.673817 0.692165 0.710807 0.729744 0.748980 0.768514 0.788345 0.808470 0.828884 0.849579 0.870542 0.891758 0.913206 0.934859 0.956682 0.978634 1.000662 1.022702 1.044678 1.066498 1.088051 1.109213 1.129835 1.149749 1.168768 1.186684 1.203275 1.218307 1.231543 1.242753 1.251724 1.258275 1.262265 1.263606 1.262265 1.258275 1.251724 1.242753 1.231543 1.218307 1.203275 1.186684 1.168768 1.149749 1.129835 1.109213 1.088051 1.066498 1.044678 1.022702 1.000662 0.978634 0.956682 0.934859 0.913206 0.891758 0.870542 0.849579 0.828884 0.808470 0.788345 0.768514 0.748980 0.729744 0.710807 0.692165 0.673817 0.655759 0.637986 0.620494 0.603278 0.586332 
0.593024 0.610263 0.627791 0.645616 0.663743 0.682179 0.700932 0.720006 0.739406 0.759138 0.779205 0.799607 0.820347 0.841421 0.862826 0.884553 0.906592 0.928926 0.951532 0.974381 0.997434 1.020644 1.043948 1.067274 1.090527 1.113597 1.136352 1.158633 1.180258 1.201018 1.220677 1.238976 1.255640 1.270384 1.282925 1.293000 1.300378 1.304882 1.306396 1.304882 1.300378 1.293000 1.282925 1.270384 1.255640 1.238976 1.220677 1.201018 1.180258 1.158633 1.136352 1.113597 1.090527 1.067274 1.043948 1.020644 0.997434 0.974381 0.951532 0.928926 0.906592 0.884553 0.862826 0.841421 0.820347 0.799607 0.779205 0.759138 0.739406 0.720006 0.700932 0.682179 0.663743 0.645616 0.627791 0.610263 0.593024 
0.599373 0.616895 0.634725 0.652872 0.671343 0.690148 0.709295 0.728791 0.748646 0.768865 0.789456 0.810424 0.831773 0.853505 0.875620 0.898115 0.920984 0.944216 0.967794 0.991694 1.015884 1.040321 1.064950 1.089700 1.114480 1.139181 1.163665 1.187767 1.211290 1.234003 1.255640 1.275903 1.294463 1.310978 1.325098 1.336492 1.344867 1.349991 1.351716 1.349991 1.344867 1.336492 1.325098 1.310978 1.294463 1.275903 1.255640 1.234003 1.211290 1.187767 1.163665 1.139181 1.114480 1.089700 1.064950 1.040321 1.015884 0.991694 0.967794 0.944216 0.920984 0.898115 0.875620 0.853505 0.831773 0.810424 0.789456 0.768865 0.748646 0.728791 0.709295 0.690148 0.671343 0.652872 0.634725 0.616895 0.599373 
0.605361 0.623154 0.641274 0.659731 0.678534 0.697695 0.717223 0.737130 0.757427 0.778122 0.799226 0.820749 0.842697 0.865079 0.887899 0.911159 0.934859 0.958994 0.983555 1.008526 1.033881 1.059586 1.085593 1.111837 1.138235 1.164680 1.191034 1.217127 1.242753 1.267657 1.291543 1.314066 1.334841 1.353450 1.369460 1.382449 1.392038 1.397924 1.399909 1.397924 1.392038 1.382449 1.369460 1.353450 1.334841 1.314066 1.291543 1.267657 1.242753 1.217127 1.191034 1.164680 1.138235 1.111837 1.085593 1.059586 1.033881 1.008526 0.983555 0.958994 0.934859 0.911159 0.887899 0.865079 0.842697 0.820749 0.799226 0.778122 0.757427 0.737130 0.717223 0.697695 0.678534 0.659731 0.641274 0.623154 0.605361 
0.610969 0.629021 0.647417 0.666170 0.685291 0.704792 0.724688 0.744990 0.765712 0.786868 0.808470 0.830532 0.853067 0.876085 0.899597 0.923613 0.948138 0.973174 0.998722 1.024773 1.051312 1.078315 1.105743 1.133544 1.161643 1.189941 1.218307 1.246570 1.274515 1.301873 1.328315 1.353450 1.376822 1.397924 1.416216 1.431157 1.442248 1.449082 1.451391 1.449082 1.442248 1.431157 1.416216 1.397924 1.376822 1.353450 1.328315 1.301873 1.274515 1.246570 1.218307 1.189941 1.161643 1.133544 1.105743 1.078315 1.051312 1.024773 0.998722 0.973174 0.948138 0.923613 0.899597 0.876085 0.853067 0.830532 0.808470 0.786868 0.765712 0.744990 0.724688 0.704792 0.685291 0.666170 0.647417 0.629021 0.610969 
0.616179 0.634475 0.653133 0.672166 0.691588 0.711413 0.731658 0.752337 0.773466 0.795063 0.817143 0.839725 0.862826 0.886461 0.910649 0.935403 0.960738 0.986664 1.013191 1.040321 1.068051 1.096369 1.125251 1.154657 1.184529 1.214781 1.245293 1.275903 1.306396 1.336492 1.365837 1.393989 1.420418 1.444511 1.465588 1.482947 1.495923 1.503958 1.506680 1.503958 1.495923 1.482947 1.465588 1.444511 1.420418 1.393989 1.365837 1.336492 1.306396 1.275903 1.245293 1.214781 1.184529 1.154657 1.125251 1.096369 1.068051 1.040321 1.013191 0.986664 0.960738 0.935403 0.910649 0.886461 0.862826 0.839725 0.817143 0.795063 0.773466 0.752337 0.731658 0.711413 0.691588 0.672166 0.653133 0.634475 0.616179 
0.620977 0.639500 0.658402 0.677697 0.697402 0.717531 0.738104 0.759138 0.780653 0.802667 0.825202 0.848279 0.871920 0.896148 0.920984 0.946452 0.972573 0.999368 1.026855 1.055050 1.083963 1.113597 1.143946 1.174990 1.206688 1.238976 1.271756 1.304882 1.338151 1.371285 1.403913 1.435550 1.465588 1.493287 1.517797 1.538197 1.553581 1.563170 1.566429 1.563170 1.553581 1.538197 1.517797 1.493287 1.465588 1.435550 1.403913 1.371285 1.338151 1.304882 1.271756 1.238976 1.206688 1.174990 1.143946 1.113597 1.083963 1.055050 1.026855 0.999368 0.972573 0.946452 0.920984 0.896148 0.871920 0.848279 0.825202 0.802667 0.780653 0.759138 0.738104 0.717531 0.697402 0.677697 0.658402 0.639500 0.620977 
0.625344 0.644078 0.663205 0.682743 0.702709 0.723121 0.743999 0.765363 0.787237 0.809641 0.832602 0.856145 0.880295 0.905082 0.930535 0.956682 0.983555 1.011185 1.039600 1.068831 1.098902 1.129835 1.161643 1.194331 1.227883 1.262265 1.297408 1.333198 1.369460 1.405933 1.442248 1.477895 1.512192 1.544264 1.573047 1.597328 1.615853 1.627500 1.631478 1.627500 1.615853 1.597328 1.573047 1.544264 1.512192 1.477895 1.442248 1.405933 1.369460 1.333198 1.297408 1.262265 1.227883 1.194331 1.161643 1.129835 1.098902 1.068831 1.039600 1.011185 0.983555 0.956682 0.930535 0.905082 0.880295 0.856145 0.832602 0.809641 0.787237 0.765363 0.743999 0.723121 0.702709 0.682743 0.663205 0.644078 0.625344 
0.629267 0.648192 0.667525 0.687283 0.707487 0.728157 0.749314 0.770982 0.793185 0.815949 0.839303 0.863275 0.887899 0.913206 0.939233 0.966017 0.993597 1.022015 1.051312 1.081531 1.112716 1.144907 1.178141 1.212450 1.247851 1.284347 1.321910 1.360473 1.399909 1.440001 1.480412 1.520635 1.559942 1.597328 1.631478 1.660791 1.683508 1.697961 1.702929 1.697961 1.683508 1.660791 1.631478 1.597328 1.559942 1.520635 1.480412 1.440001 1.399909 1.360473 1.321910 1.284347 1.247851 1.212450 1.178141 1.144907 1.112716 1.081531 1.051312 1.022015 0.993597 0.966017 0.939233 0.913206 0.887899 0.863275 0.839303 0.815949 0.793185 0.770982 0.749314 0.728157 0.707487 0.687283 0.667525 0.648192 0.629267 
0.632732 0.651827 0.671343 0.691299 0.711717 0.732618 0.754026 0.775966 0.798466 0.821555 0.845263 0.869626 0.894679 0.920460 0.947013 0.974381 1.002612 1.031759 1.061875 1.093019 1.125251 1.158633 1.193228 1.229099 1.266301 1.304882 1.344867 1.386253 1.428982 1.472918 1.517797 1.563170 1.608316 1.652139 1.693070 1.729016 1.757472 1.775884 1.782273 1.775884 1.757472 1.729016 1.693070 1.652139 1.608316 1.563170 1.517797 1.472918 1.428982 1.386253 1.344867 1.304882 1.266301 1.229099 1.193228 1.158633 1.125251 1.093019 1.061875 1.031759 1.002612 0.974381 0.947013 0.920460 0.894679 0.869626 0.845263 0.821555 0.798466 0.775966 0.754026 0.732618 0.711717 0.691299 0.671343 0.651827 0.632732 
0.635726 0.654969 0.674646 0.694775 0.715379 0.736483 0.758110 0.780290 0.803051 0.826425 0.850448 0.875155 0.900589 0.926792 0.953812 0.981702 1.010518 1.040321 1.071179 1.103163 1.136352 1.170830 1.206688 1.244020 1.282925 1.323500 1.365837 1.410009 1.456057 1.503958 1.553581 1.604611 1.656436 1.707976 1.757472 1.802274 1.838814 1.863052 1.871583 1.863052 1.838814 1.802274 1.757472 1.707976 1.656436 1.604611 1.553581 1.503958 1.456057 1.410009 1.365837 1.323500 1.282925 1.244020 1.206688 1.170830 1.136352 1.103163 1.071179 1.040321 1.010518 0.981702 0.953812 0.926792 0.900589 0.875155 0.850448 0.826425 0.803051 0.780290 0.758110 0.736483 0.715379 0.694775 0.674646 0.654969 0.635726 
0.638238 0.657607 0.677419 0.697695 0.718457 0.739733 0.761547 0.783931 0.806914 0.830532 0.854822 0.879825 0.905585 0.932150 0.959574 0.987915 1.017238 1.047612 1.079116 1.111837 1.145870 1.181321 1.218307 1.256955 1.297408 1.339818 1.384345 1.431157 1.480412 1.532239 1.586700 1.643714 1.702929 1.763488 1.823669 1.880364 1.928617 1.961866 1.973845 1.961866 1.928617 1.880364 1.823669 1.763488 1.702929 1.643714 1.586700 1.532239 1.480412 1.431157 1.384345 1.339818 1.297408 1.256955 1.218307 1.181321 1.145870 1.111837 1.079116 1.047612 1.017238 0.987915 0.959574 0.932150 0.905585 0.879825 0.854822 0.830532 0.806914 0.783931 0.761547 0.739733 0.718457 0.697695 0.677419 0.657607 0.638238 
0.640260 0.659731 0.679652 0.700046 0.720938 0.742352 0.764319 0.786868 0.810033 0.833850 0.858359 0.883603 0.909630 0.936493 0.964249 0.992962 1.022702 1.053550 1.085593 1.118929 1.153670 1.189941 1.227883 1.267657 1.309444 1.353450 1.399909 1.449082 1.501258 1.556746 1.615853 1.678833 1.745776 1.816370 1.889410 1.961866 2.027434 2.075463 2.093484 2.075463 2.027434 1.961866 1.889410 1.816370 1.745776 1.678833 1.615853 1.556746 1.501258 1.449082 1.399909 1.353450 1.309444 1.267657 1.227883 1.189941 1.153670 1.118929 1.085593 1.053550 1.022702 0.992962 0.964249 0.936493 0.909630 0.883603 0.858359 0.833850 0.810033 0.786868 0.764319 0.742352 0.720938 0.700046 0.679652 0.659731 0.640260 
0.641783 0.661331 0.681335 0.701819 0.722808 0.744329 0.766411 0.789086 0.812388 0.836357 0.861033 0.886461 0.912693 0.939783 0.967794 0.996792 1.026855 1.058068 1.090527 1.124341 1.159634 1.196546 1.235240 1.275903 1.318751 1.364040 1.412065 1.463179 1.517797 1.576407 1.639583 1.707976 1.782273 1.863052 1.950360 2.042557 2.133462 2.207136 2.237007 2.207136 2.133462 2.042557 1.950360 1.863052 1.782273 1.707976 1.639583 1.576407 1.517797 1.463179 1.412065 1.364040 1.318751 1.275903 1.235240 1.196546 1.159634 1.124341 1.090527 1.058068 1.026855 0.996792 0.967794 0.939783 0.912693 0.886461 0.861033 0.836357 0.812388 0.789086 0.766411 0.744329 0.722808 0.701819 0.681335 0.661331 0.641783 
0.642801 0.662401 0.682461 0.703006 0.724060 0.745652 0.767812 0.790571 0.813967 0.838037 0.862826 0.888379 0.914749 0.941993 0.970175 0.999368 1.029649 1.061111 1.093854 1.127994 1.163665 1.201018 1.240231 1.281509 1.325098 1.371285 1.420418 1.472918 1.529299 1.590204 1.656436 1.729016 1.809241 1.898738 1.999396 2.112751 2.237007 2.355248 2.411404 2.355248 2.237007 2.112751 1.999396 1.898738 1.809241 1.729016 1.656436 1.590204 1.529299 1.472918 1.420418 1.371285 1.325098 1.281509 1.240231 1.201018 1.163665 1.127994 1.093854 1.061111 1.029649 0.999368 0.970175 0.941993 0.914749 0.888379 0.862826 0.838037 0.813967 0.790571 0.767812 0.745652 0.724060 0.703006 0.682461 0.662401 0.642801 
0.643311 0.662937 0.683025 0.703600 0.724688 0.746315 0.768514 0.791316 0.814759 0.838881 0.863725 0.889341 0.915781 0.943103 0.971372 1.000662 1.031055 1.062642 1.095529 1.129835 1.165697 1.203275 1.242753 1.284347 1.328315 1.374966 1.424673 1.477895 1.535204 1.597328 1.665207 1.740089 1.823669 1.918319 2.027434 2.155866 2.309481 2.484777 2.593174 2.484777 2.309481 2.155866 2.027434 1.918319 1.823669 1.740089 1.665207 1.597328 1.535204 1.477895 1.424673 1.374966 1.328315 1.284347 1.242753 1.203275 1.165697 1.129835 1.095529 1.062642 1.031055 1.000662 0.971372 0.943103 0.915781 0.889341 0.863725 0.838881 0.814759 0.791316 0.768514 0.746315 0.724688 0.703600 0.683025 0.662937 0.643311 
0.643375 0.663004 0.683096 0.703675 0.724766 0.746398 0.768602 0.791409 0.814858 0.838986 0.863838 0.889462 0.915910 0.943242 0.971522 1.000824 1.031231 1.062834 1.095739 1.130065 1.165952 1.203558 1.243069 1.284703 1.328720 1.375429 1.425209 1.478522 1.535950 1.598229 1.666320 1.741501 1.825522 1.920860 2.031140 2.161766 2.320166 2.507381 2.631379 2.507381 2.320166 2.161766 2.031140 1.920860 1.825522 1.741501 1.666320 1.598229 1.535950 1.478522 1.425209 1.375429 1.328720 1.284703 1.243069 1.203558 1.165952 1.130065 1.095739 1.062834 1.031231 1.000824 0.971522 0.943242 0.915910 0.889462 0.863838 0.838986 0.814858 0.791409 0.768602 0.746398 0.724766 0.703675 0.683096 0.663004 0.643375 
0.643375 0.663004 0.683096 0.703675 0.724766 0.746398 0.768602 0.791409 0.814858 0.838986 0.863838 0.889462 0.915910 0.943242 0.971522 1.000824 1.031230 1.062833 1.095738 1.130065 1.165952 1.203558 1.243069 1.284703 1.328719 1.375429 1.425208 1.478522 1.535949 1.598228 1.666319 1.741500 1.825520 1.920858 2.031137 2.161760 2.320156 2.507359 2.631341 2.507359 2.320156 2.161760 2.031137 1.920858 1.825520 1.741500 1.666319 1.598228 1.535949 1.478522 1.425208 1.375429 1.328719 1.284703 1.243069 1.203558 1.165952 1.130065 1.095738 1.062833 1.031230 1.000824 0.971522 0.943242 0.915910 0.889462 0.863838 0.838986 0.814858 0.791409 0.768602 0.746398 0.724766 0.703675 0.683096 0.663004 0.643375 
0.643375 0.663004 0.683096 0.703675 0.724766 0.746398 0.768602 0.791409 0.814858 0.838986 0.863838 0.889462 0.915910 0.943241 0.971522 1.000824 1.031230 1.062833 1.095738 1.130065 1.165952 1.203558 1.243069 1.284703 1.328719 1.375429 1.425208 1.478521 1.535949 1.598228 1.666319 1.741499 1.825519 1.920857 2.031136 2.161759 2.320153 2.507352 2.631329 2.507352 2.320153 2.161759 2.031136 1.920857 1.825519 1.741499 1.666319 1.598228 1.535949 1.478521 1.425208 1.375429 1.328719 1.284703 1.243069 1.203558 1.165952 1.130065 1.095738 1.062833 1.031230 1.000824 0.971522 0.943241 0.915910 0.889462 0.863838 0.838986 0.814858 0.791409 0.768602 0.746398 0.724766 0.703675 0.683096 0.663004 0.643375 
0.643375 0.663004 0.683096 0.703675 0.724766 0.746398 0.768602 0.791409 0.814858 0.838986 0.863838 0.889462 0.915910 0.943242 0.971522 1.000824 1.031231 1.062834 1.095739 1.130065 1.165952 1.203558 1.243069 1.284703 1.328720 1.375429 1.425209 1.478522 1.535950 1.598229 1.666320 1.741501 1.825521 1.920860 2.031140 2.161765 2.320165 2.507378 2.631375 2.507378 2.320165 2.161765 2.031140 1.920860 1.825521 1.741501 1.666320 1.598229 1.535950 1.478522 1.425209 1.375429 1.328720 1.284703 1.243069 1.203558 1.165952 1.130065 1.095739 1.062834 1.031231 1.000824 0.971522 0.943242 0.915910 0.889462 0.863838 0.838986 0.814858 0.791409 0.768602 0.746398 0.724766 0.703675 0.683096 0.663004 0.643375 
0.643375 0.663004 0.683096 0.703675 0.724766 0.746398 0.768602 0.791409 0.814858 0.838986 0.863838 0.889462 0.915910 0.943242 0.971522 1.000824 1.031231 1.062834 1.095739 1.130065 1.165952 1.203558 1.243069 1.284703 1.328720 1.375429 1.425209 1.478522 1.535950 1.598229 1.666321 1.741501 1.825522 1.920860 2.031140 2.161766 2.320167 2.507382 2.631382 2.507382 2.320167 2.161766 2.031140 1.920860 1.825522 1.741501 1.666321 1.598229 1.535950 1.478522 1.425209 1.375429 1.328720 1.284703 1.243069 1.203558 1.165952 1.130065 1.095739 1.062834 1.031231 1.000824 0.971522 0.943242 0.915910 0.889462 0.863838 0.838986 0.814858 0.791409 0.768602 0.746398 0.724766 0.703675 0.683096 0.663004 0.643375 
0.643309 0.662935 0.683023 0.703598 0.724685 0.746312 0.768511 0.791313 0.814755 0.838877 0.863721 0.889337 0.915776 0.943098 0.971367 1.000656 1.031048 1.062635 1.095521 1.129827 1.165688 1.203265 1.242741 1.284334 1.328301 1.374950 1.424654 1.477873 1.535178 1.597296 1.665168 1.740039 1.823604 1.918230 2.027304 2.155659 2.309112 2.484017 2.591940 2.484017 2.309112 2.155659 2.027304 1.918230 1.823604 1.740039 1.665168 1.597296 1.535178 1.477873 1.424654 1.374950 1.328301 1.284334 1.242741 1.203265 1.165688 1.129827 1.095521 1.062635 1.031048 1.000656 0.971367 0.943098 0.915776 0.889337 0.863721 0.838877 0.814755 0.791313 0.768511 0.746312 0.724685 0.703598 0.683023 0.662935 0.643309 
0.642794 0.662394 0.682454 0.702998 0.724052 0.745643 0.767802 0.790561 0.813956 0.838026 0.862814 0.888366 0.914735 0.941978 0.970160 0.999351 1.029631 1.061091 1.093832 1.127970 1.163638 1.200988 1.240197 1.281472 1.325056 1.371237 1.420363 1.472852 1.529222 1.590111 1.656322 1.728872 1.809055 1.898488 1.999044 2.112226 2.236174 2.353927 2.409744 2.353927 2.236174 2.112226 1.999044 1.898488 1.809055 1.728872 1.656322 1.590111 1.529222 1.472852 1.420363 1.371237 1.325056 1.281472 1.240197 1.200988 1.163638 1.127970 1.093832 1.061091 1.029631 0.999351 0.970160 0.941978 0.914735 0.888366 0.862814 0.838026 0.813956 0.790561 0.767802 0.745643 0.724052 0.702998 0.682454 0.662394 0.642794 
0.641771 0.661319 0.681323 0.701806 0.722794 0.744314 0.766395 0.789069 0.812371 0.836338 0.861013 0.886440 0.912671 0.939759 0.967767 0.996764 1.026824 1.058035 1.090491 1.124301 1.159590 1.196497 1.235185 1.275842 1.318682 1.363961 1.411975 1.463074 1.517673 1.576259 1.639403 1.707753 1.781989 1.862682 1.949865 2.041876 2.132520 2.205899 2.235622 2.205899 2.132520 2.041876 1.949865 1.862682 1.781989 1.707753 1.639403 1.576259 1.517673 1.463074 1.411975 1.363961 1.318682 1.275842 1.235185 1.196497 1.159590 1.124301 1.090491 1.058035 1.026824 0.996764 0.967767 0.939759 0.912671 0.886440 0.861013 0.836338 0.812371 0.789069 0.766395 0.744314 0.722794 0.701806 0.681323 0.661319 0.641771 
0.640244 0.659714 0.679635 0.700028 0.720919 0.742332 0.764298 0.786845 0.810009 0.833824 0.858331 0.883574 0.909599 0.936460 0.964213 0.992923 1.022660 1.053504 1.085543 1.118874 1.153610 1.189874 1.227809 1.267574 1.309350 1.353343 1.399786 1.448940 1.501093 1.556551 1.615619 1.678548 1.745424 1.815927 1.888846 1.961146 2.026531 2.074393 2.092343 2.074393 2.026531 1.961146 1.888846 1.815927 1.745424 1.678548 1.615619 1.556551 1.501093 1.448940 1.399786 1.353343 1.309350 1.267574 1.227809 1.189874 1.153610 1.118874 1.085543 1.053504 1.022660 0.992923 0.964213 0.936460 0.909599 0.883574 0.858331 0.833824 0.810009 0.786845 0.764298 0.742332 0.720919 0.700028 0.679635 0.659714 0.640244 
0.638218 0.657587 0.677397 0.697672 0.718433 0.739707 0.761520 0.783902 0.806883 0.830500 0.854788 0.879788 0.905545 0.932108 0.959529 0.987866 1.017184 1.047554 1.079053 1.111768 1.145794 1.181237 1.218213 1.256851 1.297292 1.339686 1.384195 1.430985 1.480212 1.532006 1.586425 1.643386 1.702534 1.763009 1.823087 1.879661 1.927791 1.960941 1.972881 1.960941 1.927791 1.879661 1.823087 1.763009 1.702534 1.643386 1.586425 1.532006 1.480212 1.430985 1.384195 1.339686 1.297292 1.256851 1.218213 1.181237 1.145794 1.111768 1.079053 1.047554 1.017184 0.987866 0.959529 0.932108 0.905545 0.879788 0.854788 0.830500 0.806883 0.783902 0.761520 0.739707 0.718433 0.697672 0.677397 0.657587 0.638218 
0.635702 0.654944 0.674619 0.694747 0.715350 0.736451 0.758077 0.780255 0.803014 0.826386 0.850406 0.875111 0.900541 0.926740 0.953757 0.981643 1.010454 1.040252 1.071103 1.103080 1.136261 1.170730 1.206578 1.243898 1.282788 1.323347 1.365663 1.409811 1.455830 1.503696 1.553277 1.604256 1.656019 1.707485 1.756897 1.801610 1.838066 1.862241 1.870749 1.862241 1.838066 1.801610 1.756897 1.707485 1.656019 1.604256 1.553277 1.503696 1.455830 1.409811 1.365663 1.323347 1.282788 1.243898 1.206578 1.170730 1.136261 1.103080 1.071103 1.040252 1.010454 0.981643 0.953757 0.926740 0.900541 0.875111 0.850406 0.826386 0.803014 0.780255 0.758077 0.736451 0.715350 0.694747 0.674619 0.654944 0.635702 
0.632703 0.651797 0.671312 0.691267 0.711682 0.732581 0.753987 0.775925 0.798423 0.821509 0.845215 0.869574 0.894623 0.920401 0.946949 0.974312 1.002538 1.031679 1.061788 1.092924 1.125147 1.158519 1.193103 1.228960 1.266147 1.304709 1.344674 1.386035 1.428735 1.472636 1.517475 1.562800 1.607891 1.651653 1.692517 1.728396 1.756793 1.775164 1.781537 1.775164 1.756793 1.728396 1.692517 1.651653 1.607891 1.562800 1.517475 1.472636 1.428735 1.386035 1.344674 1.304709 1.266147 1.228960 1.193103 1.158519 1.125147 1.092924 1.061788 1.031679 1.002538 0.974312 0.946949 0.920401 0.894623 0.869574 0.845215 0.821509 0.798423 0.775925 0.753987 0.732581 0.711682 0.691267 0.671312 0.651797 0.632703 
0.629235 0.648158 0.667489 0.687246 0.707448 0.728116 0.749270 0.770936 0.793136 0.815897 0.839247 0.863216 0.887835 0.913138 0.939161 0.965939 0.993514 1.021925 1.051214 1.081425 1.112600 1.144780 1.178003 1.212297 1.247682 1.284160 1.321702 1.360240 1.399647 1.439706 1.480079 1.520260 1.559520 1.596854 1.630952 1.660215 1.682889 1.697313 1.702271 1.697313 1.682889 1.660215 1.630952 1.596854 1.559520 1.520260 1.480079 1.439706 1.399647 1.360240 1.321702 1.284160 1.247682 1.212297 1.178003 1.144780 1.112600 1.081425 1.051214 1.021925 0.993514 0.965939 0.939161 0.913138 0.887835 0.863216 0.839247 0.815897 0.793136 0.770936 0.749270 0.728116 0.707448 0.687246 0.667489 0.648158 0.629235 
0.625308 0.644040 0.663165 0.682701 0.702665 0.723074 0.743950 0.765311 0.787182 0.809583 0.832540 0.856079 0.880225 0.905008 0.930455 0.956596 0.983463 1.011085 1.039493 1.068714 1.098775 1.129697 1.161493 1.194166 1.227703 1.262066 1.297188 1.332954 1.369188 1.405631 1.441912 1.477521 1.511778 1.543808 1.572549 1.596791 1.615285 1.626911 1.630881 1.626911 1.615285 1.596791 1.572549 1.543808 1.511778 1.477521 1.441912 1.405631 1.369188 1.332954 1.297188 1.262066 1.227703 1.194166 1.161493 1.129697 1.098775 1.068714 1.039493 1.011085 0.983463 0.956596 0.930455 0.905008 0.880225 0.856079 0.832540 0.809583 0.787182 0.765311 0.743950 0.723074 0.702665 0.682701 0.663165 0.644040 0.625308 
0.620936 0.639458 0.658358 0.677651 0.697353 0.717480 0.738050 0.759081 0.780592 0.802603 0.825134 0.848207 0.871844 0.896066 0.920897 0.946358 0.972473 0.999260 1.026739 1.054925 1.083827 1.113450 1.143786 1.174815 1.206497 1.238768 1.271527 1.304630 1.337874 1.370980 1.403577 1.435182 1.465185 1.492850 1.517326 1.537696 1.553057 1.562630 1.565884 1.562630 1.553057 1.537696 1.517326 1.492850 1.465185 1.435182 1.403577 1.370980 1.337874 1.304630 1.271527 1.238768 1.206497 1.174815 1.143786 1.113450 1.083827 1.054925 1.026739 0.999260 0.972473 0.946358 0.920897 0.896066 0.871844 0.848207 0.825134 0.802603 0.780592 0.759081 0.738050 0.717480 0.697353 0.677651 0.658358 0.639458 0.620936 
0.616136 0.634430 0.653085 0.672115 0.691535 0.711358 0.731599 0.752275 0.773401 0.794993 0.817070 0.839648 0.862743 0.886373 0.910555 0.935302 0.960630 0.986549 1.013068 1.040188 1.067908 1.096214 1.125083 1.154475 1.184332 1.214566 1.245058 1.275647 1.306116 1.336188 1.365505 1.393629 1.420029 1.444093 1.465143 1.482479 1.495436 1.503459 1.506177 1.503459 1.495436 1.482479 1.465143 1.444093 1.420029 1.393629 1.365505 1.336188 1.306116 1.275647 1.245058 1.214566 1.184332 1.154475 1.125083 1.096214 1.067908 1.040188 1.013068 0.986549 0.960630 0.935302 0.910555 0.886373 0.862743 0.839648 0.817070 0.794993 0.773401 0.752275 0.731599 0.711358 0.691535 0.672115 0.653085 0.634430 0.616136 
0.610921 0.628971 0.647365 0.666115 0.685233 0.704732 0.724624 0.744923 0.765642 0.786794 0.808392 0.830449 0.852978 0.875991 0.899497 0.923506 0.948024 0.973053 0.998592 1.024633 1.051162 1.078153 1.105569 1.133356 1.161440 1.189721 1.218069 1.246312 1.274236 1.301571 1.327990 1.353099 1.376447 1.397525 1.415795 1.430717 1.441794 1.448618 1.450924 1.448618 1.441794 1.430717 1.415795 1.397525 1.376447 1.353099 1.327990 1.301571 1.274236 1.246312 1.218069 1.189721 1.161440 1.133356 1.105569 1.078153 1.051162 1.024633 0.998592 0.973053 0.948024 0.923506 0.899497 0.875991 0.852978 0.830449 0.808392 0.786794 0.765642 0.744923 0.724624 0.704732 0.685233 0.666115 0.647365 0.628971 0.610921 
0.605310 0.623101 0.641219 0.659672 0.678473 0.697630 0.717156 0.737059 0.757352 0.778043 0.799143 0.820661 0.842604 0.864980 0.887793 0.911047 0.934740 0.958867 0.983420 1.008381 1.033726 1.059419 1.085414 1.111645 1.138028 1.164457 1.190794 1.216870 1.242475 1.267359 1.291224 1.313727 1.334481 1.353069 1.369061 1.382035 1.391612 1.397490 1.399473 1.397490 1.391612 1.382035 1.369061 1.353069 1.334481 1.313727 1.291224 1.267359 1.242475 1.216870 1.190794 1.164457 1.138028 1.111645 1.085414 1.059419 1.033726 1.008381 0.983420 0.958867 0.934740 0.911047 0.887793 0.864980 0.842604 0.820661 0.799143 0.778043 0.757352 0.737059 0.717156 0.697630 0.678473 0.659672 0.641219 0.623101 0.605310 
0.599319 0.616839 0.634666 0.652810 0.671278 0.690080 0.709223 0.728716 0.748567 0.768782 0.789369 0.810332 0.831675 0.853401 0.875510 0.897998 0.920860 0.944084 0.967653 0.991544 1.015724 1.040150 1.064768 1.089504 1.114271 1.138957 1.163425 1.187510 1.211016 1.233711 1.255330 1.275574 1.294116 1.310614 1.324719 1.336101 1.344466 1.349584 1.351307 1.349584 1.344466 1.336101 1.324719 1.310614 1.294116 1.275574 1.255330 1.233711 1.211016 1.187510 1.163425 1.138957 1.114271 1.089504 1.064768 1.040150 1.015724 0.991544 0.967653 0.944084 0.920860 0.897998 0.875510 0.853401 0.831675 0.810332 0.789369 0.768782 0.748567 0.728716 0.709223 0.690080 0.671278 0.652810 0.634666 0.616839 0.599319 
0.592967 0.610204 0.627729 0.645550 0.663674 0.682108 0.700857 0.719927 0.739324 0.759051 0.779113 0.799510 0.820244 0.841313 0.862712 0.884432 0.906464 0.928790 0.951388 0.974227 0.997271 1.020470 1.043763 1.067076 1.090316 1.113373 1.136113 1.158379 1.179988 1.200732 1.220374 1.238658 1.255307 1.270036 1.282565 1.292629 1.299999 1.304498 1.306010 1.304498 1.299999 1.292629 1.282565 1.270036 1.255307 1.238658 1.220374 1.200732 1.179988 1.158379 1.136113 1.113373 1.090316 1.067076 1.043763 1.020470 0.997271 0.974227 0.951388 0.928790 0.906464 0.884432 0.862712 0.841313 0.820244 0.799510 0.779113 0.759051 0.739324 0.719927 0.700857 0.682108 0.663674 0.645550 0.627729 0.610204 0.592967 
0.586272 0.603215 0.620429 0.637918 0.655687 0.673742 0.692087 0.710725 0.729658 0.748889 0.768418 0.788244 0.808364 0.828773 0.849461 0.870417 0.891626 0.913066 0.934711 0.956526 0.978468 1.000486 1.022515 1.044480 1.066287 1.087828 1.108976 1.129584 1.149484 1.168489 1.186391 1.202967 1.217986 1.231209 1.242409 1.251372 1.257916 1.261902 1.263241 1.261902 1.257916 1.251372 1.242409 1.231209 1.217986 1.202967 1.186391 1.168489 1.149484 1.129584 1.108976 1.087828 1.066287 1.044480 1.022515 1.000486 0.978468 0.956526 0.934711 0.913066 0.891626 0.870417 0.849461 0.828773 0.808364 0.788244 0.768418 0.748889 0.729658 0.710725 0.692087 0.673742 0.655687 0.637918 0.620429 0.603215 0.586272 
0.579252 0.595894 0.612787 0.629936 0.647343 0.665011 0.682944 0.701142 0.719606 0.738335 0.757328 0.776580 0.796085 0.815834 0.835817 0.856017 0.876416 0.896988 0.917703 0.938525 0.959406 0.980294 1.001123 1.021816 1.042283 1.062420 1.082106 1.101205 1.119566 1.137020 1.153385 1.168471 1.182078 1.194011 1.204081 1.212114 1.217965 1.221523 1.222717 1.221523 1.217965 1.212114 1.204081 1.194011 1.182078 1.168471 1.153385 1.137020 1.119566 1.101205 1.082106 1.062420 1.042283 1.021816 1.001123 0.980294 0.959406 0.938525 0.917703 0.896988 0.876416 0.856017 0.835817 0.815834 0.796085 0.776580 0.757328 0.738335 0.719606 0.701142 0.682944 0.665011 0.647343 0.629936 0.612787 0.595894 0.579252 
0.571926 0.588260 0.604826 0.621627 0.638665 0.655942 0.673457 0.691211 0.709202 0.727427 0.745882 0.764560 0.783453 0.802549 0.821834 0.841291 0.860895 0.880622 0.900436 0.920300 0.940165 0.959977 0.979670 0.999169 1.018387 1.037225 1.055571 1.073299 1.090273 1.106342 1.121348 1.135126 1.147507 1.158326 1.167427 1.174669 1.179932 1.183128 1.184200 1.183128 1.179932 1.174669 1.167427 1.158326 1.147507 1.135126 1.121348 1.106342 1.090273 1.073299 1.055571 1.037225 1.018387 0.999169 0.979670 0.959977 0.940165 0.920300 0.900436 0.880622 0.860895 0.841291 0.821834 0.802549 0.783453 0.764560 0.745882 0.727427 0.709202 0.691211 0.673457 0.655942 0.638665 0.621627 0.604826 0.588260 0.571926 
0.564313 0.580333 0.596566 0.613015 0.629680 0.646561 0.663656 0.680963 0.698480 0.716201 0.734119 0.752227 0.770514 0.788965 0.807565 0.826293 0.845124 0.864030 0.882975 0.901919 0.920814 0.939605 0.958227 0.976608 0.994665 1.012304 1.029422 1.045904 1.061627 1.076458 1.090258 1.102885 1.114194 1.124046 1.132312 1.138874 1.143635 1.146522 1.147490 1.146522 1.143635 1.138874 1.132312 1.124046 1.114194 1.102885 1.090258 1.076458 1.061627 1.045904 1.029422 1.012304 0.994665 0.976608 0.958227 0.939605 0.920814 0.901919 0.882975 0.864030 0.845124 0.826293 0.807565 0.788965 0.770514 0.752227 0.734119 0.716201 0.698480 0.680963 0.663656 0.646561 0.629680 0.613015 0.596566 0.580333 0.564313 
0.556431 0.572132 0.588030 0.604123 0.620412 0.636894 0.653567 0.670428 0.687471 0.704690 0.722077 0.739621 0.757310 0.775128 0.793057 0.811075 0.829155 0.847268 0.865377 0.883441 0.901413 0.919237 0.936853 0.954189 0.971167 0.987701 1.003695 1.019044 1.033639 1.047360 1.060087 1.071696 1.082063 1.091072 1.098612 1.104587 1.108915 1.111537 1.112415 1.111537 1.108915 1.104587 1.098612 1.091072 1.082063 1.071696 1.060087 1.047360 1.033639 1.019044 1.003695 0.987701 0.971167 0.954189 0.936853 0.919237 0.901413 0.883441 0.865377 0.847268 0.829155 0.811075 0.793057 0.775128 0.757310 0.739621 0.722077 0.704690 0.687471 0.670428 0.653567 0.636894 0.620412 0.604123 0.588030 0.572132 0.556431 
0.548298 0.563678 0.579237 0.594973 0.610884 0.626968 0.643220 0.659635 0.676208 0.692929 0.709790 0.726779 0.743880 0.761078 0.778353 0.795681 0.813035 0.830384 0.847692 0.864917 0.882012 0.898925 0.915595 0.931956 0.947935 0.963450 0.978415 0.992733 1.006307 1.019032 1.030802 1.041507 1.051045 1.059313 1.066219 1.071682 1.075635 1.078027 1.078828 1.078027 1.075635 1.071682 1.066219 1.059313 1.051045 1.041507 1.030802 1.019032 1.006307 0.992733 0.978415 0.963450 0.947935 0.931956 0.915595 0.898925 0.882012 0.864917 0.847692 0.830384 0.813035 0.795681 0.778353 0.761078 0.743880 0.726779 0.709790 0.692929 0.676208 0.659635 0.643220 0.626968 0.610884 0.594973 0.579237 0.563678 0.548298 
0.539931 0.554989 0.570208 0.585586 0.601120 0.616805 0.632638 0.648611 0.664718 0.680948 0.697291 0.713734 0.730261 0.746855 0.763493 0.780153 0.796807 0.813423 0.829964 0.846391 0.862656 0.878710 0.894495 0.909947 0.924999 0.939576 0.953597 0.966977 0.979627 0.991455 1.002367 1.012269 1.021070 1.028685 1.035034 1.040049 1.043674 1.045866 1.046599 1.045866 1.043674 1.040049 1.035034 1.028685 1.021070 1.012269 1.002367 0.991455 0.979627 0.966977 0.953597 0.939576 0.924999 0.909947 0.894495 0.878710 0.862656 0.846391 0.829964 0.813423 0.796807 0.780153 0.763493 0.746855 0.730261 0.713734 0.697291 0.680948 0.664718 0.648611 0.632638 0.616805 0.601120 0.585586 0.570208 0.554989 0.539931 
0.531349 0.546083 0.560962 0.575983 0.591140 0.606431 0.621848 0.637384 0.653030 0.668777 0.684611 0.700520 0.716486 0.732492 0.748514 0.764529 0.780509 0.796423 0.812233 0.827901 0.843382 0.858628 0.873583 0.888189 0.902383 0.916094 0.929250 0.941774 0.953587 0.964605 0.974747 0.983930 0.992077 0.999113 1.004970 1.009591 1.012927 1.014943 1.015617 1.014943 1.012927 1.009591 1.004970 0.999113 0.992077 0.983930 0.974747 0.964605 0.953587 0.941774 0.929250 0.916094 0.902383 0.888189 0.873583 0.858628 0.843382 0.827901 0.812233 0.796423 0.780509 0.764529 0.748514 0.732492 0.716486 0.700520 0.684611 0.668777 0.653030 0.637384 0.621848 0.606431 0.591140 0.575983 0.560962 0.546083 0.531349 
0.522568 0.536979 0.551519 0.566184 0.580968 0.595866 0.610872 0.625976 0.641170 0.656441 0.671778 0.687166 0.702587 0.718021 0.733448 0.748842 0.764176 0.779417 0.794531 0.809480 0.824221 0.838707 0.852886 0.866704 0.880102 0.893015 0.905378 0.917121 0.928171 0.938457 0.947906 0.956445 0.964007 0.970527 0.975948 0.980219 0.983300 0.985161 0.985784 0.985161 0.983300 0.980219 0.975948 0.970527 0.964007 0.956445 0.947906 0.938457 0.928171 0.917121 0.905378 0.893015 0.880102 0.866704 0.852886 0.838707 0.824221 0.809480 0.794531 0.779417 0.764176 0.748842 0.733448 0.718021 0.702587 0.687166 0.671778 0.656441 0.641170 0.625976 0.610872 0.595866 0.580968 0.566184 0.551519 0.536979 0.522568 
0.513604 0.527694 0.541896 0.556208 0.570622 0.585133 0.599732 0.614412 0.629161 0.643968 0.658819 0.673699 0.688590 0.703473 0.718325 0.733122 0.747835 0.762436 0.776888 0.791156 0.805198 0.818970 0.832424 0.845508 0.858168 0.870345 0.881979 0.893007 0.903364 0.912986 0.921808 0.929767 0.936805 0.942864 0.947896 0.951856 0.954711 0.956435 0.957011 0.956435 0.954711 0.951856 0.947896 0.942864 0.936805 0.929767 0.921808 0.912986 0.903364 0.893007 0.881979 0.870345 0.858168 0.845508 0.832424 0.818970 0.805198 0.791156 0.776888 0.762436 0.747835 0.733122 0.718325 0.703473 0.688590 0.673699 0.658819 0.643968 0.629161 0.614412 0.599732 0.585133 0.570622 0.556208 0.541896 0.527694 0.513604 
0.504474 0.518243 0.532111 0.546073 0.560122 0.574250 0.588451 0.602714 0.617027 0.631380 0.645758 0.660144 0.674522 0.688871 0.703170 0.717394 0.731515 0.745504 0.759328 0.772951 0.786335 0.799437 0.812212 0.824613 0.836589 0.848086 0.859049 0.869422 0.879146 0.888164 0.896419 0.903855 0.910421 0.916067 0.920750 0.924433 0.927086 0.928687 0.929222 0.928687 0.927086 0.924433 0.920750 0.916067 0.910421 0.903855 0.896419 0.888164 0.879146 0.869422 0.859049 0.848086 0.836589 0.824613 0.812212 0.799437 0.786335 0.772951 0.759328 0.745504 0.731515 0.717394 0.703170 0.688871 0.674522 0.660144 0.645758 0.631380 0.617027 0.602714 0.588451 0.574250 0.560122 0.546073 0.532111 0.518243 0.504474 
0.495192 0.508644 0.522181 0.535797 0.549485 0.563238 0.577047 0.590901 0.604789 0.618699 0.632616 0.646524 0.660406 0.674241 0.688008 0.701682 0.715237 0.728644 0.741871 0.754885 0.767649 0.780122 0.792263 0.804027 0.815367 0.826236 0.836581 0.846353 0.855499 0.863967 0.871706 0.878669 0.884808 0.890082 0.894452 0.897886 0.900358 0.901849 0.902348 0.901849 0.900358 0.897886 0.894452 0.890082 0.884808 0.878669 0.871706 0.863967 0.855499 0.846353 0.836581 0.826236 0.815367 0.804027 0.792263 0.780122 0.767649 0.754885 0.741871 0.728644 0.715237 0.701682 0.688008 0.674241 0.660406 0.646524 0.632616 0.618699 0.604789 0.590901 0.577047 0.563238 0.549485 0.535797 0.522181 0.508644 0.495192 
0.485772 0.498910 0.512120 0.525396 0.538730 0.552114 0.565538 0.578993 0.592466 0.605945 0.619415 0.632860 0.646263 0.659602 0.672858 0.686006 0.699021 0.711874 0.724536 0.736974 0.749153 0.761036 0.772583 0.783754 0.794505 0.804792 0.814568 0.823787 0.832402 0.840368 0.847639 0.854171 0.859924 0.864861 0.868949 0.872159 0.874468 0.875860 0.876326 0.875860 0.874468 0.872159 0.868949 0.864861 0.859924 0.854171 0.847639 0.840368 0.832402 0.823787 0.814568 0.804792 0.794505 0.783754 0.772583 0.761036 0.749153 0.736974 0.724536 0.711874 0.699021 0.686006 0.672858 0.659602 0.646263 0.632860 0.619415 0.605945 0.592466 0.578993 0.565538 0.552114 0.538730 0.525396 0.512120 0.498910 0.485772 
0.476229 0.489057 0.501945 0.514886 0.527871 0.540893 0.553942 0.567007 0.580077 0.593137 0.606174 0.619171 0.632111 0.644974 0.657740 0.670385 0.682884 0.695211 0.707337 0.719231 0.730860 0.742188 0.753180 0.763798 0.774001 0.783748 0.792998 0.801708 0.809837 0.817343 0.824185 0.830326 0.835729 0.840360 0.844192 0.847199 0.849362 0.850665 0.851101 0.850665 0.849362 0.847199 0.844192 0.840360 0.835729 0.830326 0.824185 0.817343 0.809837 0.801708 0.792998 0.783748 0.774001 0.763798 0.753180 0.742188 0.730860 0.719231 0.707337 0.695211 0.682884 0.670385 0.657740 0.644974 0.632111 0.619171 0.606174 0.593137 0.580077 0.567007 0.553942 0.540893 0.527871 0.514886 0.501945 0.489057 0.476229 
0.466575 0.479099 0.491669 0.504281 0.516925 0.529593 0.542275 0.554960 0.567637 0.580291 0.592908 0.605473 0.617967 0.630373 0.642669 0.654833 0.666842 0.678669 0.690287 0.701666 0.712776 0.723585 0.734057 0.744158 0.753851 0.763098 0.771861 0.780103 0.787784 0.794868 0.801319 0.807102 0.812185 0.816539 0.820139 0.822962 0.824991 0.826214 0.826623 0.826214 0.824991 0.822962 0.820139 0.816539 0.812185 0.807102 0.801319 0.794868 0.787784 0.780103 0.771861 0.763098 0.753851 0.744158 0.734057 0.723585 0.712776 0.701666 0.690287 0.678669 0.666842 0.654833 0.642669 0.630373 0.617967 0.605473 0.592908 0.580291 0.567637 0.554960 0.542275 0.529593 0.516925 0.504281 0.491669 0.479099 0.466575 
0.456824 0.469047 0.481306 0.493595 0.505905 0.518227 0.530551 0.542867 0.555161 0.567422 0.579634 0.591781 0.603847 0.615814 0.627660 0.639365 0.650906 0.662258 0.673394 0.684288 0.694910 0.705230 0.715215 0.724834 0.734052 0.742834 0.751147 0.758955 0.766224 0.772920 0.779011 0.784467 0.789258 0.793359 0.796747 0.799404 0.801312 0.802462 0.802846 0.802462 0.801312 0.799404 0.796747 0.793359 0.789258 0.784467 0.779011 0.772920 0.766224 0.758955 0.751147 0.742834 0.734052 0.724834 0.715215 0.705230 0.694910 0.684288 0.673394 0.662258 0.650906 0.639365 0.627660 0.615814 0.603847 0.591781 0.579634 0.567422 0.555161 0.542867 0.530551 0.518227 0.505905 0.493595 0.481306 0.469047 0.456824 
0.446986 0.458914 0.470868 0.482840 0.494824 0.506808 0.518784 0.530740 0.542665 0.554544 0.566364 0.578110 0.589764 0.601309 0.612725 0.623992 0.635087 0.645988 0.656668 0.667103 0.677265 0.687126 0.696655 0.705823 0.714597 0.722948 0.730843 0.738250 0.745138 0.751477 0.757238 0.762393 0.766917 0.770787 0.773982 0.776485 0.778283 0.779366 0.779728 0.779366 0.778283 0.776485 0.773982 0.770787 0.766917 0.762393 0.757238 0.751477 0.745138 0.738250 0.730843 0.722948 0.714597 0.705823 0.696655 0.687126 0.677265 0.667103 0.656668 0.645988 0.635087 0.623992 0.612725 0.601309 0.589764 0.578110 0.566364 0.554544 0.542665 0.530740 0.518784 0.506808 0.494824 0.482840 0.470868 0.458914 0.446986 
0.437074 0.448711 0.460366 0.472029 0.483694 0.495350 0.506987 0.518594 0.530160 0.541670 0.553113 0.564471 0.575729 0.586870 0.597875 0.608723 0.619394 0.629866 0.640115 0.650117 0.659845 0.669274 0.678375 0.687121 0.695482 0.703431 0.710937 0.717973 0.724509 0.730518 0.735975 0.740854 0.745132 0.748790 0.751808 0.754172 0.755869 0.756891 0.757232 0.756891 0.755869 0.754172 0.751808 0.748790 0.745132 0.740854 0.735975 0.730518 0.724509 0.717973 0.710937 0.703431 0.695482 0.687121 0.678375 0.669274 0.659845 0.650117 0.640115 0.629866 0.619394 0.608723 0.597875 0.586870 0.575729 0.564471 0.553113 0.541670 0.530160 0.518594 0.506987 0.495350 0.483694 0.472029 0.460366 0.448711 0.437074 
0.427097 0.438450 0.449812 0.461174 0.472527 0.483862 0.495170 0.506439 0.517657 0.528812 0.539890 0.550876 0.561754 0.572507 0.583118 0.593567 0.603835 0.613900 0.623740 0.633332 0.642651 0.651674 0.660373 0.668724 0.676700 0.684273 0.691418 0.698109 0.704319 0.710024 0.715199 0.719824 0.723876 0.727338 0.730194 0.732430 0.734035 0.735001 0.735323 0.735001 0.734035 0.732430 0.730194 0.727338 0.723876 0.719824 0.715199 0.710024 0.704319 0.698109 0.691418 0.684273 0.676700 0.668724 0.660373 0.651674 0.642651 0.633332 0.623740 0.613900 0.603835 0.593567 0.583118 0.572507 0.561754 0.550876 0.539890 0.528812 0.517657 0.506439 0.495170 0.483862 0.472527 0.461174 0.449812 0.438450 0.427097 
0.417065 0.428141 0.439216 0.450283 0.461333 0.472357 0.483345 0.494286 0.505168 0.515979 0.526705 0.537333 0.547846 0.558229 0.568463 0.578532 0.588416 0.598094 0.607547 0.616751 0.625685 0.634325 0.642647 0.650627 0.658242 0.665466 0.672275 0.678644 0.684552 0.689974 0.694890 0.699279 0.703123 0.706406 0.709112 0.711230 0.712750 0.713664 0.713970 0.713664 0.712750 0.711230 0.709112 0.706406 0.703123 0.699279 0.694890 0.689974 0.684552 0.678644 0.672275 0.665466 0.658242 0.650627 0.642647 0.634325 0.625685 0.616751 0.607547 0.598094 0.588416 0.578532 0.568463 0.558229 0.547846 0.537333 0.526705 0.515979 0.505168 0.494286 0.483345 0.472357 0.461333 0.450283 0.439216 0.428141 0.417065 
0.406988 0.417792 0.428587 0.439367 0.450122 0.460843 0.471521 0.482144 0.492702 0.503181 0.513569 0.523852 0.534015 0.544042 0.553917 0.563623 0.573141 0.582453 0.591537 0.600375 0.608945 0.617225 0.625192 0.632826 0.640102 0.646999 0.653494 0.659565 0.665191 0.670351 0.675026 0.679198 0.682850 0.685966 0.688535 0.690544 0.691986 0.692853 0.693143 0.692853 0.691986 0.690544 0.688535 0.685966 0.682850 0.679198 0.675026 0.670351 0.665191 0.659565 0.653494 0.646999 0.640102 0.632826 0.625192 0.617225 0.608945 0.600375 0.591537 0.582453 0.573141 0.563623 0.553917 0.544042 0.534015 0.523852 0.513569 0.503181 0.492702 0.482144 0.471521 0.460843 0.450122 0.439367 0.428587 0.417792 0.406988 
