53 53
5.145285e-01 0 5
-0.985321 -0.968277 -0.951315 -0.934463 -0.917753 -0.901218 -0.884895 -0.868825 -0.853054 -0.837627 -0.822598 -0.808020 -0.793952 -0.780454 -0.767590 -0.755426 -0.744027 -0.733460 -0.723790 -0.715082 -0.707396 -0.700787 -0.695306 -0.690996 -0.687892 -0.686019 -0.685393 -0.686019 -0.687892 -0.690996 -0.695306 -0.700787 -0.707396 -0.715082 -0.723790 -0.733460 -0.744027 -0.755426 -0.767590 -0.780454 -0.793952 -0.808020 -0.822598 -0.837627 -0.853054 -0.868825 -0.884895 -0.901218 -0.917753 -0.934463 -0.951315 -0.968277 -0.985321 
-0.968617 -0.950963 -0.933367 -0.915860 -0.898470 -0.881235 -0.864192 -0.847383 -0.830856 -0.814660 -0.798852 -0.783488 -0.768633 -0.754352 -0.740716 -0.727797 -0.715668 -0.704404 -0.694079 -0.684766 -0.676534 -0.669447 -0.663563 -0.658932 -0.655594 -0.653579 -0.652905 -0.653579 -0.655594 -0.658932 -0.663563 -0.669447 -0.676534 -0.684766 -0.694079 -0.704404 -0.715668 -0.727797 -0.740716 -0.754352 -0.768633 -0.783488 -0.798852 -0.814660 -0.830856 -0.847383 -0.864192 -0.881235 -0.898470 -0.915860 -0.933367 -0.950963 -0.968617 
-0.952019 -0.933733 -0.915480 -0.897288 -0.879189 -0.861219 -0.843417 -0.825827 -0.808497 -0.791482 -0.774839 -0.758631 -0.742926 -0.727797 -0.713320 -0.699575 -0.686644 -0.674613 -0.663563 -0.653579 -0.644739 -0.637118 -0.630782 -0.625790 -0.622190 -0.620015 -0.619287 -0.620015 -0.622190 -0.625790 -0.630782 -0.637118 -0.644739 -0.653579 -0.663563 -0.674613 -0.686644 -0.699575 -0.713320 -0.727797 -0.742926 -0.758631 -0.774839 -0.791482 -0.808497 -0.825827 -0.843417 -0.861219 -0.879189 -0.897288 -0.915480 -0.933733 -0.952019 
-0.935557 -0.916618 -0.897683 -0.878779 -0.859939 -0.841199 -0.822598 -0.804182 -0.786001 -0.768112 -0.750576 -0.733460 -0.716837 -0.700787 -0.685393 -0.670744 -0.656932 -0.644052 -0.632198 -0.621466 -0.611947 -0.603726 -0.596883 -0.591485 -0.587587 -0.585232 -0.584444 -0.585232 -0.587587 -0.591485 -0.596883 -0.603726 -0.611947 -0.621466 -0.632198 -0.644052 -0.656932 -0.670744 -0.685393 -0.700787 -0.716837 -0.733460 -0.750576 -0.768112 -0.786001 -0.804182 -0.822598 -0.841199 -0.859939 -0.878779 -0.897683 -0.916618 -0.935557 
-0.919262 -0.899650 -0.880009 -0.860366 -0.840754 -0.821207 -0.801767 -0.782479 -0.763396 -0.744576 -0.726084 -0.707992 -0.690377 -0.673327 -0.656932 -0.641291 -0.626507 -0.612686 -0.599938 -0.588369 -0.578088 -0.569192 -0.561775 -0.555916 -0.551682 -0.549121 -0.548264 -0.549121 -0.551682 -0.555916 -0.561775 -0.569192 -0.578088 -0.588369 -0.599938 -0.612686 -0.626507 -0.641291 -0.656932 -0.673327 -0.690377 -0.707992 -0.726084 -0.744576 -0.763396 -0.782479 -0.801767 -0.821207 -0.840754 -0.860366 -0.880009 -0.899650 -0.919262 
-0.903170 -0.882865 -0.862495 -0.842087 -0.821671 -0.801282 -0.780961 -0.760755 -0.740716 -0.720906 -0.701392 -0.682249 -0.663563 -0.645425 -0.627937 -0.611206 -0.595347 -0.580482 -0.566734 -0.554228 -0.543086 -0.533427 -0.525358 -0.518974 -0.514356 -0.511560 -0.510624 -0.511560 -0.514356 -0.518974 -0.525358 -0.533427 -0.543086 -0.554228 -0.566734 -0.580482 -0.595347 -0.611206 -0.627937 -0.645425 -0.663563 -0.682249 -0.701392 -0.720906 -0.740716 -0.760755 -0.780961 -0.801282 -0.821671 -0.842087 -0.862495 -0.882865 -0.903170 
-0.887319 -0.866304 -0.845184 -0.823984 -0.802734 -0.781468 -0.760225 -0.739052 -0.718004 -0.697141 -0.676534 -0.656263 -0.636418 -0.617098 -0.598413 -0.580482 -0.563434 -0.547406 -0.532538 -0.518974 -0.506859 -0.496331 -0.487517 -0.480533 -0.475472 -0.472406 -0.471379 -0.472406 -0.475472 -0.480533 -0.487517 -0.496331 -0.506859 -0.518974 -0.532538 -0.547406 -0.563434 -0.580482 -0.598413 -0.617098 -0.636418 -0.656263 -0.676534 -0.697141 -0.718004 -0.739052 -0.760225 -0.781468 -0.802734 -0.823984 -0.845184 -0.866304 -0.887319 
-0.871750 -0.850009 -0.828120 -0.806105 -0.783992 -0.761813 -0.739608 -0.717421 -0.695306 -0.673327 -0.651555 -0.630072 -0.608975 -0.588369 -0.568374 -0.549121 -0.530754 -0.513426 -0.497299 -0.482540 -0.469318 -0.457795 -0.448126 -0.440448 -0.434875 -0.431496 -0.430363 -0.431496 -0.434875 -0.440448 -0.448126 -0.457795 -0.469318 -0.482540 -0.497299 -0.513426 -0.530754 -0.549121 -0.568374 -0.588369 -0.608975 -0.630072 -0.651555 -0.673327 -0.695306 -0.717421 -0.739608 -0.761813 -0.783992 -0.806105 -0.828120 -0.850009 -0.871750 
-0.856509 -0.834028 -0.811352 -0.788501 -0.765498 -0.742375 -0.719167 -0.695919 -0.672683 -0.649521 -0.626507 -0.603726 -0.581277 -0.559274 -0.537844 -0.517133 -0.497299 -0.478516 -0.460969 -0.444852 -0.430363 -0.417697 -0.407038 -0.398554 -0.392385 -0.388639 -0.387383 -0.388639 -0.392385 -0.398554 -0.407038 -0.417697 -0.430363 -0.444852 -0.460969 -0.478516 -0.497299 -0.517133 -0.537844 -0.559274 -0.581277 -0.603726 -0.626507 -0.649521 -0.672683 -0.695919 -0.719167 -0.742375 -0.765498 -0.788501 -0.811352 -0.834028 -0.856509 
-0.841643 -0.818413 -0.794936 -0.771229 -0.747313 -0.723215 -0.698968 -0.674613 -0.650200 -0.625790 -0.601457 -0.577286 -0.553381 -0.529859 -0.506859 -0.484538 -0.463072 -0.442656 -0.423502 -0.405836 -0.389891 -0.375901 -0.364089 -0.354660 -0.347790 -0.343612 -0.342210 -0.343612 -0.347790 -0.354660 -0.364089 -0.375901 -0.389891 -0.405836 -0.423502 -0.442656 -0.463072 -0.484538 -0.506859 -0.529859 -0.553381 -0.577286 -0.601457 -0.625790 -0.650200 -0.674613 -0.698968 -0.723215 -0.747313 -0.771229 -0.794936 -0.818413 -0.841643 
-0.827204 -0.803217 -0.778929 -0.754352 -0.729503 -0.704404 -0.679083 -0.653579 -0.627937 -0.602215 -0.576484 -0.550830 -0.525358 -0.500190 -0.475472 -0.451374 -0.428089 -0.405836 -0.384859 -0.365418 -0.347790 -0.332256 -0.319091 -0.308547 -0.300844 -0.296151 -0.294575 -0.296151 -0.300844 -0.308547 -0.319091 -0.332256 -0.347790 -0.365418 -0.384859 -0.405836 -0.428089 -0.451374 -0.475472 -0.500190 -0.525358 -0.550830 -0.576484 -0.602215 -0.627937 -0.653579 -0.679083 -0.704404 -0.729503 -0.754352 -0.778929 -0.803217 -0.827204 
-0.813245 -0.788501 -0.763396 -0.737939 -0.712141 -0.686019 -0.659596 -0.632904 -0.605983 -0.578887 -0.551682 -0.524452 -0.497299 -0.470350 -0.443756 -0.417697 -0.392385 -0.368064 -0.345009 -0.323527 -0.303943 -0.286598 -0.271830 -0.259957 -0.251255 -0.245942 -0.244155 -0.245942 -0.251255 -0.259957 -0.271830 -0.286598 -0.303943 -0.323527 -0.345009 -0.368064 -0.392385 -0.417697 -0.443756 -0.470350 -0.497299 -0.524452 -0.551682 -0.578887 -0.605983 -0.632904 -0.659596 -0.686019 -0.712141 -0.737939 -0.763396 -0.788501 -0.813245 
-0.799825 -0.774325 -0.748403 -0.722062 -0.695306 -0.668146 -0.640598 -0.612686 -0.584444 -0.555916 -0.527164 -0.498265 -0.469318 -0.440448 -0.411809 -0.383591 -0.356021 -0.329367 -0.303943 -0.280101 -0.258231 -0.238746 -0.222064 -0.208587 -0.198673 -0.192603 -0.190559 -0.192603 -0.198673 -0.208587 -0.222064 -0.238746 -0.258231 -0.280101 -0.303943 -0.329367 -0.356021 -0.383591 -0.411809 -0.440448 -0.469318 -0.498265 -0.527164 -0.555916 -0.584444 -0.612686 -0.640598 -0.668146 -0.695306 -0.722062 -0.748403 -0.774325 -0.799825 
-0.787003 -0.760755 -0.734022 -0.706799 -0.679083 -0.650878 -0.622190 -0.593034 -0.563434 -0.533427 -0.503061 -0.472406 -0.441553 -0.410621 -0.379764 -0.349173 -0.319091 -0.289808 -0.261674 -0.235098 -0.210541 -0.188504 -0.169514 -0.154084 -0.142679 -0.135673 -0.133310 -0.135673 -0.142679 -0.154084 -0.169514 -0.188504 -0.210541 -0.235098 -0.261674 -0.289808 -0.319091 -0.349173 -0.379764 -0.410621 -0.441553 -0.472406 -0.503061 -0.533427 -0.563434 -0.593034 -0.622190 -0.650878 -0.679083 -0.706799 -0.734022 -0.760755 -0.787003 
-0.774839 -0.747858 -0.720327 -0.692232 -0.663563 -0.634313 -0.604480 -0.574067 -0.543086 -0.511560 -0.479526 -0.447038 -0.414174 -0.381043 -0.347790 -0.314605 -0.281735 -0.249492 -0.218260 -0.188504 -0.160771 -0.135673 -0.113869 -0.096026 -0.082760 -0.074577 -0.071810 -0.074577 -0.082760 -0.096026 -0.113869 -0.135673 -0.160771 -0.188504 -0.218260 -0.249492 -0.281735 -0.314605 -0.347790 -0.381043 -0.414174 -0.447038 -0.479526 -0.511560 -0.543086 -0.574067 -0.604480 -0.634313 -0.663563 -0.692232 -0.720327 -0.747858 -0.774839 
-0.763396 -0.735705 -0.707396 -0.678447 -0.648841 -0.618559 -0.587587 -0.555916 -0.523544 -0.490476 -0.456732 -0.422348 -0.387383 -0.351926 -0.316106 -0.280101 -0.244155 -0.208587 -0.173814 -0.140357 -0.108854 -0.080051 -0.054782 -0.033917 -0.018288 -0.008596 -0.005310 -0.008596 -0.018288 -0.033917 -0.054782 -0.080051 -0.108854 -0.140357 -0.173814 -0.208587 -0.244155 -0.280101 -0.316106 -0.351926 -0.387383 -0.422348 -0.456732 -0.490476 -0.523544 -0.555916 -0.587587 -0.618559 -0.648841 -0.678447 -0.707396 -0.735705 -0.763396 
-0.752738 -0.724365 -0.695306 -0.665533 -0.635016 -0.603726 -0.571636 -0.538722 -0.504965 -0.470350 -0.434875 -0.398554 -0.361417 -0.323527 -0.284984 -0.245942 -0.206624 -0.167346 -0.128539 -0.090774 -0.054782 -0.021465 0.008123 0.032833 0.051519 0.063189 0.067160 0.063189 0.051519 0.032833 0.008123 -0.021465 -0.054782 -0.090774 -0.128539 -0.167346 -0.206624 -0.245942 -0.284984 -0.323527 -0.361417 -0.398554 -0.434875 -0.470350 -0.504965 -0.538722 -0.571636 -0.603726 -0.635016 -0.665533 -0.695306 -0.724365 -0.752738 
-0.742926 -0.713908 -0.684138 -0.653579 -0.622190 -0.589930 -0.556758 -0.522634 -0.487517 -0.451374 -0.414174 -0.375901 -0.336552 -0.296151 -0.254758 -0.212484 -0.169514 -0.126132 -0.082760 -0.039994 0.001348 0.040197 0.075229 0.104911 0.127642 0.141972 0.146873 0.141972 0.127642 0.104911 0.075229 0.040197 0.001348 -0.039994 -0.082760 -0.126132 -0.169514 -0.212484 -0.254758 -0.296151 -0.336552 -0.375901 -0.414174 -0.451374 -0.487517 -0.522634 -0.556758 -0.589930 -0.622190 -0.653579 -0.684138 -0.713908 -0.742926 
-0.734022 -0.704404 -0.673970 -0.642673 -0.610463 -0.577286 -0.543086 -0.507804 -0.471379 -0.433752 -0.394863 -0.354660 -0.313099 -0.270155 -0.225831 -0.180177 -0.133310 -0.085450 -0.036968 0.011557 0.059259 0.104911 0.146873 0.183103 0.211322 0.229342 0.235548 0.229342 0.211322 0.183103 0.146873 0.104911 0.059259 0.011557 -0.036968 -0.085450 -0.133310 -0.180177 -0.225831 -0.270155 -0.313099 -0.354660 -0.394863 -0.433752 -0.471379 -0.507804 -0.543086 -0.577286 -0.610463 -0.642673 -0.673970 -0.704404 -0.734022 
-0.726084 -0.695919 -0.664877 -0.632904 -0.599938 -0.565911 -0.530754 -0.494388 -0.456732 -0.417697 -0.377192 -0.335125 -0.291403 -0.245942 -0.198673 -0.149561 -0.098626 -0.045978 0.008123 0.063189 0.118384 0.172388 0.223237 0.268246 0.304123 0.327460 0.335580 0.327460 0.304123 0.268246 0.223237 0.172388 0.118384 0.063189 0.008123 -0.045978 -0.098626 -0.149561 -0.198673 -0.245942 -0.291403 -0.335125 -0.377192 -0.417697 -0.456732 -0.494388 -0.530754 -0.565911 -0.599938 -0.632904 -0.664877 -0.695919 -0.726084 
-0.719167 -0.688515 -0.656932 -0.624354 -0.590708 -0.555916 -0.519892 -0.482540 -0.443756 -0.403423 -0.361417 -0.317601 -0.271830 -0.223952 -0.173814 -0.121273 -0.066217 -0.008596 0.051519 0.113840 0.177707 0.241861 0.304123 0.361081 0.407988 0.439337 0.450419 0.439337 0.407988 0.361081 0.304123 0.241861 0.177707 0.113840 0.051519 -0.008596 -0.066217 -0.121273 -0.173814 -0.223952 -0.271830 -0.317601 -0.361417 -0.403423 -0.443756 -0.482540 -0.519892 -0.555916 -0.590708 -0.624354 -0.656932 -0.688515 -0.719167 
-0.713320 -0.682249 -0.650200 -0.617098 -0.582863 -0.547406 -0.510624 -0.472406 -0.432625 -0.391140 -0.347790 -0.302397 -0.254758 -0.204651 -0.151829 -0.096026 -0.036968 0.025608 0.091903 0.161972 0.235548 0.311739 0.388496 0.461850 0.525147 0.569256 0.585251 0.569256 0.525147 0.461850 0.388496 0.311739 0.235548 0.161972 0.091903 0.025608 -0.036968 -0.096026 -0.151829 -0.204651 -0.254758 -0.302397 -0.347790 -0.391140 -0.432625 -0.472406 -0.510624 -0.547406 -0.582863 -0.617098 -0.650200 -0.682249 -0.713320 
-0.708587 -0.677173 -0.644739 -0.611206 -0.576484 -0.540473 -0.503061 -0.464119 -0.423502 -0.381043 -0.336552 -0.289808 -0.240557 -0.188504 -0.133310 -0.074577 -0.011854 0.055369 0.127642 0.205504 0.289350 0.379127 0.473653 0.569256 0.657503 0.723277 0.748217 0.723277 0.657503 0.569256 0.473653 0.379127 0.289350 0.205504 0.127642 0.055369 -0.011854 -0.074577 -0.133310 -0.188504 -0.240557 -0.289808 -0.336552 -0.381043 -0.423502 -0.464119 -0.503061 -0.540473 -0.576484 -0.611206 -0.644739 -0.677173 -0.708587 
-0.705004 -0.673327 -0.640598 -0.606733 -0.571636 -0.535199 -0.497299 -0.457795 -0.416526 -0.373305 -0.327915 -0.280101 -0.229564 -0.175946 -0.118821 -0.057673 0.008123 0.079329 0.156871 0.241861 0.335580 0.439337 0.553944 0.678106 0.804078 0.909046 0.952396 0.909046 0.804078 0.678106 0.553944 0.439337 0.335580 0.241861 0.156871 0.079329 0.008123 -0.057673 -0.118821 -0.175946 -0.229564 -0.280101 -0.327915 -0.373305 -0.416526 -0.457795 -0.497299 -0.535199 -0.571636 -0.606733 -0.640598 -0.673327 -0.705004 
-0.702599 -0.670744 -0.637816 -0.603726 -0.568374 -0.531647 -0.493413 -0.453525 -0.411809 -0.368064 -0.322053 -0.273498 -0.222064 -0.167346 -0.108854 -0.045978 0.022046 0.096190 0.177707 0.268246 0.369993 0.485855 0.619555 0.775047 0.952396 1.128864 1.215609 1.128864 0.952396 0.775047 0.619555 0.485855 0.369993 0.268246 0.177707 0.096190 0.022046 -0.045978 -0.108854 -0.167346 -0.222064 -0.273498 -0.322053 -0.368064 -0.411809 -0.453525 -0.493413 -0.531647 -0.568374 -0.603726 -0.637816 -0.670744 -0.702599 
-0.701392 -0.669447 -0.636418 -0.602215 -0.566734 -0.529859 -0.491457 -0.451374 -0.409430 -0.365418 -0.319091 -0.270155 -0.218260 -0.162975 -0.103774 -0.039994 0.029203 0.104911 0.188578 0.282180 0.388496 0.511568 0.657503 0.835713 1.059602 1.332055 1.511042 1.332055 1.059602 0.835713 0.657503 0.511568 0.388496 0.282180 0.188578 0.104911 0.029203 -0.039994 -0.103774 -0.162975 -0.218260 -0.270155 -0.319091 -0.365418 -0.409430 -0.451374 -0.491457 -0.529859 -0.566734 -0.602215 -0.636418 -0.669447 -0.701392 
-0.701241 -0.669285 -0.636243 -0.602025 -0.566528 -0.529635 -0.491212 -0.451104 -0.409132 -0.365086 -0.318719 -0.269735 -0.217782 -0.162425 -0.103134 -0.039240 0.030107 0.106016 0.189960 0.283960 0.390876 0.514915 0.662542 0.844085 1.075661 1.368673 1.576237 1.368673 1.075661 0.844085 0.662542 0.514915 0.390876 0.283960 0.189960 0.106016 0.030107 -0.039240 -0.103134 -0.162425 -0.217782 -0.269735 -0.318719 -0.365086 -0.409132 -0.451104 -0.491212 -0.529635 -0.566528 -0.602025 -0.636243 -0.669285 -0.701241 
-0.701398 -0.669454 -0.636426 -0.602223 -0.566743 -0.529869 -0.491468 -0.451385 -0.409443 -0.365432 -0.319107 -0.270173 -0.218280 -0.162999 -0.103801 -0.040027 0.029164 0.104863 0.188518 0.282103 0.388393 0.511424 0.657285 0.835354 1.058921 1.330550 1.508480 1.330550 1.058921 0.835354 0.657285 0.511424 0.388393 0.282103 0.188518 0.104863 0.029164 -0.040027 -0.103801 -0.162999 -0.218280 -0.270173 -0.319107 -0.365432 -0.409443 -0.451385 -0.491468 -0.529869 -0.566743 -0.602223 -0.636426 -0.669454 -0.701398 
-0.702619 -0.670765 -0.637839 -0.603751 -0.568401 -0.531676 -0.493445 -0.453560 -0.411847 -0.368106 -0.322101 -0.273552 -0.222125 -0.167417 -0.108936 -0.046074 0.021932 0.096050 0.177534 0.268025 0.369701 0.485453 0.618973 0.774146 0.950906 1.126392 1.212431 1.126392 0.950906 0.774146 0.618973 0.485453 0.369701 0.268025 0.177534 0.096050 0.021932 -0.046074 -0.108936 -0.167417 -0.222125 -0.273552 -0.322101 -0.368106 -0.411847 -0.453560 -0.493445 -0.531676 -0.568401 -0.603751 -0.637839 -0.670765 -0.702619 
-0.705036 -0.673361 -0.640636 -0.606774 -0.571680 -0.535247 -0.497351 -0.457852 -0.416589 -0.373375 -0.327993 -0.280190 -0.229664 -0.176061 -0.118953 -0.057828 0.007939 0.079107 0.156598 0.241518 0.335138 0.438750 0.553137 0.676966 0.802453 0.906857 0.949919 0.906857 0.802453 0.676966 0.553137 0.438750 0.335138 0.241518 0.156598 0.079107 0.007939 -0.057828 -0.118953 -0.176061 -0.229664 -0.280190 -0.327993 -0.373375 -0.416589 -0.457852 -0.497351 -0.535247 -0.571680 -0.606774 -0.640636 -0.673361 -0.705036 
-0.708632 -0.677221 -0.644791 -0.611261 -0.576544 -0.540539 -0.503133 -0.464198 -0.423589 -0.381140 -0.336659 -0.289928 -0.240693 -0.188660 -0.133488 -0.074785 -0.012098 0.055078 0.127289 0.205070 0.288805 0.378431 0.472750 0.568079 0.655998 0.721467 0.746276 0.721467 0.655998 0.568079 0.472750 0.378431 0.288805 0.205070 0.127289 0.055078 -0.012098 -0.074785 -0.133488 -0.188660 -0.240693 -0.289928 -0.336659 -0.381140 -0.423589 -0.464198 -0.503133 -0.540539 -0.576544 -0.611261 -0.644791 -0.677221 -0.708632 
-0.713377 -0.682311 -0.650266 -0.617169 -0.582940 -0.547489 -0.510715 -0.472505 -0.432735 -0.391261 -0.347924 -0.302547 -0.254927 -0.204843 -0.152048 -0.096279 -0.037262 0.025262 0.091491 0.161475 0.234943 0.310994 0.387578 0.460727 0.523809 0.567744 0.583670 0.567744 0.523809 0.460727 0.387578 0.310994 0.234943 0.161475 0.091491 0.025262 -0.037262 -0.096279 -0.152048 -0.204843 -0.254927 -0.302547 -0.347924 -0.391261 -0.432735 -0.472505 -0.510715 -0.547489 -0.582940 -0.617169 -0.650266 -0.682311 -0.713377 
-0.719236 -0.688588 -0.657011 -0.624439 -0.590800 -0.556016 -0.520001 -0.482659 -0.443885 -0.403566 -0.361575 -0.317778 -0.272028 -0.224175 -0.174067 -0.121563 -0.066550 -0.008983 0.051066 0.113305 0.177074 0.241108 0.303233 0.360041 0.406805 0.438048 0.449090 0.438048 0.406805 0.360041 0.303233 0.241108 0.177074 0.113305 0.051066 -0.008983 -0.066550 -0.121563 -0.174067 -0.224175 -0.272028 -0.317778 -0.361575 -0.403566 -0.443885 -0.482659 -0.520001 -0.556016 -0.590800 -0.624439 -0.657011 -0.688588 -0.719236 
-0.726164 -0.696004 -0.664969 -0.633003 -0.600044 -0.566026 -0.530879 -0.494524 -0.456880 -0.417860 -0.377373 -0.335325 -0.291625 -0.246191 -0.198954 -0.149879 -0.098988 -0.046393 0.007646 0.062637 0.117746 0.171650 0.222392 0.267291 0.303071 0.326338 0.334434 0.326338 0.303071 0.267291 0.222392 0.171650 0.117746 0.062637 0.007646 -0.046393 -0.098988 -0.149879 -0.198954 -0.246191 -0.291625 -0.335325 -0.377373 -0.417860 -0.456880 -0.494524 -0.530879 -0.566026 -0.600044 -0.633003 -0.664969 -0.696004 -0.726164 
-0.734113 -0.704501 -0.674074 -0.642785 -0.610583 -0.577416 -0.543226 -0.507956 -0.471545 -0.433933 -0.395063 -0.354880 -0.313343 -0.270426 -0.226134 -0.180516 -0.133692 -0.085882 -0.037457 0.011001 0.058629 0.104200 0.146078 0.182227 0.210377 0.228350 0.234540 0.228350 0.210377 0.182227 0.146078 0.104200 0.058629 0.011001 -0.037457 -0.085882 -0.133692 -0.180516 -0.226134 -0.270426 -0.313343 -0.354880 -0.395063 -0.433933 -0.471545 -0.507956 -0.543226 -0.577416 -0.610583 -0.642785 -0.674074 -0.704501 -0.734113 
-0.743027 -0.714015 -0.684253 -0.653702 -0.622322 -0.590072 -0.556912 -0.522800 -0.487698 -0.451571 -0.414390 -0.376137 -0.336812 -0.296439 -0.255077 -0.212839 -0.169909 -0.126574 -0.083253 -0.040545 0.000734 0.039518 0.074484 0.104106 0.126787 0.141083 0.145972 0.141083 0.126787 0.104106 0.074484 0.039518 0.000734 -0.040545 -0.083253 -0.126574 -0.169909 -0.212839 -0.255077 -0.296439 -0.336812 -0.376137 -0.414390 -0.451571 -0.487698 -0.522800 -0.556912 -0.590072 -0.622322 -0.653702 -0.684253 -0.714015 -0.743027 
-0.752848 -0.724482 -0.695431 -0.665667 -0.635159 -0.603880 -0.571802 -0.538902 -0.505158 -0.470560 -0.435105 -0.398804 -0.361691 -0.323827 -0.285314 -0.246306 -0.207026 -0.167790 -0.129029 -0.091314 -0.055374 -0.022111 0.007426 0.032089 0.050737 0.062382 0.066345 0.062382 0.050737 0.032089 0.007426 -0.022111 -0.055374 -0.091314 -0.129029 -0.167790 -0.207026 -0.246306 -0.285314 -0.323827 -0.361691 -0.398804 -0.435105 -0.470560 -0.505158 -0.538902 -0.571802 -0.603880 -0.635159 -0.665667 -0.695431 -0.724482 -0.752848 
-0.763515 -0.735831 -0.707530 -0.678591 -0.648995 -0.618723 -0.587764 -0.556107 -0.523749 -0.490698 -0.456972 -0.422609 -0.387667 -0.352236 -0.316444 -0.280471 -0.244559 -0.209029 -0.174296 -0.140883 -0.109424 -0.080665 -0.055437 -0.034608 -0.019008 -0.009334 -0.006054 -0.009334 -0.019008 -0.034608 -0.055437 -0.080665 -0.109424 -0.140883 -0.174296 -0.209029 -0.244559 -0.280471 -0.316444 -0.352236 -0.387667 -0.422609 -0.456972 -0.490698 -0.523749 -0.556107 -0.587764 -0.618723 -0.648995 -0.678591 -0.707530 -0.735831 -0.763515 
-0.774966 -0.747993 -0.720470 -0.692385 -0.663726 -0.634487 -0.604666 -0.574267 -0.543301 -0.511791 -0.479775 -0.447307 -0.414466 -0.381359 -0.348133 -0.314977 -0.282138 -0.249928 -0.218732 -0.189014 -0.161317 -0.136255 -0.114485 -0.096671 -0.083427 -0.075258 -0.072496 -0.075258 -0.083427 -0.096671 -0.114485 -0.136255 -0.161317 -0.189014 -0.218732 -0.249928 -0.282138 -0.314977 -0.348133 -0.381359 -0.414466 -0.447307 -0.479775 -0.511791 -0.543301 -0.574267 -0.604666 -0.634487 -0.663726 -0.692385 -0.720470 -0.747993 -0.774966 
-0.787137 -0.760897 -0.734173 -0.706959 -0.679254 -0.651060 -0.622384 -0.593242 -0.563657 -0.533665 -0.503317 -0.472682 -0.441850 -0.410941 -0.380108 -0.349544 -0.319490 -0.290237 -0.262135 -0.235590 -0.211064 -0.189058 -0.170095 -0.154687 -0.143300 -0.136306 -0.133946 -0.136306 -0.143300 -0.154687 -0.170095 -0.189058 -0.211064 -0.235590 -0.262135 -0.290237 -0.319490 -0.349544 -0.380108 -0.410941 -0.441850 -0.472682 -0.503317 -0.533665 -0.563657 -0.593242 -0.622384 -0.651060 -0.679254 -0.706959 -0.734173 -0.760897 -0.787137 
-0.799966 -0.774474 -0.748561 -0.722229 -0.695484 -0.668335 -0.640800 -0.612901 -0.584673 -0.556161 -0.527426 -0.498545 -0.469618 -0.440769 -0.412153 -0.383959 -0.356414 -0.329788 -0.304391 -0.280576 -0.258733 -0.239272 -0.222613 -0.209155 -0.199255 -0.193195 -0.191154 -0.193195 -0.199255 -0.209155 -0.222613 -0.239272 -0.258733 -0.280576 -0.304391 -0.329788 -0.356414 -0.383959 -0.412153 -0.440769 -0.469618 -0.498545 -0.527426 -0.556161 -0.584673 -0.612901 -0.640800 -0.668335 -0.695484 -0.722229 -0.748561 -0.774474 -0.799966 
-0.813393 -0.788656 -0.763560 -0.738113 -0.712325 -0.686214 -0.659803 -0.633124 -0.606217 -0.579136 -0.551947 -0.524734 -0.497600 -0.470671 -0.444098 -0.418061 -0.392772 -0.368475 -0.345444 -0.323985 -0.304424 -0.287100 -0.272351 -0.260493 -0.251803 -0.246497 -0.244713 -0.246497 -0.251803 -0.260493 -0.272351 -0.287100 -0.304424 -0.323985 -0.345444 -0.368475 -0.392772 -0.418061 -0.444098 -0.470671 -0.497600 -0.524734 -0.551947 -0.579136 -0.606217 -0.633124 -0.659803 -0.686214 -0.712325 -0.738113 -0.763560 -0.788656 -0.813393 
-0.827356 -0.803378 -0.779099 -0.754531 -0.729692 -0.704604 -0.679295 -0.653803 -0.628174 -0.602467 -0.576751 -0.551114 -0.525659 -0.500510 -0.475811 -0.451733 -0.428469 -0.406237 -0.385280 -0.365860 -0.348252 -0.332736 -0.319586 -0.309055 -0.301362 -0.296675 -0.295101 -0.296675 -0.301362 -0.309055 -0.319586 -0.332736 -0.348252 -0.365860 -0.385280 -0.406237 -0.428469 -0.451733 -0.475811 -0.500510 -0.525659 -0.551114 -0.576751 -0.602467 -0.628174 -0.653803 -0.679295 -0.704604 -0.729692 -0.754531 -0.779099 -0.803378 -0.827356 
-0.841801 -0.818578 -0.795110 -0.771413 -0.747507 -0.723419 -0.699183 -0.674840 -0.650440 -0.626045 -0.601726 -0.577571 -0.553681 -0.530177 -0.507195 -0.484892 -0.463444 -0.443046 -0.423911 -0.406263 -0.390335 -0.376359 -0.364561 -0.355143 -0.348281 -0.344108 -0.342708 -0.344108 -0.348281 -0.355143 -0.364561 -0.376359 -0.390335 -0.406263 -0.423911 -0.443046 -0.463444 -0.484892 -0.507195 -0.530177 -0.553681 -0.577571 -0.601726 -0.626045 -0.650440 -0.674840 -0.699183 -0.723419 -0.747507 -0.771413 -0.795110 -0.818578 -0.841801 
-0.856671 -0.834198 -0.811530 -0.788688 -0.765695 -0.742582 -0.719385 -0.696149 -0.672925 -0.649776 -0.626776 -0.604010 -0.581576 -0.559588 -0.538175 -0.517480 -0.497663 -0.478896 -0.461365 -0.445264 -0.430790 -0.418136 -0.407489 -0.399014 -0.392852 -0.389111 -0.387856 -0.389111 -0.392852 -0.399014 -0.407489 -0.418136 -0.430790 -0.445264 -0.461365 -0.478896 -0.497663 -0.517480 -0.538175 -0.559588 -0.581576 -0.604010 -0.626776 -0.649776 -0.672925 -0.696149 -0.719385 -0.742582 -0.765695 -0.788688 -0.811530 -0.834198 -0.856671 
-0.871916 -0.850182 -0.828301 -0.806296 -0.784192 -0.762023 -0.739828 -0.717653 -0.695550 -0.673583 -0.651823 -0.630355 -0.609272 -0.588680 -0.568700 -0.549462 -0.531109 -0.513796 -0.497683 -0.482938 -0.469728 -0.458217 -0.448558 -0.440888 -0.435321 -0.431946 -0.430814 -0.431946 -0.435321 -0.440888 -0.448558 -0.458217 -0.469728 -0.482938 -0.497683 -0.513796 -0.531109 -0.549462 -0.568700 -0.588680 -0.609272 -0.630355 -0.651823 -0.673583 -0.695550 -0.717653 -0.739828 -0.762023 -0.784192 -0.806296 -0.828301 -0.850182 -0.871916 
-0.887488 -0.866480 -0.845369 -0.824178 -0.802937 -0.781680 -0.760447 -0.739285 -0.718248 -0.697396 -0.676802 -0.656544 -0.636712 -0.617405 -0.598733 -0.580816 -0.563781 -0.547766 -0.532911 -0.519359 -0.507256 -0.496737 -0.487932 -0.480954 -0.475899 -0.472836 -0.471810 -0.472836 -0.475899 -0.480954 -0.487932 -0.496737 -0.507256 -0.519359 -0.532911 -0.547766 -0.563781 -0.580816 -0.598733 -0.617405 -0.636712 -0.656544 -0.676802 -0.697396 -0.718248 -0.739285 -0.760447 -0.781680 -0.802937 -0.824178 -0.845369 -0.866480 -0.887488 
-0.903342 -0.883044 -0.862683 -0.842283 -0.821875 -0.801496 -0.781184 -0.760988 -0.740960 -0.721161 -0.701658 -0.682527 -0.663853 -0.645727 -0.628251 -0.611532 -0.595686 -0.580833 -0.567096 -0.554600 -0.543469 -0.533818 -0.525756 -0.519379 -0.514765 -0.511972 -0.511037 -0.511972 -0.514765 -0.519379 -0.525756 -0.533818 -0.543469 -0.554600 -0.567096 -0.580833 -0.595686 -0.611532 -0.628251 -0.645727 -0.663853 -0.682527 -0.701658 -0.721161 -0.740960 -0.760988 -0.781184 -0.801496 -0.821875 -0.842283 -0.862683 -0.883044 -0.903342 
-0.919436 -0.899831 -0.880198 -0.860563 -0.840959 -0.821421 -0.801990 -0.782712 -0.763639 -0.744830 -0.726348 -0.708267 -0.690664 -0.673624 -0.657241 -0.641611 -0.626838 -0.613028 -0.600289 -0.588731 -0.578457 -0.569570 -0.562159 -0.556306 -0.552075 -0.549517 -0.548661 -0.549517 -0.552075 -0.556306 -0.562159 -0.569570 -0.578457 -0.588731 -0.600289 -0.613028 -0.626838 -0.641611 -0.657241 -0.673624 -0.690664 -0.708267 -0.726348 -0.744830 -0.763639 -0.782712 -0.801990 -0.821421 -0.840959 -0.860563 -0.880198 -0.899831 -0.919436 
-0.935733 -0.916801 -0.897873 -0.878978 -0.860146 -0.841414 -0.822822 -0.804415 -0.786244 -0.768364 -0.750838 -0.733732 -0.717120 -0.701080 -0.685696 -0.671057 -0.657255 -0.644384 -0.632540 -0.621816 -0.612304 -0.604091 -0.597253 -0.591860 -0.587966 -0.585612 -0.584825 -0.585612 -0.587966 -0.591860 -0.597253 -0.604091 -0.612304 -0.621816 -0.632540 -0.644384 -0.657255 -0.671057 -0.685696 -0.701080 -0.717120 -0.733732 -0.750838 -0.768364 -0.786244 -0.804415 -0.822822 -0.841414 -0.860146 -0.878978 -0.897873 -0.916801 -0.935733 
-0.952197 -0.933918 -0.915672 -0.897487 -0.879396 -0.861434 -0.843640 -0.826059 -0.808738 -0.791732 -0.775098 -0.758900 -0.743204 -0.728085 -0.713617 -0.699881 -0.686960 -0.674937 -0.663895 -0.653919 -0.645086 -0.637471 -0.631140 -0.626153 -0.622555 -0.620382 -0.619655 -0.620382 -0.622555 -0.626153 -0.631140 -0.637471 -0.645086 -0.653919 -0.663895 -0.674937 -0.686960 -0.699881 -0.713617 -0.728085 -0.743204 -0.758900 -0.775098 -0.791732 -0.808738 -0.826059 -0.843640 -0.861434 -0.879396 -0.897487 -0.915672 -0.933918 -0.952197 
-0.968796 -0.951148 -0.933560 -0.916059 -0.898678 -0.881450 -0.864415 -0.847614 -0.831095 -0.814908 -0.799108 -0.783753 -0.768907 -0.754635 -0.741008 -0.728097 -0.715976 -0.704720 -0.694403 -0.685097 -0.676871 -0.669789 -0.663910 -0.659282 -0.655947 -0.653933 -0.653260 -0.653933 -0.655947 -0.659282 -0.663910 -0.669789 -0.676871 -0.685097 -0.694403 -0.704720 -0.715976 -0.728097 -0.741008 -0.754635 -0.768907 -0.783753 -0.799108 -0.814908 -0.831095 -0.847614 -0.864415 -0.881450 -0.898678 -0.916059 -0.933560 -0.951148 -0.968796 
-0.985501 -0.968464 -0.951508 -0.934663 -0.917960 -0.901432 -0.885117 -0.869055 -0.853291 -0.837873 -0.822851 -0.808282 -0.794222 -0.780732 -0.767876 -0.755720 -0.744328 -0.733768 -0.724105 -0.715403 -0.707722 -0.701119 -0.695642 -0.691335 -0.688234 -0.686362 -0.685736 -0.686362 -0.688234 -0.691335 -0.695642 -0.701119 -0.707722 -0.715403 -0.724105 -0.733768 -0.744328 -0.755720 -0.767876 -0.780732 -0.794222 -0.808282 -0.822851 -0.837873 -0.853291 -0.869055 -0.885117 -0.901432 -0.917960 -0.934663 -0.951508 -0.968464 -0.985501 
