65 65
3.286840e+00 0 5
-0.058066 -0.044958 -0.031890 -0.018875 -0.005930 0.006929 0.019684 0.032315 0.044803 0.057123 0.069254 0.081169 0.092841 0.104243 0.115345 0.126116 0.136523 0.146535 0.156116 0.165234 0.173853 0.181940 0.189459 0.196379 0.202668 0.208295 0.213233 0.217457 0.220944 0.223677 0.225639 0.226821 0.227216 0.226821 0.225639 0.223677 0.220944 0.217457 0.213233 0.208295 0.202668 0.196379 0.189459 0.181940 0.173853 0.165234 0.156116 0.146535 0.136523 0.126116 0.115345 0.104243 0.092841 0.081169 0.069254 0.057123 0.044803 0.032315 0.019684 0.006929 -0.005930 -0.018875 -0.031890 -0.044958 -0.058066 
-0.045169 -0.031672 -0.018203 -0.004777 0.008592 0.021887 0.035088 0.048176 0.061130 0.073926 0.086539 0.098944 0.111111 0.123011 0.134612 0.145882 0.156785 0.167287 0.177350 0.186938 0.196012 0.204535 0.212469 0.219778 0.226427 0.232382 0.237611 0.242087 0.245786 0.248685 0.250768 0.252022 0.252442 0.252022 0.250768 0.248685 0.245786 0.242087 0.237611 0.232382 0.226427 0.219778 0.212469 0.204535 0.196012 0.186938 0.177350 0.167287 0.156785 0.145882 0.134612 0.123011 0.111111 0.098944 0.086539 0.073926 0.061130 0.048176 0.035088 0.021887 0.008592 -0.004777 -0.018203 -0.031672 -0.045169 
-0.032324 -0.018427 -0.004545 0.009307 0.023115 0.036861 0.050527 0.064091 0.077532 0.090826 0.103947 0.116867 0.129557 0.141984 0.154116 0.165917 0.177350 0.188377 0.198957 0.209051 0.218616 0.227611 0.235995 0.243727 0.250768 0.257079 0.262628 0.267380 0.271309 0.274391 0.276606 0.277941 0.278387 0.277941 0.276606 0.274391 0.271309 0.267380 0.262628 0.257079 0.250768 0.243727 0.235995 0.227611 0.218616 0.209051 0.198957 0.188377 0.177350 0.165917 0.154116 0.141984 0.129557 0.116867 0.103947 0.090826 0.077532 0.064091 0.050527 0.036861 0.023115 0.009307 -0.004545 -0.018427 -0.032324 
-0.019546 -0.005238 0.009069 0.023361 0.037624 0.051838 0.065986 0.080047 0.093997 0.107813 0.121467 0.134930 0.148172 0.161158 0.173853 0.186220 0.198219 0.209808 0.220944 0.231583 0.241678 0.251185 0.260058 0.268250 0.275719 0.282421 0.288319 0.293375 0.297558 0.300841 0.303201 0.304624 0.305100 0.304624 0.303201 0.300841 0.297558 0.293375 0.288319 0.282421 0.275719 0.268250 0.260058 0.251185 0.241678 0.231583 0.220944 0.209808 0.198219 0.186220 0.173853 0.161158 0.148172 0.134930 0.121467 0.107813 0.093997 0.080047 0.065986 0.051838 0.037624 0.023361 0.009069 -0.005238 -0.019546 
-0.006851 0.007879 0.022623 0.037369 0.052101 0.066801 0.081450 0.096027 0.110509 0.124871 0.139085 0.153120 0.166944 0.180522 0.193817 0.206787 0.219391 0.231583 0.243317 0.254543 0.265213 0.275276 0.284680 0.293375 0.301312 0.308443 0.314724 0.320114 0.324577 0.328082 0.330603 0.332124 0.332632 0.332124 0.330603 0.328082 0.324577 0.320114 0.314724 0.308443 0.301312 0.293375 0.284680 0.275276 0.265213 0.254543 0.243317 0.231583 0.219391 0.206787 0.193817 0.180522 0.166944 0.153120 0.139085 0.124871 0.110509 0.096027 0.081450 0.066801 0.052101 0.037369 0.022623 0.007879 -0.006851 
0.005744 0.020906 0.036100 0.051313 0.066529 0.081731 0.096900 0.112015 0.127051 0.141984 0.156785 0.171422 0.185862 0.200067 0.213998 0.227611 0.240862 0.253701 0.266079 0.277941 0.289234 0.299900 0.309884 0.319129 0.327579 0.335182 0.341886 0.347645 0.352417 0.356168 0.358868 0.360497 0.361041 0.360497 0.358868 0.356168 0.352417 0.347645 0.341886 0.335182 0.327579 0.319129 0.309884 0.299900 0.289234 0.277941 0.266079 0.253701 0.240862 0.227611 0.213998 0.200067 0.185862 0.171422 0.156785 0.141984 0.127051 0.112015 0.096900 0.081731 0.066529 0.051313 0.036100 0.020906 0.005744 
0.018221 0.033825 0.049480 0.065173 0.080888 0.096609 0.112316 0.127989 0.143604 0.159134 0.174550 0.189821 0.204910 0.219778 0.234385 0.248685 0.262628 0.276162 0.289234 0.301783 0.313751 0.325076 0.335694 0.345541 0.354557 0.362679 0.369851 0.376018 0.381135 0.385159 0.388058 0.389808 0.390392 0.389808 0.388058 0.385159 0.381135 0.376018 0.369851 0.362679 0.354557 0.345541 0.335694 0.325076 0.313751 0.301783 0.289234 0.276162 0.262628 0.248685 0.234385 0.219778 0.204910 0.189821 0.174550 0.159134 0.143604 0.127989 0.112316 0.096609 0.080888 0.065173 0.049480 0.033825 0.018221 
0.030560 0.046616 0.062742 0.078927 0.095156 0.111412 0.127676 0.143929 0.160145 0.176298 0.192359 0.208295 0.224068 0.239640 0.254965 0.269996 0.284680 0.298962 0.312781 0.326075 0.338778 0.350820 0.362132 0.372643 0.382281 0.390978 0.398669 0.405291 0.410791 0.415121 0.418242 0.420127 0.420757 0.420127 0.418242 0.415121 0.410791 0.405291 0.398669 0.390978 0.382281 0.372643 0.362132 0.350820 0.338778 0.326075 0.312781 0.298962 0.284680 0.269996 0.254965 0.239640 0.224068 0.208295 0.192359 0.176298 0.160145 0.143929 0.127676 0.111412 0.095156 0.078927 0.062742 0.046616 0.030560 
0.042739 0.059256 0.075864 0.092553 0.109309 0.126116 0.142955 0.159808 0.176649 0.193452 0.210187 0.226821 0.243317 0.259631 0.275719 0.291529 0.307007 0.322092 0.336719 0.350820 0.364323 0.377150 0.389224 0.400464 0.410791 0.420127 0.428395 0.435525 0.441454 0.446126 0.449497 0.451533 0.452214 0.451533 0.449497 0.446126 0.441454 0.435525 0.428395 0.420127 0.410791 0.400464 0.389224 0.377150 0.364323 0.350820 0.336719 0.322092 0.307007 0.291529 0.275719 0.259631 0.243317 0.226821 0.210187 0.193452 0.176649 0.159808 0.142955 0.126116 0.109309 0.092553 0.075864 0.059256 0.042739 
0.054737 0.071721 0.088820 0.106024 0.123320 0.140693 0.158126 0.175598 0.193087 0.210567 0.228007 0.245373 0.262628 0.279727 0.296625 0.313266 0.329593 0.345541 0.361041 0.376018 0.390392 0.404079 0.416991 0.429038 0.440129 0.450175 0.459088 0.466788 0.473199 0.478257 0.481910 0.484117 0.484856 0.484117 0.481910 0.478257 0.473199 0.466788 0.459088 0.450175 0.440129 0.429038 0.416991 0.404079 0.390392 0.376018 0.361041 0.345541 0.329593 0.313266 0.296625 0.279727 0.262628 0.245373 0.228007 0.210567 0.193087 0.175598 0.158126 0.140693 0.123320 0.106024 0.088820 0.071721 0.054737 
0.066529 0.083987 0.101585 0.119314 0.137162 0.155115 0.173157 0.191269 0.209429 0.227611 0.245786 0.263918 0.281971 0.299900 0.317655 0.335182 0.352417 0.369294 0.385738 0.401666 0.416991 0.431620 0.445455 0.458395 0.470337 0.481176 0.490814 0.499154 0.506110 0.511605 0.515577 0.517979 0.518783 0.517979 0.515577 0.511605 0.506110 0.499154 0.490814 0.481176 0.470337 0.458395 0.445455 0.431620 0.416991 0.401666 0.385738 0.369294 0.352417 0.335182 0.317655 0.299900 0.281971 0.263918 0.245786 0.227611 0.209429 0.191269 0.173157 0.155115 0.137162 0.119314 0.101585 0.083987 0.066529 
0.078090 0.096027 0.114131 0.132393 0.150804 0.169350 0.188017 0.206787 0.225639 0.244549 0.263488 0.282421 0.301312 0.320114 0.338778 0.357246 0.375454 0.393329 0.410791 0.427753 0.444117 0.459782 0.474637 0.488569 0.501459 0.513189 0.523642 0.532707 0.540281 0.546273 0.550610 0.553235 0.554114 0.553235 0.550610 0.546273 0.540281 0.532707 0.523642 0.513189 0.501459 0.488569 0.474637 0.459782 0.444117 0.427753 0.410791 0.393329 0.375454 0.357246 0.338778 0.320114 0.301312 0.282421 0.263488 0.244549 0.225639 0.206787 0.188017 0.169350 0.150804 0.132393 0.114131 0.096027 0.078090 
0.089392 0.107813 0.126427 0.145230 0.164211 0.183362 0.202668 0.222113 0.241678 0.261341 0.281072 0.300841 0.320608 0.340329 0.359954 0.379422 0.398669 0.417616 0.436179 0.454264 0.471765 0.488569 0.504554 0.519589 0.533541 0.546273 0.557649 0.567537 0.575817 0.582379 0.587134 0.590015 0.590980 0.590015 0.587134 0.582379 0.575817 0.567537 0.557649 0.546273 0.533541 0.519589 0.504554 0.488569 0.471765 0.454264 0.436179 0.417616 0.398669 0.379422 0.359954 0.340329 0.320608 0.300841 0.281072 0.261341 0.241678 0.222113 0.202668 0.183362 0.164211 0.145230 0.126427 0.107813 0.089392 
0.100409 0.119314 0.138443 0.157790 0.177350 0.197114 0.217071 0.237207 0.257504 0.277941 0.298493 0.319129 0.339811 0.360497 0.381135 0.401666 0.422020 0.442118 0.461871 0.481176 0.499921 0.517979 0.535215 0.551483 0.566628 0.580492 0.592917 0.603746 0.612835 0.620053 0.625292 0.628470 0.629535 0.628470 0.625292 0.620053 0.612835 0.603746 0.592917 0.580492 0.566628 0.551483 0.535215 0.517979 0.499921 0.481176 0.461871 0.442118 0.422020 0.401666 0.381135 0.360497 0.339811 0.319129 0.298493 0.277941 0.257504 0.237207 0.217071 0.197114 0.177350 0.157790 0.138443 0.119314 0.100409 
0.111111 0.130500 0.150144 0.170039 0.190182 0.210567 0.231184 0.252022 0.273068 0.294301 0.315699 0.337233 0.358868 0.380563 0.402268 0.423922 0.445455 0.466788 0.487824 0.508456 0.528561 0.548002 0.566628 0.584274 0.600763 0.615912 0.629535 0.641445 0.651470 0.659449 0.665251 0.668775 0.669956 0.668775 0.665251 0.659449 0.651470 0.641445 0.629535 0.615912 0.600763 0.584274 0.566628 0.548002 0.528561 0.508456 0.487824 0.466788 0.445455 0.423922 0.402268 0.380563 0.358868 0.337233 0.315699 0.294301 0.273068 0.252022 0.231184 0.210567 0.190182 0.170039 0.150144 0.130500 0.111111 
0.121467 0.141338 0.161496 0.181940 0.202668 0.223677 0.244961 0.266512 0.288319 0.310365 0.332632 0.355093 0.377717 0.400464 0.423287 0.446126 0.468913 0.491565 0.513983 0.536055 0.557649 0.578615 0.598787 0.617977 0.635986 0.652599 0.667597 0.680757 0.691869 0.700739 0.707203 0.711133 0.712453 0.711133 0.707203 0.700739 0.691869 0.680757 0.667597 0.652599 0.635986 0.617977 0.598787 0.578615 0.557649 0.536055 0.513983 0.491565 0.468913 0.446126 0.423287 0.400464 0.377717 0.355093 0.332632 0.310365 0.288319 0.266512 0.244961 0.223677 0.202668 0.181940 0.161496 0.141338 0.121467 
0.131446 0.151795 0.172463 0.193452 0.214764 0.236399 0.258353 0.280624 0.303201 0.326075 0.349230 0.372643 0.396287 0.420127 0.444117 0.468204 0.492317 0.516376 0.540281 0.563913 0.587134 0.609782 0.631673 0.652599 0.672331 0.690619 0.707203 0.721817 0.734204 0.744123 0.751370 0.755785 0.757268 0.755785 0.751370 0.744123 0.734204 0.721817 0.707203 0.690619 0.672331 0.652599 0.631673 0.609782 0.587134 0.563913 0.540281 0.516376 0.492317 0.468204 0.444117 0.420127 0.396287 0.372643 0.349230 0.326075 0.303201 0.280624 0.258353 0.236399 0.214764 0.193452 0.172463 0.151795 0.131446 
0.141016 0.161835 0.183006 0.204535 0.226427 0.248685 0.271309 0.294301 0.317655 0.341366 0.365422 0.389808 0.414500 0.439468 0.464673 0.490064 0.515577 0.541131 0.566628 0.591947 0.616944 0.641445 0.665251 0.688130 0.709819 0.730030 0.748455 0.764772 0.778664 0.789833 0.798017 0.803014 0.804694 0.803014 0.798017 0.789833 0.778664 0.764772 0.748455 0.730030 0.709819 0.688130 0.665251 0.641445 0.616944 0.591947 0.566628 0.541131 0.515577 0.490064 0.464673 0.439468 0.414500 0.389808 0.365422 0.341366 0.317655 0.294301 0.271309 0.248685 0.226427 0.204535 0.183006 0.161835 0.141016 
0.150144 0.171422 0.193087 0.215148 0.237611 0.260485 0.283775 0.307485 0.331616 0.356168 0.381135 0.406507 0.432268 0.458395 0.484856 0.511605 0.538585 0.565721 0.592917 0.620053 0.646982 0.673523 0.699459 0.724535 0.748455 0.770884 0.791455 0.809781 0.825467 0.838137 0.847456 0.853161 0.855082 0.853161 0.847456 0.838137 0.825467 0.809781 0.791455 0.770884 0.748455 0.724535 0.699459 0.673523 0.646982 0.620053 0.592917 0.565721 0.538585 0.511605 0.484856 0.458395 0.432268 0.406507 0.381135 0.356168 0.331616 0.307485 0.283775 0.260485 0.237611 0.215148 0.193087 0.171422 0.150144 
0.158798 0.180522 0.202668 0.225246 0.248269 0.271748 0.295694 0.320114 0.345017 0.370407 0.396287 0.422653 0.449497 0.476805 0.504554 0.532707 0.561216 0.590015 0.619014 0.648099 0.677123 0.705901 0.734204 0.761753 0.788217 0.813211 0.836301 0.857013 0.874856 0.889350 0.900060 0.906638 0.908857 0.906638 0.900060 0.889350 0.874856 0.857013 0.836301 0.813211 0.788217 0.761753 0.734204 0.705901 0.677123 0.648099 0.619014 0.590015 0.561216 0.532707 0.504554 0.476805 0.449497 0.422653 0.396287 0.370407 0.345017 0.320114 0.295694 0.271748 0.248269 0.225246 0.202668 0.180522 0.158798 
0.166944 0.189098 0.211707 0.234787 0.258353 0.282421 0.307007 0.332124 0.357786 0.384006 0.410791 0.438149 0.466082 0.494583 0.523642 0.553235 0.583325 0.613858 0.644758 0.675920 0.707203 0.738423 0.769347 0.799675 0.829044 0.857013 0.883069 0.906638 0.927102 0.943841 0.956281 0.963953 0.966546 0.963953 0.956281 0.943841 0.927102 0.906638 0.883069 0.857013 0.829044 0.799675 0.769347 0.738423 0.707203 0.675920 0.644758 0.613858 0.583325 0.553235 0.523642 0.494583 0.466082 0.438149 0.410791 0.384006 0.357786 0.332124 0.307007 0.282421 0.258353 0.234787 0.211707 0.189098 0.166944 
0.174550 0.197114 0.220167 0.243727 0.267815 0.292451 0.317655 0.343448 0.369851 0.396881 0.424558 0.452896 0.481910 0.511605 0.541984 0.573037 0.604746 0.637072 0.669956 0.703311 0.737012 0.770884 0.804694 0.838137 0.870817 0.902240 0.931808 0.958821 0.982502 1.002042 1.016669 1.025735 1.028809 1.025735 1.016669 1.002042 0.982502 0.958821 0.931808 0.902240 0.870817 0.838137 0.804694 0.770884 0.737012 0.703311 0.669956 0.637072 0.604746 0.573037 0.541984 0.511605 0.481910 0.452896 0.424558 0.396881 0.369851 0.343448 0.317655 0.292451 0.267815 0.243727 0.220167 0.197114 0.174550 
0.181585 0.204535 0.228007 0.252022 0.276606 0.301783 0.327579 0.354021 0.381135 0.408950 0.437492 0.466788 0.496862 0.527737 0.559428 0.591947 0.625292 0.659449 0.694383 0.730030 0.766291 0.803014 0.839982 0.876893 0.913334 0.948767 0.982502 1.013696 1.041369 1.064455 1.081898 1.092785 1.096488 1.092785 1.081898 1.064455 1.041369 1.013696 0.982502 0.948767 0.913334 0.876893 0.839982 0.803014 0.766291 0.730030 0.694383 0.659449 0.625292 0.591947 0.559428 0.527737 0.496862 0.466788 0.437492 0.408950 0.381135 0.354021 0.327579 0.301783 0.276606 0.252022 0.228007 0.204535 0.181585 
0.188017 0.211327 0.235189 0.259631 0.284680 0.310365 0.336719 0.363774 0.391565 0.420127 0.449497 0.479714 0.510815 0.542838 0.575817 0.609782 0.644758 0.680757 0.717776 0.755785 0.794722 0.834473 0.874856 0.915594 0.956281 0.996351 1.035034 1.071331 1.104012 1.131662 1.152810 1.166129 1.170682 1.166129 1.152810 1.131662 1.104012 1.071331 1.035034 0.996351 0.956281 0.915594 0.874856 0.834473 0.794722 0.755785 0.717776 0.680757 0.644758 0.609782 0.575817 0.542838 0.510815 0.479714 0.449497 0.420127 0.391565 0.363774 0.336719 0.310365 0.284680 0.259631 0.235189 0.211327 0.188017 
0.193817 0.217457 0.241678 0.266512 0.291990 0.318146 0.345017 0.372643 0.401064 0.430327 0.460477 0.491565 0.523642 0.556762 0.590980 0.626349 0.662920 0.700739 0.739840 0.780240 0.821925 0.864838 0.908857 0.953759 0.999185 1.044578 1.089119 1.131662 1.170682 1.204306 1.230448 1.247120 1.252858 1.247120 1.230448 1.204306 1.170682 1.131662 1.089119 1.044578 0.999185 0.953759 0.908857 0.864838 0.821925 0.780240 0.739840 0.700739 0.662920 0.626349 0.590980 0.556762 0.523642 0.491565 0.460477 0.430327 0.401064 0.372643 0.345017 0.318146 0.291990 0.266512 0.241678 0.217457 0.193817 
0.198957 0.222894 0.247440 0.272627 0.298493 0.325076 0.352417 0.380563 0.409563 0.439468 0.470337 0.502230 0.535215 0.569362 0.604746 0.641445 0.679542 0.719118 0.760252 0.803014 0.847456 0.893597 0.941403 0.990748 1.041369 1.092785 1.144199 1.194369 1.241474 1.283052 1.316111 1.337573 1.345033 1.337573 1.316111 1.283052 1.241474 1.194369 1.144199 1.092785 1.041369 0.990748 0.941403 0.893597 0.847456 0.803014 0.760252 0.719118 0.679542 0.641445 0.604746 0.569362 0.535215 0.502230 0.470337 0.439468 0.409563 0.380563 0.352417 0.325076 0.298493 0.272627 0.247440 0.222894 0.198957 
0.203414 0.227611 0.252442 0.277941 0.304149 0.331110 0.358868 0.387477 0.416991 0.447471 0.478985 0.511605 0.545412 0.580492 0.616944 0.654869 0.694383 0.735605 0.778664 0.823692 0.870817 0.920154 0.971788 1.025735 1.081898 1.139971 1.199303 1.258692 1.316111 1.368434 1.411367 1.439979 1.450076 1.439979 1.411367 1.368434 1.316111 1.258692 1.199303 1.139971 1.081898 1.025735 0.971788 0.920154 0.870817 0.823692 0.778664 0.735605 0.694383 0.654869 0.616944 0.580492 0.545412 0.511605 0.478985 0.447471 0.416991 0.387477 0.358868 0.331110 0.304149 0.277941 0.252442 0.227611 0.203414 
0.207163 0.231583 0.256656 0.282421 0.308923 0.336206 0.364323 0.393329 0.423287 0.454264 0.486337 0.519589 0.554114 0.590015 0.627408 0.666422 0.707203 0.749910 0.794722 0.841837 0.891468 0.943841 0.999185 1.057707 1.119549 1.184704 1.252858 1.323118 1.393543 1.460483 1.517943 1.557811 1.572231 1.557811 1.517943 1.460483 1.393543 1.323118 1.252858 1.184704 1.119549 1.057707 0.999185 0.943841 0.891468 0.841837 0.794722 0.749910 0.707203 0.666422 0.627408 0.590015 0.554114 0.519589 0.486337 0.454264 0.423287 0.393329 0.364323 0.336206 0.308923 0.282421 0.256656 0.231583 0.207163 
0.210187 0.234787 0.260058 0.286041 0.312781 0.340329 0.368739 0.398072 0.428395 0.459782 0.492317 0.526094 0.561216 0.597802 0.635986 0.675920 0.717776 0.761753 0.808078 0.857013 0.908857 0.963953 1.022688 1.085491 1.152810 1.225062 1.302508 1.384968 1.471220 1.557811 1.637128 1.695849 1.718024 1.695849 1.637128 1.557811 1.471220 1.384968 1.302508 1.225062 1.152810 1.085491 1.022688 0.963953 0.908857 0.857013 0.808078 0.761753 0.717776 0.675920 0.635986 0.597802 0.561216 0.526094 0.492317 0.459782 0.428395 0.398072 0.368739 0.340329 0.312781 0.286041 0.260058 0.234787 0.210187 
0.212469 0.237207 0.262628 0.288776 0.315699 0.343448 0.372083 0.401666 0.432268 0.463971 0.496862 0.531043 0.566628 0.603746 0.642546 0.683199 0.725902 0.770884 0.818415 0.868813 0.922456 0.979794 1.041369 1.107833 1.179968 1.258692 1.345033 1.439979 1.543987 1.655559 1.767506 1.859789 1.897630 1.859789 1.767506 1.655559 1.543987 1.439979 1.345033 1.258692 1.179968 1.107833 1.041369 0.979794 0.922456 0.868813 0.818415 0.770884 0.725902 0.683199 0.642546 0.603746 0.566628 0.531043 0.496862 0.463971 0.432268 0.401666 0.372083 0.343448 0.315699 0.288776 0.262628 0.237207 0.212469 
0.213998 0.238827 0.264350 0.290609 0.317655 0.345541 0.374327 0.404079 0.434872 0.466788 0.499921 0.534377 0.570278 0.607760 0.646982 0.688130 0.731416 0.777095 0.825467 0.876893 0.931808 0.990748 1.054380 1.123541 1.199303 1.283052 1.376601 1.482308 1.603094 1.741821 1.897630 2.050035 2.123990 2.050035 1.897630 1.741821 1.603094 1.482308 1.376601 1.283052 1.199303 1.123541 1.054380 0.990748 0.931808 0.876893 0.825467 0.777095 0.731416 0.688130 0.646982 0.607760 0.570278 0.534377 0.499921 0.466788 0.434872 0.404079 0.374327 0.345541 0.317655 0.290609 0.264350 0.238827 0.213998 
0.214764 0.239640 0.265213 0.291529 0.318637 0.346592 0.375454 0.405291 0.436179 0.468204 0.501459 0.536055 0.572115 0.609782 0.649219 0.690619 0.734204 0.780240 0.829044 0.880999 0.936574 0.996351 1.061065 1.131662 1.209382 1.295901 1.393543 1.505641 1.637128 1.795415 1.990531 2.222290 2.371290 2.222290 1.990531 1.795415 1.637128 1.505641 1.393543 1.295901 1.209382 1.131662 1.061065 0.996351 0.936574 0.880999 0.829044 0.780240 0.734204 0.690619 0.649219 0.609782 0.572115 0.536055 0.501459 0.468204 0.436179 0.405291 0.375454 0.346592 0.318637 0.291529 0.265213 0.239640 0.214764 
0.214860 0.239742 0.265321 0.291644 0.318760 0.346723 0.375595 0.405443 0.436343 0.468381 0.501652 0.536265 0.572346 0.610036 0.649500 0.690931 0.734554 0.780635 0.829493 0.881515 0.937174 0.997058 1.061910 1.132690 1.210662 1.297541 1.395721 1.508674 1.641639 1.802787 2.004364 2.252976 2.424971 2.252976 2.004364 1.802787 1.641639 1.508674 1.395721 1.297541 1.210662 1.132690 1.061910 0.997058 0.937174 0.881515 0.829493 0.780635 0.734554 0.690931 0.649500 0.610036 0.572346 0.536265 0.501652 0.468381 0.436343 0.405443 0.375595 0.346723 0.318760 0.291644 0.265321 0.239742 0.214860 
0.214760 0.239635 0.265209 0.291524 0.318632 0.346586 0.375448 0.405285 0.436172 0.468196 0.501451 0.536046 0.572105 0.609771 0.649207 0.690605 0.734189 0.780223 0.829024 0.880977 0.936548 0.996321 1.061029 1.131617 1.209326 1.295830 1.393449 1.505510 1.636933 1.795098 1.989944 2.221027 2.369175 2.221027 1.989944 1.795098 1.636933 1.505510 1.393449 1.295830 1.209326 1.131617 1.061029 0.996321 0.936548 0.880977 0.829024 0.780223 0.734189 0.690605 0.649207 0.609771 0.572105 0.536046 0.501451 0.468196 0.436172 0.405285 0.375448 0.346586 0.318632 0.291524 0.265209 0.239635 0.214760 
0.213985 0.238814 0.264336 0.290595 0.317639 0.345524 0.374309 0.404060 0.434850 0.466765 0.499896 0.534350 0.570248 0.607727 0.646946 0.688089 0.731371 0.777045 0.825410 0.876827 0.931731 0.990658 1.054273 1.123411 1.199142 1.282848 1.376334 1.481944 1.602571 1.741024 1.896332 2.047918 2.121292 2.047918 1.896332 1.741024 1.602571 1.481944 1.376334 1.282848 1.199142 1.123411 1.054273 0.990658 0.931731 0.876827 0.825410 0.777045 0.731371 0.688089 0.646946 0.607727 0.570248 0.534350 0.499896 0.466765 0.434850 0.404060 0.374309 0.345524 0.317639 0.290595 0.264336 0.238814 0.213985 
0.212449 0.237185 0.262605 0.288751 0.315673 0.343420 0.372053 0.401633 0.432233 0.463933 0.496821 0.530999 0.566579 0.603693 0.642487 0.683133 0.725828 0.770801 0.818321 0.868706 0.922331 0.979648 1.041197 1.107626 1.179715 1.258375 1.344627 1.439443 1.543259 1.654540 1.766070 1.857874 1.895473 1.857874 1.766070 1.654540 1.543259 1.439443 1.344627 1.258375 1.179715 1.107626 1.041197 0.979648 0.922331 0.868706 0.818321 0.770801 0.725828 0.683133 0.642487 0.603693 0.566579 0.530999 0.496821 0.463933 0.432233 0.401633 0.372053 0.343420 0.315673 0.288751 0.262605 0.237185 0.212449 
0.210159 0.234757 0.260026 0.286006 0.312745 0.340290 0.368697 0.398027 0.428346 0.459730 0.492261 0.526032 0.561149 0.597728 0.635905 0.675829 0.717675 0.761639 0.807950 0.856867 0.908689 0.963758 1.022459 1.085219 1.152482 1.224660 1.302006 1.384330 1.470399 1.556749 1.635780 1.694238 1.716300 1.694238 1.635780 1.556749 1.470399 1.384330 1.302006 1.224660 1.152482 1.085219 1.022459 0.963758 0.908689 0.856867 0.807950 0.761639 0.717675 0.675829 0.635905 0.597728 0.561149 0.526032 0.492261 0.459730 0.428346 0.398027 0.368697 0.340290 0.312745 0.286006 0.260026 0.234757 0.210159 
0.207127 0.231544 0.256615 0.282378 0.308876 0.336156 0.364270 0.393272 0.423225 0.454198 0.486265 0.519511 0.554028 0.589921 0.627305 0.666309 0.707076 0.749768 0.794563 0.841657 0.891262 0.943604 0.998910 1.057384 1.119165 1.184242 1.252299 1.322434 1.392704 1.459461 1.516732 1.556447 1.570807 1.556447 1.516732 1.459461 1.392704 1.322434 1.252299 1.184242 1.119165 1.057384 0.998910 0.943604 0.891262 0.841657 0.794563 0.749768 0.707076 0.666309 0.627305 0.589921 0.554028 0.519511 0.486265 0.454198 0.423225 0.393272 0.364270 0.336156 0.308876 0.282378 0.256615 0.231544 0.207127 
0.203370 0.227564 0.252392 0.277888 0.304093 0.331050 0.358804 0.387408 0.416917 0.447392 0.478899 0.511511 0.545310 0.580381 0.616821 0.654735 0.694234 0.735439 0.778478 0.823482 0.870579 0.919883 0.971475 1.025374 1.081476 1.139474 1.198715 1.257997 1.315292 1.367480 1.410286 1.438803 1.448866 1.438803 1.410286 1.367480 1.315292 1.257997 1.198715 1.139474 1.081476 1.025374 0.971475 0.919883 0.870579 0.823482 0.778478 0.735439 0.694234 0.654735 0.616821 0.580381 0.545310 0.511511 0.478899 0.447392 0.416917 0.387408 0.358804 0.331050 0.304093 0.277888 0.252392 0.227564 0.203370 
0.198906 0.222839 0.247382 0.272566 0.298428 0.325006 0.352343 0.380484 0.409477 0.439376 0.470237 0.502123 0.535098 0.569234 0.604606 0.641292 0.679373 0.718930 0.760043 0.802780 0.847192 0.893299 0.941063 0.990360 1.040922 1.092270 1.143605 1.193685 1.240692 1.282171 1.315143 1.336542 1.343980 1.336542 1.315143 1.282171 1.240692 1.193685 1.143605 1.092270 1.040922 0.990360 0.941063 0.893299 0.847192 0.802780 0.760043 0.718930 0.679373 0.641292 0.604606 0.569234 0.535098 0.502123 0.470237 0.439376 0.409477 0.380484 0.352343 0.325006 0.298428 0.272566 0.247382 0.222839 0.198906 
0.193758 0.217394 0.241613 0.266442 0.291916 0.318067 0.344933 0.372552 0.400967 0.430223 0.460365 0.491444 0.523511 0.556619 0.590824 0.626178 0.662733 0.700532 0.739611 0.779985 0.821640 0.864519 0.908498 0.953354 0.998727 1.044058 1.088532 1.131000 1.169944 1.203494 1.229574 1.246203 1.251926 1.246203 1.229574 1.203494 1.169944 1.131000 1.088532 1.044058 0.998727 0.953354 0.908498 0.864519 0.821640 0.779985 0.739611 0.700532 0.662733 0.626178 0.590824 0.556619 0.523511 0.491444 0.460365 0.430223 0.400967 0.372552 0.344933 0.318067 0.291916 0.266442 0.241613 0.217394 0.193758 
0.187951 0.211257 0.235116 0.259553 0.284597 0.310277 0.336625 0.363674 0.391457 0.420011 0.449373 0.479581 0.510671 0.542681 0.575647 0.609597 0.644555 0.680535 0.717531 0.755515 0.794422 0.834140 0.874485 0.915180 0.955819 0.995836 1.034461 1.070698 1.103317 1.130912 1.152014 1.165303 1.169846 1.165303 1.152014 1.130912 1.103317 1.070698 1.034461 0.995836 0.955819 0.915180 0.874485 0.834140 0.794422 0.755515 0.717531 0.680535 0.644555 0.609597 0.575647 0.542681 0.510671 0.479581 0.449373 0.420011 0.391457 0.363674 0.336625 0.310277 0.284597 0.259553 0.235116 0.211257 0.187951 
0.181512 0.204459 0.227926 0.251937 0.276516 0.301687 0.327477 0.353911 0.381018 0.408825 0.437357 0.466643 0.496706 0.527569 0.559246 0.591749 0.625077 0.659214 0.694125 0.729748 0.765980 0.802672 0.839605 0.876476 0.912874 0.948261 0.981947 1.013091 1.040717 1.063760 1.081169 1.092033 1.095729 1.092033 1.081169 1.063760 1.040717 1.013091 0.981947 0.948261 0.912874 0.876476 0.839605 0.802672 0.765980 0.729748 0.694125 0.659214 0.625077 0.591749 0.559246 0.527569 0.496706 0.466643 0.437357 0.408825 0.381018 0.353911 0.327477 0.301687 0.276516 0.251937 0.227926 0.204459 0.181512 
0.174472 0.197031 0.220079 0.243634 0.267717 0.292347 0.317545 0.343331 0.369725 0.396747 0.424414 0.452742 0.481744 0.511426 0.541791 0.572829 0.604520 0.636827 0.669689 0.703020 0.736694 0.770536 0.804314 0.837722 0.870363 0.901747 0.931273 0.958246 0.981888 1.001395 1.015995 1.025045 1.028113 1.025045 1.015995 1.001395 0.981888 0.958246 0.931273 0.901747 0.870363 0.837722 0.804314 0.770536 0.736694 0.703020 0.669689 0.636827 0.604520 0.572829 0.541791 0.511426 0.481744 0.452742 0.424414 0.396747 0.369725 0.343331 0.317545 0.292347 0.267717 0.243634 0.220079 0.197031 0.174472 
0.166859 0.189009 0.211613 0.234688 0.258248 0.282310 0.306889 0.331998 0.357653 0.383863 0.410639 0.437987 0.465907 0.494396 0.523441 0.553018 0.583091 0.613605 0.644484 0.675622 0.706880 0.738074 0.768967 0.799265 0.828600 0.856534 0.882556 0.906091 0.926524 0.943237 0.955656 0.963314 0.965903 0.963314 0.955656 0.943237 0.926524 0.906091 0.882556 0.856534 0.828600 0.799265 0.768967 0.738074 0.706880 0.675622 0.644484 0.613605 0.583091 0.553018 0.523441 0.494396 0.465907 0.437987 0.410639 0.383863 0.357653 0.331998 0.306889 0.282310 0.258248 0.234688 0.211613 0.189009 0.166859 
0.158707 0.180427 0.202568 0.225140 0.248158 0.271630 0.295569 0.319982 0.344876 0.370258 0.396127 0.422482 0.449315 0.476611 0.504345 0.532483 0.560975 0.589756 0.618735 0.647799 0.676799 0.705552 0.733828 0.761349 0.787784 0.812748 0.835809 0.856493 0.874311 0.888783 0.899477 0.906044 0.908259 0.906044 0.899477 0.888783 0.874311 0.856493 0.835809 0.812748 0.787784 0.761349 0.733828 0.705552 0.676799 0.647799 0.618735 0.589756 0.560975 0.532483 0.504345 0.476611 0.449315 0.422482 0.396127 0.370258 0.344876 0.319982 0.295569 0.271630 0.248158 0.225140 0.202568 0.180427 0.158707 
0.150048 0.171322 0.192982 0.215036 0.237494 0.260361 0.283644 0.307346 0.331469 0.356012 0.380969 0.406330 0.432080 0.458195 0.484641 0.511376 0.538340 0.565458 0.592635 0.619751 0.646659 0.673177 0.699089 0.724140 0.748033 0.770437 0.790984 0.809286 0.824951 0.837603 0.846909 0.852605 0.854523 0.852605 0.846909 0.837603 0.824951 0.809286 0.790984 0.770437 0.748033 0.724140 0.699089 0.673177 0.646659 0.619751 0.592635 0.565458 0.538340 0.511376 0.484641 0.458195 0.432080 0.406330 0.380969 0.356012 0.331469 0.307346 0.283644 0.260361 0.237494 0.215036 0.192982 0.171322 0.150048 
0.140915 0.161729 0.182895 0.204418 0.226304 0.248555 0.271173 0.294156 0.317503 0.341204 0.365251 0.389626 0.414306 0.439262 0.464454 0.489831 0.515328 0.540866 0.566345 0.591645 0.616622 0.641103 0.664887 0.687743 0.709410 0.729599 0.748002 0.764300 0.778174 0.789328 0.797501 0.802492 0.804170 0.802492 0.797501 0.789328 0.778174 0.764300 0.748002 0.729599 0.709410 0.687743 0.664887 0.641103 0.616622 0.591645 0.566345 0.540866 0.515328 0.489831 0.464454 0.439262 0.414306 0.389626 0.365251 0.341204 0.317503 0.294156 0.271173 0.248555 0.226304 0.204418 0.182895 0.161729 0.140915 
0.131341 0.151684 0.172347 0.193330 0.214636 0.236264 0.258212 0.280474 0.303044 0.325909 0.349053 0.372456 0.396089 0.419917 0.443895 0.467967 0.492066 0.516110 0.539998 0.563612 0.586815 0.609444 0.631316 0.652223 0.671934 0.690203 0.706768 0.721366 0.733738 0.743645 0.750883 0.755292 0.756773 0.755292 0.750883 0.743645 0.733738 0.721366 0.706768 0.690203 0.671934 0.652223 0.631316 0.609444 0.586815 0.563612 0.539998 0.516110 0.492066 0.467967 0.443895 0.419917 0.396089 0.372456 0.349053 0.325909 0.303044 0.280474 0.258212 0.236264 0.214636 0.193330 0.172347 0.151684 0.131341 
0.121357 0.141224 0.161376 0.181814 0.202536 0.223538 0.244815 0.266358 0.288157 0.310195 0.332452 0.354903 0.377516 0.400251 0.423062 0.445888 0.468661 0.491298 0.513701 0.535757 0.557334 0.578283 0.598437 0.617610 0.635602 0.652198 0.667180 0.680326 0.691425 0.700285 0.706740 0.710666 0.711984 0.710666 0.706740 0.700285 0.691425 0.680326 0.667180 0.652198 0.635602 0.617610 0.598437 0.578283 0.557334 0.535757 0.513701 0.491298 0.468661 0.445888 0.423062 0.400251 0.377516 0.354903 0.332452 0.310195 0.288157 0.266358 0.244815 0.223538 0.202536 0.181814 0.161376 0.141224 0.121357 
0.110998 0.130382 0.150020 0.169910 0.190046 0.210424 0.231034 0.251865 0.272902 0.294126 0.315515 0.337040 0.358665 0.380349 0.402041 0.423683 0.445203 0.466522 0.487544 0.508161 0.528251 0.547676 0.566286 0.583916 0.600391 0.615525 0.629134 0.641032 0.651045 0.659016 0.664812 0.668331 0.669511 0.668331 0.664812 0.659016 0.651045 0.641032 0.629134 0.615525 0.600391 0.583916 0.566286 0.547676 0.528251 0.508161 0.487544 0.466522 0.445203 0.423683 0.402041 0.380349 0.358665 0.337040 0.315515 0.294126 0.272902 0.251865 0.231034 0.210424 0.190046 0.169910 0.150020 0.130382 0.110998 
0.100292 0.119192 0.138315 0.157657 0.177211 0.196968 0.216918 0.237046 0.257335 0.277764 0.298307 0.318933 0.339606 0.360281 0.380908 0.401426 0.421768 0.441854 0.461593 0.480885 0.499616 0.517660 0.534882 0.551135 0.566267 0.580118 0.592531 0.603350 0.612429 0.619640 0.624873 0.628047 0.629111 0.628047 0.624873 0.619640 0.612429 0.603350 0.592531 0.580118 0.566267 0.551135 0.534882 0.517660 0.499616 0.480885 0.461593 0.441854 0.421768 0.401426 0.380908 0.360281 0.339606 0.318933 0.298307 0.277764 0.257335 0.237046 0.216918 0.196968 0.177211 0.157657 0.138315 0.119192 0.100292 
0.089272 0.107688 0.126297 0.145093 0.164069 0.183213 0.202511 0.221950 0.241507 0.261161 0.280884 0.300643 0.320401 0.340112 0.359726 0.379184 0.398418 0.417354 0.435905 0.453977 0.471465 0.488256 0.504228 0.519251 0.533191 0.545912 0.557277 0.567156 0.575427 0.581982 0.586733 0.589611 0.590575 0.589611 0.586733 0.581982 0.575427 0.567156 0.557277 0.545912 0.533191 0.519251 0.504228 0.488256 0.471465 0.453977 0.435905 0.417354 0.398418 0.379184 0.359726 0.340112 0.320401 0.300643 0.280884 0.261161 0.241507 0.221950 0.202511 0.183213 0.164069 0.145093 0.126297 0.107688 0.089272 
0.077967 0.095899 0.113997 0.132254 0.150658 0.169198 0.187858 0.206621 0.225466 0.244368 0.263298 0.282223 0.301104 0.319897 0.338551 0.357008 0.375205 0.393069 0.410520 0.427470 0.443823 0.459476 0.474320 0.488240 0.501120 0.512839 0.523283 0.532340 0.539906 0.545893 0.550226 0.552848 0.553726 0.552848 0.550226 0.545893 0.539906 0.532340 0.523283 0.512839 0.501120 0.488240 0.474320 0.459476 0.443823 0.427470 0.410520 0.393069 0.375205 0.357008 0.338551 0.319897 0.301104 0.282223 0.263298 0.244368 0.225466 0.206621 0.187858 0.169198 0.150658 0.132254 0.113997 0.095899 0.077967 
0.066403 0.083856 0.101449 0.119172 0.137014 0.154961 0.172997 0.191102 0.209254 0.227429 0.245595 0.263719 0.281763 0.299683 0.317429 0.334945 0.352171 0.369038 0.385470 0.401388 0.416702 0.431321 0.445146 0.458076 0.470007 0.480838 0.490467 0.498800 0.505750 0.511240 0.515208 0.517608 0.518412 0.517608 0.515208 0.511240 0.505750 0.498800 0.490467 0.480838 0.470007 0.458076 0.445146 0.431321 0.416702 0.401388 0.385470 0.369038 0.352171 0.334945 0.317429 0.299683 0.281763 0.263719 0.245595 0.227429 0.209254 0.191102 0.172997 0.154961 0.137014 0.119172 0.101449 0.083856 0.066403 
0.054609 0.071588 0.088682 0.105880 0.123171 0.140537 0.157964 0.175429 0.192911 0.210383 0.227815 0.245174 0.262420 0.279511 0.296399 0.313031 0.329349 0.345288 0.360778 0.375745 0.390109 0.403786 0.416689 0.428726 0.439809 0.449847 0.458753 0.466446 0.472852 0.477905 0.481555 0.483760 0.484498 0.483760 0.481555 0.477905 0.472852 0.466446 0.458753 0.449847 0.439809 0.428726 0.416689 0.403786 0.390109 0.375745 0.360778 0.345288 0.329349 0.313031 0.296399 0.279511 0.262420 0.245174 0.227815 0.210383 0.192911 0.175429 0.157964 0.140537 0.123171 0.105880 0.088682 0.071588 0.054609 
0.042609 0.059121 0.075724 0.092407 0.109157 0.125958 0.142792 0.159637 0.176472 0.193268 0.209996 0.226622 0.243109 0.259416 0.275495 0.291297 0.306765 0.321841 0.336460 0.350552 0.364045 0.376864 0.388929 0.400161 0.410480 0.419809 0.428070 0.435195 0.441119 0.445787 0.449155 0.451190 0.451870 0.451190 0.449155 0.445787 0.441119 0.435195 0.428070 0.419809 0.410480 0.400161 0.388929 0.376864 0.364045 0.350552 0.336460 0.321841 0.306765 0.291297 0.275495 0.259416 0.243109 0.226622 0.209996 0.193268 0.176472 0.159637 0.142792 0.125958 0.109157 0.092407 0.075724 0.059121 0.042609 
0.030428 0.046479 0.062601 0.078780 0.095003 0.111253 0.127512 0.143758 0.159967 0.176114 0.192168 0.208096 0.223862 0.239426 0.254743 0.269765 0.284441 0.298715 0.312526 0.325812 0.338506 0.350541 0.361845 0.372348 0.381979 0.390670 0.398354 0.404972 0.410467 0.414794 0.417912 0.419795 0.420425 0.419795 0.417912 0.414794 0.410467 0.404972 0.398354 0.390670 0.381979 0.372348 0.361845 0.350541 0.338506 0.325812 0.312526 0.298715 0.284441 0.269765 0.254743 0.239426 0.223862 0.208096 0.192168 0.176114 0.159967 0.143758 0.127512 0.111253 0.095003 0.078780 0.062601 0.046479 0.030428 
0.018088 0.033687 0.049337 0.065025 0.080734 0.096449 0.112151 0.127818 0.143426 0.158950 0.174359 0.189623 0.204704 0.219566 0.234165 0.248457 0.262392 0.275919 0.288983 0.301525 0.313485 0.324802 0.335413 0.345254 0.354263 0.362379 0.369546 0.375709 0.380822 0.384843 0.387740 0.389487 0.390072 0.389487 0.387740 0.384843 0.380822 0.375709 0.369546 0.362379 0.354263 0.345254 0.335413 0.324802 0.313485 0.301525 0.288983 0.275919 0.262392 0.248457 0.234165 0.219566 0.204704 0.189623 0.174359 0.158950 0.143426 0.127818 0.112151 0.096449 0.080734 0.065025 0.049337 0.033687 0.018088 
0.005609 0.020767 0.035956 0.051164 0.066374 0.081571 0.096734 0.111843 0.126874 0.141800 0.156595 0.171225 0.185658 0.199856 0.213780 0.227386 0.240630 0.253462 0.265832 0.277687 0.288973 0.299633 0.309610 0.318849 0.327293 0.334890 0.341590 0.347345 0.352114 0.355862 0.358560 0.360187 0.360731 0.360187 0.358560 0.355862 0.352114 0.347345 0.341590 0.334890 0.327293 0.318849 0.309610 0.299633 0.288973 0.277687 0.265832 0.253462 0.240630 0.227386 0.213780 0.199856 0.185658 0.171225 0.156595 0.141800 0.126874 0.111843 0.096734 0.081571 0.066374 0.051164 0.035956 0.020767 0.005609 
-0.006987 0.007738 0.022478 0.037219 0.051946 0.066640 0.081284 0.095855 0.110332 0.124687 0.138895 0.152924 0.166742 0.180313 0.193601 0.206565 0.219161 0.231347 0.243074 0.254294 0.264958 0.275014 0.284412 0.293102 0.301033 0.308160 0.314436 0.319823 0.324282 0.327785 0.330305 0.331824 0.332332 0.331824 0.330305 0.327785 0.324282 0.319823 0.314436 0.308160 0.301033 0.293102 0.284412 0.275014 0.264958 0.254294 0.243074 0.231347 0.219161 0.206565 0.193601 0.180313 0.166742 0.152924 0.138895 0.124687 0.110332 0.095855 0.081284 0.066640 0.051946 0.037219 0.022478 0.007738 -0.006987 
-0.019683 -0.005380 0.008923 0.023211 0.037468 0.051677 0.065820 0.079875 0.093820 0.107630 0.121278 0.134735 0.147971 0.160951 0.173640 0.186001 0.197993 0.209576 0.220706 0.231338 0.241428 0.250929 0.259796 0.267984 0.275447 0.282146 0.288039 0.293092 0.297272 0.300552 0.302911 0.304333 0.304808 0.304333 0.302911 0.300552 0.297272 0.293092 0.288039 0.282146 0.275447 0.267984 0.259796 0.250929 0.241428 0.231338 0.220706 0.209576 0.197993 0.186001 0.173640 0.160951 0.147971 0.134735 0.121278 0.107630 0.093820 0.079875 0.065820 0.051677 0.037468 0.023211 0.008923 -0.005380 -0.019683 
-0.032462 -0.018569 -0.004692 0.009156 0.022959 0.036700 0.050361 0.063920 0.077356 0.090644 0.103759 0.116674 0.129358 0.141780 0.153906 0.165701 0.177128 0.188148 0.198723 0.208811 0.218371 0.227361 0.235739 0.243467 0.250503 0.256811 0.262355 0.267105 0.271031 0.274111 0.276325 0.277659 0.278104 0.277659 0.276325 0.274111 0.271031 0.267105 0.262355 0.256811 0.250503 0.243467 0.235739 0.227361 0.218371 0.208811 0.198723 0.188148 0.177128 0.165701 0.153906 0.141780 0.129358 0.116674 0.103759 0.090644 0.077356 0.063920 0.050361 0.036700 0.022959 0.009156 -0.004692 -0.018569 -0.032462 
-0.045307 -0.031815 -0.018350 -0.004928 0.008436 0.021726 0.034922 0.048005 0.060954 0.073745 0.086353 0.098752 0.110913 0.122808 0.134404 0.145668 0.156566 0.167062 0.177120 0.186703 0.195772 0.204290 0.212219 0.219524 0.226169 0.232120 0.237346 0.241819 0.245515 0.248412 0.250494 0.251748 0.252167 0.251748 0.250494 0.248412 0.245515 0.241819 0.237346 0.232120 0.226169 0.219524 0.212219 0.204290 0.195772 0.186703 0.177120 0.167062 0.156566 0.145668 0.134404 0.122808 0.110913 0.098752 0.086353 0.073745 0.060954 0.048005 0.034922 0.021726 0.008436 -0.004928 -0.018350 -0.031815 -0.045307 
-0.058205 -0.045101 -0.032037 -0.019027 -0.006086 0.006768 0.019518 0.032145 0.044628 0.056943 0.069069 0.080979 0.092646 0.104043 0.115139 0.125905 0.136307 0.146314 0.155890 0.165003 0.173618 0.181699 0.189215 0.196131 0.202415 0.208039 0.212974 0.217195 0.220681 0.223412 0.225373 0.226554 0.226949 0.226554 0.225373 0.223412 0.220681 0.217195 0.212974 0.208039 0.202415 0.196131 0.189215 0.181699 0.173618 0.165003 0.155890 0.146314 0.136307 0.125905 0.115139 0.104043 0.092646 0.080979 0.069069 0.056943 0.044628 0.032145 0.019518 0.006768 -0.006086 -0.019027 -0.032037 -0.045101 -0.058205 
