41 41
9.400574e-02 0 5
-2.138309 -2.115974 -2.093797 -2.071843 -2.050183 -2.028900 -2.008086 -1.987843 -1.968284 -1.949531 -1.931717 -1.914979 -1.899465 -1.885320 -1.872693 -1.861724 -1.852545 -1.845274 -1.840006 -1.836815 -1.835747 -1.836815 -1.840006 -1.845274 -1.852545 -1.861724 -1.872693 -1.885320 -1.899465 -1.914979 -1.931717 -1.949531 -1.968284 -1.987843 -2.008086 -2.028900 -2.050183 -2.071843 -2.093797 -2.115974 -2.138309 
-2.116560 -2.093184 -2.069914 -2.046814 -2.023959 -2.001435 -1.979338 -1.957778 -1.936877 -1.916770 -1.897604 -1.879536 -1.862732 -1.847363 -1.833602 -1.821614 -1.811559 -1.803577 -1.797786 -1.794274 -1.793097 -1.794274 -1.797786 -1.803577 -1.811559 -1.821614 -1.833602 -1.847363 -1.862732 -1.879536 -1.897604 -1.916770 -1.936877 -1.957778 -1.979338 -2.001435 -2.023959 -2.046814 -2.069914 -2.093184 -2.116560 
-2.095022 -2.070558 -2.046137 -2.021826 -1.997699 -1.973844 -1.950363 -1.927371 -1.905001 -1.883400 -1.862732 -1.843174 -1.824916 -1.808156 -1.793097 -1.779938 -1.768869 -1.760061 -1.753658 -1.749771 -1.748467 -1.749771 -1.753658 -1.760061 -1.768869 -1.779938 -1.793097 -1.808156 -1.824916 -1.843174 -1.862732 -1.883400 -1.905001 -1.927371 -1.950363 -1.973844 -1.997699 -2.021826 -2.046137 -2.070558 -2.095022 
-2.073764 -2.048165 -2.022538 -1.996948 -1.971469 -1.946191 -1.921217 -1.896671 -1.872693 -1.849443 -1.827103 -1.805873 -1.785969 -1.767622 -1.751071 -1.736555 -1.724304 -1.714528 -1.707406 -1.703075 -1.701622 -1.703075 -1.707406 -1.714528 -1.724304 -1.736555 -1.751071 -1.767622 -1.785969 -1.805873 -1.827103 -1.849443 -1.872693 -1.896671 -1.921217 -1.946191 -1.971469 -1.996948 -2.022538 -2.048165 -2.073764 
-2.052861 -2.026083 -1.999197 -1.972262 -1.945352 -1.918554 -1.891976 -1.865744 -1.840006 -1.814937 -1.790734 -1.767622 -1.745848 -1.725682 -1.707406 -1.691308 -1.677669 -1.666749 -1.658773 -1.653914 -1.652282 -1.653914 -1.658773 -1.666749 -1.677669 -1.691308 -1.707406 -1.725682 -1.745848 -1.767622 -1.790734 -1.814937 -1.840006 -1.865744 -1.891976 -1.918554 -1.945352 -1.972262 -1.999197 -2.026083 -2.052861 
-2.032398 -2.004403 -1.976207 -1.947864 -1.919444 -1.891031 -1.862732 -1.834675 -1.807016 -1.779938 -1.753658 -1.728426 -1.704524 -1.682264 -1.661981 -1.644025 -1.628741 -1.616456 -1.607454 -1.601959 -1.600110 -1.601959 -1.607454 -1.616456 -1.628741 -1.644025 -1.661981 -1.682264 -1.704524 -1.728426 -1.753658 -1.779938 -1.807016 -1.834675 -1.862732 -1.891031 -1.919444 -1.947864 -1.976207 -2.004403 -2.032398 
-2.012469 -1.983223 -1.953673 -1.923865 -1.893860 -1.863738 -1.833602 -1.803577 -1.773823 -1.744533 -1.715938 -1.688314 -1.661981 -1.637301 -1.614671 -1.594516 -1.577266 -1.563334 -1.553086 -1.546812 -1.544700 -1.546812 -1.553086 -1.563334 -1.577266 -1.594516 -1.614671 -1.637301 -1.661981 -1.688314 -1.715938 -1.744533 -1.773823 -1.803577 -1.833602 -1.863738 -1.893860 -1.923865 -1.953673 -1.983223 -2.012469 
-1.993176 -1.962657 -1.931717 -1.900392 -1.868735 -1.836815 -1.804726 -1.772590 -1.740562 -1.708840 -1.677669 -1.647347 -1.618233 -1.590744 -1.565353 -1.542576 -1.522952 -1.507009 -1.495226 -1.487989 -1.485547 -1.487989 -1.495226 -1.507009 -1.522952 -1.542576 -1.565353 -1.590744 -1.618233 -1.647347 -1.677669 -1.708840 -1.740562 -1.772590 -1.804726 -1.836815 -1.868735 -1.900392 -1.931717 -1.962657 -1.993176 
-1.974633 -1.942826 -1.910471 -1.877591 -1.844225 -1.810428 -1.776280 -1.741890 -1.707406 -1.673023 -1.638992 -1.605631 -1.573333 -1.542576 -1.513918 -1.487989 -1.465466 -1.447036 -1.433335 -1.424883 -1.422026 -1.424883 -1.433335 -1.447036 -1.465466 -1.487989 -1.513918 -1.542576 -1.573333 -1.605631 -1.638992 -1.673023 -1.707406 -1.741890 -1.776280 -1.810428 -1.844225 -1.877591 -1.910471 -1.942826 -1.974633 
-1.956960 -1.923865 -1.890084 -1.855626 -1.820508 -1.784769 -1.748467 -1.711693 -1.674577 -1.637301 -1.600110 -1.563334 -1.527395 -1.492828 -1.460286 -1.430537 -1.404439 -1.382888 -1.366746 -1.356734 -1.353340 -1.356734 -1.366746 -1.382888 -1.404439 -1.430537 -1.460286 -1.492828 -1.527395 -1.563334 -1.600110 -1.637301 -1.674577 -1.711693 -1.748467 -1.784769 -1.820508 -1.855626 -1.890084 -1.923865 -1.956960 
-1.940286 -1.905917 -1.870718 -1.834675 -1.797786 -1.760061 -1.721533 -1.682264 -1.642354 -1.601959 -1.561305 -1.520712 -1.480620 -1.441612 -1.404439 -1.370027 -1.339463 -1.313934 -1.294625 -1.282564 -1.278460 -1.282564 -1.294625 -1.313934 -1.339463 -1.370027 -1.404439 -1.441612 -1.480620 -1.520712 -1.561305 -1.601959 -1.642354 -1.682264 -1.721533 -1.760061 -1.797786 -1.834675 -1.870718 -1.905917 -1.940286 
-1.924744 -1.889136 -1.852545 -1.814937 -1.776280 -1.736555 -1.695759 -1.653914 -1.611078 -1.567363 -1.522952 -1.478133 -1.433335 -1.389166 -1.346463 -1.306324 -1.270119 -1.239431 -1.215920 -1.201095 -1.196024 -1.201095 -1.215920 -1.239431 -1.270119 -1.306324 -1.346463 -1.389166 -1.433335 -1.478133 -1.522952 -1.567363 -1.611078 -1.653914 -1.695759 -1.736555 -1.776280 -1.814937 -1.852545 -1.889136 -1.924744 
-1.910471 -1.873677 -1.835747 -1.796618 -1.756231 -1.714528 -1.671463 -1.627008 -1.581162 -1.533970 -1.485547 -1.436113 -1.386039 -1.335916 -1.286626 -1.239431 -1.196024 -1.158521 -1.129293 -1.110619 -1.104185 -1.110619 -1.129293 -1.158521 -1.196024 -1.239431 -1.286626 -1.335916 -1.386039 -1.436113 -1.485547 -1.533970 -1.581162 -1.627008 -1.671463 -1.714528 -1.756231 -1.796618 -1.835747 -1.873677 -1.910471 
-1.897604 -1.859700 -1.820508 -1.779938 -1.737895 -1.694280 -1.648999 -1.601959 -1.553086 -1.502336 -1.449722 -1.395346 -1.339463 -1.282564 -1.225497 -1.169615 -1.116946 -1.070276 -1.033037 -1.008796 -1.000357 -1.008796 -1.033037 -1.070276 -1.116946 -1.169615 -1.225497 -1.282564 -1.339463 -1.395346 -1.449722 -1.502336 -1.553086 -1.601959 -1.648999 -1.694280 -1.737895 -1.779938 -1.820508 -1.859700 -1.897604 
-1.886277 -1.847363 -1.807016 -1.765116 -1.721533 -1.676126 -1.628741 -1.579219 -1.527395 -1.473114 -1.416249 -1.356734 -1.294625 -1.230197 -1.164108 -1.097641 -1.033037 -0.973842 -0.925017 -0.892346 -0.880789 -0.892346 -0.925017 -0.973842 -1.033037 -1.097641 -1.164108 -1.230197 -1.294625 -1.356734 -1.416249 -1.473114 -1.527395 -1.579219 -1.628741 -1.676126 -1.721533 -1.765116 -1.807016 -1.847363 -1.886277 
-1.876616 -1.836815 -1.795448 -1.752366 -1.707406 -1.660380 -1.611078 -1.559265 -1.504679 -1.447036 -1.386039 -1.321399 -1.252881 -1.180397 -1.104185 -1.025128 -0.945316 -0.868862 -0.802737 -0.756569 -0.739808 -0.756569 -0.802737 -0.868862 -0.945316 -1.025128 -1.104185 -1.180397 -1.252881 -1.321399 -1.386039 -1.447036 -1.504679 -1.559265 -1.611078 -1.660380 -1.707406 -1.752366 -1.795448 -1.836815 -1.876616 
-1.868735 -1.828193 -1.785969 -1.741890 -1.695759 -1.647347 -1.596389 -1.542576 -1.485547 -1.424883 -1.360100 -1.290646 -1.215920 -1.135320 -1.048375 -0.955067 -0.856543 -0.756569 -0.663972 -0.594751 -0.568458 -0.594751 -0.663972 -0.756569 -0.856543 -0.955067 -1.048375 -1.135320 -1.215920 -1.290646 -1.360100 -1.424883 -1.485547 -1.542576 -1.596389 -1.647347 -1.695759 -1.741890 -1.785969 -1.828193 -1.868735 
-1.862732 -1.821614 -1.778722 -1.733862 -1.686810 -1.637301 -1.585022 -1.529598 -1.470581 -1.407424 -1.339463 -1.265881 -1.185677 -1.097641 -1.000357 -0.892346 -0.772604 -0.642308 -0.509475 -0.398301 -0.352263 -0.398301 -0.509475 -0.642308 -0.772604 -0.892346 -1.000357 -1.097641 -1.185677 -1.265881 -1.339463 -1.407424 -1.470581 -1.529598 -1.585022 -1.637301 -1.686810 -1.733862 -1.778722 -1.821614 -1.862732 
-1.858685 -1.817174 -1.773823 -1.728426 -1.680738 -1.630467 -1.577266 -1.520712 -1.460286 -1.395346 -1.325079 -1.248449 -1.164108 -1.070276 -0.964572 -0.843802 -0.703828 -0.540145 -0.352263 -0.164167 -0.071368 -0.164167 -0.352263 -0.540145 -0.703828 -0.843802 -0.964572 -1.070276 -1.164108 -1.248449 -1.325079 -1.395346 -1.460286 -1.520712 -1.577266 -1.630467 -1.680738 -1.728426 -1.773823 -1.817174 -1.858685 
-1.856648 -1.814937 -1.771353 -1.725682 -1.677669 -1.627008 -1.573333 -1.516195 -1.455039 -1.389166 -1.317684 -1.239431 -1.152851 -1.055817 -0.945316 -0.816935 -0.663972 -0.476016 -0.238115 0.053438 0.245383 0.053438 -0.238115 -0.476016 -0.663972 -0.816935 -0.945316 -1.055817 -1.152851 -1.239431 -1.317684 -1.389166 -1.455039 -1.516195 -1.573333 -1.627008 -1.677669 -1.725682 -1.771353 -1.814937 -1.856648 
-1.856393 -1.814656 -1.771043 -1.725338 -1.677283 -1.626574 -1.572839 -1.515627 -1.454378 -1.388387 -1.316750 -1.238289 -1.151421 -1.053970 -0.942838 -0.813436 -0.658675 -0.467154 -0.220983 0.092716 0.315164 0.092716 -0.220983 -0.467154 -0.658675 -0.813436 -0.942838 -1.053970 -1.151421 -1.238289 -1.316750 -1.388387 -1.454378 -1.515627 -1.572839 -1.626574 -1.677283 -1.725338 -1.771043 -1.814656 -1.856393 
-1.856659 -1.814949 -1.771367 -1.725697 -1.677685 -1.627027 -1.573355 -1.516220 -1.455067 -1.389200 -1.317725 -1.239480 -1.152913 -1.055897 -0.945423 -0.817086 -0.664200 -0.476396 -0.238841 0.051824 0.242639 0.051824 -0.238841 -0.476396 -0.664200 -0.817086 -0.945423 -1.055897 -1.152913 -1.239480 -1.317725 -1.389200 -1.455067 -1.516220 -1.573355 -1.627027 -1.677685 -1.725697 -1.771367 -1.814949 -1.856659 
-1.858718 -1.817210 -1.773863 -1.728470 -1.680787 -1.630523 -1.577329 -1.520785 -1.460371 -1.395445 -1.325197 -1.248593 -1.164288 -1.070506 -0.964875 -0.844221 -0.704439 -0.541096 -0.353846 -0.166809 -0.074771 -0.166809 -0.353846 -0.541096 -0.704439 -0.844221 -0.964875 -1.070506 -1.164288 -1.248593 -1.325197 -1.395445 -1.460371 -1.520785 -1.577329 -1.630523 -1.680787 -1.728470 -1.773863 -1.817210 -1.858718 
-1.862786 -1.821674 -1.778788 -1.733935 -1.686891 -1.637392 -1.585125 -1.529717 -1.470718 -1.407585 -1.339653 -1.266110 -1.185960 -1.097996 -1.000816 -0.892958 -0.773448 -0.643508 -0.511193 -0.400623 -0.354894 -0.400623 -0.511193 -0.643508 -0.773448 -0.892958 -1.000816 -1.097996 -1.185960 -1.266110 -1.339653 -1.407585 -1.470718 -1.529717 -1.585125 -1.637392 -1.686891 -1.733935 -1.778788 -1.821674 -1.862786 
-1.868810 -1.828275 -1.786059 -1.741990 -1.695870 -1.647472 -1.596530 -1.542736 -1.485732 -1.425098 -1.360352 -1.290947 -1.216285 -1.135770 -1.048941 -0.955792 -0.857485 -0.757801 -0.665554 -0.596658 -0.570506 -0.596658 -0.665554 -0.757801 -0.857485 -0.955792 -1.048941 -1.135770 -1.216285 -1.290947 -1.360352 -1.425098 -1.485732 -1.542736 -1.596530 -1.647472 -1.695870 -1.741990 -1.786059 -1.828275 -1.868810 
-1.876711 -1.836919 -1.795561 -1.752492 -1.707545 -1.660535 -1.611253 -1.559463 -1.504905 -1.447297 -1.386343 -1.321757 -1.253307 -1.180912 -1.104813 -1.025901 -0.946271 -0.870034 -0.804136 -0.758152 -0.741465 -0.758152 -0.804136 -0.870034 -0.946271 -1.025901 -1.104813 -1.180912 -1.253307 -1.321757 -1.386343 -1.447297 -1.504905 -1.559463 -1.611253 -1.660535 -1.707545 -1.752492 -1.795561 -1.836919 -1.876711 
-1.886390 -1.847487 -1.807151 -1.765265 -1.721698 -1.676309 -1.628946 -1.579449 -1.527656 -1.473413 -1.416593 -1.357134 -1.295093 -1.230750 -1.164764 -1.098421 -1.033962 -0.974924 -0.926249 -0.893690 -0.882175 -0.893690 -0.926249 -0.974924 -1.033962 -1.098421 -1.164764 -1.230750 -1.295093 -1.357134 -1.416593 -1.473413 -1.527656 -1.579449 -1.628946 -1.676309 -1.721698 -1.765265 -1.807151 -1.847487 -1.886390 
-1.897734 -1.859842 -1.820663 -1.780108 -1.738082 -1.694487 -1.649229 -1.602216 -1.553376 -1.502665 -1.450096 -1.395774 -1.339956 -1.283135 -1.226157 -1.170379 -1.117822 -1.071267 -1.034130 -1.009961 -1.001548 -1.009961 -1.034130 -1.071267 -1.117822 -1.170379 -1.226157 -1.283135 -1.339956 -1.395774 -1.450096 -1.502665 -1.553376 -1.602216 -1.649229 -1.694487 -1.738082 -1.780108 -1.820663 -1.859842 -1.897734 
-1.910617 -1.873835 -1.835919 -1.796807 -1.756438 -1.714756 -1.671715 -1.627288 -1.581475 -1.534321 -1.485942 -1.436559 -1.386545 -1.336490 -1.287277 -1.240166 -1.196847 -1.159428 -1.130272 -1.111647 -1.105230 -1.111647 -1.130272 -1.159428 -1.196847 -1.240166 -1.287277 -1.336490 -1.386545 -1.436559 -1.485942 -1.534321 -1.581475 -1.627288 -1.671715 -1.714756 -1.756438 -1.796807 -1.835919 -1.873835 -1.910617 
-1.924904 -1.889309 -1.852734 -1.815142 -1.776503 -1.736800 -1.696029 -1.654212 -1.611408 -1.567729 -1.523360 -1.478589 -1.433844 -1.389735 -1.347096 -1.307026 -1.270889 -1.240264 -1.216806 -1.202015 -1.196956 -1.202015 -1.216806 -1.240264 -1.270889 -1.307026 -1.347096 -1.389735 -1.433844 -1.478589 -1.523360 -1.567729 -1.611408 -1.654212 -1.696029 -1.736800 -1.776503 -1.815142 -1.852734 -1.889309 -1.924904 
-1.940459 -1.906104 -1.870920 -1.834895 -1.798024 -1.760321 -1.721817 -1.682575 -1.642696 -1.602335 -1.561720 -1.521170 -1.481126 -1.442169 -1.405051 -1.370694 -1.340184 -1.314703 -1.295433 -1.283398 -1.279302 -1.283398 -1.295433 -1.314703 -1.340184 -1.370694 -1.405051 -1.442169 -1.481126 -1.521170 -1.561720 -1.602335 -1.642696 -1.682575 -1.721817 -1.760321 -1.798024 -1.834895 -1.870920 -1.906104 -1.940459 
-1.957145 -1.924063 -1.890298 -1.855857 -1.820758 -1.785040 -1.748762 -1.712014 -1.674927 -1.637683 -1.600528 -1.563791 -1.527893 -1.493371 -1.460874 -1.431171 -1.405115 -1.383602 -1.367489 -1.357497 -1.354109 -1.357497 -1.367489 -1.383602 -1.405115 -1.431171 -1.460874 -1.493371 -1.527893 -1.563791 -1.600528 -1.637683 -1.674927 -1.712014 -1.748762 -1.785040 -1.820758 -1.855857 -1.890298 -1.924063 -1.957145 
-1.974828 -1.943035 -1.910695 -1.877832 -1.844485 -1.810708 -1.776582 -1.742217 -1.707761 -1.673408 -1.639409 -1.606082 -1.573821 -1.543102 -1.514482 -1.488590 -1.466102 -1.447702 -1.434024 -1.425587 -1.422734 -1.425587 -1.434024 -1.447702 -1.466102 -1.488590 -1.514482 -1.543102 -1.573821 -1.606082 -1.639409 -1.673408 -1.707761 -1.742217 -1.776582 -1.810708 -1.844485 -1.877832 -1.910695 -1.943035 -1.974828 
-1.993380 -1.962874 -1.931949 -1.900641 -1.869002 -1.837102 -1.805035 -1.772922 -1.740919 -1.709224 -1.678082 -1.647792 -1.618710 -1.591253 -1.565894 -1.543148 -1.523552 -1.507632 -1.495868 -1.488642 -1.486205 -1.488642 -1.495868 -1.507632 -1.523552 -1.543148 -1.565894 -1.591253 -1.618710 -1.647792 -1.678082 -1.709224 -1.740919 -1.772922 -1.805035 -1.837102 -1.869002 -1.900641 -1.931949 -1.962874 -1.993380 
-2.012680 -1.983448 -1.953912 -1.924120 -1.894133 -1.864030 -1.833914 -1.803911 -1.774181 -1.744915 -1.716347 -1.688750 -1.662445 -1.637792 -1.615190 -1.595061 -1.577834 -1.563921 -1.553688 -1.547424 -1.545314 -1.547424 -1.553688 -1.563921 -1.577834 -1.595061 -1.615190 -1.637792 -1.662445 -1.688750 -1.716347 -1.744915 -1.774181 -1.803911 -1.833914 -1.864030 -1.894133 -1.924120 -1.953912 -1.983448 -2.012680 
-2.032615 -2.004633 -1.976451 -1.948124 -1.919721 -1.891326 -1.863046 -1.835010 -1.807372 -1.780317 -1.754060 -1.728852 -1.704974 -1.682738 -1.662479 -1.644545 -1.629280 -1.617011 -1.608021 -1.602533 -1.600688 -1.602533 -1.608021 -1.617011 -1.629280 -1.644545 -1.662479 -1.682738 -1.704974 -1.728852 -1.754060 -1.780317 -1.807372 -1.835010 -1.863046 -1.891326 -1.919721 -1.948124 -1.976451 -2.004633 -2.032615 
-2.053084 -2.026319 -1.999446 -1.972526 -1.945632 -1.918851 -1.892290 -1.866077 -1.840359 -1.815310 -1.791128 -1.768038 -1.746286 -1.726141 -1.707884 -1.691805 -1.678182 -1.667275 -1.659309 -1.654457 -1.652826 -1.654457 -1.659309 -1.667275 -1.678182 -1.691805 -1.707884 -1.726141 -1.746286 -1.768038 -1.791128 -1.815310 -1.840359 -1.866077 -1.892290 -1.918851 -1.945632 -1.972526 -1.999446 -2.026319 -2.053084 
-2.073991 -2.048404 -2.022791 -1.997215 -1.971751 -1.946488 -1.921531 -1.897002 -1.873042 -1.849811 -1.827490 -1.806279 -1.786393 -1.768064 -1.751531 -1.737030 -1.724793 -1.715029 -1.707915 -1.703590 -1.702138 -1.703590 -1.707915 -1.715029 -1.724793 -1.737030 -1.751531 -1.768064 -1.786393 -1.806279 -1.827490 -1.849811 -1.873042 -1.897002 -1.921531 -1.946488 -1.971751 -1.997215 -2.022791 -2.048404 -2.073991 
-2.095252 -2.070800 -2.046392 -2.022094 -1.997981 -1.974141 -1.950675 -1.927699 -1.905346 -1.883762 -1.863111 -1.843570 -1.825328 -1.808584 -1.793540 -1.780395 -1.769337 -1.760539 -1.754143 -1.750260 -1.748958 -1.750260 -1.754143 -1.760539 -1.769337 -1.780395 -1.793540 -1.808584 -1.825328 -1.843570 -1.863111 -1.883762 -1.905346 -1.927699 -1.950675 -1.974141 -1.997981 -2.022094 -2.046392 -2.070800 -2.095252 
-2.116792 -2.093428 -2.070170 -2.047083 -2.024242 -2.001731 -1.979648 -1.958103 -1.937217 -1.917126 -1.897975 -1.879922 -1.863133 -1.847778 -1.834029 -1.822054 -1.812009 -1.804035 -1.798249 -1.794741 -1.793565 -1.794741 -1.798249 -1.804035 -1.812009 -1.822054 -1.834029 -1.847778 -1.863133 -1.879922 -1.897975 -1.917126 -1.937217 -1.958103 -1.979648 -2.001731 -2.024242 -2.047083 -2.070170 -2.093428 -2.116792 
-2.138544 -2.116220 -2.094054 -2.072112 -2.050464 -2.029194 -2.008394 -1.988164 -1.968619 -1.949880 -1.932079 -1.915355 -1.899854 -1.885722 -1.873106 -1.862147 -1.852977 -1.845713 -1.840450 -1.837263 -1.836195 -1.837263 -1.840450 -1.845713 -1.852977 -1.862147 -1.873106 -1.885722 -1.899854 -1.915355 -1.932079 -1.949880 -1.968619 -1.988164 -2.008394 -2.029194 -2.050464 -2.072112 -2.094054 -2.116220 -2.138544 
