49 49
2.773020e-01 0 5
-1.404708 -1.386070 -1.367535 -1.349140 -1.330925 -1.312935 -1.295218 -1.277829 -1.260827 -1.244276 -1.228243 -1.212804 -1.198034 -1.184015 -1.170831 -1.158565 -1.147304 -1.137130 -1.128123 -1.120360 -1.113907 -1.108823 -1.105156 -1.102941 -1.102201 -1.102941 -1.105156 -1.108823 -1.113907 -1.120360 -1.128123 -1.137130 -1.147304 -1.158565 -1.170831 -1.184015 -1.198034 -1.212804 -1.228243 -1.244276 -1.260827 -1.277829 -1.295218 -1.312935 -1.330925 -1.349140 -1.367535 -1.386070 -1.404708 
-1.386474 -1.367115 -1.347831 -1.328656 -1.309633 -1.290807 -1.272230 -1.253957 -1.236052 -1.218582 -1.201622 -1.185251 -1.169555 -1.154622 -1.140546 -1.127423 -1.115349 -1.104419 -1.094726 -1.086357 -1.079391 -1.073896 -1.069929 -1.067532 -1.066730 -1.067532 -1.069929 -1.073896 -1.079391 -1.086357 -1.094726 -1.104419 -1.115349 -1.127423 -1.140546 -1.154622 -1.169555 -1.185251 -1.201622 -1.218582 -1.236052 -1.253957 -1.272230 -1.290807 -1.309633 -1.328656 -1.347831 -1.367115 -1.386474 
-1.368374 -1.348268 -1.328201 -1.308211 -1.288339 -1.268632 -1.249141 -1.229928 -1.211056 -1.192599 -1.174637 -1.157255 -1.140546 -1.124611 -1.109553 -1.095479 -1.082500 -1.070726 -1.060262 -1.051211 -1.043664 -1.037705 -1.033397 -1.030793 -1.029921 -1.030793 -1.033397 -1.037705 -1.043664 -1.051211 -1.060262 -1.070726 -1.082500 -1.095479 -1.109553 -1.124611 -1.140546 -1.157255 -1.174637 -1.192599 -1.211056 -1.229928 -1.249141 -1.268632 -1.288339 -1.308211 -1.328201 -1.348268 -1.368374 
-1.350447 -1.329565 -1.308686 -1.287844 -1.267081 -1.246444 -1.225988 -1.205773 -1.185868 -1.166350 -1.147304 -1.128823 -1.111009 -1.093972 -1.077828 -1.062699 -1.048710 -1.035987 -1.024654 -1.014831 -1.006626 -1.000136 -0.995440 -0.992598 -0.991646 -0.992598 -0.995440 -1.000136 -1.006626 -1.014831 -1.024654 -1.035987 -1.048710 -1.062699 -1.077828 -1.093972 -1.111009 -1.128823 -1.147304 -1.166350 -1.185868 -1.205773 -1.225988 -1.246444 -1.267081 -1.287844 -1.308686 -1.329565 -1.350447 
-1.332733 -1.311051 -1.289328 -1.267598 -1.245903 -1.224290 -1.202812 -1.181533 -1.160524 -1.139865 -1.119647 -1.099971 -1.080948 -1.062699 -1.045353 -1.029048 -1.013927 -1.000136 -0.987819 -0.977117 -0.968160 -0.961062 -0.955919 -0.952804 -0.951760 -0.952804 -0.955919 -0.961062 -0.968160 -0.977117 -0.987819 -1.000136 -1.013927 -1.029048 -1.045353 -1.062699 -1.080948 -1.099971 -1.119647 -1.139865 -1.160524 -1.181533 -1.202812 -1.224290 -1.245903 -1.267598 -1.289328 -1.311051 -1.332733 
-1.315280 -1.292773 -1.270177 -1.247525 -1.224856 -1.202217 -1.179662 -1.157255 -1.135067 -1.113184 -1.091701 -1.070726 -1.050379 -1.030793 -1.012113 -0.994495 -0.978101 -0.963102 -0.949666 -0.937959 -0.928136 -0.920337 -0.914677 -0.911245 -0.910095 -0.911245 -0.914677 -0.920337 -0.928136 -0.937959 -0.949666 -0.963102 -0.978101 -0.994495 -1.012113 -1.030793 -1.050379 -1.070726 -1.091701 -1.113184 -1.135067 -1.157255 -1.179662 -1.202217 -1.224856 -1.247525 -1.270177 -1.292773 -1.315280 
-1.298136 -1.274783 -1.251288 -1.227681 -1.203999 -1.180287 -1.156598 -1.132995 -1.109553 -1.086357 -1.063508 -1.041120 -1.019323 -0.998263 -0.978101 -0.959012 -0.941183 -0.924811 -0.910095 -0.897231 -0.886408 -0.877794 -0.871531 -0.867728 -0.866453 -0.867728 -0.871531 -0.877794 -0.886408 -0.897231 -0.910095 -0.924811 -0.941183 -0.959012 -0.978101 -0.998263 -1.019323 -1.041120 -1.063508 -1.086357 -1.109553 -1.132995 -1.156598 -1.180287 -1.203999 -1.227681 -1.251288 -1.274783 -1.298136 
-1.281359 -1.257140 -1.232721 -1.208129 -1.183396 -1.158565 -1.133687 -1.108823 -1.084047 -1.059447 -1.035125 -1.011203 -0.987819 -0.965132 -0.943320 -0.922580 -0.903127 -0.885188 -0.869000 -0.854797 -0.842807 -0.833238 -0.826266 -0.822026 -0.820603 -0.822026 -0.826266 -0.833238 -0.842807 -0.854797 -0.869000 -0.885188 -0.903127 -0.922580 -0.943320 -0.965132 -0.987819 -1.011203 -1.035125 -1.059447 -1.084047 -1.108823 -1.133687 -1.158565 -1.183396 -1.208129 -1.232721 -1.257140 -1.281359 
-1.265006 -1.239908 -1.214545 -1.188940 -1.163122 -1.137130 -1.111009 -1.084818 -1.058630 -1.032531 -1.006626 -0.981040 -0.955919 -0.931436 -0.907785 -0.885188 -0.863890 -0.844157 -0.826266 -0.810502 -0.797143 -0.786446 -0.778631 -0.773870 -0.772270 -0.773870 -0.778631 -0.786446 -0.797143 -0.810502 -0.826266 -0.844157 -0.863890 -0.885188 -0.907785 -0.931436 -0.955919 -0.981040 -1.006626 -1.032531 -1.058630 -1.084818 -1.111009 -1.137130 -1.163122 -1.188940 -1.214545 -1.239908 -1.265006 
-1.249141 -1.223154 -1.196832 -1.170193 -1.143261 -1.116068 -1.088655 -1.061076 -1.033397 -1.005705 -0.978101 -0.950714 -0.923697 -0.897231 -0.871531 -0.846842 -0.823444 -0.801645 -0.781775 -0.764179 -0.749198 -0.737154 -0.728328 -0.722939 -0.721126 -0.722939 -0.728328 -0.737154 -0.749198 -0.764179 -0.781775 -0.801645 -0.823444 -0.846842 -0.871531 -0.897231 -0.923697 -0.950714 -0.978101 -1.005705 -1.033397 -1.061076 -1.088655 -1.116068 -1.143261 -1.170193 -1.196832 -1.223154 -1.249141 
-1.233834 -1.206952 -1.179662 -1.151974 -1.123905 -1.095479 -1.066730 -1.037705 -1.008463 -0.979083 -0.949666 -0.920337 -0.891253 -0.862603 -0.834619 -0.807571 -0.781775 -0.757588 -0.735404 -0.715640 -0.698721 -0.685054 -0.675000 -0.668845 -0.666772 -0.668845 -0.675000 -0.685054 -0.698721 -0.715640 -0.735404 -0.757588 -0.781775 -0.807571 -0.834619 -0.862603 -0.891253 -0.920337 -0.949666 -0.979083 -1.008463 -1.037705 -1.066730 -1.095479 -1.123905 -1.151974 -1.179662 -1.206952 -1.233834 
-1.219156 -1.191383 -1.163122 -1.134378 -1.105156 -1.075473 -1.045353 -1.014831 -0.983958 -0.952804 -0.921460 -0.890047 -0.858718 -0.827670 -0.797143 -0.767435 -0.738896 -0.711941 -0.687035 -0.664688 -0.645431 -0.629783 -0.618218 -0.611114 -0.608717 -0.611114 -0.618218 -0.629783 -0.645431 -0.664688 -0.687035 -0.711941 -0.738896 -0.767435 -0.797143 -0.827670 -0.858718 -0.890047 -0.921460 -0.952804 -0.983958 -1.014831 -1.045353 -1.075473 -1.105156 -1.134378 -1.163122 -1.191383 -1.219156 
-1.205182 -1.176528 -1.147304 -1.117503 -1.087124 -1.056171 -1.024654 -0.992598 -0.960038 -0.927031 -0.893654 -0.860017 -0.826266 -0.792593 -0.759246 -0.726539 -0.694864 -0.664688 -0.636565 -0.611114 -0.589004 -0.570910 -0.557456 -0.549158 -0.546352 -0.549158 -0.557456 -0.570910 -0.589004 -0.611114 -0.636565 -0.664688 -0.694864 -0.726539 -0.759246 -0.792593 -0.826266 -0.860017 -0.893654 -0.927031 -0.960038 -0.992598 -1.024654 -1.056171 -1.087124 -1.117503 -1.147304 -1.176528 -1.205182 
-1.191991 -1.162474 -1.132302 -1.101459 -1.069929 -1.037705 -1.004781 -0.971166 -0.936879 -0.901954 -0.866453 -0.830463 -0.794115 -0.757588 -0.721126 -0.685054 -0.649791 -0.615864 -0.583918 -0.554710 -0.529083 -0.507921 -0.492069 -0.482238 -0.478905 -0.482238 -0.492069 -0.507921 -0.529083 -0.554710 -0.583918 -0.615864 -0.649791 -0.685054 -0.721126 -0.757588 -0.794115 -0.830463 -0.866453 -0.901954 -0.936879 -0.971166 -1.004781 -1.037705 -1.069929 -1.101459 -1.132302 -1.162474 -1.191991 
-1.179662 -1.149311 -1.118219 -1.086357 -1.053698 -1.020216 -0.985893 -0.950714 -0.914677 -0.877794 -0.840096 -0.801645 -0.762541 -0.722939 -0.683064 -0.643233 -0.603880 -0.565583 -0.529083 -0.495291 -0.465278 -0.440210 -0.421250 -0.409409 -0.405379 -0.409409 -0.421250 -0.440210 -0.465278 -0.495291 -0.529083 -0.565583 -0.603880 -0.643233 -0.683064 -0.722939 -0.762541 -0.801645 -0.840096 -0.877794 -0.914677 -0.950714 -0.985893 -1.020216 -1.053698 -1.086357 -1.118219 -1.149311 -1.179662 
-1.168276 -1.137130 -1.105156 -1.072314 -1.038561 -1.003856 -0.968160 -0.931436 -0.893654 -0.854797 -0.814861 -0.773870 -0.731881 -0.689007 -0.645431 -0.601439 -0.557456 -0.514085 -0.472151 -0.432738 -0.397190 -0.367063 -0.343986 -0.329437 -0.324460 -0.329437 -0.343986 -0.367063 -0.397190 -0.432738 -0.472151 -0.514085 -0.557456 -0.601439 -0.645431 -0.689007 -0.731881 -0.773870 -0.814861 -0.854797 -0.893654 -0.931436 -0.968160 -1.003856 -1.038561 -1.072314 -1.105156 -1.137130 -1.168276 
-1.157910 -1.126019 -1.093216 -1.059447 -1.024654 -0.988779 -0.951760 -0.913536 -0.874047 -0.833238 -0.791065 -0.747499 -0.702543 -0.656243 -0.608717 -0.560184 -0.511015 -0.461795 -0.413397 -0.367063 -0.324460 -0.287662 -0.258993 -0.240680 -0.234371 -0.240680 -0.258993 -0.287662 -0.324460 -0.367063 -0.413397 -0.461795 -0.511015 -0.560184 -0.608717 -0.656243 -0.702543 -0.747499 -0.791065 -0.833238 -0.874047 -0.913536 -0.951760 -0.988779 -1.024654 -1.059447 -1.093216 -1.126019 -1.157910 
-1.148643 -1.116068 -1.082500 -1.047873 -1.012113 -0.975143 -0.936879 -0.897231 -0.856108 -0.813413 -0.769053 -0.722939 -0.675000 -0.625197 -0.573546 -0.520154 -0.465278 -0.409409 -0.353386 -0.298547 -0.246884 -0.201130 -0.164639 -0.140895 -0.132631 -0.140895 -0.164639 -0.201130 -0.246884 -0.298547 -0.353386 -0.409409 -0.465278 -0.520154 -0.573546 -0.625197 -0.675000 -0.722939 -0.769053 -0.813413 -0.856108 -0.897231 -0.936879 -0.975143 -1.012113 -1.047873 -1.082500 -1.116068 -1.148643 
-1.140546 -1.107360 -1.073106 -1.037705 -1.001069 -0.963102 -0.923697 -0.882738 -0.840096 -0.795632 -0.749198 -0.700637 -0.649791 -0.596512 -0.540680 -0.482238 -0.421250 -0.357999 -0.293144 -0.227955 -0.164639 -0.106672 -0.058897 -0.026948 -0.015651 -0.026948 -0.058897 -0.106672 -0.164639 -0.227955 -0.293144 -0.357999 -0.421250 -0.482238 -0.540680 -0.596512 -0.649791 -0.700637 -0.749198 -0.795632 -0.840096 -0.882738 -0.923697 -0.963102 -1.001069 -1.037705 -1.073106 -1.107360 -1.140546 
-1.133687 -1.099971 -1.065122 -1.029048 -0.991646 -0.952804 -0.912392 -0.870267 -0.826266 -0.780206 -0.731881 -0.681063 -0.627497 -0.570910 -0.511015 -0.447540 -0.380266 -0.309126 -0.234371 -0.156892 -0.078754 -0.003995 0.060588 0.105635 0.121979 0.105635 0.060588 -0.003995 -0.078754 -0.156892 -0.234371 -0.309126 -0.380266 -0.447540 -0.511015 -0.570910 -0.627497 -0.681063 -0.731881 -0.780206 -0.826266 -0.870267 -0.912392 -0.952804 -0.991646 -1.029048 -1.065122 -1.099971 -1.133687 
-1.128123 -1.093972 -1.058630 -1.021997 -0.983958 -0.944384 -0.903127 -0.860017 -0.814861 -0.767435 -0.717477 -0.664688 -0.608717 -0.549158 -0.485543 -0.417343 -0.343986 -0.264904 -0.179667 -0.088296 0.008043 0.105635 0.195868 0.263221 0.288782 0.263221 0.195868 0.105635 0.008043 -0.088296 -0.179667 -0.264904 -0.343986 -0.417343 -0.485543 -0.549158 -0.608717 -0.664688 -0.717477 -0.767435 -0.814861 -0.860017 -0.903127 -0.944384 -0.983958 -1.021997 -1.058630 -1.093972 -1.128123 
-1.123905 -1.089419 -1.053698 -1.016633 -0.978101 -0.937959 -0.896042 -0.852162 -0.806097 -0.757588 -0.706328 -0.651953 -0.594025 -0.532015 -0.465278 -0.393029 -0.314307 -0.227955 -0.132631 -0.026948 0.089993 0.216956 0.346078 0.453914 0.498513 0.453914 0.346078 0.216956 0.089993 -0.026948 -0.132631 -0.227955 -0.314307 -0.393029 -0.465278 -0.532015 -0.594025 -0.651953 -0.706328 -0.757588 -0.806097 -0.852162 -0.896042 -0.937959 -0.978101 -1.016633 -1.053698 -1.089419 -1.123905 
-1.121071 -1.086357 -1.050379 -1.013021 -0.974152 -0.933621 -0.891253 -0.846842 -0.800150 -0.750890 -0.698721 -0.643233 -0.583918 -0.520154 -0.451153 -0.375916 -0.293144 -0.201130 -0.097598 0.020489 0.157048 0.316293 0.498513 0.680442 0.770080 0.680442 0.498513 0.316293 0.157048 0.020489 -0.097598 -0.201130 -0.293144 -0.375916 -0.451153 -0.520154 -0.583918 -0.643233 -0.698721 -0.750890 -0.800150 -0.846842 -0.891253 -0.933621 -0.974152 -1.013021 -1.050379 -1.086357 -1.121071 
-1.119647 -1.084818 -1.048710 -1.011203 -0.972164 -0.931436 -0.888837 -0.844157 -0.797143 -0.747499 -0.694864 -0.638800 -0.578766 -0.514085 -0.443892 -0.367063 -0.282100 -0.186959 -0.078754 0.046727 0.195868 0.378554 0.608966 0.890600 1.076169 0.890600 0.608966 0.378554 0.195868 0.046727 -0.078754 -0.186959 -0.282100 -0.367063 -0.443892 -0.514085 -0.578766 -0.638800 -0.694864 -0.747499 -0.797143 -0.844157 -0.888837 -0.931436 -0.972164 -1.011203 -1.048710 -1.084818 -1.119647 
-1.119469 -1.084626 -1.048501 -1.010975 -0.971915 -0.931162 -0.888534 -0.843820 -0.796766 -0.747073 -0.694379 -0.638242 -0.578117 -0.513320 -0.442975 -0.365942 -0.280697 -0.185150 -0.076330 0.050143 0.201025 0.387152 0.625530 0.928538 1.143819 0.928538 0.625530 0.387152 0.201025 0.050143 -0.076330 -0.185150 -0.280697 -0.365942 -0.442975 -0.513320 -0.578117 -0.638242 -0.694379 -0.747073 -0.796766 -0.843820 -0.888534 -0.931162 -0.971915 -1.010975 -1.048501 -1.084626 -1.119469 
-1.119655 -1.084827 -1.048719 -1.011213 -0.972175 -0.931448 -0.888850 -0.844171 -0.797160 -0.747517 -0.694885 -0.638824 -0.578794 -0.514118 -0.443932 -0.367111 -0.282161 -0.187038 -0.078859 0.046580 0.195645 0.378185 0.608264 0.889041 1.073512 0.889041 0.608264 0.378185 0.195645 0.046580 -0.078859 -0.187038 -0.282161 -0.367111 -0.443932 -0.514118 -0.578794 -0.638824 -0.694885 -0.747517 -0.797160 -0.844171 -0.888850 -0.931448 -0.972175 -1.011213 -1.048719 -1.084827 -1.119655 
-1.121094 -1.086382 -1.050405 -1.013050 -0.974184 -0.933656 -0.891292 -0.846886 -0.800198 -0.750944 -0.698784 -0.643304 -0.584001 -0.520251 -0.451269 -0.376057 -0.293320 -0.201355 -0.097895 0.020080 0.156453 0.315369 0.496979 0.677890 0.766794 0.677890 0.496979 0.315369 0.156453 0.020080 -0.097895 -0.201355 -0.293320 -0.376057 -0.451269 -0.520251 -0.584001 -0.643304 -0.698784 -0.750944 -0.800198 -0.846886 -0.891292 -0.933656 -0.974184 -1.013050 -1.050405 -1.086382 -1.121094 
-1.123943 -1.089460 -1.053742 -1.016682 -0.978154 -0.938017 -0.896106 -0.852233 -0.806177 -0.757677 -0.706430 -0.652069 -0.594159 -0.532172 -0.465464 -0.393254 -0.314584 -0.228303 -0.133080 -0.027547 0.089169 0.215789 0.344410 0.451663 0.495964 0.451663 0.344410 0.215789 0.089169 -0.027547 -0.133080 -0.228303 -0.314584 -0.393254 -0.465464 -0.532172 -0.594159 -0.652069 -0.706430 -0.757677 -0.806177 -0.852233 -0.896106 -0.938017 -0.978154 -1.016682 -1.053742 -1.089460 -1.123943 
-1.128176 -1.094029 -1.058692 -1.022064 -0.984031 -0.944464 -0.903215 -0.860115 -0.814970 -0.767557 -0.717615 -0.664846 -0.608898 -0.549368 -0.485791 -0.417639 -0.344345 -0.265346 -0.180221 -0.089005 0.007122 0.104433 0.194328 0.261366 0.286792 0.261366 0.194328 0.104433 0.007122 -0.089005 -0.180221 -0.265346 -0.344345 -0.417639 -0.485791 -0.549368 -0.608898 -0.664846 -0.717615 -0.767557 -0.814970 -0.860115 -0.903215 -0.944464 -0.984031 -1.022064 -1.058692 -1.094029 -1.128176 
-1.133754 -1.100044 -1.065200 -1.029132 -0.991738 -0.952905 -0.912503 -0.870390 -0.826402 -0.780358 -0.732053 -0.681257 -0.627719 -0.571166 -0.511314 -0.447891 -0.380685 -0.309631 -0.234987 -0.157649 -0.079689 -0.005140 0.059222 0.104091 0.120364 0.104091 0.059222 -0.005140 -0.079689 -0.157649 -0.234987 -0.309631 -0.380685 -0.447891 -0.511314 -0.571166 -0.627719 -0.681257 -0.732053 -0.780358 -0.826402 -0.870390 -0.912503 -0.952905 -0.991738 -1.029132 -1.065200 -1.100044 -1.133754 
-1.140627 -1.107446 -1.073199 -1.037806 -1.001179 -0.963222 -0.923829 -0.882883 -0.840257 -0.795811 -0.749398 -0.700863 -0.650047 -0.596805 -0.541018 -0.482630 -0.421710 -0.358542 -0.293787 -0.228720 -0.165545 -0.107731 -0.060102 -0.028262 -0.017006 -0.028262 -0.060102 -0.107731 -0.165545 -0.228720 -0.293787 -0.358542 -0.421710 -0.482630 -0.541018 -0.596805 -0.650047 -0.700863 -0.749398 -0.795811 -0.840257 -0.882883 -0.923829 -0.963222 -1.001179 -1.037806 -1.073199 -1.107446 -1.140627 
-1.148737 -1.116169 -1.082609 -1.047990 -1.012240 -0.975281 -0.937030 -0.897397 -0.856291 -0.813616 -0.769279 -0.723192 -0.675285 -0.625520 -0.573913 -0.520574 -0.465762 -0.409969 -0.354034 -0.299296 -0.247743 -0.202101 -0.165710 -0.142036 -0.133797 -0.142036 -0.165710 -0.202101 -0.247743 -0.299296 -0.354034 -0.409969 -0.465762 -0.520574 -0.573913 -0.625520 -0.675285 -0.723192 -0.769279 -0.813616 -0.856291 -0.897397 -0.937030 -0.975281 -1.012240 -1.047990 -1.082609 -1.116169 -1.148737 
-1.158016 -1.126133 -1.093338 -1.059578 -1.024797 -0.988934 -0.951929 -0.913721 -0.874250 -0.833461 -0.791311 -0.747773 -0.702849 -0.656588 -0.609105 -0.560622 -0.511512 -0.462359 -0.414036 -0.367785 -0.325267 -0.288552 -0.259952 -0.241687 -0.235396 -0.241687 -0.259952 -0.288552 -0.325267 -0.367785 -0.414036 -0.462359 -0.511512 -0.560622 -0.609105 -0.656588 -0.702849 -0.747773 -0.791311 -0.833461 -0.874250 -0.913721 -0.951929 -0.988934 -1.024797 -1.059578 -1.093338 -1.126133 -1.158016 
-1.168393 -1.137255 -1.105291 -1.072459 -1.038717 -1.004025 -0.968344 -0.931636 -0.893873 -0.855037 -0.815125 -0.774162 -0.732205 -0.689366 -0.645831 -0.601887 -0.557956 -0.514644 -0.472773 -0.433427 -0.397945 -0.367881 -0.344855 -0.330340 -0.325375 -0.330340 -0.344855 -0.367881 -0.397945 -0.433427 -0.472773 -0.514644 -0.557956 -0.601887 -0.645831 -0.689366 -0.732205 -0.774162 -0.815125 -0.855037 -0.893873 -0.931636 -0.968344 -1.004025 -1.038717 -1.072459 -1.105291 -1.137255 -1.168393 
-1.179790 -1.149448 -1.118365 -1.086514 -1.053866 -1.020399 -0.986090 -0.950928 -0.914910 -0.878048 -0.840374 -0.801949 -0.762876 -0.723308 -0.683471 -0.643683 -0.604377 -0.566131 -0.529684 -0.495947 -0.465986 -0.440965 -0.422043 -0.410227 -0.406205 -0.410227 -0.422043 -0.440965 -0.465986 -0.495947 -0.529684 -0.566131 -0.604377 -0.643683 -0.683471 -0.723308 -0.762876 -0.801949 -0.840374 -0.878048 -0.914910 -0.950928 -0.986090 -1.020399 -1.053866 -1.086514 -1.118365 -1.149448 -1.179790 
-1.192129 -1.162621 -1.132459 -1.101627 -1.070109 -1.037898 -1.004990 -0.971392 -0.937123 -0.902219 -0.866741 -0.830778 -0.794458 -0.757963 -0.721536 -0.685503 -0.650280 -0.616397 -0.584496 -0.555332 -0.529747 -0.508622 -0.492799 -0.482987 -0.479660 -0.482987 -0.492799 -0.508622 -0.529747 -0.555332 -0.584496 -0.616397 -0.650280 -0.685503 -0.721536 -0.757963 -0.794458 -0.830778 -0.866741 -0.902219 -0.937123 -0.971392 -1.004990 -1.037898 -1.070109 -1.101627 -1.132459 -1.162621 -1.192129 
-1.205329 -1.176683 -1.147469 -1.117680 -1.087314 -1.056374 -1.024873 -0.992833 -0.960292 -0.927304 -0.893950 -0.860338 -0.826614 -0.792970 -0.759655 -0.726982 -0.695343 -0.665205 -0.637118 -0.611704 -0.589628 -0.571563 -0.558133 -0.549849 -0.547048 -0.549849 -0.558133 -0.571563 -0.589628 -0.611704 -0.637118 -0.665205 -0.695343 -0.726982 -0.759655 -0.792970 -0.826614 -0.860338 -0.893950 -0.927304 -0.960292 -0.992833 -1.024873 -1.056374 -1.087314 -1.117680 -1.147469 -1.176683 -1.205329 
-1.219310 -1.191546 -1.163296 -1.134563 -1.105354 -1.075684 -1.045579 -1.015073 -0.984219 -0.953084 -0.921761 -0.890371 -0.859068 -0.828046 -0.797549 -0.767870 -0.739364 -0.712440 -0.687566 -0.665249 -0.646019 -0.630396 -0.618848 -0.611756 -0.609363 -0.611756 -0.618848 -0.630396 -0.646019 -0.665249 -0.687566 -0.712440 -0.739364 -0.767870 -0.797549 -0.828046 -0.859068 -0.890371 -0.921761 -0.953084 -0.984219 -1.015073 -1.045579 -1.075684 -1.105354 -1.134563 -1.163296 -1.191546 -1.219310 
-1.233996 -1.207123 -1.179844 -1.152167 -1.124110 -1.095698 -1.066963 -1.037953 -1.008728 -0.979367 -0.949970 -0.920663 -0.891602 -0.862977 -0.835019 -0.807998 -0.782229 -0.758070 -0.735913 -0.716174 -0.699278 -0.685630 -0.675591 -0.669445 -0.667375 -0.669445 -0.675591 -0.685630 -0.699278 -0.716174 -0.735913 -0.758070 -0.782229 -0.807998 -0.835019 -0.862977 -0.891602 -0.920663 -0.949970 -0.979367 -1.008728 -1.037953 -1.066963 -1.095698 -1.124110 -1.152167 -1.179844 -1.207123 -1.233996 
-1.249309 -1.223331 -1.197020 -1.170392 -1.143472 -1.116292 -1.088893 -1.061329 -1.033667 -1.005992 -0.978407 -0.951041 -0.924045 -0.897601 -0.871924 -0.847259 -0.823885 -0.802109 -0.782263 -0.764688 -0.749726 -0.737698 -0.728884 -0.723502 -0.721692 -0.723502 -0.728884 -0.737698 -0.749726 -0.764688 -0.782263 -0.802109 -0.823885 -0.847259 -0.871924 -0.897601 -0.924045 -0.951041 -0.978407 -1.005992 -1.033667 -1.061329 -1.088893 -1.116292 -1.143472 -1.170392 -1.197020 -1.223331 -1.249309 
-1.265179 -1.240090 -1.214738 -1.189144 -1.163338 -1.137358 -1.111251 -1.085075 -1.058902 -1.032820 -1.006932 -0.981365 -0.956264 -0.931801 -0.908171 -0.885595 -0.864318 -0.844605 -0.826734 -0.810989 -0.797646 -0.786961 -0.779157 -0.774401 -0.772804 -0.774401 -0.779157 -0.786961 -0.797646 -0.810989 -0.826734 -0.844605 -0.864318 -0.885595 -0.908171 -0.931801 -0.956264 -0.981365 -1.006932 -1.032820 -1.058902 -1.085075 -1.111251 -1.137358 -1.163338 -1.189144 -1.214738 -1.240090 -1.265179 
-1.281537 -1.257328 -1.232919 -1.208337 -1.183616 -1.158797 -1.133932 -1.109082 -1.084321 -1.059736 -1.035431 -1.011526 -0.988160 -0.965491 -0.943698 -0.922977 -0.903542 -0.885621 -0.869450 -0.855263 -0.843287 -0.833729 -0.826765 -0.822530 -0.821108 -0.822530 -0.826765 -0.833729 -0.843287 -0.855263 -0.869450 -0.885621 -0.903542 -0.922977 -0.943698 -0.965491 -0.988160 -1.011526 -1.035431 -1.059736 -1.084321 -1.109082 -1.133932 -1.158797 -1.183616 -1.208337 -1.232919 -1.257328 -1.281537 
-1.298319 -1.274975 -1.251489 -1.227892 -1.204222 -1.180521 -1.156845 -1.133256 -1.109827 -1.086646 -1.063812 -1.041440 -1.019660 -0.998616 -0.978471 -0.959398 -0.941586 -0.925230 -0.910528 -0.897678 -0.886866 -0.878261 -0.872005 -0.868207 -0.866933 -0.868207 -0.872005 -0.878261 -0.886866 -0.897678 -0.910528 -0.925230 -0.941586 -0.959398 -0.978471 -0.998616 -1.019660 -1.041440 -1.063812 -1.086646 -1.109827 -1.133256 -1.156845 -1.180521 -1.204222 -1.227892 -1.251489 -1.274975 -1.298319 
-1.315466 -1.292968 -1.270382 -1.247740 -1.225082 -1.202454 -1.179911 -1.157515 -1.135341 -1.113472 -1.092003 -1.071042 -1.050710 -1.031139 -1.012474 -0.994871 -0.978492 -0.963506 -0.950083 -0.938388 -0.928575 -0.920784 -0.915130 -0.911702 -0.910553 -0.911702 -0.915130 -0.920784 -0.928575 -0.938388 -0.950083 -0.963506 -0.978492 -0.994871 -1.012474 -1.031139 -1.050710 -1.071042 -1.092003 -1.113472 -1.135341 -1.157515 -1.179911 -1.202454 -1.225082 -1.247740 -1.270382 -1.292968 -1.315466 
-1.332922 -1.311249 -1.289535 -1.267815 -1.246130 -1.224527 -1.203061 -1.181794 -1.160797 -1.140151 -1.119946 -1.100284 -1.081274 -1.063038 -1.045706 -1.029414 -1.014306 -1.000527 -0.988222 -0.977530 -0.968581 -0.961490 -0.956353 -0.953241 -0.952198 -0.953241 -0.956353 -0.961490 -0.968581 -0.977530 -0.988222 -1.000527 -1.014306 -1.029414 -1.045706 -1.063038 -1.081274 -1.100284 -1.119946 -1.140151 -1.160797 -1.181794 -1.203061 -1.224527 -1.246130 -1.267815 -1.289535 -1.311249 -1.332922 
-1.350638 -1.329765 -1.308895 -1.288062 -1.267309 -1.246683 -1.226237 -1.206033 -1.186140 -1.166633 -1.147599 -1.129130 -1.111329 -1.094304 -1.078173 -1.063056 -1.049078 -1.036366 -1.025043 -1.015229 -1.007031 -1.000547 -0.995856 -0.993016 -0.992066 -0.993016 -0.995856 -1.000547 -1.007031 -1.015229 -1.025043 -1.036366 -1.049078 -1.063056 -1.078173 -1.094304 -1.111329 -1.129130 -1.147599 -1.166633 -1.186140 -1.206033 -1.226237 -1.246683 -1.267309 -1.288062 -1.308895 -1.329765 -1.350638 
-1.368568 -1.348470 -1.328412 -1.308431 -1.288568 -1.268870 -1.249390 -1.230187 -1.211326 -1.192880 -1.174928 -1.157558 -1.140861 -1.124937 -1.109890 -1.095827 -1.082858 -1.071093 -1.060638 -1.051595 -1.044055 -1.038101 -1.033797 -1.031195 -1.030324 -1.031195 -1.033797 -1.038101 -1.044055 -1.051595 -1.060638 -1.071093 -1.082858 -1.095827 -1.109890 -1.124937 -1.140861 -1.157558 -1.174928 -1.192880 -1.211326 -1.230187 -1.249390 -1.268870 -1.288568 -1.308431 -1.328412 -1.348470 -1.368568 
-1.386669 -1.367319 -1.348042 -1.328876 -1.309862 -1.291045 -1.272477 -1.254215 -1.236319 -1.218860 -1.201910 -1.185550 -1.169864 -1.154941 -1.140876 -1.127762 -1.115697 -1.104776 -1.095091 -1.086728 -1.079768 -1.074278 -1.070315 -1.067920 -1.067118 -1.067920 -1.070315 -1.074278 -1.079768 -1.086728 -1.095091 -1.104776 -1.115697 -1.127762 -1.140876 -1.154941 -1.169864 -1.185550 -1.201910 -1.218860 -1.236319 -1.254215 -1.272477 -1.291045 -1.309862 -1.328876 -1.348042 -1.367319 -1.386669 
-1.404905 -1.386274 -1.367747 -1.349361 -1.331154 -1.313172 -1.295465 -1.278085 -1.261092 -1.244550 -1.228527 -1.213097 -1.198337 -1.184328 -1.171152 -1.158896 -1.147642 -1.137476 -1.128477 -1.120719 -1.114272 -1.109192 -1.105528 -1.103315 -1.102575 -1.103315 -1.105528 -1.109192 -1.114272 -1.120719 -1.128477 -1.137476 -1.147642 -1.158896 -1.171152 -1.184328 -1.198337 -1.213097 -1.228527 -1.244550 -1.261092 -1.278085 -1.295465 -1.313172 -1.331154 -1.349361 -1.367747 -1.386274 -1.404905 
