37 37
5.066383e-02 0 5
-2.531742 -2.507058 -2.482572 -2.458373 -2.434563 -2.411259 -2.388594 -2.366716 -2.345790 -2.325994 -2.307519 -2.290564 -2.275333 -2.262027 -2.250836 -2.241932 -2.235460 -2.231531 -2.230214 -2.231531 -2.235460 -2.241932 -2.250836 -2.262027 -2.275333 -2.290564 -2.307519 -2.325994 -2.345790 -2.366716 -2.388594 -2.411259 -2.434563 -2.458373 -2.482572 -2.507058 -2.531742 
-2.507781 -2.481811 -2.455965 -2.430334 -2.405023 -2.380156 -2.355874 -2.332339 -2.309732 -2.288254 -2.268125 -2.249575 -2.232845 -2.218175 -2.205796 -2.195919 -2.188725 -2.184350 -2.182882 -2.184350 -2.188725 -2.195919 -2.205796 -2.218175 -2.232845 -2.249575 -2.268125 -2.288254 -2.309732 -2.332339 -2.355874 -2.380156 -2.405023 -2.430334 -2.455965 -2.481811 -2.507781 
-2.484092 -2.456769 -2.429484 -2.402325 -2.375401 -2.348839 -2.322788 -2.297423 -2.272943 -2.249575 -2.227567 -2.207188 -2.188725 -2.172464 -2.158690 -2.147664 -2.139611 -2.134705 -2.133058 -2.134705 -2.139611 -2.147664 -2.158690 -2.172464 -2.188725 -2.207188 -2.227567 -2.249575 -2.272943 -2.297423 -2.322788 -2.348839 -2.375401 -2.402325 -2.429484 -2.456769 -2.484092 
-2.460770 -2.432030 -2.403226 -2.374444 -2.345790 -2.317393 -2.289411 -2.262027 -2.235460 -2.209961 -2.185813 -2.163330 -2.142850 -2.124722 -2.109295 -2.096897 -2.087813 -2.082267 -2.080402 -2.082267 -2.087813 -2.096897 -2.109295 -2.124722 -2.142850 -2.163330 -2.185813 -2.209961 -2.235460 -2.262027 -2.289411 -2.317393 -2.345790 -2.374444 -2.403226 -2.432030 -2.460770 
-2.437920 -2.407706 -2.377309 -2.346808 -2.316307 -2.285933 -2.255845 -2.226237 -2.197344 -2.169441 -2.142850 -2.117935 -2.095095 -2.074758 -2.057354 -2.043300 -2.032964 -2.026636 -2.024506 -2.026636 -2.032964 -2.043300 -2.057354 -2.074758 -2.095095 -2.117935 -2.142850 -2.169441 -2.197344 -2.226237 -2.255845 -2.285933 -2.316307 -2.346808 -2.377309 -2.407706 -2.437920 
-2.415663 -2.383925 -2.351867 -2.319559 -2.287095 -2.254598 -2.222224 -2.190173 -2.158690 -2.128076 -2.098690 -2.070952 -2.045337 -2.022364 -2.002574 -1.986498 -1.974619 -1.967322 -1.964861 -1.967322 -1.974619 -1.986498 -2.002574 -2.022364 -2.045337 -2.070952 -2.098690 -2.128076 -2.158690 -2.190173 -2.222224 -2.254598 -2.287095 -2.319559 -2.351867 -2.383925 -2.415663 
-2.394135 -2.360834 -2.327057 -2.292862 -2.258328 -2.223566 -2.188725 -2.153999 -2.119642 -2.085972 -2.053387 -2.022364 -1.993465 -1.967322 -1.944619 -1.926043 -1.912234 -1.903717 -1.900837 -1.903717 -1.912234 -1.926043 -1.944619 -1.967322 -1.993465 -2.022364 -2.053387 -2.085972 -2.119642 -2.153999 -2.188725 -2.223566 -2.258328 -2.292862 -2.327057 -2.360834 -2.394135 
-2.373485 -2.338596 -2.303059 -2.266912 -2.230214 -2.193055 -2.155568 -2.117935 -2.080402 -2.043300 -2.007054 -1.972201 -1.939398 -1.909415 -1.883115 -1.861400 -1.845136 -1.835050 -1.831630 -1.835050 -1.845136 -1.861400 -1.883115 -1.909415 -1.939398 -1.972201 -2.007054 -2.043300 -2.080402 -2.117935 -2.155568 -2.193055 -2.230214 -2.266912 -2.303059 -2.338596 -2.373485 
-2.353875 -2.317393 -2.280075 -2.241932 -2.202996 -2.163330 -2.123036 -2.082267 -2.041253 -2.000315 -1.959894 -1.920576 -1.883115 -1.848442 -1.817650 -1.791934 -1.772484 -1.760335 -1.756201 -1.760335 -1.772484 -1.791934 -1.817650 -1.848442 -1.883115 -1.920576 -1.959894 -2.000315 -2.041253 -2.082267 -2.123036 -2.163330 -2.202996 -2.241932 -2.280075 -2.317393 -2.353875 
-2.335478 -2.297423 -2.258328 -2.218175 -2.176960 -2.134705 -2.091470 -2.047364 -2.002574 -1.957387 -1.912234 -1.867725 -1.824702 -1.784268 -1.747800 -1.716891 -1.693212 -1.678281 -1.673174 -1.678281 -1.693212 -1.716891 -1.747800 -1.784268 -1.824702 -1.867725 -1.912234 -1.957387 -2.002574 -2.047364 -2.091470 -2.134705 -2.176960 -2.218175 -2.258328 -2.297423 -2.335478 
-2.318477 -2.278894 -2.238060 -2.195919 -2.152424 -2.107546 -2.061285 -2.013685 -1.964861 -1.915034 -1.864575 -1.814077 -1.764427 -1.716891 -1.673174 -1.635403 -1.605967 -1.587159 -1.580680 -1.587159 -1.605967 -1.635403 -1.673174 -1.716891 -1.764427 -1.814077 -1.864575 -1.915034 -1.964861 -2.013685 -2.061285 -2.107546 -2.152424 -2.195919 -2.238060 -2.278894 -2.318477 
-2.303059 -2.262027 -2.219529 -2.175466 -2.129743 -2.082267 -2.032964 -1.981788 -1.928749 -1.873952 -1.817650 -1.760335 -1.702857 -1.646576 -1.593531 -1.546528 -1.509020 -1.484603 -1.476102 -1.484603 -1.509020 -1.546528 -1.593531 -1.646576 -1.702857 -1.760335 -1.817650 -1.873952 -1.928749 -1.981788 -2.032964 -2.082267 -2.129743 -2.175466 -2.219529 -2.262027 -2.303059 
-2.289411 -2.247042 -2.202996 -2.157132 -2.109295 -2.059324 -2.007054 -1.952328 -1.895016 -1.835050 -1.772484 -1.707591 -1.641030 -1.574089 -1.509020 -1.449393 -1.400206 -1.367289 -1.355645 -1.367289 -1.400206 -1.449393 -1.509020 -1.574089 -1.641030 -1.707591 -1.772484 -1.835050 -1.895016 -1.952328 -2.007054 -2.059324 -2.109295 -2.157132 -2.202996 -2.247042 -2.289411 
-2.277711 -2.234154 -2.188725 -2.141234 -2.091470 -2.039196 -1.984150 -1.926043 -1.864575 -1.799453 -1.730437 -1.657436 -1.580680 -1.501054 -1.420656 -1.343628 -1.276993 -1.230462 -1.213568 -1.230462 -1.276993 -1.343628 -1.420656 -1.501054 -1.580680 -1.657436 -1.730437 -1.799453 -1.864575 -1.926043 -1.984150 -2.039196 -2.091470 -2.141234 -2.188725 -2.234154 -2.277711 
-2.268125 -2.223566 -2.176960 -2.128076 -2.076648 -2.022364 -1.964861 -1.903717 -1.838440 -1.768476 -1.693212 -1.612037 -1.524469 -1.430480 -1.331214 -1.230462 -1.137120 -1.067330 -1.040818 -1.067330 -1.137120 -1.230462 -1.331214 -1.430480 -1.524469 -1.612037 -1.693212 -1.768476 -1.838440 -1.903717 -1.964861 -2.022364 -2.076648 -2.128076 -2.176960 -2.223566 -2.268125 
-2.260797 -2.215454 -2.167921 -2.117935 -2.065178 -2.009276 -1.949774 -1.886123 -1.817650 -1.743531 -1.662753 -1.574089 -1.476102 -1.367289 -1.246624 -1.115279 -0.981342 -0.869236 -0.822817 -0.869236 -0.981342 -1.115279 -1.246624 -1.367289 -1.476102 -1.574089 -1.662753 -1.743531 -1.817650 -1.886123 -1.949774 -2.009276 -2.065178 -2.117935 -2.167921 -2.215454 -2.260797 
-2.255845 -2.209961 -2.161789 -2.111037 -2.057354 -2.000315 -1.939398 -1.873952 -1.803160 -1.725974 -1.641030 -1.546528 -1.440055 -1.318376 -1.177300 -1.012269 -0.822817 -0.633251 -0.539828 -0.633251 -0.822817 -1.012269 -1.177300 -1.318376 -1.440055 -1.546528 -1.641030 -1.725974 -1.803160 -1.873952 -1.939398 -2.000315 -2.057354 -2.111037 -2.161789 -2.209961 -2.255845 
-2.253347 -2.207188 -2.158690 -2.107546 -2.053387 -1.995761 -1.934108 -1.867725 -1.795711 -1.716891 -1.629693 -1.531964 -1.420656 -1.291301 -1.137120 -0.947602 -0.707753 -0.414368 -0.222109 -0.414368 -0.707753 -0.947602 -1.137120 -1.291301 -1.420656 -1.531964 -1.629693 -1.716891 -1.795711 -1.867725 -1.934108 -1.995761 -2.053387 -2.107546 -2.158690 -2.207188 -2.253347 
-2.253034 -2.206841 -2.158301 -2.107108 -2.052888 -1.995188 -1.933442 -1.866940 -1.794770 -1.715740 -1.628252 -1.530104 -1.418160 -1.287776 -1.131779 -0.938666 -0.690489 -0.374945 -0.152531 -0.374945 -0.690489 -0.938666 -1.131779 -1.287776 -1.418160 -1.530104 -1.628252 -1.715740 -1.794770 -1.866940 -1.933442 -1.995188 -2.052888 -2.107108 -2.158301 -2.206841 -2.253034 
-2.253361 -2.207204 -2.158707 -2.107565 -2.053409 -1.995786 -1.934137 -1.867759 -1.795752 -1.716941 -1.629756 -1.532045 -1.420764 -1.291454 -1.137350 -0.947985 -0.708485 -0.415989 -0.224849 -0.415989 -0.708485 -0.947985 -1.137350 -1.291454 -1.420764 -1.532045 -1.629756 -1.716941 -1.795752 -1.867759 -1.934137 -1.995786 -2.053409 -2.107565 -2.158707 -2.207204 -2.253361 
-2.255885 -2.210006 -2.161839 -2.111093 -2.057418 -2.000389 -1.939483 -1.874052 -1.803279 -1.726119 -1.641211 -1.546759 -1.440360 -1.318798 -1.177915 -1.013228 -0.824413 -0.635912 -0.543252 -0.635912 -0.824413 -1.013228 -1.177915 -1.318798 -1.440360 -1.546759 -1.641211 -1.726119 -1.803279 -1.874052 -1.939483 -2.000389 -2.057418 -2.111093 -2.161839 -2.210006 -2.255885 
-2.260864 -2.215527 -2.168003 -2.118027 -2.065283 -2.009395 -1.949912 -1.886284 -1.817842 -1.743762 -1.663037 -1.574446 -1.476565 -1.367906 -1.247475 -1.116488 -0.983074 -0.871578 -0.825470 -0.871578 -0.983074 -1.116488 -1.247475 -1.367906 -1.476565 -1.574446 -1.663037 -1.743762 -1.817842 -1.886284 -1.949912 -2.009395 -2.065283 -2.118027 -2.168003 -2.215527 -2.260864 
-2.268216 -2.223667 -2.177072 -2.128202 -2.076790 -2.022526 -1.965047 -1.903933 -1.838695 -1.768779 -1.693580 -1.612490 -1.525038 -1.431209 -1.332164 -1.231704 -1.138715 -1.069253 -1.042883 -1.069253 -1.138715 -1.231704 -1.332164 -1.431209 -1.525038 -1.612490 -1.693580 -1.768779 -1.838695 -1.903933 -1.965047 -2.022526 -2.076790 -2.128202 -2.177072 -2.223667 -2.268216 
-2.277825 -2.234281 -2.188865 -2.141390 -2.091646 -2.039396 -1.984378 -1.926306 -1.864881 -1.799814 -1.730867 -1.657954 -1.581312 -1.501832 -1.421618 -1.344809 -1.278403 -1.232058 -1.215238 -1.232058 -1.278403 -1.344809 -1.421618 -1.501832 -1.581312 -1.657954 -1.730867 -1.799814 -1.864881 -1.926306 -1.984378 -2.039396 -2.091646 -2.141390 -2.188865 -2.234281 -2.277825 
-2.289547 -2.247192 -2.203163 -2.157317 -2.109502 -2.059557 -2.007318 -1.952629 -1.895363 -1.835453 -1.772955 -1.708147 -1.641691 -1.574874 -1.509951 -1.450483 -1.401448 -1.368644 -1.357042 -1.368644 -1.401448 -1.450483 -1.509951 -1.574874 -1.641691 -1.708147 -1.772955 -1.835453 -1.895363 -1.952629 -2.007318 -2.059557 -2.109502 -2.157317 -2.203163 -2.247192 -2.289547 
-2.303216 -2.262199 -2.219718 -2.175675 -2.129976 -2.082527 -2.033256 -1.982119 -1.929126 -1.874384 -1.818147 -1.760910 -1.703522 -1.647346 -1.594414 -1.547525 -1.510120 -1.485776 -1.477302 -1.485776 -1.510120 -1.547525 -1.594414 -1.647346 -1.703522 -1.760910 -1.818147 -1.874384 -1.929126 -1.982119 -2.033256 -2.082527 -2.129976 -2.175675 -2.219718 -2.262199 -2.303216 
-2.318652 -2.279085 -2.238269 -2.196149 -2.152678 -2.107829 -2.061600 -2.014038 -1.965259 -1.915483 -1.865085 -1.814656 -1.765083 -1.717631 -1.674002 -1.636317 -1.606952 -1.588194 -1.581732 -1.588194 -1.606952 -1.636317 -1.674002 -1.717631 -1.765083 -1.814656 -1.865085 -1.915483 -1.965259 -2.014038 -2.061600 -2.107829 -2.152678 -2.196149 -2.238269 -2.279085 -2.318652 
-2.335669 -2.297630 -2.258554 -2.218422 -2.177232 -2.135006 -2.091803 -2.047734 -2.002985 -1.957847 -1.912747 -1.868298 -1.825340 -1.784975 -1.748575 -1.717730 -1.694104 -1.679208 -1.674113 -1.679208 -1.694104 -1.717730 -1.748575 -1.784975 -1.825340 -1.868298 -1.912747 -1.957847 -2.002985 -2.047734 -2.091803 -2.135006 -2.177232 -2.218422 -2.258554 -2.297630 -2.335669 
-2.354079 -2.317615 -2.280316 -2.242194 -2.203283 -2.163645 -2.123381 -2.082647 -2.041672 -2.000778 -1.960404 -1.921137 -1.883731 -1.849114 -1.818376 -1.792708 -1.773297 -1.761175 -1.757049 -1.761175 -1.773297 -1.792708 -1.818376 -1.849114 -1.883731 -1.921137 -1.960404 -2.000778 -2.041672 -2.082647 -2.123381 -2.163645 -2.203283 -2.242194 -2.280316 -2.317615 -2.354079 
-2.373702 -2.338830 -2.303312 -2.267186 -2.230511 -2.193380 -2.155922 -2.118321 -2.080824 -2.043761 -2.007557 -1.972748 -1.939990 -1.910053 -1.883796 -1.862119 -1.845885 -1.835818 -1.832405 -1.835818 -1.845885 -1.862119 -1.883796 -1.910053 -1.939990 -1.972748 -2.007557 -2.043761 -2.080824 -2.118321 -2.155922 -2.193380 -2.230511 -2.267186 -2.303312 -2.338830 -2.373702 
-2.394362 -2.361078 -2.327320 -2.293145 -2.258634 -2.223897 -2.189083 -2.154388 -2.120063 -2.086428 -2.053879 -2.022895 -1.994034 -1.967929 -1.945260 -1.926714 -1.912928 -1.904425 -1.901551 -1.904425 -1.912928 -1.926714 -1.945260 -1.967929 -1.994034 -2.022895 -2.053879 -2.086428 -2.120063 -2.154388 -2.189083 -2.223897 -2.258634 -2.293145 -2.327320 -2.361078 -2.394362 
-2.415899 -2.384177 -2.352137 -2.319849 -2.287407 -2.254933 -2.222585 -2.190561 -2.159108 -2.128525 -2.099171 -2.071466 -2.045883 -2.022941 -2.003179 -1.987127 -1.975266 -1.967981 -1.965524 -1.967981 -1.975266 -1.987127 -2.003179 -2.022941 -2.045883 -2.071466 -2.099171 -2.128525 -2.159108 -2.190561 -2.222585 -2.254933 -2.287407 -2.319849 -2.352137 -2.384177 -2.415899 
-2.438162 -2.407965 -2.377585 -2.347104 -2.316623 -2.286270 -2.256206 -2.226623 -2.197756 -2.169881 -2.143318 -2.118431 -2.095619 -2.075307 -2.057927 -2.043892 -2.033571 -2.027253 -2.025125 -2.027253 -2.033571 -2.043892 -2.057927 -2.075307 -2.095619 -2.118431 -2.143318 -2.169881 -2.197756 -2.226623 -2.256206 -2.286270 -2.316623 -2.347104 -2.377585 -2.407965 -2.438162 
-2.461018 -2.432294 -2.403507 -2.374743 -2.346108 -2.317732 -2.289771 -2.262410 -2.235867 -2.210392 -2.186268 -2.163810 -2.143353 -2.125247 -2.109839 -2.097457 -2.088385 -2.082847 -2.080985 -2.082847 -2.088385 -2.097457 -2.109839 -2.125247 -2.143353 -2.163810 -2.186268 -2.210392 -2.235867 -2.262410 -2.289771 -2.317732 -2.346108 -2.374743 -2.403507 -2.432294 -2.461018 
-2.484345 -2.457037 -2.429767 -2.402626 -2.375719 -2.349176 -2.323145 -2.297801 -2.273342 -2.249995 -2.228009 -2.207652 -2.189208 -2.172966 -2.159208 -2.148195 -2.140152 -2.135253 -2.133607 -2.135253 -2.140152 -2.148195 -2.159208 -2.172966 -2.189208 -2.207652 -2.228009 -2.249995 -2.273342 -2.297801 -2.323145 -2.349176 -2.375719 -2.402626 -2.429767 -2.457037 -2.484345 
-2.508037 -2.482081 -2.456250 -2.430635 -2.405341 -2.380492 -2.356228 -2.332711 -2.310123 -2.288665 -2.268554 -2.250023 -2.233310 -2.218655 -2.206290 -2.196425 -2.189239 -2.184870 -2.183403 -2.184870 -2.189239 -2.196425 -2.206290 -2.218655 -2.233310 -2.250023 -2.268554 -2.288665 -2.310123 -2.332711 -2.356228 -2.380492 -2.405341 -2.430635 -2.456250 -2.482081 -2.508037 
-2.532001 -2.507330 -2.482859 -2.458674 -2.434880 -2.411592 -2.388944 -2.367083 -2.346173 -2.326394 -2.307936 -2.290997 -2.275781 -2.262489 -2.251309 -2.242415 -2.235951 -2.232026 -2.230710 -2.232026 -2.235951 -2.242415 -2.251309 -2.262489 -2.275781 -2.290997 -2.307936 -2.326394 -2.346173 -2.367083 -2.388944 -2.411592 -2.434880 -2.458674 -2.482859 -2.507330 -2.532001 
