41 41
8.054531e-02 0 5
-2.262945 -2.240512 -2.218240 -2.196195 -2.174447 -2.153080 -2.132186 -2.111868 -2.092237 -2.073417 -2.055540 -2.038746 -2.023179 -2.008988 -1.996320 -1.985316 -1.976109 -1.968814 -1.963531 -1.960330 -1.959258 -1.960330 -1.963531 -1.968814 -1.976109 -1.985316 -1.996320 -2.008988 -2.023179 -2.038746 -2.055540 -2.073417 -2.092237 -2.111868 -2.132186 -2.153080 -2.174447 -2.196195 -2.218240 -2.240512 -2.262945 
-2.241100 -2.217624 -2.194257 -2.171065 -2.148120 -2.125510 -2.103331 -2.081693 -2.060719 -2.040543 -2.021312 -2.003185 -1.986328 -1.970911 -1.957106 -1.945083 -1.934998 -1.926992 -1.921183 -1.917661 -1.916481 -1.917661 -1.921183 -1.926992 -1.934998 -1.945083 -1.957106 -1.970911 -1.986328 -2.003185 -2.021312 -2.040543 -2.060719 -2.081693 -2.103331 -2.125510 -2.148120 -2.171065 -2.194257 -2.217624 -2.241100 
-2.219470 -2.194904 -2.170385 -2.145979 -2.121760 -2.097817 -2.074251 -2.051180 -2.028734 -2.007062 -1.986328 -1.966708 -1.948394 -1.931584 -1.916481 -1.903284 -1.892183 -1.883350 -1.876930 -1.873031 -1.871724 -1.873031 -1.876930 -1.883350 -1.892183 -1.903284 -1.916481 -1.931584 -1.948394 -1.966708 -1.986328 -2.007062 -2.028734 -2.051180 -2.074251 -2.097817 -2.121760 -2.145979 -2.170385 -2.194904 -2.219470 
-2.198124 -2.172421 -2.146694 -2.121006 -2.095434 -2.070065 -2.045005 -2.020376 -1.996320 -1.972997 -1.950588 -1.929294 -1.909332 -1.890932 -1.874335 -1.859779 -1.847495 -1.837693 -1.830552 -1.826210 -1.824753 -1.826210 -1.830552 -1.837693 -1.847495 -1.859779 -1.874335 -1.890932 -1.909332 -1.929294 -1.950588 -1.972997 -1.996320 -2.020376 -2.045005 -2.070065 -2.095434 -2.121006 -2.146694 -2.172421 -2.198124 
-2.177136 -2.150252 -2.123264 -2.096229 -2.069223 -2.042333 -2.015666 -1.989349 -1.963531 -1.938385 -1.914111 -1.890932 -1.869098 -1.848877 -1.830552 -1.814412 -1.800737 -1.789790 -1.781794 -1.776923 -1.775286 -1.776923 -1.781794 -1.789790 -1.800737 -1.814412 -1.830552 -1.848877 -1.869098 -1.890932 -1.914111 -1.938385 -1.963531 -1.989349 -2.015666 -2.042333 -2.069223 -2.096229 -2.123264 -2.150252 -2.177136 
-2.156592 -2.128489 -2.100188 -2.071744 -2.043225 -2.014718 -1.986328 -1.958183 -1.930441 -1.903284 -1.876930 -1.851628 -1.827662 -1.805344 -1.785010 -1.767009 -1.751688 -1.739373 -1.730350 -1.724841 -1.722988 -1.724841 -1.730350 -1.739373 -1.751688 -1.767009 -1.785010 -1.805344 -1.827662 -1.851628 -1.876930 -1.903284 -1.930441 -1.958183 -1.986328 -2.014718 -2.043225 -2.071744 -2.100188 -2.128489 -2.156592 
-2.136585 -2.107231 -2.077574 -2.047661 -2.017556 -1.987337 -1.957106 -1.926992 -1.897151 -1.867779 -1.839107 -1.811410 -1.785010 -1.760268 -1.737584 -1.717381 -1.700090 -1.686126 -1.675854 -1.669567 -1.667449 -1.669567 -1.675854 -1.686126 -1.700090 -1.717381 -1.737584 -1.760268 -1.785010 -1.811410 -1.839107 -1.867779 -1.897151 -1.926992 -1.957106 -1.987337 -2.017556 -2.047661 -2.077574 -2.107231 -2.136585 
-2.117220 -2.086589 -2.055540 -2.024110 -1.992350 -1.960330 -1.928144 -1.895915 -1.863797 -1.831990 -1.800737 -1.770339 -1.741154 -1.713600 -1.688150 -1.665321 -1.645653 -1.629674 -1.617866 -1.610613 -1.608166 -1.610613 -1.617866 -1.629674 -1.645653 -1.665321 -1.688150 -1.713600 -1.741154 -1.770339 -1.800737 -1.831990 -1.863797 -1.895915 -1.928144 -1.960330 -1.992350 -2.024110 -2.055540 -2.086589 -2.117220 
-2.098609 -2.066688 -2.034222 -2.001234 -1.967763 -1.933863 -1.899615 -1.865129 -1.830552 -1.796080 -1.761964 -1.728521 -1.696148 -1.665321 -1.636599 -1.610613 -1.588042 -1.569573 -1.555843 -1.547373 -1.544510 -1.547373 -1.555843 -1.569573 -1.588042 -1.610613 -1.636599 -1.665321 -1.696148 -1.728521 -1.761964 -1.796080 -1.830552 -1.865129 -1.899615 -1.933863 -1.967763 -2.001234 -2.034222 -2.066688 -2.098609 
-2.080872 -2.047661 -2.013768 -1.979199 -1.943973 -1.908129 -1.871724 -1.834851 -1.797638 -1.760268 -1.722988 -1.686126 -1.650105 -1.615463 -1.582851 -1.553039 -1.526887 -1.505292 -1.489116 -1.479084 -1.475683 -1.479084 -1.489116 -1.505292 -1.526887 -1.553039 -1.582851 -1.615463 -1.650105 -1.686126 -1.722988 -1.760268 -1.797638 -1.834851 -1.871724 -1.908129 -1.943973 -1.979199 -2.013768 -2.047661 -2.080872 
-2.064139 -2.029653 -1.994339 -1.958183 -1.921183 -1.883350 -1.844717 -1.805344 -1.765334 -1.724841 -1.684092 -1.643408 -1.603228 -1.564137 -1.526887 -1.492404 -1.461778 -1.436198 -1.416850 -1.404765 -1.400653 -1.404765 -1.416850 -1.436198 -1.461778 -1.492404 -1.526887 -1.564137 -1.603228 -1.643408 -1.684092 -1.724841 -1.765334 -1.805344 -1.844717 -1.883350 -1.921183 -1.958183 -1.994339 -2.029653 -2.064139 
-2.048544 -2.012816 -1.976109 -1.938385 -1.899615 -1.859779 -1.818874 -1.776923 -1.733982 -1.690164 -1.645653 -1.600736 -1.555843 -1.511582 -1.468792 -1.428573 -1.392295 -1.361545 -1.337988 -1.323134 -1.318053 -1.323134 -1.337988 -1.361545 -1.392295 -1.428573 -1.468792 -1.511582 -1.555843 -1.600736 -1.645653 -1.690164 -1.733982 -1.776923 -1.818874 -1.859779 -1.899615 -1.938385 -1.976109 -2.012816 -2.048544 
-2.034222 -1.997307 -1.959258 -1.920012 -1.879509 -1.837693 -1.794516 -1.749950 -1.703995 -1.656695 -1.608166 -1.558627 -1.508449 -1.458224 -1.408835 -1.361545 -1.318053 -1.280474 -1.251187 -1.232475 -1.226029 -1.232475 -1.251187 -1.280474 -1.318053 -1.361545 -1.408835 -1.458224 -1.508449 -1.558627 -1.608166 -1.656695 -1.703995 -1.749950 -1.794516 -1.837693 -1.879509 -1.920012 -1.959258 -1.997307 -2.034222 
-2.021312 -1.983286 -1.943973 -1.903284 -1.861122 -1.817392 -1.771995 -1.724841 -1.675854 -1.624992 -1.572264 -1.517774 -1.461778 -1.404765 -1.347584 -1.291591 -1.238815 -1.192050 -1.154734 -1.130442 -1.121985 -1.130442 -1.154734 -1.192050 -1.238815 -1.291591 -1.347584 -1.404765 -1.461778 -1.517774 -1.572264 -1.624992 -1.675854 -1.724841 -1.771995 -1.817392 -1.861122 -1.903284 -1.943973 -1.983286 -2.021312 
-2.009948 -1.970911 -1.930441 -1.888419 -1.844717 -1.799190 -1.751688 -1.702047 -1.650105 -1.595706 -1.538721 -1.479084 -1.416850 -1.352294 -1.286073 -1.219471 -1.154734 -1.095414 -1.046484 -1.013740 -1.002157 -1.013740 -1.046484 -1.095414 -1.154734 -1.219471 -1.286073 -1.352294 -1.416850 -1.479084 -1.538721 -1.595706 -1.650105 -1.702047 -1.751688 -1.799190 -1.844717 -1.888419 -1.930441 -1.970911 -2.009948 
-2.000256 -1.960330 -1.918838 -1.875634 -1.830552 -1.783405 -1.733982 -1.682048 -1.627340 -1.569573 -1.508449 -1.443678 -1.375022 -1.302395 -1.226029 -1.146809 -1.066826 -0.990204 -0.923928 -0.877650 -0.860850 -0.877650 -0.923928 -0.990204 -1.066826 -1.146809 -1.226029 -1.302395 -1.375022 -1.443678 -1.508449 -1.569573 -1.627340 -1.682048 -1.733982 -1.783405 -1.830552 -1.875634 -1.918838 -1.960330 -2.000256 
-1.992350 -1.951681 -1.909332 -1.865129 -1.818874 -1.770339 -1.719258 -1.665321 -1.608166 -1.547373 -1.482457 -1.412863 -1.337988 -1.257226 -1.170104 -1.076599 -0.977857 -0.877650 -0.784827 -0.715430 -0.689069 -0.715430 -0.784827 -0.877650 -0.977857 -1.076599 -1.170104 -1.257226 -1.337988 -1.412863 -1.482457 -1.547373 -1.608166 -1.665321 -1.719258 -1.770339 -1.818874 -1.865129 -1.909332 -1.951681 -1.992350 
-1.986328 -1.945083 -1.902064 -1.857079 -1.809902 -1.760268 -1.707864 -1.652314 -1.593168 -1.529878 -1.461778 -1.388048 -1.307685 -1.219471 -1.121985 -1.013740 -0.893724 -0.763109 -0.629930 -0.518456 -0.472292 -0.518456 -0.629930 -0.763109 -0.893724 -1.013740 -1.121985 -1.219471 -1.307685 -1.388048 -1.461778 -1.529878 -1.593168 -1.652314 -1.707864 -1.760268 -1.809902 -1.857079 -1.902064 -1.945083 -1.986328 
-1.982268 -1.940629 -1.897151 -1.851628 -1.803814 -1.753418 -1.700090 -1.643408 -1.582851 -1.517774 -1.447365 -1.370582 -1.286073 -1.192050 -1.086124 -0.965087 -0.824782 -0.660682 -0.472292 -0.283685 -0.190646 -0.283685 -0.472292 -0.660682 -0.824782 -0.965087 -1.086124 -1.192050 -1.286073 -1.370582 -1.447365 -1.517774 -1.582851 -1.643408 -1.700090 -1.753418 -1.803814 -1.851628 -1.897151 -1.940629 -1.982268 
-1.980224 -1.938385 -1.894674 -1.848877 -1.800737 -1.749950 -1.696148 -1.638881 -1.577592 -1.511582 -1.439955 -1.361545 -1.274793 -1.177561 -1.066826 -0.938158 -0.784827 -0.596382 -0.357832 -0.065547 0.126717 -0.065547 -0.357832 -0.596382 -0.784827 -0.938158 -1.066826 -1.177561 -1.274793 -1.361545 -1.439955 -1.511582 -1.577592 -1.638881 -1.696148 -1.749950 -1.800737 -1.848877 -1.894674 -1.938385 -1.980224 
-1.979968 -1.938104 -1.894364 -1.848532 -1.800351 -1.749515 -1.695653 -1.638312 -1.576930 -1.510801 -1.439020 -1.360401 -1.273360 -1.175711 -1.064343 -0.934652 -0.779516 -0.587497 -0.340653 -0.026188 0.196551 -0.026188 -0.340653 -0.587497 -0.779516 -0.934652 -1.064343 -1.175711 -1.273360 -1.360401 -1.439020 -1.510801 -1.576930 -1.638312 -1.695653 -1.749515 -1.800351 -1.848532 -1.894364 -1.938104 -1.979968 
-1.980235 -1.938397 -1.894688 -1.848892 -1.800754 -1.749969 -1.696170 -1.638906 -1.577621 -1.511616 -1.439996 -1.361595 -1.274855 -1.177641 -1.066934 -0.938310 -0.785056 -0.596763 -0.358560 -0.067165 0.123970 -0.067165 -0.358560 -0.596763 -0.785056 -0.938310 -1.066934 -1.177641 -1.274855 -1.361595 -1.439996 -1.511616 -1.577621 -1.638906 -1.696170 -1.749969 -1.800754 -1.848892 -1.894688 -1.938397 -1.980235 
-1.982301 -1.940665 -1.897191 -1.851673 -1.803864 -1.753474 -1.700154 -1.643481 -1.582936 -1.517874 -1.447484 -1.370726 -1.286252 -1.192280 -1.086428 -0.965507 -0.825394 -0.661635 -0.473880 -0.286334 -0.194057 -0.286334 -0.473880 -0.661635 -0.825394 -0.965507 -1.086428 -1.192280 -1.286252 -1.370726 -1.447484 -1.517874 -1.582936 -1.643481 -1.700154 -1.753474 -1.803864 -1.851673 -1.897191 -1.940665 -1.982301 
-1.986382 -1.945142 -1.902130 -1.857152 -1.809983 -1.760360 -1.707967 -1.652432 -1.593305 -1.530039 -1.461968 -1.388278 -1.307968 -1.219827 -1.122446 -1.014354 -0.894570 -0.764311 -0.631653 -0.520785 -0.474931 -0.520785 -0.631653 -0.764311 -0.894570 -1.014354 -1.122446 -1.219827 -1.307968 -1.388278 -1.461968 -1.530039 -1.593305 -1.652432 -1.707967 -1.760360 -1.809983 -1.857152 -1.902130 -1.945142 -1.986382 
-1.992425 -1.951763 -1.909422 -1.865229 -1.818986 -1.770464 -1.719399 -1.665482 -1.608351 -1.547588 -1.482709 -1.413165 -1.338354 -1.257678 -1.170671 -1.077325 -0.978801 -0.878885 -0.786413 -0.717342 -0.691122 -0.717342 -0.786413 -0.878885 -0.978801 -1.077325 -1.170671 -1.257678 -1.338354 -1.413165 -1.482709 -1.547588 -1.608351 -1.665482 -1.719399 -1.770464 -1.818986 -1.865229 -1.909422 -1.951763 -1.992425 
-2.000351 -1.960434 -1.918952 -1.875760 -1.830691 -1.783561 -1.734157 -1.682246 -1.627566 -1.569834 -1.508754 -1.444036 -1.375450 -1.302910 -1.226658 -1.147584 -1.067784 -0.991379 -0.925330 -0.879237 -0.862510 -0.879237 -0.925330 -0.991379 -1.067784 -1.147584 -1.226658 -1.302910 -1.375450 -1.444036 -1.508754 -1.569834 -1.627566 -1.682246 -1.734157 -1.783561 -1.830691 -1.875760 -1.918952 -1.960434 -2.000351 
-2.010062 -1.971034 -1.930576 -1.888568 -1.844882 -1.799374 -1.751893 -1.702278 -1.650367 -1.596006 -1.539066 -1.479485 -1.417319 -1.352847 -1.286730 -1.220253 -1.155661 -1.096499 -1.047718 -1.015087 -1.003547 -1.015087 -1.047718 -1.096499 -1.155661 -1.220253 -1.286730 -1.352847 -1.417319 -1.479485 -1.539066 -1.596006 -1.650367 -1.702278 -1.751893 -1.799374 -1.844882 -1.888568 -1.930576 -1.971034 -2.010062 
-2.021443 -1.983428 -1.944129 -1.903454 -1.861310 -1.817599 -1.772226 -1.725099 -1.676145 -1.625321 -1.572639 -1.518204 -1.462272 -1.405337 -1.348246 -1.292356 -1.239693 -1.193043 -1.155829 -1.131610 -1.123179 -1.131610 -1.155829 -1.193043 -1.239693 -1.292356 -1.348246 -1.405337 -1.462272 -1.518204 -1.572639 -1.625321 -1.676145 -1.725099 -1.772226 -1.817599 -1.861310 -1.903454 -1.944129 -1.983428 -2.021443 
-2.034369 -1.997466 -1.959431 -1.920201 -1.879717 -1.837921 -1.794769 -1.750231 -1.704309 -1.657047 -1.608562 -1.559074 -1.508956 -1.458799 -1.409488 -1.362282 -1.318877 -1.281383 -1.252168 -1.233505 -1.227076 -1.233505 -1.252168 -1.281383 -1.318877 -1.362282 -1.409488 -1.458799 -1.508956 -1.559074 -1.608562 -1.657047 -1.704309 -1.750231 -1.794769 -1.837921 -1.879717 -1.920201 -1.959431 -1.997466 -2.034369 
-2.048705 -2.012990 -1.976298 -1.938590 -1.899839 -1.860025 -1.819145 -1.777221 -1.734313 -1.690531 -1.646062 -1.601193 -1.556353 -1.512152 -1.469427 -1.429276 -1.393066 -1.362380 -1.338875 -1.324056 -1.318986 -1.324056 -1.338875 -1.362380 -1.393066 -1.429276 -1.469427 -1.512152 -1.556353 -1.601193 -1.646062 -1.690531 -1.734313 -1.777221 -1.819145 -1.860025 -1.899839 -1.938590 -1.976298 -2.012990 -2.048705 
-2.064313 -2.029841 -1.994542 -1.958403 -1.921422 -1.883611 -1.845001 -1.805656 -1.765677 -1.725218 -1.684508 -1.643867 -1.603735 -1.564696 -1.527500 -1.493073 -1.462500 -1.436968 -1.417659 -1.405600 -1.401496 -1.405600 -1.417659 -1.436968 -1.462500 -1.493073 -1.527500 -1.564696 -1.603735 -1.643867 -1.684508 -1.725218 -1.765677 -1.805656 -1.845001 -1.883611 -1.921422 -1.958403 -1.994542 -2.029841 -2.064313 
-2.081058 -2.047861 -2.013983 -1.979431 -1.944224 -1.908401 -1.872020 -1.835172 -1.797989 -1.760652 -1.723407 -1.686584 -1.650605 -1.616006 -1.583440 -1.553674 -1.527564 -1.506007 -1.489861 -1.479848 -1.476454 -1.479848 -1.489861 -1.506007 -1.527564 -1.553674 -1.583440 -1.616006 -1.650605 -1.686584 -1.723407 -1.760652 -1.797989 -1.835172 -1.872020 -1.908401 -1.944224 -1.979431 -2.013983 -2.047861 -2.081058 
-2.098804 -2.066898 -2.034447 -2.001476 -1.968023 -1.934144 -1.899918 -1.865457 -1.830908 -1.796466 -1.762382 -1.728974 -1.696638 -1.665848 -1.637164 -1.611216 -1.588679 -1.570240 -1.556533 -1.548078 -1.545220 -1.548078 -1.556533 -1.570240 -1.588679 -1.611216 -1.637164 -1.665848 -1.696638 -1.728974 -1.762382 -1.796466 -1.830908 -1.865457 -1.899918 -1.934144 -1.968023 -2.001476 -2.034447 -2.066898 -2.098804 
-2.117424 -2.086807 -2.055773 -2.024360 -1.992617 -1.960618 -1.928454 -1.896247 -1.864155 -1.832375 -1.801152 -1.770785 -1.741632 -1.714110 -1.688692 -1.665894 -1.646254 -1.630299 -1.618509 -1.611268 -1.608825 -1.611268 -1.618509 -1.630299 -1.646254 -1.665894 -1.688692 -1.714110 -1.741632 -1.770785 -1.801152 -1.832375 -1.864155 -1.896247 -1.928454 -1.960618 -1.992617 -2.024360 -2.055773 -2.086807 -2.117424 
-2.136797 -2.107456 -2.077814 -2.047918 -2.017830 -1.987629 -1.957419 -1.927327 -1.897510 -1.868162 -1.839516 -1.811847 -1.785475 -1.760761 -1.738104 -1.717927 -1.700659 -1.686714 -1.676458 -1.670179 -1.668065 -1.670179 -1.676458 -1.686714 -1.700659 -1.717927 -1.738104 -1.760761 -1.785475 -1.811847 -1.839516 -1.868162 -1.897510 -1.927327 -1.957419 -1.987629 -2.017830 -2.047918 -2.077814 -2.107456 -2.136797 
-2.156810 -2.128720 -2.100434 -2.072005 -2.043503 -2.015014 -1.986643 -1.958519 -1.930797 -1.903663 -1.877333 -1.852056 -1.828114 -1.805820 -1.785509 -1.767530 -1.752228 -1.739929 -1.730918 -1.725417 -1.723567 -1.725417 -1.730918 -1.739929 -1.752228 -1.767530 -1.785509 -1.805820 -1.828114 -1.852056 -1.877333 -1.903663 -1.930797 -1.958519 -1.986643 -2.015014 -2.043503 -2.072005 -2.100434 -2.128720 -2.156810 
-2.177359 -2.150489 -2.123514 -2.096494 -2.069504 -2.042630 -2.015981 -1.989683 -1.963885 -1.938760 -1.914506 -1.891349 -1.869537 -1.849337 -1.831032 -1.814910 -1.801251 -1.790317 -1.782331 -1.777466 -1.775832 -1.777466 -1.782331 -1.790317 -1.801251 -1.814910 -1.831032 -1.849337 -1.869537 -1.891349 -1.914506 -1.938760 -1.963885 -1.989683 -2.015981 -2.042630 -2.069504 -2.096494 -2.123514 -2.150489 -2.177359 
-2.198352 -2.172661 -2.146947 -2.121274 -2.095716 -2.070363 -2.045320 -2.020709 -1.996670 -1.973366 -1.950976 -1.929701 -1.909757 -1.891376 -1.874796 -1.860256 -1.847985 -1.838195 -1.831063 -1.826726 -1.825270 -1.826726 -1.831063 -1.838195 -1.847985 -1.860256 -1.874796 -1.891376 -1.909757 -1.929701 -1.950976 -1.973366 -1.996670 -2.020709 -2.045320 -2.070363 -2.095716 -2.121274 -2.146947 -2.172661 -2.198352 
-2.219702 -2.195147 -2.170641 -2.146248 -2.122043 -2.098115 -2.074565 -2.051509 -2.029080 -2.007425 -1.986708 -1.967105 -1.948808 -1.932014 -1.916925 -1.903742 -1.892653 -1.883830 -1.877416 -1.873522 -1.872217 -1.873522 -1.877416 -1.883830 -1.892653 -1.903742 -1.916925 -1.932014 -1.948808 -1.967105 -1.986708 -2.007425 -2.029080 -2.051509 -2.074565 -2.098115 -2.122043 -2.146248 -2.170641 -2.195147 -2.219702 
-2.241334 -2.217869 -2.194515 -2.171335 -2.148404 -2.125807 -2.103643 -2.082019 -2.061060 -2.040899 -2.021684 -2.003572 -1.986729 -1.971326 -1.957535 -1.945523 -1.935448 -1.927451 -1.921648 -1.918130 -1.916951 -1.918130 -1.921648 -1.927451 -1.935448 -1.945523 -1.957535 -1.971326 -1.986729 -2.003572 -2.021684 -2.040899 -2.061060 -2.082019 -2.103643 -2.125807 -2.148404 -2.171335 -2.194515 -2.217869 -2.241334 
-2.263181 -2.240758 -2.218498 -2.196465 -2.174730 -2.153376 -2.132495 -2.112190 -2.092573 -2.073767 -2.055904 -2.039123 -2.023570 -2.009391 -1.996734 -1.985740 -1.976542 -1.969255 -1.963976 -1.960779 -1.959708 -1.960779 -1.963976 -1.969255 -1.976542 -1.985740 -1.996734 -2.009391 -2.023570 -2.039123 -2.055904 -2.073767 -2.092573 -2.112190 -2.132495 -2.153376 -2.174730 -2.196465 -2.218498 -2.240758 -2.263181 
