61 61
1.771422e+00 0 5
-0.299791 -0.285498 -0.271255 -0.257081 -0.242995 -0.229017 -0.215170 -0.201478 -0.187969 -0.174670 -0.161611 -0.148826 -0.136347 -0.124212 -0.112458 -0.101123 -0.090250 -0.079878 -0.070051 -0.060811 -0.052201 -0.044261 -0.037031 -0.030551 -0.024855 -0.019976 -0.015943 -0.012780 -0.010506 -0.009136 -0.008679 -0.009136 -0.010506 -0.012780 -0.015943 -0.019976 -0.024855 -0.030551 -0.037031 -0.044261 -0.052201 -0.060811 -0.070051 -0.079878 -0.090250 -0.101123 -0.112458 -0.124212 -0.136347 -0.148826 -0.161611 -0.174670 -0.187969 -0.201478 -0.215170 -0.229017 -0.242995 -0.257081 -0.271255 -0.285498 -0.299791 
-0.285744 -0.271002 -0.256296 -0.241643 -0.227064 -0.212580 -0.198213 -0.183990 -0.169936 -0.156083 -0.142462 -0.129106 -0.116053 -0.103340 -0.091008 -0.079100 -0.067660 -0.056732 -0.046364 -0.036602 -0.027493 -0.019083 -0.011417 -0.004538 0.001514 0.006702 0.010994 0.014362 0.016785 0.018244 0.018732 0.018244 0.016785 0.014362 0.010994 0.006702 0.001514 -0.004538 -0.011417 -0.019083 -0.027493 -0.036602 -0.046364 -0.056732 -0.067660 -0.079100 -0.091008 -0.103340 -0.116053 -0.129106 -0.142462 -0.156083 -0.169936 -0.183990 -0.198213 -0.212580 -0.227064 -0.241643 -0.256296 -0.271002 -0.285744 
-0.271763 -0.256558 -0.241373 -0.226225 -0.211135 -0.196123 -0.181214 -0.166433 -0.151809 -0.137372 -0.123156 -0.109197 -0.095532 -0.082204 -0.069256 -0.056732 -0.044682 -0.033155 -0.022201 -0.011872 -0.002221 0.006702 0.014846 0.022162 0.028606 0.034135 0.038713 0.042307 0.044894 0.046453 0.046974 0.046453 0.044894 0.042307 0.038713 0.034135 0.028606 0.022162 0.014846 0.006702 -0.002221 -0.011872 -0.022201 -0.033155 -0.044682 -0.056732 -0.069256 -0.082204 -0.095532 -0.109197 -0.123156 -0.137372 -0.151809 -0.166433 -0.181214 -0.196123 -0.211135 -0.226225 -0.241373 -0.256558 -0.271763 
-0.257866 -0.242184 -0.226505 -0.210845 -0.195224 -0.179665 -0.164189 -0.148826 -0.133603 -0.118552 -0.103708 -0.089109 -0.074796 -0.060811 -0.047203 -0.034019 -0.021312 -0.009136 0.002452 0.013397 0.023640 0.033124 0.041792 0.049589 0.056464 0.062370 0.067264 0.071110 0.073878 0.075548 0.076106 0.075548 0.073878 0.071110 0.067264 0.062370 0.056464 0.049589 0.041792 0.033124 0.023640 0.013397 0.002452 -0.009136 -0.021312 -0.034019 -0.047203 -0.060811 -0.074796 -0.089109 -0.103708 -0.118552 -0.133603 -0.148826 -0.164189 -0.179665 -0.195224 -0.210845 -0.226505 -0.242184 -0.257866 
-0.244073 -0.227902 -0.211713 -0.195524 -0.179354 -0.163224 -0.147160 -0.131187 -0.115336 -0.099639 -0.084133 -0.068857 -0.053854 -0.039170 -0.024855 -0.010962 0.002452 0.015330 0.027608 0.039224 0.050114 0.060213 0.069457 0.077785 0.085137 0.091460 0.096705 0.100830 0.103801 0.105594 0.106194 0.105594 0.103801 0.100830 0.096705 0.091460 0.085137 0.077785 0.069457 0.060213 0.050114 0.039224 0.027608 0.015330 0.002452 -0.010962 -0.024855 -0.039170 -0.053854 -0.068857 -0.084133 -0.099639 -0.115336 -0.131187 -0.147160 -0.163224 -0.179354 -0.195524 -0.211713 -0.227902 -0.244073 
-0.230406 -0.213733 -0.197020 -0.180285 -0.163546 -0.146826 -0.130148 -0.113539 -0.097030 -0.080655 -0.064450 -0.048458 -0.032722 -0.017292 -0.002221 0.012434 0.026613 0.040249 0.053277 0.065626 0.077224 0.088000 0.097879 0.106794 0.114676 0.121463 0.127100 0.131536 0.134735 0.136666 0.137311 0.136666 0.134735 0.131536 0.127100 0.121463 0.114676 0.106794 0.097879 0.088000 0.077224 0.065626 0.053277 0.040249 0.026613 0.012434 -0.002221 -0.017292 -0.032722 -0.048458 -0.064450 -0.080655 -0.097030 -0.113539 -0.130148 -0.146826 -0.163546 -0.180285 -0.197020 -0.213733 -0.230406 
-0.216888 -0.199700 -0.182450 -0.165152 -0.147827 -0.130494 -0.113179 -0.095907 -0.078711 -0.061623 -0.044682 -0.027931 -0.011417 0.004808 0.020689 0.036163 0.051166 0.065626 0.079470 0.092620 0.104996 0.116516 0.127100 0.136666 0.145137 0.152443 0.158517 0.163304 0.166757 0.168843 0.169541 0.168843 0.166757 0.163304 0.158517 0.152443 0.145137 0.136666 0.127100 0.116516 0.104996 0.092620 0.079470 0.065626 0.051166 0.036163 0.020689 0.004808 -0.011417 -0.027931 -0.044682 -0.061623 -0.078711 -0.095907 -0.113179 -0.130494 -0.147827 -0.165152 -0.182450 -0.199700 -0.216888 
-0.203544 -0.185831 -0.168029 -0.150154 -0.132224 -0.114259 -0.096282 -0.078321 -0.060405 -0.042570 -0.024855 -0.007303 0.010037 0.027110 0.043857 0.060213 0.076106 0.091460 0.106194 0.120221 0.133452 0.145796 0.157160 0.167451 0.176582 0.184469 0.191036 0.196217 0.199958 0.202219 0.202975 0.202219 0.199958 0.196217 0.191036 0.184469 0.176582 0.167451 0.157160 0.145796 0.133452 0.120221 0.106194 0.091460 0.076106 0.060213 0.043857 0.027110 0.010037 -0.007303 -0.024855 -0.042570 -0.060405 -0.078321 -0.096282 -0.114259 -0.132224 -0.150154 -0.168029 -0.185831 -0.203544 
-0.190401 -0.172152 -0.153787 -0.135320 -0.116768 -0.098150 -0.079489 -0.060811 -0.042147 -0.023530 -0.005000 0.013397 0.031613 0.049589 0.067264 0.084567 0.101423 0.117748 0.133452 0.148442 0.162617 0.175873 0.188104 0.199207 0.209077 0.217619 0.224742 0.230369 0.234437 0.236897 0.237720 0.236897 0.234437 0.230369 0.224742 0.217619 0.209077 0.199207 0.188104 0.175873 0.162617 0.148442 0.133452 0.117748 0.101423 0.084567 0.067264 0.049589 0.031613 0.013397 -0.005000 -0.023530 -0.042147 -0.060811 -0.079489 -0.098150 -0.116768 -0.135320 -0.153787 -0.172152 -0.190401 
-0.177486 -0.158693 -0.139755 -0.120683 -0.101493 -0.082204 -0.062837 -0.043416 -0.023972 -0.004538 0.014846 0.034135 0.053277 0.072215 0.090881 0.109204 0.127100 0.144479 0.161246 0.177293 0.192509 0.206778 0.219979 0.231992 0.242696 0.251978 0.259733 0.265869 0.270309 0.272997 0.273897 0.272997 0.270309 0.265869 0.259733 0.251978 0.242696 0.231992 0.219979 0.206778 0.192509 0.177293 0.161246 0.144479 0.127100 0.109204 0.090881 0.072215 0.053277 0.034135 0.014846 -0.004538 -0.023972 -0.043416 -0.062837 -0.082204 -0.101493 -0.120683 -0.139755 -0.158693 -0.177486 
-0.164832 -0.145488 -0.125966 -0.106278 -0.086437 -0.066459 -0.046364 -0.026176 -0.005923 0.014362 0.034641 0.054868 0.074991 0.094949 0.114676 0.134093 0.153113 0.171640 0.189567 0.206778 0.223148 0.238545 0.252832 0.265869 0.277516 0.287640 0.296117 0.302835 0.307704 0.310653 0.311641 0.310653 0.307704 0.302835 0.296117 0.287640 0.277516 0.265869 0.252832 0.238545 0.223148 0.206778 0.189567 0.171640 0.153113 0.134093 0.114676 0.094949 0.074991 0.054868 0.034641 0.014362 -0.005923 -0.026176 -0.046364 -0.066459 -0.086437 -0.106278 -0.125966 -0.145488 -0.164832 
-0.152469 -0.132569 -0.112458 -0.092144 -0.071639 -0.050957 -0.030115 -0.009136 0.011954 0.033124 0.054337 0.075548 0.096705 0.117748 0.138605 0.159198 0.179433 0.199207 0.218404 0.236897 0.254546 0.271203 0.286710 0.300904 0.313625 0.324712 0.334017 0.341406 0.346770 0.350023 0.351113 0.350023 0.346770 0.341406 0.334017 0.324712 0.313625 0.300904 0.286710 0.271203 0.254546 0.236897 0.218404 0.199207 0.179433 0.159198 0.138605 0.117748 0.096705 0.075548 0.054337 0.033124 0.011954 -0.009136 -0.030115 -0.050957 -0.071639 -0.092144 -0.112458 -0.132569 -0.152469 
-0.140433 -0.119974 -0.099268 -0.078321 -0.057142 -0.035743 -0.014139 0.007652 0.029606 0.051693 0.073878 0.096119 0.118365 0.140554 0.162617 0.184469 0.206015 0.227144 0.247732 0.267639 0.286710 0.304776 0.321657 0.337167 0.351113 0.363307 0.373570 0.381739 0.387680 0.391287 0.392497 0.391287 0.387680 0.381739 0.373570 0.363307 0.351113 0.337167 0.321657 0.304776 0.286710 0.267639 0.247732 0.227144 0.206015 0.184469 0.162617 0.140554 0.118365 0.096119 0.073878 0.051693 0.029606 0.007652 -0.014139 -0.035743 -0.057142 -0.078321 -0.099268 -0.119974 -0.140433 
-0.128758 -0.107740 -0.086437 -0.064853 -0.042994 -0.020867 0.001514 0.024134 0.046974 0.070007 0.093201 0.116516 0.139904 0.163304 0.186646 0.209847 0.232805 0.255406 0.277516 0.298983 0.319634 0.339281 0.357718 0.374727 0.390081 0.403555 0.414932 0.424014 0.430632 0.434657 0.436008 0.434657 0.430632 0.424014 0.414932 0.403555 0.390081 0.374727 0.357718 0.339281 0.319634 0.298983 0.277516 0.255406 0.232805 0.209847 0.186646 0.163304 0.139904 0.116516 0.093201 0.070007 0.046974 0.024134 0.001514 -0.020867 -0.042994 -0.064853 -0.086437 -0.107740 -0.128758 
-0.117482 -0.095907 -0.074009 -0.051786 -0.029243 -0.006383 0.016785 0.040249 0.063995 0.088000 0.112235 0.136666 0.161246 0.185919 0.210617 0.235255 0.259733 0.283930 0.307704 0.330891 0.353303 0.374727 0.394928 0.413652 0.430632 0.445597 0.458281 0.468440 0.475861 0.480383 0.481902 0.480383 0.475861 0.468440 0.458281 0.445597 0.430632 0.413652 0.394928 0.374727 0.353303 0.330891 0.307704 0.283930 0.259733 0.235255 0.210617 0.185919 0.161246 0.136666 0.112235 0.088000 0.063995 0.040249 0.016785 -0.006383 -0.029243 -0.051786 -0.074009 -0.095907 -0.117482 
-0.106644 -0.084518 -0.062028 -0.039170 -0.015943 0.007652 0.031613 0.055931 0.080597 0.105594 0.130900 0.156483 0.182303 0.208310 0.234437 0.260604 0.286710 0.312632 0.338223 0.363307 0.387680 0.411103 0.433311 0.454007 0.472875 0.489587 0.503817 0.515257 0.523642 0.528761 0.530483 0.528761 0.523642 0.515257 0.503817 0.489587 0.472875 0.454007 0.433311 0.411103 0.387680 0.363307 0.338223 0.312632 0.286710 0.260604 0.234437 0.208310 0.182303 0.156483 0.130900 0.105594 0.080597 0.055931 0.031613 0.007652 -0.015943 -0.039170 -0.062028 -0.084518 -0.106644 
-0.096282 -0.073615 -0.050541 -0.027055 -0.003149 0.021179 0.045933 0.071110 0.096705 0.122709 0.149106 0.175873 0.202975 0.230369 0.257997 0.285781 0.313625 0.341406 0.368976 0.396149 0.422704 0.448380 0.472875 0.495847 0.516920 0.535694 0.551767 0.564750 0.574300 0.580147 0.582116 0.580147 0.574300 0.564750 0.551767 0.535694 0.516920 0.495847 0.472875 0.448380 0.422704 0.396149 0.368976 0.341406 0.313625 0.285781 0.257997 0.230369 0.202975 0.175873 0.149106 0.122709 0.096705 0.071110 0.045933 0.021179 -0.003149 -0.027055 -0.050541 -0.073615 -0.096282 
-0.086437 -0.063241 -0.039597 -0.015493 0.009081 0.034135 0.059675 0.085708 0.112235 0.139254 0.166757 0.194730 0.223148 0.251978 0.281169 0.310653 0.340342 0.370119 0.399834 0.429300 0.458281 0.486495 0.513602 0.539208 0.562868 0.584096 0.602387 0.617247 0.628230 0.634975 0.637251 0.634975 0.628230 0.617247 0.602387 0.584096 0.562868 0.539208 0.513602 0.486495 0.458281 0.429300 0.399834 0.370119 0.340342 0.310653 0.281169 0.251978 0.223148 0.194730 0.166757 0.139254 0.112235 0.085708 0.059675 0.034135 0.009081 -0.015493 -0.039597 -0.063241 -0.086437 
-0.077149 -0.053441 -0.029243 -0.004538 0.020689 0.046453 0.072768 0.099647 0.127100 0.155132 0.183746 0.212938 0.242696 0.272997 0.303804 0.335064 0.366699 0.398602 0.430632 0.462602 0.494273 0.525340 0.555431 0.584096 0.610807 0.634975 0.655966 0.673139 0.685905 0.693778 0.696439 0.693778 0.685905 0.673139 0.655966 0.634975 0.610807 0.584096 0.555431 0.525340 0.494273 0.462602 0.430632 0.398602 0.366699 0.335064 0.303804 0.272997 0.242696 0.212938 0.183746 0.155132 0.127100 0.099647 0.072768 0.046453 0.020689 -0.004538 -0.029243 -0.053441 -0.077149 
-0.068458 -0.044261 -0.019530 0.005754 0.031613 0.058067 0.085137 0.112844 0.141206 0.170239 0.199958 0.230369 0.261477 0.293272 0.325735 0.358830 0.392497 0.426648 0.461157 0.495847 0.530483 0.564750 0.598246 0.630465 0.660793 0.688511 0.712819 0.732883 0.747906 0.757221 0.760378 0.757221 0.747906 0.732883 0.712819 0.688511 0.660793 0.630465 0.598246 0.564750 0.530483 0.495847 0.461157 0.426648 0.392497 0.358830 0.325735 0.293272 0.261477 0.230369 0.199958 0.170239 0.141206 0.112844 0.085137 0.058067 0.031613 0.005754 -0.019530 -0.044261 -0.068458 
-0.060405 -0.035743 -0.010506 0.015330 0.041792 0.068908 0.096705 0.125212 0.154458 0.184469 0.215272 0.246889 0.279338 0.312632 0.346770 0.381739 0.417506 0.454007 0.491143 0.528761 0.566641 0.604475 0.641843 0.678194 0.712819 0.744853 0.773284 0.797015 0.814951 0.826149 0.829958 0.826149 0.814951 0.797015 0.773284 0.744853 0.712819 0.678194 0.641843 0.604475 0.566641 0.528761 0.491143 0.454007 0.417506 0.381739 0.346770 0.312632 0.279338 0.246889 0.215272 0.184469 0.154458 0.125212 0.096705 0.068908 0.041792 0.015330 -0.010506 -0.035743 -0.060405 
-0.053028 -0.027931 -0.002221 0.024134 0.051166 0.078908 0.107395 0.136666 0.166757 0.197709 0.229561 0.262351 0.296117 0.330891 0.366699 0.403555 0.441459 0.480383 0.520266 0.560995 0.602387 0.644161 0.685905 0.727039 0.766775 0.804085 0.837699 0.866156 0.887934 0.901655 0.906346 0.901655 0.887934 0.866156 0.837699 0.804085 0.766775 0.727039 0.685905 0.644161 0.602387 0.560995 0.520266 0.480383 0.441459 0.403555 0.366699 0.330891 0.296117 0.262351 0.229561 0.197709 0.166757 0.136666 0.107395 0.078908 0.051166 0.024134 -0.002221 -0.027931 -0.053028 
-0.046364 -0.020867 0.005281 0.032116 0.059675 0.088000 0.117131 0.147117 0.178005 0.209847 0.242696 0.276608 0.311641 0.347851 0.385293 0.424014 0.464054 0.505431 0.548136 0.592117 0.637251 0.683317 0.729950 0.776583 0.822378 0.866156 0.906346 0.941006 0.967973 0.985181 0.991105 0.985181 0.967973 0.941006 0.906346 0.866156 0.822378 0.776583 0.729950 0.683317 0.637251 0.592117 0.548136 0.505431 0.464054 0.424014 0.385293 0.347851 0.311641 0.276608 0.242696 0.209847 0.178005 0.147117 0.117131 0.088000 0.059675 0.032116 0.005281 -0.020867 -0.046364 
-0.040448 -0.014590 0.011954 0.039224 0.067264 0.096119 0.125840 0.156483 0.188104 0.220769 0.254546 0.289509 0.325735 0.363307 0.402311 0.442833 0.484958 0.528761 0.574300 0.621602 0.670637 0.721286 0.773284 0.826149 0.879066 0.930760 0.979353 1.022293 1.056470 1.078674 1.086396 1.078674 1.056470 1.022293 0.979353 0.930760 0.879066 0.826149 0.773284 0.721286 0.670637 0.621602 0.574300 0.528761 0.484958 0.442833 0.402311 0.363307 0.325735 0.289509 0.254546 0.220769 0.188104 0.156483 0.125840 0.096119 0.067264 0.039224 0.011954 -0.014590 -0.040448 
-0.035313 -0.009136 0.017757 0.045413 0.073878 0.103205 0.133452 0.164682 0.196962 0.230369 0.264987 0.300904 0.338223 0.377050 0.417506 0.459716 0.503817 0.549947 0.598246 0.648838 0.701820 0.757221 0.814951 0.874712 0.935847 0.997129 1.056470 1.110628 1.155131 1.184822 1.195308 1.184822 1.155131 1.110628 1.056470 0.997129 0.935847 0.874712 0.814951 0.757221 0.701820 0.648838 0.598246 0.549947 0.503817 0.459716 0.417506 0.377050 0.338223 0.300904 0.264987 0.230369 0.196962 0.164682 0.133452 0.103205 0.073878 0.045413 0.017757 -0.009136 -0.035313 
-0.030986 -0.004538 0.022654 0.050640 0.079470 0.109204 0.139904 0.171640 0.204492 0.238545 0.273897 0.310653 0.348936 0.388878 0.430632 0.474365 0.520266 0.568541 0.619419 0.673139 0.729950 0.790078 0.853688 0.920796 0.991105 1.063718 1.136648 1.206118 1.265873 1.307403 1.322440 1.307403 1.265873 1.206118 1.136648 1.063718 0.991105 0.920796 0.853688 0.790078 0.729950 0.673139 0.619419 0.568541 0.520266 0.474365 0.430632 0.388878 0.348936 0.310653 0.273897 0.238545 0.204492 0.171640 0.139904 0.109204 0.079470 0.050640 0.022654 -0.004538 -0.030986 
-0.027493 -0.000824 0.026613 0.054868 0.083998 0.114065 0.145137 0.177293 0.210617 0.245206 0.281169 0.318626 0.357718 0.398602 0.441459 0.486495 0.533949 0.584096 0.637251 0.693778 0.754090 0.818646 0.887934 0.962416 1.042403 1.127759 1.217275 1.307403 1.390210 1.451676 1.474925 1.451676 1.390210 1.307403 1.217275 1.127759 1.042403 0.962416 0.887934 0.818646 0.754090 0.693778 0.637251 0.584096 0.533949 0.486495 0.441459 0.398602 0.357718 0.318626 0.281169 0.245206 0.210617 0.177293 0.145137 0.114065 0.083998 0.054868 0.026613 -0.000824 -0.027493 
-0.024855 0.001983 0.029606 0.058067 0.087426 0.117748 0.149106 0.181584 0.215272 0.250274 0.286710 0.324712 0.364434 0.406055 0.449779 0.495847 0.544540 0.596192 0.651199 0.710039 0.773284 0.841631 0.915915 0.997129 1.086396 1.184822 1.292997 1.409487 1.526879 1.624061 1.664023 1.624061 1.526879 1.409487 1.292997 1.184822 1.086396 0.997129 0.915915 0.841631 0.773284 0.710039 0.651199 0.596192 0.544540 0.495847 0.449779 0.406055 0.364434 0.324712 0.286710 0.250274 0.215272 0.181584 0.149106 0.117748 0.087426 0.058067 0.029606 0.001983 -0.024855 
-0.023087 0.003864 0.031613 0.060213 0.089726 0.120221 0.151773 0.184469 0.218404 0.253688 0.290446 0.328821 0.368976 0.411103 0.455427 0.502210 0.551767 0.604475 0.660793 0.721286 0.786657 0.857797 0.935847 1.022293 1.119089 1.228801 1.354648 1.499898 1.664023 1.825662 1.904510 1.825662 1.664023 1.499898 1.354648 1.228801 1.119089 1.022293 0.935847 0.857797 0.786657 0.721286 0.660793 0.604475 0.551767 0.502210 0.455427 0.411103 0.368976 0.328821 0.290446 0.253688 0.218404 0.184469 0.151773 0.120221 0.089726 0.060213 0.031613 0.003864 -0.023087 
-0.022201 0.004808 0.032620 0.061290 0.090881 0.121463 0.153113 0.185919 0.219979 0.255406 0.292328 0.330891 0.371266 0.413652 0.458281 0.505431 0.555431 0.608685 0.665683 0.727039 0.793530 0.866156 0.946241 1.035572 1.136648 1.253069 1.390210 1.556229 1.762419 2.009746 2.170222 2.009746 1.762419 1.556229 1.390210 1.253069 1.136648 1.035572 0.946241 0.866156 0.793530 0.727039 0.665683 0.608685 0.555431 0.505431 0.458281 0.413652 0.371266 0.330891 0.292328 0.255406 0.219979 0.185919 0.153113 0.121463 0.090881 0.061290 0.032620 0.004808 -0.022201 
-0.022090 0.004926 0.032746 0.061425 0.091026 0.121619 0.153281 0.186101 0.220177 0.255621 0.292563 0.331150 0.371553 0.413972 0.458639 0.505835 0.555892 0.609214 0.666299 0.727765 0.794398 0.867215 0.947561 1.037268 1.138906 1.256226 1.394927 1.563988 1.777105 2.042700 2.228325 2.042700 1.777105 1.563988 1.394927 1.256226 1.138906 1.037268 0.947561 0.867215 0.794398 0.727765 0.666299 0.609214 0.555892 0.505835 0.458639 0.413972 0.371553 0.331150 0.292563 0.255621 0.220177 0.186101 0.153281 0.121619 0.091026 0.061425 0.032746 0.004926 -0.022090 
-0.022206 0.004803 0.032614 0.061284 0.090875 0.121457 0.153106 0.185911 0.219971 0.255397 0.292317 0.330880 0.371254 0.413638 0.458266 0.505413 0.555411 0.608662 0.665656 0.727008 0.793492 0.866110 0.946183 1.035499 1.136551 1.252933 1.390006 1.555896 1.761796 2.008391 2.167936 2.008391 1.761796 1.555896 1.390006 1.252933 1.136551 1.035499 0.946183 0.866110 0.793492 0.727008 0.665656 0.608662 0.555411 0.505413 0.458266 0.413638 0.371254 0.330880 0.292317 0.255397 0.219971 0.185911 0.153106 0.121457 0.090875 0.061284 0.032614 0.004803 -0.022206 
-0.023102 0.003849 0.031596 0.060195 0.089708 0.120201 0.151752 0.184446 0.218379 0.253661 0.290416 0.328787 0.368939 0.411062 0.455381 0.502158 0.551708 0.604407 0.660714 0.721194 0.786547 0.857663 0.935681 1.022082 1.118812 1.228422 1.354102 1.499060 1.662651 1.823409 1.901629 1.823409 1.662651 1.499060 1.354102 1.228422 1.118812 1.022082 0.935681 0.857663 0.786547 0.721194 0.660714 0.604407 0.551708 0.502158 0.455381 0.411062 0.368939 0.328787 0.290416 0.253661 0.218379 0.184446 0.151752 0.120201 0.089708 0.060195 0.031596 0.003849 -0.023102 
-0.024879 0.001958 0.029579 0.058038 0.087395 0.117714 0.149070 0.181545 0.215230 0.250229 0.286659 0.324657 0.364374 0.405988 0.449704 0.495762 0.544444 0.596082 0.651072 0.709890 0.773108 0.841418 0.915654 0.996802 1.085976 1.184267 1.292238 1.408421 1.525370 1.622040 1.661743 1.622040 1.525370 1.408421 1.292238 1.184267 1.085976 0.996802 0.915654 0.841418 0.773108 0.709890 0.651072 0.596082 0.544444 0.495762 0.449704 0.405988 0.364374 0.324657 0.286659 0.250229 0.215230 0.181545 0.149070 0.117714 0.087395 0.058038 0.029579 0.001958 -0.024879 
-0.027526 -0.000859 0.026575 0.054828 0.083955 0.114018 0.145088 0.177239 0.210559 0.245143 0.281099 0.318550 0.357634 0.398509 0.441355 0.486379 0.533818 0.583946 0.637079 0.693578 0.753855 0.818366 0.887596 0.962001 1.041884 1.127099 1.216422 1.306297 1.388801 1.449988 1.473116 1.449988 1.388801 1.306297 1.216422 1.127099 1.041884 0.962001 0.887596 0.818366 0.753855 0.693578 0.637079 0.583946 0.533818 0.486379 0.441355 0.398509 0.357634 0.318550 0.281099 0.245143 0.210559 0.177239 0.145088 0.114018 0.083955 0.054828 0.026575 -0.000859 -0.027526 
-0.031028 -0.004583 0.022607 0.050589 0.079416 0.109145 0.139841 0.171573 0.204419 0.238466 0.273809 0.310558 0.348830 0.388762 0.430503 0.474221 0.520103 0.568357 0.619208 0.672896 0.729667 0.789745 0.853293 0.920320 0.990527 1.063009 1.135778 1.205056 1.264612 1.305982 1.320955 1.305982 1.264612 1.205056 1.135778 1.063009 0.990527 0.920320 0.853293 0.789745 0.729667 0.672896 0.619208 0.568357 0.520103 0.474221 0.430503 0.388762 0.348830 0.310558 0.273809 0.238466 0.204419 0.171573 0.139841 0.109145 0.079416 0.050589 0.022607 -0.004583 -0.031028 
-0.035364 -0.009191 0.017700 0.045351 0.073812 0.103135 0.133377 0.164600 0.196874 0.230274 0.264882 0.300790 0.338098 0.376913 0.417353 0.459546 0.503626 0.549733 0.598002 0.648560 0.701499 0.756849 0.814517 0.874200 0.935241 0.996411 1.055622 1.109640 1.154010 1.183602 1.194051 1.183602 1.154010 1.109640 1.055622 0.996411 0.935241 0.874200 0.814517 0.756849 0.701499 0.648560 0.598002 0.549733 0.503626 0.459546 0.417353 0.376913 0.338098 0.300790 0.264882 0.230274 0.196874 0.164600 0.133377 0.103135 0.073812 0.045351 0.017700 -0.009191 -0.035364 
-0.040508 -0.014654 0.011887 0.039153 0.067187 0.096037 0.125753 0.156388 0.188002 0.220659 0.254426 0.289378 0.325592 0.363150 0.402137 0.442641 0.484743 0.528521 0.574030 0.621296 0.670289 0.720887 0.772826 0.825619 0.878454 0.930054 0.978546 1.021382 1.055468 1.077608 1.085306 1.077608 1.055468 1.021382 0.978546 0.930054 0.878454 0.825619 0.772826 0.720887 0.670289 0.621296 0.574030 0.528521 0.484743 0.442641 0.402137 0.363150 0.325592 0.289378 0.254426 0.220659 0.188002 0.156388 0.125753 0.096037 0.067187 0.039153 0.011887 -0.014654 -0.040508 
-0.046432 -0.020939 0.005205 0.032035 0.059589 0.087907 0.117032 0.147010 0.177890 0.209722 0.242561 0.276462 0.311482 0.347677 0.385101 0.423803 0.463819 0.505170 0.547845 0.591790 0.636883 0.682901 0.729479 0.776049 0.821774 0.865475 0.905585 0.940169 0.967071 0.984234 0.990143 0.984234 0.967071 0.940169 0.905585 0.865475 0.821774 0.776049 0.729479 0.682901 0.636883 0.591790 0.547845 0.505170 0.463819 0.423803 0.385101 0.347677 0.311482 0.276462 0.242561 0.209722 0.177890 0.147010 0.117032 0.087907 0.059589 0.032035 0.005205 -0.020939 -0.046432 
-0.053104 -0.028011 -0.002306 0.024044 0.051070 0.078805 0.107285 0.136548 0.166630 0.197572 0.229413 0.262191 0.295943 0.330701 0.366491 0.403327 0.441208 0.480106 0.519959 0.560654 0.602007 0.643736 0.685430 0.726510 0.766186 0.803433 0.836984 0.865384 0.887114 0.900804 0.905484 0.900804 0.887114 0.865384 0.836984 0.803433 0.766186 0.726510 0.685430 0.643736 0.602007 0.560654 0.519959 0.480106 0.441208 0.403327 0.366491 0.330701 0.295943 0.262191 0.229413 0.197572 0.166630 0.136548 0.107285 0.078805 0.051070 0.024044 -0.002306 -0.028011 -0.053104 
-0.060488 -0.035831 -0.010600 0.015231 0.041687 0.068796 0.096585 0.125084 0.154320 0.184321 0.215112 0.246716 0.279152 0.312429 0.346549 0.381498 0.417242 0.453718 0.490825 0.528410 0.566254 0.604047 0.641372 0.677674 0.712249 0.744232 0.772614 0.796300 0.814201 0.825375 0.829177 0.825375 0.814201 0.796300 0.772614 0.744232 0.712249 0.677674 0.641372 0.604047 0.566254 0.528410 0.490825 0.453718 0.417242 0.381498 0.346549 0.312429 0.279152 0.246716 0.215112 0.184321 0.154320 0.125084 0.096585 0.068796 0.041687 0.015231 -0.010600 -0.035831 -0.060488 
-0.068548 -0.044356 -0.019631 0.005647 0.031499 0.057946 0.085008 0.112706 0.141059 0.170081 0.199788 0.230187 0.261279 0.293058 0.325504 0.358578 0.392223 0.426350 0.460831 0.495491 0.530093 0.564324 0.597781 0.629959 0.660245 0.687921 0.712189 0.732219 0.747215 0.756511 0.759663 0.756511 0.747215 0.732219 0.712189 0.687921 0.660245 0.629959 0.597781 0.564324 0.530093 0.495491 0.460831 0.426350 0.392223 0.358578 0.325504 0.293058 0.261279 0.230187 0.199788 0.170081 0.141059 0.112706 0.085008 0.057946 0.031499 0.005647 -0.019631 -0.044356 -0.068548 
-0.077246 -0.053543 -0.029351 -0.004653 0.020568 0.046324 0.072631 0.099501 0.126944 0.154965 0.183567 0.212746 0.242489 0.272775 0.303564 0.334805 0.366418 0.398298 0.430302 0.462244 0.493884 0.524920 0.554976 0.583605 0.610281 0.634415 0.655373 0.672519 0.685263 0.693123 0.695780 0.693123 0.685263 0.672519 0.655373 0.634415 0.610281 0.583605 0.554976 0.524920 0.493884 0.462244 0.430302 0.398298 0.366418 0.334805 0.303564 0.272775 0.242489 0.212746 0.183567 0.154965 0.126944 0.099501 0.072631 0.046324 0.020568 -0.004653 -0.029351 -0.053543 -0.077246 
-0.086540 -0.063349 -0.039711 -0.015614 0.008953 0.033999 0.059531 0.085555 0.112072 0.139080 0.166571 0.194530 0.222935 0.251748 0.280922 0.310388 0.340057 0.369812 0.399503 0.428942 0.457896 0.486081 0.513158 0.538734 0.562364 0.583563 0.601828 0.616666 0.627631 0.634366 0.636638 0.634366 0.627631 0.616666 0.601828 0.583563 0.562364 0.538734 0.513158 0.486081 0.457896 0.428942 0.399503 0.369812 0.340057 0.310388 0.280922 0.251748 0.222935 0.194530 0.166571 0.139080 0.112072 0.085555 0.059531 0.033999 0.008953 -0.015614 -0.039711 -0.063349 -0.086540 
-0.096391 -0.073729 -0.050662 -0.027182 -0.003284 0.021037 0.045782 0.070949 0.096535 0.122528 0.148913 0.175667 0.202755 0.230135 0.257745 0.285512 0.313336 0.341097 0.368644 0.395794 0.422324 0.447975 0.472444 0.495390 0.516436 0.535187 0.551238 0.564203 0.573739 0.579578 0.581544 0.579578 0.573739 0.564203 0.551238 0.535187 0.516436 0.495390 0.472444 0.447975 0.422324 0.395794 0.368644 0.341097 0.313336 0.285512 0.257745 0.230135 0.202755 0.175667 0.148913 0.122528 0.096535 0.070949 0.045782 0.021037 -0.003284 -0.027182 -0.050662 -0.073729 -0.096391 
-0.106758 -0.084638 -0.062154 -0.039303 -0.016084 0.007504 0.031456 0.055765 0.080422 0.105408 0.130701 0.156272 0.182079 0.208071 0.234182 0.260332 0.286420 0.312323 0.337893 0.362956 0.387307 0.410708 0.432892 0.453566 0.472412 0.489104 0.503315 0.514741 0.523113 0.528226 0.529945 0.528226 0.523113 0.514741 0.503315 0.489104 0.472412 0.453566 0.432892 0.410708 0.387307 0.362956 0.337893 0.312323 0.286420 0.260332 0.234182 0.208071 0.182079 0.156272 0.130701 0.105408 0.080422 0.055765 0.031456 0.007504 -0.016084 -0.039303 -0.062154 -0.084638 -0.106758 
-0.117601 -0.096032 -0.074140 -0.051925 -0.029389 -0.006537 0.016623 0.040078 0.063814 0.087808 0.112032 0.136451 0.161018 0.185677 0.210360 0.234982 0.259443 0.283622 0.307377 0.330545 0.352937 0.374341 0.394522 0.413226 0.430188 0.445135 0.457804 0.467950 0.475362 0.479878 0.481395 0.479878 0.475362 0.467950 0.457804 0.445135 0.430188 0.413226 0.394522 0.374341 0.352937 0.330545 0.307377 0.283622 0.259443 0.234982 0.210360 0.185677 0.161018 0.136451 0.112032 0.087808 0.063814 0.040078 0.016623 -0.006537 -0.029389 -0.051925 -0.074140 -0.096032 -0.117601 
-0.128882 -0.107869 -0.086573 -0.064996 -0.043144 -0.021025 0.001347 0.023959 0.046789 0.069812 0.092995 0.116298 0.139673 0.163060 0.186388 0.209574 0.232516 0.255101 0.277194 0.298643 0.319276 0.338905 0.357324 0.374316 0.389654 0.403113 0.414478 0.423549 0.430159 0.434179 0.435528 0.434179 0.430159 0.423549 0.414478 0.403113 0.389654 0.374316 0.357324 0.338905 0.319276 0.298643 0.277194 0.255101 0.232516 0.209574 0.186388 0.163060 0.139673 0.116298 0.092995 0.069812 0.046789 0.023959 0.001347 -0.021025 -0.043144 -0.064996 -0.086573 -0.107869 -0.128882 
-0.140560 -0.120107 -0.099407 -0.078467 -0.057296 -0.035905 -0.014309 0.007473 0.029417 0.051494 0.073669 0.095899 0.118132 0.140309 0.162358 0.184197 0.205728 0.226842 0.247415 0.267305 0.286360 0.304410 0.321276 0.336771 0.350703 0.362884 0.373135 0.381296 0.387229 0.390833 0.392041 0.390833 0.387229 0.381296 0.373135 0.362884 0.350703 0.336771 0.321276 0.304410 0.286360 0.267305 0.247415 0.226842 0.205728 0.184197 0.162358 0.140309 0.118132 0.095899 0.073669 0.051494 0.029417 0.007473 -0.014309 -0.035905 -0.057296 -0.078467 -0.099407 -0.120107 -0.140560 
-0.152600 -0.132706 -0.112601 -0.092294 -0.071796 -0.051122 -0.030289 -0.009318 0.011763 0.032923 0.054126 0.075326 0.096472 0.117502 0.138348 0.158927 0.179148 0.198909 0.218092 0.236570 0.254205 0.270847 0.286340 0.300521 0.313229 0.324305 0.333601 0.340983 0.346341 0.349590 0.350679 0.349590 0.346341 0.340983 0.333601 0.324305 0.313229 0.300521 0.286340 0.270847 0.254205 0.236570 0.218092 0.198909 0.179148 0.158927 0.138348 0.117502 0.096472 0.075326 0.054126 0.032923 0.011763 -0.009318 -0.030289 -0.051122 -0.071796 -0.092294 -0.112601 -0.132706 -0.152600 
-0.164966 -0.145628 -0.126113 -0.106431 -0.086597 -0.066627 -0.046540 -0.026360 -0.006116 0.014160 0.034429 0.054645 0.074757 0.094705 0.114420 0.133824 0.152832 0.171346 0.189260 0.206458 0.222815 0.238199 0.252474 0.265499 0.277135 0.287250 0.295718 0.302430 0.307293 0.310240 0.311227 0.310240 0.307293 0.302430 0.295718 0.287250 0.277135 0.265499 0.252474 0.238199 0.222815 0.206458 0.189260 0.171346 0.152832 0.133824 0.114420 0.094705 0.074757 0.054645 0.034429 0.014160 -0.006116 -0.026360 -0.046540 -0.066627 -0.086597 -0.106431 -0.126113 -0.145628 -0.164966 
-0.177624 -0.158837 -0.139904 -0.120839 -0.101656 -0.082375 -0.063015 -0.043603 -0.024167 -0.004742 0.014633 0.033912 0.053044 0.071971 0.090627 0.108937 0.126822 0.144190 0.160944 0.176980 0.192184 0.206442 0.219632 0.231634 0.242328 0.251602 0.259350 0.265480 0.269916 0.272601 0.273500 0.272601 0.269916 0.265480 0.259350 0.251602 0.242328 0.231634 0.219632 0.206442 0.192184 0.176980 0.160944 0.144190 0.126822 0.108937 0.090627 0.071971 0.053044 0.033912 0.014633 -0.004742 -0.024167 -0.043603 -0.063015 -0.082375 -0.101656 -0.120839 -0.139904 -0.158837 -0.177624 
-0.190541 -0.172297 -0.153939 -0.135478 -0.116933 -0.098323 -0.079669 -0.060999 -0.042343 -0.023734 -0.005214 0.013175 0.031380 0.049347 0.067011 0.084304 0.101149 0.117463 0.133157 0.148136 0.162299 0.175545 0.187767 0.198860 0.208722 0.217256 0.224373 0.229996 0.234059 0.236517 0.237340 0.236517 0.234059 0.229996 0.224373 0.217256 0.208722 0.198860 0.187767 0.175545 0.162299 0.148136 0.133157 0.117463 0.101149 0.084304 0.067011 0.049347 0.031380 0.013175 -0.005214 -0.023734 -0.042343 -0.060999 -0.079669 -0.098323 -0.116933 -0.135478 -0.153939 -0.172297 -0.190541 
-0.203686 -0.185979 -0.168183 -0.150314 -0.132391 -0.114433 -0.096463 -0.078509 -0.060602 -0.042775 -0.025068 -0.007525 0.009805 0.026869 0.043607 0.059953 0.075836 0.091180 0.105904 0.119921 0.133143 0.145477 0.156832 0.167115 0.176239 0.184119 0.190680 0.195857 0.199594 0.201853 0.202609 0.201853 0.199594 0.195857 0.190680 0.184119 0.176239 0.167115 0.156832 0.145477 0.133143 0.119921 0.105904 0.091180 0.075836 0.059953 0.043607 0.026869 0.009805 -0.007525 -0.025068 -0.042775 -0.060602 -0.078509 -0.096463 -0.114433 -0.132391 -0.150314 -0.168183 -0.185979 -0.203686 
-0.217033 -0.199850 -0.182606 -0.165314 -0.147995 -0.130669 -0.113361 -0.096097 -0.078907 -0.061827 -0.044895 -0.028153 -0.011647 0.004570 0.020441 0.035907 0.050900 0.065351 0.079186 0.092327 0.104694 0.116206 0.126781 0.136340 0.144805 0.152105 0.158174 0.162957 0.166407 0.168491 0.169188 0.168491 0.166407 0.162957 0.158174 0.152105 0.144805 0.136340 0.126781 0.116206 0.104694 0.092327 0.079186 0.065351 0.050900 0.035907 0.020441 0.004570 -0.011647 -0.028153 -0.044895 -0.061827 -0.078907 -0.096097 -0.113361 -0.130669 -0.147995 -0.165314 -0.182606 -0.199850 -0.217033 
-0.230553 -0.213884 -0.197177 -0.180448 -0.163716 -0.147002 -0.130330 -0.113729 -0.097227 -0.080859 -0.064662 -0.048678 -0.032950 -0.017528 -0.002465 0.012181 0.026351 0.039979 0.052999 0.065339 0.076930 0.087697 0.097570 0.106478 0.114354 0.121136 0.126768 0.131201 0.134397 0.136326 0.136971 0.136326 0.134397 0.131201 0.126768 0.121136 0.114354 0.106478 0.097570 0.087697 0.076930 0.065339 0.052999 0.039979 0.026351 0.012181 -0.002465 -0.017528 -0.032950 -0.048678 -0.064662 -0.080859 -0.097227 -0.113729 -0.130330 -0.147002 -0.163716 -0.180448 -0.197177 -0.213884 -0.230553 
-0.244221 -0.228055 -0.211872 -0.195688 -0.179524 -0.163401 -0.147343 -0.131377 -0.115532 -0.099843 -0.084344 -0.069076 -0.054080 -0.039404 -0.025097 -0.011212 0.002195 0.015064 0.027335 0.038944 0.049826 0.059918 0.069156 0.077477 0.084825 0.091143 0.096384 0.100506 0.103475 0.105266 0.105865 0.105266 0.103475 0.100506 0.096384 0.091143 0.084825 0.077477 0.069156 0.059918 0.049826 0.038944 0.027335 0.015064 0.002195 -0.011212 -0.025097 -0.039404 -0.054080 -0.069076 -0.084344 -0.099843 -0.115532 -0.131377 -0.147343 -0.163401 -0.179524 -0.195688 -0.211872 -0.228055 -0.244221 
-0.258015 -0.242338 -0.226664 -0.211010 -0.195395 -0.179841 -0.164372 -0.149015 -0.133799 -0.118755 -0.103918 -0.089326 -0.075020 -0.061043 -0.047441 -0.034265 -0.021566 -0.009397 0.002185 0.013123 0.023359 0.032837 0.041499 0.049290 0.056161 0.062062 0.066952 0.070795 0.073562 0.075230 0.075788 0.075230 0.073562 0.070795 0.066952 0.062062 0.056161 0.049290 0.041499 0.032837 0.023359 0.013123 0.002185 -0.009397 -0.021566 -0.034265 -0.047441 -0.061043 -0.075020 -0.089326 -0.103918 -0.118755 -0.133799 -0.149015 -0.164372 -0.179841 -0.195395 -0.211010 -0.226664 -0.242338 -0.258015 
-0.271913 -0.256712 -0.241533 -0.226391 -0.211306 -0.196300 -0.181397 -0.166622 -0.152004 -0.137574 -0.123364 -0.109412 -0.095754 -0.082433 -0.069491 -0.056975 -0.044931 -0.033410 -0.022463 -0.012141 -0.002495 0.006422 0.014560 0.021871 0.028311 0.033836 0.038410 0.042003 0.044587 0.046145 0.046666 0.046145 0.044587 0.042003 0.038410 0.033836 0.028311 0.021871 0.014560 0.006422 -0.002495 -0.012141 -0.022463 -0.033410 -0.044931 -0.056975 -0.069491 -0.082433 -0.095754 -0.109412 -0.123364 -0.137574 -0.152004 -0.166622 -0.181397 -0.196300 -0.211306 -0.226391 -0.241533 -0.256712 -0.271913 
-0.285895 -0.271157 -0.256456 -0.241809 -0.227236 -0.212757 -0.198396 -0.184178 -0.170131 -0.156284 -0.142668 -0.129319 -0.116272 -0.103565 -0.091240 -0.079339 -0.067905 -0.056983 -0.046621 -0.036865 -0.027762 -0.019357 -0.011696 -0.004821 0.001227 0.006411 0.010701 0.014067 0.016487 0.017946 0.018433 0.017946 0.016487 0.014067 0.010701 0.006411 0.001227 -0.004821 -0.011696 -0.019357 -0.027762 -0.036865 -0.046621 -0.056983 -0.067905 -0.079339 -0.091240 -0.103565 -0.116272 -0.129319 -0.142668 -0.156284 -0.170131 -0.184178 -0.198396 -0.212757 -0.227236 -0.241809 -0.256456 -0.271157 -0.285895 
-0.299942 -0.285654 -0.271416 -0.257247 -0.243166 -0.229193 -0.215352 -0.201666 -0.188162 -0.174869 -0.161816 -0.149037 -0.136564 -0.124435 -0.112686 -0.101358 -0.090490 -0.080125 -0.070303 -0.061069 -0.052463 -0.044528 -0.037303 -0.030827 -0.025135 -0.020259 -0.016229 -0.013068 -0.010795 -0.009426 -0.008969 -0.009426 -0.010795 -0.013068 -0.016229 -0.020259 -0.025135 -0.030827 -0.037303 -0.044528 -0.052463 -0.061069 -0.070303 -0.080125 -0.090490 -0.101358 -0.112686 -0.124435 -0.136564 -0.149037 -0.161816 -0.174869 -0.188162 -0.201666 -0.215352 -0.229193 -0.243166 -0.257247 -0.271416 -0.285654 -0.299942 
