49 49
3.236437e-01 0 5
-1.278869 -1.260341 -1.241914 -1.223624 -1.205511 -1.187619 -1.169998 -1.152701 -1.135787 -1.119320 -1.103368 -1.088005 -1.073307 -1.059355 -1.046232 -1.034024 -1.022814 -1.012687 -1.003721 -0.995992 -0.989568 -0.984506 -0.980855 -0.978651 -0.977913 -0.978651 -0.980855 -0.984506 -0.989568 -0.995992 -1.003721 -1.012687 -1.022814 -1.034024 -1.046232 -1.059355 -1.073307 -1.088005 -1.103368 -1.119320 -1.135787 -1.152701 -1.169998 -1.187619 -1.205511 -1.223624 -1.241914 -1.260341 -1.278869 
-1.260742 -1.241496 -1.222322 -1.203254 -1.184335 -1.165610 -1.147131 -1.128952 -1.111138 -1.093755 -1.076877 -1.060585 -1.044963 -1.030099 -1.016088 -1.003024 -0.991003 -0.980122 -0.970471 -0.962138 -0.955202 -0.949730 -0.945781 -0.943394 -0.942595 -0.943394 -0.945781 -0.949730 -0.955202 -0.962138 -0.970471 -0.980122 -0.991003 -1.003024 -1.016088 -1.030099 -1.044963 -1.060585 -1.076877 -1.093755 -1.111138 -1.128952 -1.147131 -1.165610 -1.184335 -1.203254 -1.222322 -1.241496 -1.260742 
-1.242748 -1.222756 -1.202802 -1.182921 -1.163155 -1.143551 -1.124161 -1.105044 -1.086266 -1.067898 -1.050021 -1.032720 -1.016088 -1.000224 -0.985233 -0.971221 -0.958298 -0.946573 -0.936154 -0.927140 -0.919625 -0.913690 -0.909400 -0.906806 -0.905938 -0.906806 -0.909400 -0.913690 -0.919625 -0.927140 -0.936154 -0.946573 -0.958298 -0.971221 -0.985233 -1.000224 -1.016088 -1.032720 -1.050021 -1.067898 -1.086266 -1.105044 -1.124161 -1.143551 -1.163155 -1.182921 -1.202802 -1.222756 -1.242748 
-1.224923 -1.204158 -1.183393 -1.162663 -1.142008 -1.121478 -1.101124 -1.081008 -1.061199 -1.041773 -1.022814 -1.004417 -0.986683 -0.969720 -0.953645 -0.938580 -0.924650 -0.911979 -0.900693 -0.890909 -0.882737 -0.876273 -0.871595 -0.868764 -0.867817 -0.868764 -0.871595 -0.876273 -0.882737 -0.890909 -0.900693 -0.911979 -0.924650 -0.938580 -0.953645 -0.969720 -0.986683 -1.004417 -1.022814 -1.041773 -1.061199 -1.081008 -1.101124 -1.121478 -1.142008 -1.162663 -1.183393 -1.204158 -1.224923 
-1.207308 -1.185745 -1.164139 -1.142523 -1.120939 -1.099434 -1.078062 -1.056884 -1.035974 -1.015410 -0.995283 -0.975694 -0.956753 -0.938580 -0.921307 -0.905068 -0.890009 -0.876273 -0.864005 -0.853345 -0.844422 -0.837351 -0.832228 -0.829125 -0.828085 -0.829125 -0.832228 -0.837351 -0.844422 -0.853345 -0.864005 -0.876273 -0.890009 -0.905068 -0.921307 -0.938580 -0.956753 -0.975694 -0.995283 -1.015410 -1.035974 -1.056884 -1.078062 -1.099434 -1.120939 -1.142523 -1.164139 -1.185745 -1.207308 
-1.189951 -1.167565 -1.145088 -1.122553 -1.099998 -1.077470 -1.055023 -1.032720 -1.010634 -0.988848 -0.967459 -0.946573 -0.926312 -0.906806 -0.888202 -0.870654 -0.854325 -0.839383 -0.825998 -0.814336 -0.804550 -0.796780 -0.791141 -0.787721 -0.786575 -0.787721 -0.791141 -0.796780 -0.804550 -0.814336 -0.825998 -0.839383 -0.854325 -0.870654 -0.888202 -0.906806 -0.926312 -0.946573 -0.967459 -0.988848 -1.010634 -1.032720 -1.055023 -1.077470 -1.099998 -1.122553 -1.145088 -1.167565 -1.189951 
-1.172900 -1.149671 -1.126297 -1.102808 -1.079243 -1.055644 -1.032066 -1.008571 -0.985233 -0.962138 -0.939386 -0.917091 -0.895384 -0.874408 -0.854325 -0.835309 -0.817548 -0.801237 -0.786575 -0.773759 -0.762975 -0.754392 -0.748151 -0.744362 -0.743091 -0.744362 -0.748151 -0.754392 -0.762975 -0.773759 -0.786575 -0.801237 -0.817548 -0.835309 -0.854325 -0.874408 -0.895384 -0.917091 -0.939386 -0.962138 -0.985233 -1.008571 -1.032066 -1.055644 -1.079243 -1.102808 -1.126297 -1.149671 -1.172900 
-1.156212 -1.132119 -1.107824 -1.083352 -1.058739 -1.034024 -1.009259 -0.984506 -0.959838 -0.935342 -0.911121 -0.887296 -0.864005 -0.841406 -0.819677 -0.799014 -0.779633 -0.761759 -0.745629 -0.731477 -0.719529 -0.709994 -0.703046 -0.698820 -0.697402 -0.698820 -0.703046 -0.709994 -0.719529 -0.731477 -0.745629 -0.761759 -0.779633 -0.799014 -0.819677 -0.841406 -0.864005 -0.887296 -0.911121 -0.935342 -0.959838 -0.984506 -1.009259 -1.034024 -1.058739 -1.083352 -1.107824 -1.132119 -1.156212 
-1.139944 -1.114974 -1.089737 -1.064256 -1.038560 -1.012687 -0.986683 -0.960606 -0.934529 -0.908537 -0.882737 -0.857252 -0.832228 -0.807837 -0.784274 -0.761759 -0.740538 -0.720874 -0.703046 -0.687337 -0.674023 -0.663362 -0.655574 -0.650829 -0.649235 -0.650829 -0.655574 -0.663362 -0.674023 -0.687337 -0.703046 -0.720874 -0.740538 -0.761759 -0.784274 -0.807837 -0.832228 -0.857252 -0.882737 -0.908537 -0.934529 -0.960606 -0.986683 -1.012687 -1.038560 -1.064256 -1.089737 -1.114974 -1.139944 
-1.124161 -1.098304 -1.072110 -1.045598 -1.018791 -0.991719 -0.964426 -0.936964 -0.909400 -0.881819 -0.854325 -0.827043 -0.800127 -0.773759 -0.748151 -0.723550 -0.700234 -0.678509 -0.658707 -0.641170 -0.626239 -0.614236 -0.605439 -0.600068 -0.598261 -0.600068 -0.605439 -0.614236 -0.626239 -0.641170 -0.658707 -0.678509 -0.700234 -0.723550 -0.748151 -0.773759 -0.800127 -0.827043 -0.854325 -0.881819 -0.909400 -0.936964 -0.964426 -0.991719 -1.018791 -1.045598 -1.072110 -1.098304 -1.124161 
-1.108931 -1.082182 -1.055023 -1.027464 -0.999522 -0.971221 -0.942595 -0.913690 -0.884566 -0.855303 -0.825998 -0.796780 -0.767802 -0.739255 -0.711369 -0.684415 -0.658707 -0.634602 -0.612492 -0.592793 -0.575930 -0.562307 -0.552286 -0.546151 -0.544085 -0.546151 -0.552286 -0.562307 -0.575930 -0.592793 -0.612492 -0.634602 -0.658707 -0.684415 -0.711369 -0.739255 -0.767802 -0.796780 -0.825998 -0.855303 -0.884566 -0.913690 -0.942595 -0.971221 -0.999522 -1.027464 -1.055023 -1.082182 -1.108931 
-1.094326 -1.066687 -1.038560 -1.009947 -0.980855 -0.951301 -0.921307 -0.890909 -0.860159 -0.829125 -0.797899 -0.766600 -0.735384 -0.704445 -0.674023 -0.644415 -0.615972 -0.589106 -0.564282 -0.542008 -0.522812 -0.507216 -0.495688 -0.488606 -0.486217 -0.488606 -0.495688 -0.507216 -0.522812 -0.542008 -0.564282 -0.589106 -0.615972 -0.644415 -0.674023 -0.704445 -0.735384 -0.766600 -0.797899 -0.829125 -0.860159 -0.890909 -0.921307 -0.951301 -0.980855 -1.009947 -1.038560 -1.066687 -1.094326 
-1.080421 -1.051903 -1.022814 -0.993148 -0.962902 -0.932080 -0.900693 -0.868764 -0.836331 -0.803449 -0.770195 -0.736679 -0.703046 -0.669488 -0.636254 -0.603656 -0.572085 -0.542008 -0.513975 -0.488606 -0.466568 -0.448531 -0.435122 -0.426850 -0.424053 -0.426850 -0.435122 -0.448531 -0.466568 -0.488606 -0.513975 -0.542008 -0.572085 -0.603656 -0.636254 -0.669488 -0.703046 -0.736679 -0.770195 -0.803449 -0.836331 -0.868764 -0.900693 -0.932080 -0.962902 -0.993148 -1.022814 -1.051903 -1.080421 
-1.067293 -1.037915 -1.007881 -0.977175 -0.945781 -0.913690 -0.880900 -0.847417 -0.813259 -0.778465 -0.743091 -0.707228 -0.671005 -0.634602 -0.598261 -0.562307 -0.527158 -0.493341 -0.461498 -0.432384 -0.406839 -0.385746 -0.369946 -0.360147 -0.356824 -0.360147 -0.369946 -0.385746 -0.406839 -0.432384 -0.461498 -0.493341 -0.527158 -0.562307 -0.598261 -0.634602 -0.671005 -0.707228 -0.743091 -0.778465 -0.813259 -0.847417 -0.880900 -0.913690 -0.945781 -0.977175 -1.007881 -1.037915 -1.067293 
-1.055023 -1.024813 -0.993861 -0.962138 -0.929617 -0.896273 -0.862086 -0.827043 -0.791141 -0.754392 -0.716827 -0.678509 -0.639538 -0.600068 -0.560323 -0.520621 -0.481396 -0.443222 -0.406839 -0.373158 -0.343242 -0.318256 -0.299359 -0.287557 -0.283541 -0.287557 -0.299359 -0.318256 -0.343242 -0.373158 -0.406839 -0.443222 -0.481396 -0.520621 -0.560323 -0.600068 -0.639538 -0.678509 -0.716827 -0.754392 -0.791141 -0.827043 -0.862086 -0.896273 -0.929617 -0.962138 -0.993861 -1.024813 -1.055023 
-1.043689 -1.012687 -0.980855 -0.948155 -0.914543 -0.879978 -0.844422 -0.807837 -0.770195 -0.731477 -0.691680 -0.650829 -0.608981 -0.566247 -0.522812 -0.478963 -0.435122 -0.391890 -0.350093 -0.310809 -0.275379 -0.245354 -0.222357 -0.207858 -0.202898 -0.207858 -0.222357 -0.245354 -0.275379 -0.310809 -0.350093 -0.391890 -0.435122 -0.478963 -0.522812 -0.566247 -0.608981 -0.650829 -0.691680 -0.731477 -0.770195 -0.807837 -0.844422 -0.879978 -0.914543 -0.948155 -0.980855 -1.012687 -1.043689 
-1.033372 -1.001626 -0.968968 -0.935342 -0.900693 -0.864961 -0.828085 -0.790004 -0.750659 -0.709994 -0.667965 -0.624546 -0.579739 -0.533590 -0.486217 -0.437840 -0.388830 -0.339770 -0.291532 -0.245354 -0.202898 -0.166230 -0.137663 -0.119417 -0.113132 -0.119417 -0.137663 -0.166230 -0.202898 -0.245354 -0.291532 -0.339770 -0.388830 -0.437840 -0.486217 -0.533590 -0.579739 -0.624546 -0.667965 -0.709994 -0.750659 -0.790004 -0.828085 -0.864961 -0.900693 -0.935342 -0.968968 -1.001626 -1.033372 
-1.024148 -0.991719 -0.958298 -0.923816 -0.888202 -0.851378 -0.813259 -0.773759 -0.732783 -0.690238 -0.646028 -0.600068 -0.552286 -0.502644 -0.451159 -0.397939 -0.343242 -0.287557 -0.231724 -0.177076 -0.125599 -0.080015 -0.043664 -0.020013 -0.011781 -0.020013 -0.043664 -0.080015 -0.125599 -0.177076 -0.231724 -0.287557 -0.343242 -0.397939 -0.451159 -0.502644 -0.552286 -0.600068 -0.646028 -0.690238 -0.732783 -0.773759 -0.813259 -0.851378 -0.888202 -0.923816 -0.958298 -0.991719 -1.024148 
-1.016088 -0.983050 -0.948943 -0.913690 -0.877202 -0.839383 -0.800127 -0.759318 -0.716827 -0.672517 -0.626239 -0.577839 -0.527158 -0.474051 -0.418399 -0.360147 -0.299359 -0.236322 -0.171692 -0.106739 -0.043664 0.014074 0.061651 0.093463 0.104711 0.093463 0.061651 0.014074 -0.043664 -0.106739 -0.171692 -0.236322 -0.299359 -0.360147 -0.418399 -0.474051 -0.527158 -0.577839 -0.626239 -0.672517 -0.716827 -0.759318 -0.800127 -0.839383 -0.877202 -0.913690 -0.948943 -0.983050 -1.016088 
-1.009259 -0.975694 -0.940993 -0.905068 -0.867817 -0.829125 -0.788864 -0.746892 -0.703046 -0.657143 -0.608981 -0.558329 -0.504937 -0.448531 -0.388830 -0.325562 -0.258513 -0.187618 -0.113132 -0.035946 0.041877 0.116316 0.180606 0.225440 0.241704 0.225440 0.180606 0.116316 0.041877 -0.035946 -0.113132 -0.187618 -0.258513 -0.325562 -0.388830 -0.448531 -0.504937 -0.558329 -0.608981 -0.657143 -0.703046 -0.746892 -0.788864 -0.829125 -0.867817 -0.905068 -0.940993 -0.975694 -1.009259 
-1.003721 -0.969720 -0.934529 -0.898046 -0.860159 -0.820737 -0.779633 -0.736679 -0.691680 -0.644415 -0.594624 -0.542008 -0.486217 -0.426850 -0.363441 -0.295466 -0.222357 -0.143553 -0.058633 0.032374 0.128300 0.225440 0.315221 0.382214 0.407634 0.382214 0.315221 0.225440 0.128300 0.032374 -0.058633 -0.143553 -0.222357 -0.295466 -0.363441 -0.426850 -0.486217 -0.542008 -0.594624 -0.644415 -0.691680 -0.736679 -0.779633 -0.820737 -0.860159 -0.898046 -0.934529 -0.969720 -1.003721 
-0.999522 -0.965186 -0.929617 -0.892704 -0.854325 -0.814336 -0.772574 -0.728851 -0.682946 -0.634602 -0.583512 -0.529314 -0.471573 -0.409762 -0.343242 -0.271232 -0.192780 -0.106739 -0.011781 0.093463 0.209873 0.336199 0.464604 0.571787 0.616102 0.571787 0.464604 0.336199 0.209873 0.093463 -0.011781 -0.106739 -0.192780 -0.271232 -0.343242 -0.409762 -0.471573 -0.529314 -0.583512 -0.634602 -0.682946 -0.728851 -0.772574 -0.814336 -0.854325 -0.892704 -0.929617 -0.965186 -0.999522 
-0.996700 -0.962138 -0.926312 -0.889106 -0.850391 -0.810014 -0.767802 -0.723550 -0.677019 -0.627926 -0.575930 -0.520621 -0.461498 -0.397939 -0.329163 -0.254177 -0.171692 -0.080015 0.023110 0.140691 0.276599 0.434990 0.616102 0.796795 0.885780 0.796795 0.616102 0.434990 0.276599 0.140691 0.023110 -0.080015 -0.171692 -0.254177 -0.329163 -0.397939 -0.461498 -0.520621 -0.575930 -0.627926 -0.677019 -0.723550 -0.767802 -0.810014 -0.850391 -0.889106 -0.926312 -0.962138 -0.996700 
-0.995283 -0.960606 -0.924650 -0.887296 -0.848410 -0.807837 -0.765395 -0.720874 -0.674023 -0.624546 -0.572085 -0.516203 -0.456363 -0.391890 -0.321926 -0.245354 -0.160688 -0.065898 0.041877 0.166810 0.315221 0.496888 0.725819 1.005385 1.189496 1.005385 0.725819 0.496888 0.315221 0.166810 0.041877 -0.065898 -0.160688 -0.245354 -0.321926 -0.391890 -0.456363 -0.516203 -0.572085 -0.624546 -0.674023 -0.720874 -0.765395 -0.807837 -0.848410 -0.887296 -0.924650 -0.960606 -0.995283 
-0.995105 -0.960414 -0.924441 -0.887069 -0.848162 -0.807564 -0.765094 -0.720538 -0.673647 -0.624122 -0.571601 -0.515647 -0.455716 -0.391128 -0.321012 -0.244237 -0.159290 -0.064095 0.044291 0.170210 0.320351 0.505435 0.742269 1.043029 1.256609 1.043029 0.742269 0.505435 0.320351 0.170210 0.044291 -0.064095 -0.159290 -0.244237 -0.321012 -0.391128 -0.455716 -0.515647 -0.571601 -0.624122 -0.673647 -0.720538 -0.765094 -0.807564 -0.848162 -0.887069 -0.924441 -0.960414 -0.995105 
-0.995291 -0.960614 -0.924659 -0.887306 -0.848421 -0.807849 -0.765408 -0.720889 -0.674040 -0.624565 -0.572106 -0.516227 -0.456391 -0.391923 -0.321966 -0.245403 -0.160749 -0.065976 0.041772 0.166663 0.314999 0.496521 0.725121 1.003839 1.186860 1.003839 0.725121 0.496521 0.314999 0.166663 0.041772 -0.065976 -0.160749 -0.245403 -0.321966 -0.391923 -0.456391 -0.516227 -0.572106 -0.624565 -0.674040 -0.720889 -0.765408 -0.807849 -0.848421 -0.887306 -0.924659 -0.960614 -0.995291 
-0.996723 -0.962163 -0.926338 -0.889136 -0.850423 -0.810049 -0.767841 -0.723593 -0.677068 -0.627980 -0.575992 -0.520692 -0.461581 -0.398036 -0.329279 -0.254318 -0.171867 -0.080239 0.022815 0.140284 0.276007 0.434071 0.614579 0.794260 0.882518 0.794260 0.614579 0.434071 0.276007 0.140284 0.022815 -0.080239 -0.171867 -0.254318 -0.329279 -0.398036 -0.461581 -0.520692 -0.575992 -0.627980 -0.677068 -0.723593 -0.767841 -0.810049 -0.850423 -0.889136 -0.926338 -0.962163 -0.996723 
-0.999560 -0.965227 -0.929661 -0.892753 -0.854377 -0.814394 -0.772638 -0.728922 -0.683026 -0.634691 -0.583613 -0.529430 -0.471706 -0.409918 -0.343428 -0.271457 -0.193056 -0.107086 -0.012229 0.092867 0.209053 0.335037 0.462945 0.569551 0.613570 0.569551 0.462945 0.335037 0.209053 0.092867 -0.012229 -0.107086 -0.193056 -0.271457 -0.343428 -0.409918 -0.471706 -0.529430 -0.583613 -0.634691 -0.683026 -0.728922 -0.772638 -0.814394 -0.854377 -0.892753 -0.929661 -0.965227 -0.999560 
-1.003773 -0.969777 -0.934590 -0.898113 -0.860232 -0.820817 -0.779721 -0.736776 -0.691789 -0.644537 -0.594762 -0.542164 -0.486398 -0.427060 -0.363688 -0.295760 -0.222714 -0.143993 -0.059185 0.031668 0.127384 0.224243 0.313688 0.380370 0.405655 0.380370 0.313688 0.224243 0.127384 0.031668 -0.059185 -0.143993 -0.222714 -0.295760 -0.363688 -0.427060 -0.486398 -0.542164 -0.594762 -0.644537 -0.691789 -0.736776 -0.779721 -0.820817 -0.860232 -0.898113 -0.934590 -0.969777 -1.003773 
-1.009326 -0.975765 -0.941071 -0.905153 -0.867909 -0.829225 -0.788975 -0.747014 -0.703181 -0.657295 -0.609151 -0.558522 -0.505158 -0.448787 -0.389128 -0.325912 -0.258930 -0.188121 -0.113745 -0.036701 0.040946 0.115176 0.179247 0.223903 0.240097 0.223903 0.179247 0.115176 0.040946 -0.036701 -0.113745 -0.188121 -0.258930 -0.325912 -0.389128 -0.448787 -0.505158 -0.558522 -0.609151 -0.657295 -0.703181 -0.747014 -0.788975 -0.829225 -0.867909 -0.905153 -0.941071 -0.975765 -1.009326 
-1.016168 -0.983136 -0.949037 -0.913791 -0.877312 -0.839503 -0.800259 -0.759463 -0.716988 -0.672696 -0.626439 -0.578064 -0.527414 -0.474344 -0.418736 -0.360538 -0.299818 -0.236862 -0.172333 -0.107501 -0.044566 0.013019 0.060451 0.092155 0.103362 0.092155 0.060451 0.013019 -0.044566 -0.107501 -0.172333 -0.236862 -0.299818 -0.360538 -0.418736 -0.474344 -0.527414 -0.578064 -0.626439 -0.672696 -0.716988 -0.759463 -0.800259 -0.839503 -0.877312 -0.913791 -0.949037 -0.983136 -1.016168 
-1.024241 -0.991820 -0.958406 -0.923933 -0.888329 -0.851515 -0.813410 -0.773924 -0.732966 -0.690440 -0.646253 -0.600320 -0.552570 -0.502966 -0.451525 -0.398358 -0.343725 -0.288115 -0.232370 -0.177822 -0.126455 -0.080982 -0.044730 -0.021149 -0.012943 -0.021149 -0.044730 -0.080982 -0.126455 -0.177822 -0.232370 -0.288115 -0.343725 -0.398358 -0.451525 -0.502966 -0.552570 -0.600320 -0.646253 -0.690440 -0.732966 -0.773924 -0.813410 -0.851515 -0.888329 -0.923933 -0.958406 -0.991820 -1.024241 
-1.033477 -1.001739 -0.969089 -0.935473 -0.900835 -0.865115 -0.828253 -0.790188 -0.750860 -0.710216 -0.668211 -0.624820 -0.580044 -0.533933 -0.486604 -0.438277 -0.389325 -0.340332 -0.292169 -0.246073 -0.203703 -0.167117 -0.138620 -0.120421 -0.114153 -0.120421 -0.138620 -0.167117 -0.203703 -0.246073 -0.292169 -0.340332 -0.389325 -0.438277 -0.486604 -0.533933 -0.580044 -0.624820 -0.668211 -0.710216 -0.750860 -0.790188 -0.828253 -0.865115 -0.900835 -0.935473 -0.969089 -1.001739 -1.033477 
-1.043806 -1.012811 -0.980989 -0.948299 -0.914699 -0.880147 -0.844605 -0.808036 -0.770413 -0.731716 -0.691944 -0.651119 -0.609303 -0.566605 -0.523212 -0.479409 -0.435620 -0.392447 -0.350713 -0.311496 -0.276133 -0.246169 -0.223223 -0.208757 -0.203810 -0.208757 -0.223223 -0.246169 -0.276133 -0.311496 -0.350713 -0.392447 -0.435620 -0.479409 -0.523212 -0.566605 -0.609303 -0.651119 -0.691944 -0.731716 -0.770413 -0.808036 -0.844605 -0.880147 -0.914699 -0.948299 -0.980989 -1.012811 -1.043806 
-1.055150 -1.024949 -0.994006 -0.962294 -0.929785 -0.896454 -0.862282 -0.827256 -0.791373 -0.754645 -0.717104 -0.678813 -0.639872 -0.600436 -0.560729 -0.521070 -0.481891 -0.443768 -0.407438 -0.373810 -0.343947 -0.319009 -0.300150 -0.288373 -0.284365 -0.288373 -0.300150 -0.319009 -0.343947 -0.373810 -0.407438 -0.443768 -0.481891 -0.521070 -0.560729 -0.600436 -0.639872 -0.678813 -0.717104 -0.754645 -0.791373 -0.827256 -0.862282 -0.896454 -0.929785 -0.962294 -0.994006 -1.024949 -1.055150 
-1.067430 -1.038061 -1.008037 -0.977341 -0.945960 -0.913883 -0.881108 -0.847641 -0.813503 -0.778729 -0.743378 -0.707542 -0.671347 -0.634975 -0.598670 -0.562754 -0.527646 -0.493872 -0.462074 -0.433004 -0.407501 -0.386444 -0.370673 -0.360893 -0.357577 -0.360893 -0.370673 -0.386444 -0.407501 -0.433004 -0.462074 -0.493872 -0.527646 -0.562754 -0.598670 -0.634975 -0.671347 -0.707542 -0.743378 -0.778729 -0.813503 -0.847641 -0.881108 -0.913883 -0.945960 -0.977341 -1.008037 -1.038061 -1.067430 
-1.080566 -1.052058 -1.022979 -0.993325 -0.963091 -0.932282 -0.900910 -0.868999 -0.836584 -0.803721 -0.770490 -0.736998 -0.703392 -0.669864 -0.636661 -0.604098 -0.572562 -0.542522 -0.514527 -0.489195 -0.467190 -0.449183 -0.435796 -0.427538 -0.424747 -0.427538 -0.435796 -0.449183 -0.467190 -0.489195 -0.514527 -0.542522 -0.572562 -0.604098 -0.636661 -0.669864 -0.703392 -0.736998 -0.770490 -0.803721 -0.836584 -0.868999 -0.900910 -0.932282 -0.963091 -0.993325 -1.022979 -1.052058 -1.080566 
-1.094479 -1.066850 -1.038734 -1.010132 -0.981052 -0.951511 -0.921532 -0.891151 -0.860418 -0.829404 -0.798199 -0.766924 -0.735733 -0.704820 -0.674427 -0.644849 -0.616438 -0.589604 -0.564811 -0.542567 -0.523399 -0.507826 -0.496316 -0.489246 -0.486861 -0.489246 -0.496316 -0.507826 -0.523399 -0.542567 -0.564811 -0.589604 -0.616438 -0.644849 -0.674427 -0.704820 -0.735733 -0.766924 -0.798199 -0.829404 -0.860418 -0.891151 -0.921532 -0.951511 -0.981052 -1.010132 -1.038734 -1.066850 -1.094479 
-1.109092 -1.082352 -1.055203 -1.027656 -0.999726 -0.971438 -0.942827 -0.913938 -0.884831 -0.855586 -0.826302 -0.797105 -0.768150 -0.739628 -0.711768 -0.684840 -0.659160 -0.635082 -0.612999 -0.593325 -0.576485 -0.562882 -0.552875 -0.546749 -0.544685 -0.546749 -0.552875 -0.562882 -0.576485 -0.593325 -0.612999 -0.635082 -0.659160 -0.684840 -0.711768 -0.739628 -0.768150 -0.797105 -0.826302 -0.855586 -0.884831 -0.913938 -0.942827 -0.971438 -0.999726 -1.027656 -1.055203 -1.082352 -1.109092 
-1.124328 -1.098480 -1.072297 -1.045796 -1.019001 -0.991942 -0.964663 -0.937216 -0.909669 -0.882106 -0.854630 -0.827368 -0.800474 -0.774128 -0.748543 -0.723966 -0.700673 -0.678972 -0.659193 -0.641678 -0.626766 -0.614778 -0.605993 -0.600629 -0.598825 -0.600629 -0.605993 -0.614778 -0.626766 -0.641678 -0.659193 -0.678972 -0.700673 -0.723966 -0.748543 -0.774128 -0.800474 -0.827368 -0.854630 -0.882106 -0.909669 -0.937216 -0.964663 -0.991942 -1.019001 -1.045796 -1.072297 -1.098480 -1.124328 
-1.140116 -1.115156 -1.089929 -1.064459 -1.038775 -1.012914 -0.986924 -0.960862 -0.934800 -0.908825 -0.883042 -0.857576 -0.832571 -0.808201 -0.784658 -0.762165 -0.740964 -0.721321 -0.703512 -0.687821 -0.674524 -0.663876 -0.656098 -0.651359 -0.649767 -0.651359 -0.656098 -0.663876 -0.674524 -0.687821 -0.703512 -0.721321 -0.740964 -0.762165 -0.784658 -0.808201 -0.832571 -0.857576 -0.883042 -0.908825 -0.934800 -0.960862 -0.986924 -1.012914 -1.038775 -1.064459 -1.089929 -1.115156 -1.140116 
-1.156389 -1.132306 -1.108020 -1.083560 -1.058957 -1.034255 -1.009504 -0.984764 -0.960111 -0.935630 -0.911426 -0.887618 -0.864344 -0.841763 -0.820053 -0.799409 -0.780047 -0.762191 -0.746077 -0.731941 -0.720007 -0.710482 -0.703543 -0.699322 -0.697906 -0.699322 -0.703543 -0.710482 -0.720007 -0.731941 -0.746077 -0.762191 -0.780047 -0.799409 -0.820053 -0.841763 -0.864344 -0.887618 -0.911426 -0.935630 -0.960111 -0.984764 -1.009504 -1.034255 -1.058957 -1.083560 -1.108020 -1.132306 -1.156389 
-1.173082 -1.149861 -1.126497 -1.103019 -1.079464 -1.055878 -1.032312 -1.008830 -0.985506 -0.962426 -0.939689 -0.917410 -0.895718 -0.874759 -0.854693 -0.835694 -0.817949 -0.801654 -0.787007 -0.774204 -0.763431 -0.754857 -0.748624 -0.744839 -0.743570 -0.744839 -0.748624 -0.754857 -0.763431 -0.774204 -0.787007 -0.801654 -0.817949 -0.835694 -0.854693 -0.874759 -0.895718 -0.917410 -0.939689 -0.962426 -0.985506 -1.008830 -1.032312 -1.055878 -1.079464 -1.103019 -1.126497 -1.149861 -1.173082 
-1.190136 -1.167759 -1.145292 -1.122766 -1.100222 -1.077705 -1.055270 -1.032979 -1.010906 -0.989134 -0.967759 -0.946888 -0.926641 -0.907151 -0.888562 -0.871029 -0.854714 -0.839786 -0.826414 -0.814763 -0.804987 -0.797225 -0.791592 -0.788176 -0.787031 -0.788176 -0.791592 -0.797225 -0.804987 -0.814763 -0.826414 -0.839786 -0.854714 -0.871029 -0.888562 -0.907151 -0.926641 -0.946888 -0.967759 -0.989134 -1.010906 -1.032979 -1.055270 -1.077705 -1.100222 -1.122766 -1.145292 -1.167759 -1.190136 
-1.207496 -1.185942 -1.164345 -1.142739 -1.121165 -1.099670 -1.078309 -1.057144 -1.036245 -1.015694 -0.995580 -0.976004 -0.957077 -0.938918 -0.921658 -0.905433 -0.890386 -0.876662 -0.864406 -0.853756 -0.844841 -0.837778 -0.832660 -0.829560 -0.828521 -0.829560 -0.832660 -0.837778 -0.844841 -0.853756 -0.864406 -0.876662 -0.890386 -0.905433 -0.921658 -0.938918 -0.957077 -0.976004 -0.995580 -1.015694 -1.036245 -1.057144 -1.078309 -1.099670 -1.121165 -1.142739 -1.164345 -1.185942 -1.207496 
-1.225113 -1.204357 -1.183601 -1.162880 -1.142235 -1.121715 -1.101372 -1.081267 -1.061469 -1.042055 -1.023108 -1.004723 -0.987001 -0.970051 -0.953989 -0.938936 -0.925016 -0.912357 -0.901080 -0.891305 -0.883141 -0.876682 -0.872010 -0.869182 -0.868235 -0.869182 -0.872010 -0.876682 -0.883141 -0.891305 -0.901080 -0.912357 -0.925016 -0.938936 -0.953989 -0.970051 -0.987001 -1.004723 -1.023108 -1.042055 -1.061469 -1.081267 -1.101372 -1.121715 -1.142235 -1.162880 -1.183601 -1.204357 -1.225113 
-1.242940 -1.222957 -1.203011 -1.183139 -1.163383 -1.143788 -1.124408 -1.105302 -1.086534 -1.068177 -1.050311 -1.033021 -1.016401 -1.000549 -0.985568 -0.971567 -0.958654 -0.946939 -0.936529 -0.927523 -0.920014 -0.914084 -0.909799 -0.907207 -0.906340 -0.907207 -0.909799 -0.914084 -0.920014 -0.927523 -0.936529 -0.946939 -0.958654 -0.971567 -0.985568 -1.000549 -1.016401 -1.033021 -1.050311 -1.068177 -1.086534 -1.105302 -1.124408 -1.143788 -1.163383 -1.183139 -1.203011 -1.222957 -1.242940 
-1.260937 -1.241698 -1.222532 -1.203473 -1.184563 -1.165847 -1.147377 -1.129208 -1.111404 -1.094031 -1.077164 -1.060882 -1.045270 -1.030417 -1.016416 -1.003361 -0.991350 -0.980477 -0.970834 -0.962508 -0.955577 -0.950111 -0.946164 -0.943779 -0.942981 -0.943779 -0.946164 -0.950111 -0.955577 -0.962508 -0.970834 -0.980477 -0.991350 -1.003361 -1.016416 -1.030417 -1.045270 -1.060882 -1.077164 -1.094031 -1.111404 -1.129208 -1.147377 -1.165847 -1.184563 -1.203473 -1.222532 -1.241698 -1.260937 
-1.279064 -1.260544 -1.242125 -1.223843 -1.205738 -1.187855 -1.170243 -1.152955 -1.136051 -1.119593 -1.103651 -1.088297 -1.073608 -1.059666 -1.046553 -1.034353 -1.023152 -1.013032 -1.004073 -0.996350 -0.989931 -0.984873 -0.981226 -0.979023 -0.978286 -0.979023 -0.981226 -0.984873 -0.989931 -0.996350 -1.004073 -1.013032 -1.023152 -1.034353 -1.046553 -1.059666 -1.073608 -1.088297 -1.103651 -1.119593 -1.136051 -1.152955 -1.170243 -1.187855 -1.205738 -1.223843 -1.242125 -1.260544 -1.279064 
