69 69
6.098667e+00 0 5
0.128629 0.140840 0.153025 0.165171 0.177267 0.189298 0.201250 0.213107 0.224852 0.236468 0.247935 0.259233 0.270340 0.281232 0.291886 0.302277 0.312378 0.322162 0.331602 0.340667 0.349330 0.357561 0.365330 0.372608 0.379366 0.385578 0.391215 0.396254 0.400672 0.404447 0.407562 0.410001 0.411752 0.412806 0.413158 0.412806 0.411752 0.410001 0.407562 0.404447 0.400672 0.396254 0.391215 0.385578 0.379366 0.372608 0.365330 0.357561 0.349330 0.340667 0.331602 0.322162 0.312378 0.302277 0.291886 0.281232 0.270340 0.259233 0.247935 0.236468 0.224852 0.213107 0.201250 0.189298 0.177267 0.165171 0.153025 0.140840 0.128629 
0.140471 0.153025 0.165563 0.178072 0.190540 0.202954 0.215298 0.227557 0.239713 0.251748 0.263641 0.275371 0.286915 0.298250 0.309350 0.320187 0.330735 0.340963 0.350842 0.360341 0.369428 0.378070 0.386237 0.393895 0.401014 0.407562 0.413510 0.418831 0.423499 0.427491 0.430786 0.433367 0.435221 0.436337 0.436710 0.436337 0.435221 0.433367 0.430786 0.427491 0.423499 0.418831 0.413510 0.407562 0.401014 0.393895 0.386237 0.378070 0.369428 0.360341 0.350842 0.340963 0.330735 0.320187 0.309350 0.298250 0.286915 0.275371 0.263641 0.251748 0.239713 0.227557 0.215298 0.202954 0.190540 0.178072 0.165563 0.153025 0.140471 
0.152265 0.165171 0.178072 0.190955 0.203809 0.216619 0.229370 0.242046 0.254630 0.267101 0.279439 0.291623 0.303628 0.315429 0.326998 0.338309 0.349330 0.360031 0.370379 0.380341 0.389882 0.398967 0.407562 0.415631 0.423138 0.430052 0.436337 0.441965 0.446905 0.451133 0.454624 0.457361 0.459327 0.460511 0.460907 0.460511 0.459327 0.457361 0.454624 0.451133 0.446905 0.441965 0.436337 0.430052 0.423138 0.415631 0.407562 0.398967 0.389882 0.380341 0.370379 0.360031 0.349330 0.338309 0.326998 0.315429 0.303628 0.291623 0.279439 0.267101 0.254630 0.242046 0.229370 0.216619 0.203809 0.190955 0.178072 0.165171 0.152265 
0.164000 0.177267 0.190540 0.203809 0.217060 0.230279 0.243452 0.256562 0.269590 0.282517 0.295321 0.307980 0.320469 0.332760 0.344827 0.356638 0.368162 0.379366 0.390215 0.400672 0.410700 0.420262 0.429318 0.437830 0.445760 0.453069 0.459721 0.465683 0.470921 0.475406 0.479113 0.482020 0.484109 0.485368 0.485788 0.485368 0.484109 0.482020 0.479113 0.475406 0.470921 0.465683 0.459721 0.453069 0.445760 0.437830 0.429318 0.420262 0.410700 0.400672 0.390215 0.379366 0.368162 0.356638 0.344827 0.332760 0.320469 0.307980 0.295321 0.282517 0.269590 0.256562 0.243452 0.230279 0.217060 0.203809 0.190540 0.177267 0.164000 
0.175661 0.189298 0.202954 0.216619 0.230279 0.243922 0.257531 0.271090 0.284581 0.297983 0.311274 0.324431 0.337428 0.350237 0.362828 0.375169 0.387228 0.398967 0.410351 0.421338 0.431890 0.441965 0.451519 0.460511 0.468898 0.476638 0.483690 0.490016 0.495580 0.500348 0.504291 0.507385 0.509609 0.510950 0.511398 0.510950 0.509609 0.507385 0.504291 0.500348 0.495580 0.490016 0.483690 0.476638 0.468898 0.460511 0.451519 0.441965 0.431890 0.421338 0.410351 0.398967 0.387228 0.375169 0.362828 0.350237 0.337428 0.324431 0.311274 0.297983 0.284581 0.271090 0.257531 0.243922 0.230279 0.216619 0.202954 0.189298 0.175661 
0.187235 0.201250 0.215298 0.229370 0.243452 0.257531 0.271592 0.285617 0.299588 0.313485 0.327285 0.340963 0.354493 0.367847 0.380992 0.393895 0.406521 0.418831 0.430786 0.442343 0.453457 0.464085 0.474178 0.483690 0.492575 0.500784 0.508273 0.514999 0.520919 0.525998 0.530201 0.533501 0.535875 0.537306 0.537784 0.537306 0.535875 0.533501 0.530201 0.525998 0.520919 0.514999 0.508273 0.500784 0.492575 0.483690 0.474178 0.464085 0.453457 0.442343 0.430786 0.418831 0.406521 0.393895 0.380992 0.367847 0.354493 0.340963 0.327285 0.313485 0.299588 0.285617 0.271592 0.257531 0.243452 0.229370 0.215298 0.201250 0.187235 
0.198706 0.213107 0.227557 0.242046 0.256562 0.271090 0.285617 0.300124 0.314594 0.329006 0.343336 0.357561 0.371651 0.385578 0.399308 0.412806 0.426035 0.438954 0.451519 0.463686 0.475406 0.486630 0.497307 0.507385 0.516811 0.525534 0.533501 0.540665 0.546979 0.552400 0.556890 0.560418 0.562957 0.564488 0.565000 0.564488 0.562957 0.560418 0.556890 0.552400 0.546979 0.540665 0.533501 0.525534 0.516811 0.507385 0.497307 0.486630 0.475406 0.463686 0.451519 0.438954 0.426035 0.412806 0.399308 0.385578 0.371651 0.357561 0.343336 0.329006 0.314594 0.300124 0.285617 0.271090 0.256562 0.242046 0.227557 0.213107 0.198706 
0.210057 0.224852 0.239713 0.254630 0.269590 0.284581 0.299588 0.314594 0.329581 0.344528 0.359412 0.374207 0.388885 0.403414 0.417762 0.431890 0.445760 0.459327 0.472546 0.485368 0.497740 0.509609 0.520919 0.531612 0.541630 0.550914 0.559407 0.567053 0.573800 0.579600 0.584409 0.588190 0.590912 0.592555 0.593104 0.592555 0.590912 0.588190 0.584409 0.579600 0.573800 0.567053 0.559407 0.550914 0.541630 0.531612 0.520919 0.509609 0.497740 0.485368 0.472546 0.459327 0.445760 0.431890 0.417762 0.403414 0.388885 0.374207 0.359412 0.344528 0.329581 0.314594 0.299588 0.284581 0.269590 0.254630 0.239713 0.224852 0.210057 
0.221272 0.236468 0.251748 0.267101 0.282517 0.297983 0.313485 0.329006 0.344528 0.360031 0.375491 0.390882 0.406175 0.421338 0.436337 0.451133 0.465683 0.479942 0.493860 0.507385 0.520461 0.533028 0.545025 0.556389 0.567053 0.576953 0.586025 0.594204 0.601432 0.607652 0.612814 0.616877 0.619804 0.621571 0.622162 0.621571 0.619804 0.616877 0.612814 0.607652 0.601432 0.594204 0.586025 0.576953 0.567053 0.556389 0.545025 0.533028 0.520461 0.507385 0.493860 0.479942 0.465683 0.451133 0.436337 0.421338 0.406175 0.390882 0.375491 0.360031 0.344528 0.329006 0.313485 0.297983 0.282517 0.267101 0.251748 0.236468 0.221272 
0.232332 0.247935 0.263641 0.279439 0.295321 0.311274 0.327285 0.343336 0.359412 0.375491 0.391549 0.407562 0.423499 0.439329 0.455014 0.470515 0.485788 0.500784 0.515451 0.529732 0.543567 0.556890 0.569635 0.581730 0.593104 0.603682 0.613392 0.622162 0.629923 0.636611 0.642169 0.646546 0.649703 0.651609 0.652247 0.651609 0.649703 0.646546 0.642169 0.636611 0.629923 0.622162 0.613392 0.603682 0.593104 0.581730 0.569635 0.556890 0.543567 0.529732 0.515451 0.500784 0.485788 0.470515 0.455014 0.439329 0.423499 0.407562 0.391549 0.375491 0.359412 0.343336 0.327285 0.311274 0.295321 0.279439 0.263641 0.247935 0.232332 
0.243218 0.259233 0.275371 0.291623 0.307980 0.324431 0.340963 0.357561 0.374207 0.390882 0.407562 0.424222 0.440833 0.457361 0.473769 0.490016 0.506056 0.521838 0.537306 0.552400 0.567053 0.581197 0.594756 0.607652 0.619804 0.631130 0.641547 0.650973 0.659328 0.666540 0.672540 0.677272 0.680687 0.682750 0.683440 0.682750 0.680687 0.677272 0.672540 0.666540 0.659328 0.650973 0.641547 0.631130 0.619804 0.607652 0.594756 0.581197 0.567053 0.552400 0.537306 0.521838 0.506056 0.490016 0.473769 0.457361 0.440833 0.424222 0.407562 0.390882 0.374207 0.357561 0.340963 0.324431 0.307980 0.291623 0.275371 0.259233 0.243218 
0.253907 0.270340 0.286915 0.303628 0.320469 0.337428 0.354493 0.371651 0.388885 0.406175 0.423499 0.440833 0.458146 0.475406 0.492575 0.509609 0.526463 0.543081 0.559407 0.575374 0.590912 0.605946 0.620392 0.634166 0.647175 0.659328 0.670530 0.680687 0.689708 0.697507 0.704007 0.709138 0.712844 0.715086 0.715836 0.715086 0.712844 0.709138 0.704007 0.697507 0.689708 0.680687 0.670530 0.659328 0.647175 0.634166 0.620392 0.605946 0.590912 0.575374 0.559407 0.543081 0.526463 0.509609 0.492575 0.475406 0.458146 0.440833 0.423499 0.406175 0.388885 0.371651 0.354493 0.337428 0.320469 0.303628 0.286915 0.270340 0.253907 
0.264380 0.281232 0.298250 0.315429 0.332760 0.350237 0.367847 0.385578 0.403414 0.421338 0.439329 0.457361 0.475406 0.493431 0.511398 0.529263 0.546979 0.564488 0.581730 0.598636 0.615131 0.631130 0.646546 0.661282 0.675237 0.688306 0.700382 0.711357 0.721126 0.729588 0.736652 0.742236 0.746275 0.748719 0.749537 0.748719 0.746275 0.742236 0.736652 0.729588 0.721126 0.711357 0.700382 0.688306 0.675237 0.661282 0.646546 0.631130 0.615131 0.598636 0.581730 0.564488 0.546979 0.529263 0.511398 0.493431 0.475406 0.457361 0.439329 0.421338 0.403414 0.385578 0.367847 0.350237 0.332760 0.315429 0.298250 0.281232 0.264380 
0.274612 0.291886 0.309350 0.326998 0.344827 0.362828 0.380992 0.399308 0.417762 0.436337 0.455014 0.473769 0.492575 0.511398 0.530201 0.548941 0.567568 0.586025 0.604247 0.622162 0.639689 0.656738 0.673213 0.689007 0.704007 0.718094 0.731147 0.743041 0.753653 0.762866 0.770571 0.776673 0.781091 0.783767 0.784663 0.783767 0.781091 0.776673 0.770571 0.762866 0.753653 0.743041 0.731147 0.718094 0.704007 0.689007 0.673213 0.656738 0.639689 0.622162 0.604247 0.586025 0.567568 0.548941 0.530201 0.511398 0.492575 0.473769 0.455014 0.436337 0.417762 0.399308 0.380992 0.362828 0.344827 0.326998 0.309350 0.291886 0.274612 
0.284581 0.302277 0.320187 0.338309 0.356638 0.375169 0.393895 0.412806 0.431890 0.451133 0.470515 0.490016 0.509609 0.529263 0.548941 0.568600 0.588190 0.607652 0.626920 0.645918 0.664560 0.682750 0.700382 0.717340 0.733497 0.748719 0.762866 0.775795 0.787364 0.797432 0.805871 0.812567 0.817422 0.820365 0.821351 0.820365 0.817422 0.812567 0.805871 0.797432 0.787364 0.775795 0.762866 0.748719 0.733497 0.717340 0.700382 0.682750 0.664560 0.645918 0.626920 0.607652 0.588190 0.568600 0.548941 0.529263 0.509609 0.490016 0.470515 0.451133 0.431890 0.412806 0.393895 0.375169 0.356638 0.338309 0.320187 0.302277 0.284581 
0.294261 0.312378 0.330735 0.349330 0.368162 0.387228 0.406521 0.426035 0.445760 0.465683 0.485788 0.506056 0.526463 0.546979 0.567568 0.588190 0.608793 0.629320 0.649703 0.669862 0.689708 0.709138 0.728036 0.746275 0.763715 0.780204 0.795582 0.809683 0.822339 0.833387 0.842671 0.850052 0.855413 0.858667 0.859758 0.858667 0.855413 0.850052 0.842671 0.833387 0.822339 0.809683 0.795582 0.780204 0.763715 0.746275 0.728036 0.709138 0.689708 0.669862 0.649703 0.629320 0.608793 0.588190 0.567568 0.546979 0.526463 0.506056 0.485788 0.465683 0.445760 0.426035 0.406521 0.387228 0.368162 0.349330 0.330735 0.312378 0.294261 
0.303628 0.322162 0.340963 0.360031 0.379366 0.398967 0.418831 0.438954 0.459327 0.479942 0.500784 0.521838 0.543081 0.564488 0.586025 0.607652 0.629320 0.650973 0.672540 0.693943 0.715086 0.735861 0.756144 0.775795 0.794660 0.812567 0.829333 0.844765 0.858667 0.870842 0.881104 0.889283 0.895236 0.898853 0.900067 0.898853 0.895236 0.889283 0.881104 0.870842 0.858667 0.844765 0.829333 0.812567 0.794660 0.775795 0.756144 0.735861 0.715086 0.693943 0.672540 0.650973 0.629320 0.607652 0.586025 0.564488 0.543081 0.521838 0.500784 0.479942 0.459327 0.438954 0.418831 0.398967 0.379366 0.360031 0.340963 0.322162 0.303628 
0.312654 0.331602 0.350842 0.370379 0.390215 0.410351 0.430786 0.451519 0.472546 0.493860 0.515451 0.537306 0.559407 0.581730 0.604247 0.626920 0.649703 0.672540 0.695365 0.718094 0.740632 0.762866 0.784663 0.805871 0.826320 0.845817 0.864153 0.881104 0.896438 0.909920 0.921322 0.930437 0.937086 0.941134 0.942493 0.941134 0.937086 0.930437 0.921322 0.909920 0.896438 0.881104 0.864153 0.845817 0.826320 0.805871 0.784663 0.762866 0.740632 0.718094 0.695365 0.672540 0.649703 0.626920 0.604247 0.581730 0.559407 0.537306 0.515451 0.493860 0.472546 0.451519 0.430786 0.410351 0.390215 0.370379 0.350842 0.331602 0.312654 
0.321315 0.340667 0.360341 0.380341 0.400672 0.421338 0.442343 0.463686 0.485368 0.507385 0.529732 0.552400 0.575374 0.598636 0.622162 0.645918 0.669862 0.693943 0.718094 0.742236 0.766272 0.790083 0.813533 0.836457 0.858667 0.879950 0.900067 0.918758 0.935747 0.950752 0.963494 0.973716 0.981194 0.985755 0.987287 0.985755 0.981194 0.973716 0.963494 0.950752 0.935747 0.918758 0.900067 0.879950 0.858667 0.836457 0.813533 0.790083 0.766272 0.742236 0.718094 0.693943 0.669862 0.645918 0.622162 0.598636 0.575374 0.552400 0.529732 0.507385 0.485368 0.463686 0.442343 0.421338 0.400672 0.380341 0.360341 0.340667 0.321315 
0.329581 0.349330 0.369428 0.389882 0.410700 0.431890 0.453457 0.475406 0.497740 0.520461 0.543567 0.567053 0.590912 0.615131 0.639689 0.664560 0.689708 0.715086 0.740632 0.766272 0.791907 0.817422 0.842671 0.867483 0.891653 0.914944 0.937086 0.957777 0.976690 0.993482 1.007813 1.019358 1.027831 1.033011 1.034754 1.033011 1.027831 1.019358 1.007813 0.993482 0.976690 0.957777 0.937086 0.914944 0.891653 0.867483 0.842671 0.817422 0.791907 0.766272 0.740632 0.715086 0.689708 0.664560 0.639689 0.615131 0.590912 0.567053 0.543567 0.520461 0.497740 0.475406 0.453457 0.431890 0.410700 0.389882 0.369428 0.349330 0.329581 
0.337428 0.357561 0.378070 0.398967 0.420262 0.441965 0.464085 0.486630 0.509609 0.533028 0.556890 0.581197 0.605946 0.631130 0.656738 0.682750 0.709138 0.735861 0.762866 0.790083 0.817422 0.844765 0.871969 0.898853 0.925201 0.950752 0.975200 0.998198 1.019358 1.038265 1.054494 1.067634 1.077318 1.083255 1.085256 1.083255 1.077318 1.067634 1.054494 1.038265 1.019358 0.998198 0.975200 0.950752 0.925201 0.898853 0.871969 0.844765 0.817422 0.790083 0.762866 0.735861 0.709138 0.682750 0.656738 0.631130 0.605946 0.581197 0.556890 0.533028 0.509609 0.486630 0.464085 0.441965 0.420262 0.398967 0.378070 0.357561 0.337428 
0.344827 0.365330 0.386237 0.407562 0.429318 0.451519 0.474178 0.497307 0.520919 0.545025 0.569635 0.594756 0.620392 0.646546 0.673213 0.700382 0.728036 0.756144 0.784663 0.813533 0.842671 0.871969 0.901285 0.930437 0.959198 0.987287 1.014366 1.040033 1.063831 1.085256 1.103776 1.118865 1.130042 1.136918 1.139239 1.136918 1.130042 1.118865 1.103776 1.085256 1.063831 1.040033 1.014366 0.987287 0.959198 0.930437 0.901285 0.871969 0.842671 0.813533 0.784663 0.756144 0.728036 0.700382 0.673213 0.646546 0.620392 0.594756 0.569635 0.545025 0.520919 0.497307 0.474178 0.451519 0.429318 0.407562 0.386237 0.365330 0.344827 
0.351752 0.372608 0.393895 0.415631 0.437830 0.460511 0.483690 0.507385 0.531612 0.556389 0.581730 0.607652 0.634166 0.661282 0.689007 0.717340 0.746275 0.775795 0.805871 0.836457 0.867483 0.898853 0.930437 0.962057 0.993482 1.024418 1.054494 1.083255 1.110166 1.134611 1.155924 1.173422 1.186466 1.194528 1.197256 1.194528 1.186466 1.173422 1.155924 1.134611 1.110166 1.083255 1.054494 1.024418 0.993482 0.962057 0.930437 0.898853 0.867483 0.836457 0.805871 0.775795 0.746275 0.717340 0.689007 0.661282 0.634166 0.607652 0.581730 0.556389 0.531612 0.507385 0.483690 0.460511 0.437830 0.415631 0.393895 0.372608 0.351752 
0.358177 0.379366 0.401014 0.423138 0.445760 0.468898 0.492575 0.516811 0.541630 0.567053 0.593104 0.619804 0.647175 0.675237 0.704007 0.733497 0.763715 0.794660 0.826320 0.858667 0.891653 0.925201 0.959198 0.993482 1.027831 1.061944 1.095428 1.127778 1.158372 1.186466 1.211220 1.231740 1.247161 1.256747 1.260002 1.256747 1.247161 1.231740 1.211220 1.186466 1.158372 1.127778 1.095428 1.061944 1.027831 0.993482 0.959198 0.925201 0.891653 0.858667 0.826320 0.794660 0.763715 0.733497 0.704007 0.675237 0.647175 0.619804 0.593104 0.567053 0.541630 0.516811 0.492575 0.468898 0.445760 0.423138 0.401014 0.379366 0.358177 
0.364077 0.385578 0.407562 0.430052 0.453069 0.476638 0.500784 0.525534 0.550914 0.576953 0.603682 0.631130 0.659328 0.688306 0.718094 0.748719 0.780204 0.812567 0.845817 0.879950 0.914944 0.950752 0.987287 1.024418 1.061944 1.099578 1.136918 1.173422 1.208383 1.240911 1.269949 1.294317 1.312824 1.324418 1.328370 1.324418 1.312824 1.294317 1.269949 1.240911 1.208383 1.173422 1.136918 1.099578 1.061944 1.024418 0.987287 0.950752 0.914944 0.879950 0.845817 0.812567 0.780204 0.748719 0.718094 0.688306 0.659328 0.631130 0.603682 0.576953 0.550914 0.525534 0.500784 0.476638 0.453069 0.430052 0.407562 0.385578 0.364077 
0.369428 0.391215 0.413510 0.436337 0.459721 0.483690 0.508273 0.533501 0.559407 0.586025 0.613392 0.641547 0.670530 0.700382 0.731147 0.762866 0.795582 0.829333 0.864153 0.900067 0.937086 0.975200 1.014366 1.054494 1.095428 1.136918 1.178583 1.219869 1.260002 1.297941 1.332367 1.361718 1.384320 1.398629 1.403534 1.398629 1.384320 1.361718 1.332367 1.297941 1.260002 1.219869 1.178583 1.136918 1.095428 1.054494 1.014366 0.975200 0.937086 0.900067 0.864153 0.829333 0.795582 0.762866 0.731147 0.700382 0.670530 0.641547 0.613392 0.586025 0.559407 0.533501 0.508273 0.483690 0.459721 0.436337 0.413510 0.391215 0.369428 
0.374207 0.396254 0.418831 0.441965 0.465683 0.490016 0.514999 0.540665 0.567053 0.594204 0.622162 0.650973 0.680687 0.711357 0.743041 0.775795 0.809683 0.844765 0.881104 0.918758 0.957777 0.998198 1.040033 1.083255 1.127778 1.173422 1.219869 1.266602 1.312824 1.357369 1.398629 1.434539 1.462718 1.480821 1.487077 1.480821 1.462718 1.434539 1.398629 1.357369 1.312824 1.266602 1.219869 1.173422 1.127778 1.083255 1.040033 0.998198 0.957777 0.918758 0.881104 0.844765 0.809683 0.775795 0.743041 0.711357 0.680687 0.650973 0.622162 0.594204 0.567053 0.540665 0.514999 0.490016 0.465683 0.441965 0.418831 0.396254 0.374207 
0.378394 0.400672 0.423499 0.446905 0.470921 0.495580 0.520919 0.546979 0.573800 0.601432 0.629923 0.659328 0.689708 0.721126 0.753653 0.787364 0.822339 0.858667 0.896438 0.935747 0.976690 1.019358 1.063831 1.110166 1.158372 1.208383 1.260002 1.312824 1.366121 1.418685 1.468645 1.513329 1.549321 1.572936 1.581196 1.572936 1.549321 1.513329 1.468645 1.418685 1.366121 1.312824 1.260002 1.208383 1.158372 1.110166 1.063831 1.019358 0.976690 0.935747 0.896438 0.858667 0.822339 0.787364 0.753653 0.721126 0.689708 0.659328 0.629923 0.601432 0.573800 0.546979 0.520919 0.495580 0.470921 0.446905 0.423499 0.400672 0.378394 
0.381970 0.404447 0.427491 0.451133 0.475406 0.500348 0.525998 0.552400 0.579600 0.607652 0.636611 0.666540 0.697507 0.729588 0.762866 0.797432 0.833387 0.870842 0.909920 0.950752 0.993482 1.038265 1.085256 1.134611 1.186466 1.240911 1.297941 1.357369 1.418685 1.480821 1.541806 1.598359 1.645628 1.677646 1.689057 1.677646 1.645628 1.598359 1.541806 1.480821 1.418685 1.357369 1.297941 1.240911 1.186466 1.134611 1.085256 1.038265 0.993482 0.950752 0.909920 0.870842 0.833387 0.797432 0.762866 0.729588 0.697507 0.666540 0.636611 0.607652 0.579600 0.552400 0.525998 0.500348 0.475406 0.451133 0.427491 0.404447 0.381970 
0.384919 0.407562 0.430786 0.454624 0.479113 0.504291 0.530201 0.556890 0.584409 0.612814 0.642169 0.672540 0.704007 0.736652 0.770571 0.805871 0.842671 0.881104 0.921322 0.963494 1.007813 1.054494 1.103776 1.155924 1.211220 1.269949 1.332367 1.398629 1.468645 1.541806 1.616461 1.689057 1.753055 1.798629 1.815395 1.798629 1.753055 1.689057 1.616461 1.541806 1.468645 1.398629 1.332367 1.269949 1.211220 1.155924 1.103776 1.054494 1.007813 0.963494 0.921322 0.881104 0.842671 0.805871 0.770571 0.736652 0.704007 0.672540 0.642169 0.612814 0.584409 0.556890 0.530201 0.504291 0.479113 0.454624 0.430786 0.407562 0.384919 
0.387228 0.410001 0.433367 0.457361 0.482020 0.507385 0.533501 0.560418 0.588190 0.616877 0.646546 0.677272 0.709138 0.742236 0.776673 0.812567 0.850052 0.889283 0.930437 0.973716 1.019358 1.067634 1.118865 1.173422 1.231740 1.294317 1.361718 1.434539 1.513329 1.598359 1.689057 1.782704 1.871798 1.940661 1.967504 1.940661 1.871798 1.782704 1.689057 1.598359 1.513329 1.434539 1.361718 1.294317 1.231740 1.173422 1.118865 1.067634 1.019358 0.973716 0.930437 0.889283 0.850052 0.812567 0.776673 0.742236 0.709138 0.677272 0.646546 0.616877 0.588190 0.560418 0.533501 0.507385 0.482020 0.457361 0.433367 0.410001 0.387228 
0.388885 0.411752 0.435221 0.459327 0.484109 0.509609 0.535875 0.562957 0.590912 0.619804 0.649703 0.680687 0.712844 0.746275 0.781091 0.817422 0.855413 0.895236 0.937086 0.981194 1.027831 1.077318 1.130042 1.186466 1.247161 1.312824 1.384320 1.462718 1.549321 1.645628 1.753055 1.871798 1.996928 2.107641 2.156077 2.107641 1.996928 1.871798 1.753055 1.645628 1.549321 1.462718 1.384320 1.312824 1.247161 1.186466 1.130042 1.077318 1.027831 0.981194 0.937086 0.895236 0.855413 0.817422 0.781091 0.746275 0.712844 0.680687 0.649703 0.619804 0.590912 0.562957 0.535875 0.509609 0.484109 0.459327 0.435221 0.411752 0.388885 
0.389882 0.412806 0.436337 0.460511 0.485368 0.510950 0.537306 0.564488 0.592555 0.621571 0.651609 0.682750 0.715086 0.748719 0.783767 0.820365 0.858667 0.898853 0.941134 0.985755 1.033011 1.083255 1.136918 1.194528 1.256747 1.324418 1.398629 1.480821 1.572936 1.677646 1.798629 1.940661 2.107641 2.287081 2.385820 2.287081 2.107641 1.940661 1.798629 1.677646 1.572936 1.480821 1.398629 1.324418 1.256747 1.194528 1.136918 1.083255 1.033011 0.985755 0.941134 0.898853 0.858667 0.820365 0.783767 0.748719 0.715086 0.682750 0.651609 0.621571 0.592555 0.564488 0.537306 0.510950 0.485368 0.460511 0.436337 0.412806 0.389882 
0.390215 0.413158 0.436710 0.460907 0.485788 0.511398 0.537784 0.565000 0.593104 0.622162 0.652247 0.683440 0.715836 0.749537 0.784663 0.821351 0.859758 0.900067 0.942493 0.987287 1.034754 1.085256 1.139239 1.197256 1.260002 1.328370 1.403534 1.487077 1.581196 1.689057 1.815395 1.967504 2.156077 2.385820 2.542807 2.385820 2.156077 1.967504 1.815395 1.689057 1.581196 1.487077 1.403534 1.328370 1.260002 1.197256 1.139239 1.085256 1.034754 0.987287 0.942493 0.900067 0.859758 0.821351 0.784663 0.749537 0.715836 0.683440 0.652247 0.622162 0.593104 0.565000 0.537784 0.511398 0.485788 0.460907 0.436710 0.413158 0.390215 
0.390215 0.413158 0.436710 0.460907 0.485788 0.511398 0.537784 0.565000 0.593104 0.622162 0.652247 0.683440 0.715836 0.749537 0.784663 0.821351 0.859758 0.900067 0.942492 0.987287 1.034754 1.085256 1.139239 1.197256 1.260001 1.328369 1.403534 1.487076 1.581195 1.689056 1.815393 1.967501 2.156071 2.385806 2.542782 2.385806 2.156071 1.967501 1.815393 1.689056 1.581195 1.487076 1.403534 1.328369 1.260001 1.197256 1.139239 1.085256 1.034754 0.987287 0.942492 0.900067 0.859758 0.821351 0.784663 0.749537 0.715836 0.683440 0.652247 0.622162 0.593104 0.565000 0.537784 0.511398 0.485788 0.460907 0.436710 0.413158 0.390215 
0.390215 0.413158 0.436710 0.460907 0.485788 0.511398 0.537784 0.565000 0.593104 0.622162 0.652246 0.683440 0.715835 0.749536 0.784662 0.821350 0.859757 0.900066 0.942492 0.987287 1.034753 1.085255 1.139238 1.197255 1.260000 1.328368 1.403532 1.487074 1.581192 1.689052 1.815387 1.967491 2.156053 2.385765 2.542707 2.385765 2.156053 1.967491 1.815387 1.689052 1.581192 1.487074 1.403532 1.328368 1.260000 1.197255 1.139238 1.085255 1.034753 0.987287 0.942492 0.900066 0.859757 0.821350 0.784662 0.749536 0.715835 0.683440 0.652246 0.622162 0.593104 0.565000 0.537784 0.511398 0.485788 0.460907 0.436710 0.413158 0.390215 
0.389867 0.412791 0.436321 0.460494 0.485349 0.510931 0.537285 0.564466 0.592531 0.621545 0.651582 0.682720 0.715053 0.748683 0.783728 0.820322 0.858620 0.898801 0.941075 0.985688 1.032935 1.083169 1.136817 1.194410 1.256607 1.324247 1.398417 1.480552 1.572582 1.677159 1.797921 1.939547 2.105706 2.283492 2.380709 2.283492 2.105706 1.939547 1.797921 1.677159 1.572582 1.480552 1.398417 1.324247 1.256607 1.194410 1.136817 1.083169 1.032935 0.985688 0.941075 0.898801 0.858620 0.820322 0.783728 0.748683 0.715053 0.682720 0.651582 0.621545 0.592531 0.564466 0.537285 0.510931 0.485349 0.460494 0.436321 0.412791 0.389867 
0.388856 0.411722 0.435189 0.459293 0.484073 0.509571 0.535834 0.562913 0.590865 0.619753 0.649648 0.680628 0.712780 0.746205 0.781014 0.817337 0.855320 0.895132 0.936970 0.981064 1.027683 1.077149 1.129845 1.186237 1.246888 1.312495 1.383916 1.462211 1.548664 1.644750 1.751834 1.870023 1.994269 2.103805 2.151561 2.103805 1.994269 1.870023 1.751834 1.644750 1.548664 1.462211 1.383916 1.312495 1.246888 1.186237 1.129845 1.077149 1.027683 0.981064 0.936970 0.895132 0.855320 0.817337 0.781014 0.746205 0.712780 0.680628 0.649648 0.619753 0.590865 0.562913 0.535834 0.509571 0.484073 0.459293 0.435189 0.411722 0.388856 
0.387185 0.409956 0.433319 0.457310 0.481966 0.507328 0.533440 0.560352 0.588119 0.616801 0.646465 0.677184 0.709042 0.742132 0.776559 0.812442 0.849914 0.889130 0.930266 0.973525 1.019141 1.067387 1.118580 1.173091 1.231349 1.293851 1.361152 1.433839 1.512447 1.597221 1.687557 1.780700 1.869144 1.937353 1.963895 1.937353 1.869144 1.780700 1.687557 1.597221 1.512447 1.433839 1.361152 1.293851 1.231349 1.173091 1.118580 1.067387 1.019141 0.973525 0.930266 0.889130 0.849914 0.812442 0.776559 0.742132 0.709042 0.677184 0.646465 0.616801 0.588119 0.560352 0.533440 0.507328 0.481966 0.457310 0.433319 0.409956 0.387185 
0.384863 0.407502 0.430723 0.454557 0.479042 0.504215 0.530120 0.556804 0.584316 0.612715 0.642061 0.672425 0.703881 0.736515 0.770422 0.805708 0.842491 0.880905 0.921100 0.963246 1.007533 1.054176 1.103412 1.155504 1.210729 1.269370 1.331675 1.397790 1.467616 1.540528 1.614861 1.687061 1.750623 1.795826 1.812441 1.795826 1.750623 1.687061 1.614861 1.540528 1.467616 1.397790 1.331675 1.269370 1.210729 1.155504 1.103412 1.054176 1.007533 0.963246 0.921100 0.880905 0.842491 0.805708 0.770422 0.736515 0.703881 0.672425 0.642061 0.612715 0.584316 0.556804 0.530120 0.504215 0.479042 0.454557 0.430723 0.407502 0.384863 
0.381900 0.404373 0.427413 0.451050 0.475318 0.500254 0.525898 0.552293 0.579486 0.607529 0.636479 0.666397 0.697353 0.729421 0.762684 0.797232 0.833168 0.870600 0.909651 0.950452 0.993146 1.037885 1.084824 1.134116 1.185894 1.240245 1.297157 1.356440 1.417575 1.479488 1.540210 1.596467 1.643445 1.675239 1.686565 1.675239 1.643445 1.596467 1.540210 1.479488 1.417575 1.356440 1.297157 1.240245 1.185894 1.134116 1.084824 1.037885 0.993146 0.950452 0.909651 0.870600 0.833168 0.797232 0.762684 0.729421 0.697353 0.666397 0.636479 0.607529 0.579486 0.552293 0.525898 0.500254 0.475318 0.451050 0.427413 0.404373 0.381900 
0.378310 0.400584 0.423406 0.446806 0.470816 0.495469 0.520801 0.546852 0.573665 0.601287 0.629767 0.659160 0.689527 0.720930 0.753439 0.787130 0.822084 0.858386 0.896127 0.935402 0.976304 1.018925 1.063343 1.109611 1.157738 1.207653 1.259158 1.311843 1.364978 1.417354 1.467104 1.511570 1.547363 1.570835 1.579042 1.570835 1.547363 1.511570 1.467104 1.417354 1.364978 1.311843 1.259158 1.207653 1.157738 1.109611 1.063343 1.018925 0.976304 0.935402 0.896127 0.858386 0.822084 0.787130 0.753439 0.720930 0.689527 0.659160 0.629767 0.601287 0.573665 0.546852 0.520801 0.495469 0.470816 0.446806 0.423406 0.400584 0.378310 
0.374110 0.396153 0.418724 0.441851 0.465562 0.489888 0.514862 0.540520 0.566898 0.594038 0.621984 0.650781 0.680480 0.711134 0.742798 0.775531 0.809394 0.844449 0.880756 0.918373 0.957350 0.997721 1.039499 1.082655 1.127099 1.172651 1.218991 1.265599 1.311680 1.356070 1.397164 1.432913 1.460952 1.478958 1.485179 1.478958 1.460952 1.432913 1.397164 1.356070 1.311680 1.265599 1.218991 1.172651 1.127099 1.082655 1.039499 0.997721 0.957350 0.918373 0.880756 0.844449 0.809394 0.775531 0.742798 0.711134 0.680480 0.650781 0.621984 0.594038 0.566898 0.540520 0.514862 0.489888 0.465562 0.441851 0.418724 0.396153 0.374110 
0.369318 0.391100 0.413389 0.436209 0.459586 0.483546 0.508120 0.533338 0.559233 0.585839 0.613193 0.641333 0.670300 0.700134 0.730878 0.762574 0.795264 0.828986 0.863772 0.899649 0.936625 0.974689 1.013797 1.053859 1.094718 1.136122 1.177689 1.218866 1.258878 1.296689 1.330986 1.360214 1.382715 1.396956 1.401837 1.396956 1.382715 1.360214 1.330986 1.296689 1.258878 1.218866 1.177689 1.136122 1.094718 1.053859 1.013797 0.974689 0.936625 0.899649 0.863772 0.828986 0.795264 0.762574 0.730878 0.700134 0.670300 0.641333 0.613193 0.585839 0.559233 0.533338 0.508120 0.483546 0.459586 0.436209 0.413389 0.391100 0.369318 
0.363956 0.385450 0.407427 0.429909 0.452919 0.476479 0.500615 0.525354 0.550722 0.576749 0.603464 0.630896 0.659077 0.688036 0.717802 0.748402 0.779860 0.812193 0.845409 0.879504 0.914455 0.950213 0.986693 1.023761 1.061216 1.098771 1.136023 1.172431 1.207290 1.239714 1.268649 1.292924 1.311355 1.322899 1.326834 1.322899 1.311355 1.292924 1.268649 1.239714 1.207290 1.172431 1.136023 1.098771 1.061216 1.023761 0.986693 0.950213 0.914455 0.879504 0.845409 0.812193 0.779860 0.748402 0.717802 0.688036 0.659077 0.630896 0.603464 0.576749 0.550722 0.525354 0.500615 0.476479 0.452919 0.429909 0.407427 0.385450 0.363956 
0.358044 0.379227 0.400867 0.422983 0.445596 0.468725 0.492391 0.516616 0.541422 0.566832 0.592868 0.619551 0.646904 0.674946 0.703693 0.733159 0.763349 0.794264 0.825890 0.858199 0.891142 0.924642 0.958586 0.992811 1.027094 1.061136 1.094541 1.126809 1.157316 1.185325 1.209996 1.230443 1.245807 1.255356 1.258598 1.255356 1.245807 1.230443 1.209996 1.185325 1.157316 1.126809 1.094541 1.061136 1.027094 0.992811 0.958586 0.924642 0.891142 0.858199 0.825890 0.794264 0.763349 0.733159 0.703693 0.674946 0.646904 0.619551 0.592868 0.566832 0.541422 0.516616 0.492391 0.468725 0.445596 0.422983 0.400867 0.379227 0.358044 
0.351608 0.372457 0.393736 0.415463 0.437653 0.460324 0.483492 0.507175 0.531389 0.556152 0.581478 0.607382 0.633877 0.660973 0.688675 0.716983 0.745891 0.775381 0.805423 0.835971 0.866955 0.898280 0.929813 0.961378 0.992744 1.023615 1.053622 1.082312 1.109150 1.133524 1.154771 1.172212 1.185211 1.193244 1.195962 1.193244 1.185211 1.172212 1.154771 1.133524 1.109150 1.082312 1.053622 1.023615 0.992744 0.961378 0.929813 0.898280 0.866955 0.835971 0.805423 0.775381 0.745891 0.716983 0.688675 0.660973 0.633877 0.607382 0.581478 0.556152 0.531389 0.507175 0.483492 0.460324 0.437653 0.415463 0.393736 0.372457 0.351608 
0.344673 0.365168 0.386067 0.407383 0.429129 0.451320 0.473967 0.497084 0.520682 0.544774 0.569367 0.594471 0.620089 0.646221 0.672866 0.700010 0.727636 0.755714 0.784200 0.813034 0.842132 0.871387 0.900655 0.929757 0.958464 0.986495 1.013513 1.039119 1.062856 1.084222 1.102688 1.117730 1.128871 1.135725 1.138039 1.135725 1.128871 1.117730 1.102688 1.084222 1.062856 1.039119 1.013513 0.986495 0.958464 0.929757 0.900655 0.871387 0.842132 0.813034 0.784200 0.755714 0.727636 0.700010 0.672866 0.646221 0.620089 0.594471 0.569367 0.544774 0.520682 0.497084 0.473967 0.451320 0.429129 0.407383 0.386067 0.365168 0.344673 
0.337264 0.357389 0.377889 0.398777 0.420062 0.441754 0.463862 0.486395 0.509360 0.532764 0.556610 0.580899 0.605628 0.630792 0.656378 0.682365 0.708725 0.735419 0.762392 0.789575 0.816876 0.844178 0.871338 0.898176 0.924475 0.949974 0.974370 0.997314 1.018422 1.037279 1.053464 1.066567 1.076222 1.082141 1.084136 1.082141 1.076222 1.066567 1.053464 1.037279 1.018422 0.997314 0.974370 0.949974 0.924475 0.898176 0.871338 0.844178 0.816876 0.789575 0.762392 0.735419 0.708725 0.682365 0.656378 0.630792 0.605628 0.580899 0.556610 0.532764 0.509360 0.486395 0.463862 0.441754 0.420062 0.398777 0.377889 0.357389 0.337264 
0.329408 0.349148 0.369237 0.389681 0.410490 0.431668 0.453223 0.475159 0.497479 0.520185 0.543274 0.566743 0.590583 0.614781 0.639317 0.664164 0.689285 0.714635 0.740151 0.765757 0.791357 0.816834 0.842043 0.866812 0.890938 0.914184 0.936279 0.956924 0.975792 0.992543 1.006837 1.018350 1.026800 1.031965 1.033703 1.031965 1.026800 1.018350 1.006837 0.992543 0.975792 0.956924 0.936279 0.914184 0.890938 0.866812 0.842043 0.816834 0.791357 0.765757 0.740151 0.714635 0.689285 0.664164 0.639317 0.614781 0.590583 0.566743 0.543274 0.520185 0.497479 0.475159 0.453223 0.431668 0.410490 0.389681 0.369237 0.349148 0.329408 
0.321133 0.340476 0.360141 0.380131 0.400452 0.421107 0.442099 0.463429 0.485097 0.507099 0.529430 0.552079 0.575035 0.598277 0.621781 0.645513 0.669432 0.693485 0.717607 0.741718 0.765720 0.789497 0.812909 0.835794 0.857965 0.879207 0.899284 0.917934 0.934885 0.949855 0.962566 0.972762 0.980221 0.984769 0.986298 0.984769 0.980221 0.972762 0.962566 0.949855 0.934885 0.917934 0.899284 0.879207 0.857965 0.835794 0.812909 0.789497 0.765720 0.741718 0.717607 0.693485 0.669432 0.645513 0.621781 0.598277 0.575035 0.552079 0.529430 0.507099 0.485097 0.463429 0.442099 0.421107 0.400452 0.380131 0.360141 0.340476 0.321133 
0.312464 0.331403 0.350634 0.370161 0.389986 0.410110 0.430533 0.451253 0.472266 0.493565 0.515140 0.536977 0.559059 0.581363 0.603858 0.626508 0.649267 0.672078 0.694875 0.717575 0.740082 0.762283 0.784046 0.805219 0.825632 0.845093 0.863393 0.880310 0.895610 0.909062 0.920438 0.929531 0.936164 0.940201 0.941557 0.940201 0.936164 0.929531 0.920438 0.909062 0.895610 0.880310 0.863393 0.845093 0.825632 0.805219 0.784046 0.762283 0.740082 0.717575 0.694875 0.672078 0.649267 0.626508 0.603858 0.581363 0.559059 0.536977 0.515140 0.493565 0.472266 0.451253 0.430533 0.410110 0.389986 0.370161 0.350634 0.331403 0.312464 
0.303430 0.321955 0.340747 0.359805 0.379129 0.398719 0.418571 0.438680 0.459039 0.479639 0.500465 0.521502 0.542727 0.564114 0.585630 0.607235 0.628880 0.650508 0.672049 0.693424 0.714538 0.735283 0.755535 0.775155 0.793987 0.811862 0.828596 0.843998 0.857871 0.870021 0.880260 0.888420 0.894360 0.897969 0.899179 0.897969 0.894360 0.888420 0.880260 0.870021 0.857871 0.843998 0.828596 0.811862 0.793987 0.775155 0.755535 0.735283 0.714538 0.693424 0.672049 0.650508 0.628880 0.607235 0.585630 0.564114 0.542727 0.521502 0.500465 0.479639 0.459039 0.438680 0.418571 0.398719 0.379129 0.359805 0.340747 0.321955 0.303430 
0.294056 0.312164 0.330511 0.349096 0.367918 0.386972 0.406253 0.425754 0.445465 0.465373 0.485463 0.505714 0.526103 0.546600 0.567169 0.587770 0.608351 0.628854 0.649212 0.669346 0.689165 0.708567 0.727437 0.745647 0.763058 0.779518 0.794868 0.808942 0.821574 0.832599 0.841863 0.849229 0.854578 0.857825 0.858913 0.857825 0.854578 0.849229 0.841863 0.832599 0.821574 0.808942 0.794868 0.779518 0.763058 0.745647 0.727437 0.708567 0.689165 0.669346 0.649212 0.628854 0.608351 0.587770 0.567169 0.546600 0.526103 0.505714 0.485463 0.465373 0.445465 0.425754 0.406253 0.386972 0.367918 0.349096 0.330511 0.312164 0.294056 
0.284370 0.302057 0.319957 0.338069 0.356387 0.374907 0.393621 0.412519 0.431589 0.450817 0.470185 0.489669 0.509245 0.528881 0.548540 0.568178 0.587746 0.607186 0.626431 0.645405 0.664022 0.682187 0.699793 0.716725 0.732855 0.748052 0.762174 0.775080 0.786626 0.796675 0.805097 0.811779 0.816624 0.819561 0.820545 0.819561 0.816624 0.811779 0.805097 0.796675 0.786626 0.775080 0.762174 0.748052 0.732855 0.716725 0.699793 0.682187 0.664022 0.645405 0.626431 0.607186 0.587746 0.568178 0.548540 0.528881 0.509245 0.489669 0.470185 0.450817 0.431589 0.412519 0.393621 0.374907 0.356387 0.338069 0.319957 0.302057 0.284370 
0.274395 0.291660 0.309114 0.326752 0.344570 0.362560 0.380712 0.399015 0.417456 0.436017 0.454679 0.473418 0.492207 0.511013 0.529798 0.548518 0.567125 0.585561 0.603761 0.621654 0.639158 0.656184 0.672634 0.688404 0.703381 0.717445 0.730476 0.742349 0.752942 0.762138 0.769828 0.775918 0.780328 0.782998 0.783892 0.782998 0.780328 0.775918 0.769828 0.762138 0.752942 0.742349 0.730476 0.717445 0.703381 0.688404 0.672634 0.656184 0.639158 0.621654 0.603761 0.585561 0.567125 0.548518 0.529798 0.511013 0.492207 0.473418 0.454679 0.436017 0.417456 0.399015 0.380712 0.362560 0.344570 0.326752 0.309114 0.291660 0.274395 
0.264157 0.281000 0.298009 0.315177 0.332498 0.349963 0.367562 0.385280 0.403104 0.421014 0.438990 0.457007 0.475036 0.493044 0.510993 0.528841 0.546537 0.564026 0.581248 0.598133 0.614606 0.630585 0.645978 0.660693 0.674627 0.687675 0.699731 0.710688 0.720439 0.728887 0.735937 0.741511 0.745542 0.747981 0.748798 0.747981 0.745542 0.741511 0.735937 0.728887 0.720439 0.710688 0.699731 0.687675 0.674627 0.660693 0.645978 0.630585 0.614606 0.598133 0.581248 0.564026 0.546537 0.528841 0.510993 0.493044 0.475036 0.457007 0.438990 0.421014 0.403104 0.385280 0.367562 0.349963 0.332498 0.315177 0.298009 0.281000 0.264157 
0.253680 0.270103 0.286669 0.303372 0.320202 0.337150 0.354204 0.371350 0.388571 0.405847 0.423158 0.440477 0.457775 0.475018 0.492170 0.509188 0.526023 0.542623 0.558929 0.574877 0.590396 0.605409 0.619836 0.633589 0.646580 0.658714 0.669898 0.680038 0.689044 0.696830 0.703318 0.708440 0.712140 0.714377 0.715126 0.714377 0.712140 0.708440 0.703318 0.696830 0.689044 0.680038 0.669898 0.658714 0.646580 0.633589 0.619836 0.605409 0.590396 0.574877 0.558929 0.542623 0.526023 0.509188 0.492170 0.475018 0.457775 0.440477 0.423158 0.405847 0.388571 0.371350 0.354204 0.337150 0.320202 0.303372 0.286669 0.270103 0.253680 
0.242986 0.258992 0.275121 0.291363 0.307710 0.324150 0.340670 0.357256 0.373890 0.390552 0.407219 0.423865 0.440461 0.456973 0.473366 0.489596 0.505619 0.521383 0.536834 0.551909 0.566544 0.580670 0.594210 0.607088 0.619223 0.630533 0.640933 0.650344 0.658686 0.665886 0.671876 0.676600 0.680009 0.682069 0.682758 0.682069 0.680009 0.676600 0.671876 0.665886 0.658686 0.650344 0.640933 0.630533 0.619223 0.607088 0.594210 0.580670 0.566544 0.551909 0.536834 0.521383 0.505619 0.489596 0.473366 0.456973 0.440461 0.423865 0.407219 0.390552 0.373890 0.357256 0.340670 0.324150 0.307710 0.291363 0.275121 0.258992 0.242986 
0.232096 0.247691 0.263387 0.279176 0.295048 0.310990 0.326989 0.343029 0.359093 0.375159 0.391205 0.407204 0.423127 0.438942 0.454612 0.470098 0.485354 0.500334 0.514984 0.529248 0.543066 0.556373 0.569101 0.581180 0.592537 0.603100 0.612796 0.621552 0.629301 0.635978 0.641527 0.645898 0.649049 0.650952 0.651589 0.650952 0.649049 0.645898 0.641527 0.635978 0.629301 0.621552 0.612796 0.603100 0.592537 0.581180 0.569101 0.556373 0.543066 0.529248 0.514984 0.500334 0.485354 0.470098 0.454612 0.438942 0.423127 0.407204 0.391205 0.375159 0.359093 0.343029 0.326989 0.310990 0.295048 0.279176 0.263387 0.247691 0.232096 
0.221033 0.236220 0.251491 0.266834 0.282240 0.297696 0.313187 0.328697 0.344208 0.359698 0.375145 0.390523 0.405803 0.420952 0.435937 0.450718 0.465253 0.479496 0.493399 0.506908 0.519968 0.532520 0.544502 0.555850 0.566500 0.576387 0.585445 0.593612 0.600829 0.607039 0.612194 0.616250 0.619173 0.620937 0.621527 0.620937 0.619173 0.616250 0.612194 0.607039 0.600829 0.593612 0.585445 0.576387 0.566500 0.555850 0.544502 0.532520 0.519968 0.506908 0.493399 0.479496 0.465253 0.450718 0.435937 0.420952 0.405803 0.390523 0.375145 0.359698 0.344208 0.328697 0.313187 0.297696 0.282240 0.266834 0.251491 0.236220 0.221033 
0.209815 0.224601 0.239453 0.254360 0.269311 0.284292 0.299288 0.314284 0.329260 0.344195 0.359066 0.373849 0.388514 0.403030 0.417364 0.431478 0.445334 0.458887 0.472091 0.484898 0.497256 0.509111 0.520407 0.531086 0.541090 0.550361 0.558843 0.566478 0.573216 0.579007 0.583808 0.587583 0.590302 0.591942 0.592490 0.591942 0.590302 0.587583 0.583808 0.579007 0.573216 0.566478 0.558843 0.550361 0.541090 0.531086 0.520407 0.509111 0.497256 0.484898 0.472091 0.458887 0.445334 0.431478 0.417364 0.403030 0.388514 0.373849 0.359066 0.344195 0.329260 0.314284 0.299288 0.284292 0.269311 0.254360 0.239453 0.224601 0.209815 
0.198460 0.212853 0.227295 0.241775 0.256281 0.270800 0.285316 0.299813 0.314272 0.328672 0.342991 0.357203 0.371281 0.385195 0.398913 0.412398 0.425613 0.438519 0.451071 0.463224 0.474930 0.486141 0.496805 0.506870 0.516284 0.524995 0.532952 0.540106 0.546411 0.551824 0.556308 0.559831 0.562366 0.563895 0.564406 0.563895 0.562366 0.559831 0.556308 0.551824 0.546411 0.540106 0.532952 0.524995 0.516284 0.506870 0.496805 0.486141 0.474930 0.463224 0.451071 0.438519 0.425613 0.412398 0.398913 0.385195 0.371281 0.357203 0.342991 0.328672 0.314272 0.299813 0.285316 0.270800 0.256281 0.241775 0.227295 0.212853 0.198460 
0.186987 0.200994 0.215034 0.229097 0.243170 0.257239 0.271290 0.285305 0.299265 0.313151 0.326940 0.340607 0.354125 0.367467 0.380600 0.393491 0.406104 0.418402 0.430344 0.441888 0.452990 0.463605 0.473686 0.483187 0.492060 0.500259 0.507738 0.514455 0.520367 0.525439 0.529636 0.532932 0.535302 0.536731 0.537208 0.536731 0.535302 0.532932 0.529636 0.525439 0.520367 0.514455 0.507738 0.500259 0.492060 0.483187 0.473686 0.463605 0.452990 0.441888 0.430344 0.418402 0.406104 0.393491 0.380600 0.367467 0.354125 0.340607 0.326940 0.313151 0.299265 0.285305 0.271290 0.257239 0.243170 0.229097 0.215034 0.200994 0.186987 
0.175411 0.189040 0.202688 0.216344 0.229996 0.243629 0.257229 0.270778 0.284259 0.297650 0.310931 0.324077 0.337062 0.349860 0.362439 0.374769 0.386816 0.398543 0.409915 0.420891 0.431431 0.441494 0.451037 0.460019 0.468395 0.476126 0.483169 0.489487 0.495043 0.499805 0.503743 0.506832 0.509054 0.510392 0.510839 0.510392 0.509054 0.506832 0.503743 0.499805 0.495043 0.489487 0.483169 0.476126 0.468395 0.460019 0.451037 0.441494 0.431431 0.420891 0.409915 0.398543 0.386816 0.374769 0.362439 0.349860 0.337062 0.324077 0.310931 0.297650 0.284259 0.270778 0.257229 0.243629 0.229996 0.216344 0.202688 0.189040 0.175411 
0.163748 0.177007 0.190273 0.203533 0.216775 0.229986 0.243150 0.256250 0.269268 0.282185 0.294979 0.307628 0.320105 0.332386 0.344442 0.356242 0.367755 0.378948 0.389785 0.400232 0.410249 0.419800 0.428846 0.437348 0.445268 0.452569 0.459213 0.465167 0.470398 0.474878 0.478580 0.481483 0.483569 0.484826 0.485246 0.484826 0.483569 0.481483 0.478580 0.474878 0.470398 0.465167 0.459213 0.452569 0.445268 0.437348 0.428846 0.419800 0.410249 0.400232 0.389785 0.378948 0.367755 0.356242 0.344442 0.332386 0.320105 0.307628 0.294979 0.282185 0.269268 0.256250 0.243150 0.229986 0.216775 0.203533 0.190273 0.177007 0.163748 
0.152012 0.164911 0.177803 0.190679 0.203524 0.216325 0.229068 0.241735 0.254309 0.266770 0.279099 0.291273 0.303267 0.315058 0.326617 0.337917 0.348928 0.359618 0.369956 0.379907 0.389438 0.398514 0.407099 0.415159 0.422658 0.429563 0.435841 0.441461 0.446396 0.450618 0.454105 0.456839 0.458802 0.459985 0.460380 0.459985 0.458802 0.456839 0.454105 0.450618 0.446396 0.441461 0.435841 0.429563 0.422658 0.415159 0.407099 0.398514 0.389438 0.379907 0.369956 0.359618 0.348928 0.337917 0.326617 0.315058 0.303267 0.291273 0.279099 0.266770 0.254309 0.241735 0.229068 0.216325 0.203524 0.190679 0.177803 0.164911 0.152012 
0.140217 0.152764 0.165293 0.177795 0.190255 0.202660 0.214996 0.227246 0.239393 0.251419 0.263302 0.275023 0.286558 0.297883 0.308972 0.319800 0.330338 0.340556 0.350425 0.359915 0.368992 0.377625 0.385783 0.393433 0.400544 0.407084 0.413026 0.418341 0.423003 0.426990 0.430281 0.432859 0.434710 0.435825 0.436197 0.435825 0.434710 0.432859 0.430281 0.426990 0.423003 0.418341 0.413026 0.407084 0.400544 0.393433 0.385783 0.377625 0.368992 0.359915 0.350425 0.340556 0.330338 0.319800 0.308972 0.297883 0.286558 0.275023 0.263302 0.251419 0.239393 0.227246 0.214996 0.202660 0.190255 0.177795 0.165293 0.152764 0.140217 
0.128374 0.140578 0.152755 0.164894 0.176981 0.189004 0.200948 0.212797 0.224534 0.236141 0.247599 0.258888 0.269985 0.280868 0.291513 0.301894 0.311986 0.321761 0.331191 0.340248 0.348902 0.357124 0.364885 0.372155 0.378906 0.385110 0.390742 0.395775 0.400188 0.403958 0.407069 0.409505 0.411254 0.412307 0.412659 0.412307 0.411254 0.409505 0.407069 0.403958 0.400188 0.395775 0.390742 0.385110 0.378906 0.372155 0.364885 0.357124 0.348902 0.340248 0.331191 0.321761 0.311986 0.301894 0.291513 0.280868 0.269985 0.258888 0.247599 0.236141 0.224534 0.212797 0.200948 0.189004 0.176981 0.164894 0.152755 0.140578 0.128374 
