73 73
1.320704e+01 0 5
0.315570 0.326880 0.338172 0.349438 0.360666 0.371847 0.382968 0.394016 0.404978 0.415839 0.426584 0.437196 0.447656 0.457948 0.468050 0.477943 0.487606 0.497015 0.506148 0.514981 0.523490 0.531650 0.539435 0.546822 0.553784 0.560298 0.566339 0.571885 0.576913 0.581402 0.585334 0.588691 0.591459 0.593626 0.595180 0.596116 0.596428 0.596116 0.595180 0.593626 0.591459 0.588691 0.585334 0.581402 0.576913 0.571885 0.566339 0.560298 0.553784 0.546822 0.539435 0.531650 0.523490 0.514981 0.506148 0.497015 0.487606 0.477943 0.468050 0.457948 0.447656 0.437196 0.426584 0.415839 0.404978 0.394016 0.382968 0.371847 0.360666 0.349438 0.338172 0.326880 0.315570 
0.326396 0.338006 0.349608 0.361192 0.372748 0.384264 0.395728 0.407128 0.418449 0.429677 0.440795 0.451785 0.462631 0.473312 0.483808 0.494097 0.504156 0.513962 0.523490 0.532715 0.541610 0.550149 0.558305 0.566050 0.573357 0.580200 0.586551 0.592386 0.597680 0.602411 0.606556 0.610098 0.613020 0.615307 0.616949 0.617937 0.618267 0.617937 0.616949 0.615307 0.613020 0.610098 0.606556 0.602411 0.597680 0.592386 0.586551 0.580200 0.573357 0.566050 0.558305 0.550149 0.541610 0.532715 0.523490 0.513962 0.504156 0.494097 0.483808 0.473312 0.462631 0.451785 0.440795 0.429677 0.418449 0.407128 0.395728 0.384264 0.372748 0.361192 0.349608 0.338006 0.326396 
0.337178 0.349097 0.361017 0.372928 0.384820 0.396682 0.408502 0.420265 0.431960 0.443568 0.455075 0.466462 0.477711 0.488800 0.499709 0.510414 0.520892 0.531118 0.541065 0.550706 0.560013 0.568957 0.577508 0.585638 0.593315 0.600512 0.607198 0.613346 0.618928 0.623919 0.628297 0.632039 0.635127 0.637546 0.639282 0.640328 0.640677 0.640328 0.639282 0.637546 0.635127 0.632039 0.628297 0.623919 0.618928 0.613346 0.607198 0.600512 0.593315 0.585638 0.577508 0.568957 0.560013 0.550706 0.541065 0.531118 0.520892 0.510414 0.499709 0.488800 0.477711 0.466462 0.455075 0.443568 0.431960 0.420265 0.408502 0.396682 0.384820 0.372928 0.361017 0.349097 0.337178 
0.347907 0.360141 0.372387 0.384634 0.396873 0.409092 0.421278 0.433419 0.445500 0.457504 0.469416 0.481217 0.492887 0.504404 0.515747 0.526892 0.537812 0.548482 0.558873 0.568957 0.578702 0.588079 0.597054 0.605596 0.613672 0.621249 0.628297 0.634783 0.640677 0.645952 0.650582 0.654542 0.657811 0.660373 0.662214 0.663322 0.663692 0.663322 0.662214 0.660373 0.657811 0.654542 0.650582 0.645952 0.640677 0.634783 0.628297 0.621249 0.613672 0.605596 0.597054 0.588079 0.578702 0.568957 0.558873 0.548482 0.537812 0.526892 0.515747 0.504404 0.492887 0.481217 0.469416 0.457504 0.445500 0.433419 0.421278 0.409092 0.396873 0.384634 0.372387 0.360141 0.347907 
0.358570 0.371128 0.383708 0.396300 0.408895 0.421481 0.434046 0.446577 0.459058 0.471474 0.483808 0.496040 0.508150 0.520116 0.531916 0.543522 0.554910 0.566050 0.576913 0.587467 0.597680 0.607519 0.616949 0.625934 0.634439 0.642428 0.649866 0.656718 0.662952 0.668536 0.673440 0.677637 0.681105 0.683824 0.685778 0.686955 0.687348 0.686955 0.685778 0.683824 0.681105 0.677637 0.673440 0.668536 0.662952 0.656718 0.649866 0.642428 0.634439 0.625934 0.616949 0.607519 0.597680 0.587467 0.576913 0.566050 0.554910 0.543522 0.531916 0.520116 0.508150 0.496040 0.483808 0.471474 0.459058 0.446577 0.434046 0.421481 0.408895 0.396300 0.383708 0.371128 0.358570 
0.369158 0.382045 0.394966 0.407912 0.420873 0.433837 0.446792 0.459726 0.472622 0.485465 0.498237 0.510919 0.523490 0.535926 0.548205 0.560298 0.572179 0.583817 0.595180 0.606236 0.616949 0.627282 0.637199 0.646661 0.655628 0.664063 0.671924 0.679175 0.685778 0.691698 0.696901 0.701359 0.705045 0.707935 0.710013 0.711265 0.711684 0.711265 0.710013 0.707935 0.705045 0.701359 0.696901 0.691698 0.685778 0.679175 0.671924 0.664063 0.655628 0.646661 0.637199 0.627282 0.616949 0.606236 0.595180 0.583817 0.572179 0.560298 0.548205 0.535926 0.523490 0.510919 0.498237 0.485465 0.472622 0.459726 0.446792 0.433837 0.420873 0.407912 0.394966 0.382045 0.369158 
0.379655 0.392879 0.406149 0.419457 0.432793 0.446145 0.459503 0.472852 0.486177 0.499463 0.512691 0.525842 0.538893 0.551823 0.564604 0.577210 0.589612 0.601777 0.613672 0.625261 0.636507 0.647371 0.657811 0.667787 0.677254 0.686170 0.694491 0.702175 0.709181 0.715468 0.721000 0.725744 0.729668 0.732747 0.734962 0.736297 0.736743 0.736297 0.734962 0.732747 0.729668 0.725744 0.721000 0.715468 0.709181 0.702175 0.694491 0.686170 0.677254 0.667787 0.657811 0.647371 0.636507 0.625261 0.613672 0.601777 0.589612 0.577210 0.564604 0.551823 0.538893 0.525842 0.512691 0.499463 0.486177 0.472852 0.459503 0.446145 0.432793 0.419457 0.406149 0.392879 0.379655 
0.390050 0.403616 0.417243 0.430920 0.444640 0.458391 0.472162 0.485940 0.499709 0.513453 0.527154 0.540793 0.554347 0.567791 0.581101 0.594247 0.607198 0.619921 0.632381 0.644539 0.656355 0.667787 0.678790 0.689319 0.699327 0.708765 0.717587 0.725744 0.733189 0.739880 0.745772 0.750830 0.755017 0.758305 0.760671 0.762097 0.762574 0.762097 0.760671 0.758305 0.755017 0.750830 0.745772 0.739880 0.733189 0.725744 0.717587 0.708765 0.699327 0.689319 0.678790 0.667787 0.656355 0.644539 0.632381 0.619921 0.607198 0.594247 0.581101 0.567791 0.554347 0.540793 0.527154 0.513453 0.499709 0.485940 0.472162 0.458391 0.444640 0.430920 0.417243 0.403616 0.390050 
0.400327 0.414242 0.428231 0.442286 0.456398 0.470558 0.484754 0.498972 0.513199 0.527417 0.541610 0.555756 0.569833 0.583817 0.597680 0.611394 0.624925 0.638239 0.651299 0.664063 0.676488 0.688529 0.700138 0.711265 0.721859 0.731865 0.741232 0.749905 0.757833 0.764966 0.771256 0.776660 0.781138 0.784657 0.787190 0.788718 0.789229 0.788718 0.787190 0.784657 0.781138 0.776660 0.771256 0.764966 0.757833 0.749905 0.741232 0.731865 0.721859 0.711265 0.700138 0.688529 0.676488 0.664063 0.651299 0.638239 0.624925 0.611394 0.597680 0.583817 0.569833 0.555756 0.541610 0.527417 0.513199 0.498972 0.484754 0.470558 0.456398 0.442286 0.428231 0.414242 0.400327 
0.410472 0.424740 0.439097 0.453537 0.468050 0.482628 0.497259 0.511931 0.526629 0.541337 0.556038 0.570711 0.585334 0.599881 0.614325 0.628635 0.642779 0.656718 0.670415 0.683824 0.696901 0.709597 0.721859 0.733632 0.744860 0.755485 0.765447 0.774686 0.783145 0.790765 0.797494 0.803281 0.808081 0.811857 0.814577 0.816218 0.816767 0.816218 0.814577 0.811857 0.808081 0.803281 0.797494 0.790765 0.783145 0.774686 0.765447 0.755485 0.744860 0.733632 0.721859 0.709597 0.696901 0.683824 0.670415 0.656718 0.642779 0.628635 0.614325 0.599881 0.585334 0.570711 0.556038 0.541337 0.526629 0.511931 0.497259 0.482628 0.468050 0.453537 0.439097 0.424740 0.410472 
0.420468 0.435093 0.449824 0.464655 0.479577 0.494581 0.509658 0.524795 0.539978 0.555191 0.570418 0.585638 0.600828 0.615963 0.631015 0.645952 0.660741 0.675342 0.689714 0.703812 0.717587 0.730985 0.743950 0.756423 0.768341 0.779639 0.790253 0.800114 0.809156 0.817316 0.824531 0.830744 0.835903 0.839965 0.842893 0.844661 0.845252 0.844661 0.842893 0.839965 0.835903 0.830744 0.824531 0.817316 0.809156 0.800114 0.790253 0.779639 0.768341 0.756423 0.743950 0.730985 0.717587 0.703812 0.689714 0.675342 0.660741 0.645952 0.631015 0.615963 0.600828 0.585638 0.570418 0.555191 0.539978 0.524795 0.509658 0.494581 0.479577 0.464655 0.449824 0.435093 0.420468 
0.430298 0.445285 0.460394 0.475621 0.490958 0.506398 0.521929 0.537542 0.553223 0.568957 0.584726 0.600512 0.616291 0.632039 0.647726 0.663322 0.678790 0.694091 0.709181 0.724012 0.738532 0.752685 0.766409 0.779639 0.792308 0.804343 0.815670 0.826215 0.835903 0.844661 0.852416 0.859104 0.864665 0.869047 0.872209 0.874118 0.874757 0.874118 0.872209 0.869047 0.864665 0.859104 0.852416 0.844661 0.835903 0.826215 0.815670 0.804343 0.792308 0.779639 0.766409 0.752685 0.738532 0.724012 0.709181 0.694091 0.678790 0.663322 0.647726 0.632039 0.616291 0.600512 0.584726 0.568957 0.553223 0.537542 0.521929 0.506398 0.490958 0.475621 0.460394 0.445285 0.430298 
0.439945 0.455295 0.470787 0.486415 0.502173 0.518054 0.534050 0.550149 0.566339 0.582608 0.598936 0.615307 0.631697 0.648082 0.664433 0.680719 0.696901 0.712941 0.728792 0.744405 0.759723 0.774686 0.789229 0.803281 0.816767 0.829607 0.841719 0.853019 0.863422 0.872844 0.881203 0.888423 0.894434 0.899177 0.902601 0.904671 0.905363 0.904671 0.902601 0.899177 0.894434 0.888423 0.881203 0.872844 0.863422 0.853019 0.841719 0.829607 0.816767 0.803281 0.789229 0.774686 0.759723 0.744405 0.728792 0.712941 0.696901 0.680719 0.664433 0.648082 0.631697 0.615307 0.598936 0.582608 0.566339 0.550149 0.534050 0.518054 0.502173 0.486415 0.470787 0.455295 0.439945 
0.449390 0.465106 0.480982 0.497015 0.513199 0.529528 0.545994 0.562589 0.579301 0.596116 0.613020 0.629993 0.647016 0.664063 0.681105 0.698112 0.715046 0.731865 0.748523 0.764966 0.781138 0.796972 0.812399 0.827343 0.841719 0.855442 0.868418 0.880553 0.891751 0.901914 0.910949 0.918767 0.925286 0.930437 0.934159 0.936410 0.937164 0.936410 0.934159 0.930437 0.925286 0.918767 0.910949 0.901914 0.891751 0.880553 0.868418 0.855442 0.841719 0.827343 0.812399 0.796972 0.781138 0.764966 0.748523 0.731865 0.715046 0.698112 0.681105 0.664063 0.647016 0.629993 0.613020 0.596116 0.579301 0.562589 0.545994 0.529528 0.513199 0.497015 0.480982 0.465106 0.449390 
0.458613 0.474696 0.490958 0.507398 0.524011 0.540793 0.557737 0.574835 0.592077 0.609452 0.626945 0.644539 0.662214 0.679946 0.697708 0.715468 0.733189 0.750830 0.768341 0.785668 0.802751 0.819522 0.835903 0.851814 0.867163 0.881854 0.895783 0.908845 0.920928 0.931921 0.941716 0.950209 0.957305 0.962918 0.966980 0.969438 0.970261 0.969438 0.966980 0.962918 0.957305 0.950209 0.941716 0.931921 0.920928 0.908845 0.895783 0.881854 0.867163 0.851814 0.835903 0.819522 0.802751 0.785668 0.768341 0.750830 0.733189 0.715468 0.697708 0.679946 0.662214 0.644539 0.626945 0.609452 0.592077 0.574835 0.557737 0.540793 0.524011 0.507398 0.490958 0.474696 0.458613 
0.467596 0.484044 0.500693 0.517541 0.534585 0.551823 0.569249 0.586856 0.604638 0.622582 0.640677 0.658907 0.677254 0.695694 0.714203 0.732747 0.751293 0.769796 0.788208 0.806475 0.824531 0.842306 0.859718 0.876679 0.893090 0.908845 0.923828 0.937919 0.950991 0.962918 0.973572 0.982831 0.990583 0.996725 1.001176 1.003872 1.004775 1.003872 1.001176 0.996725 0.990583 0.982831 0.973572 0.962918 0.950991 0.937919 0.923828 0.908845 0.893090 0.876679 0.859718 0.842306 0.824531 0.806475 0.788208 0.769796 0.751293 0.732747 0.714203 0.695694 0.677254 0.658907 0.640677 0.622582 0.604638 0.586856 0.569249 0.551823 0.534585 0.517541 0.500693 0.484044 0.467596 
0.476316 0.493128 0.510162 0.527417 0.544894 0.562589 0.580500 0.598622 0.616949 0.635472 0.654180 0.673060 0.692095 0.711265 0.730545 0.749905 0.769310 0.788718 0.808081 0.827343 0.846436 0.865288 0.883813 0.901914 0.919486 0.936410 0.952560 0.967797 0.981980 0.994960 1.006588 1.016721 1.025224 1.031975 1.036874 1.039846 1.040841 1.039846 1.036874 1.031975 1.025224 1.016721 1.006588 0.994960 0.981980 0.967797 0.952560 0.936410 0.919486 0.901914 0.883813 0.865288 0.846436 0.827343 0.808081 0.788718 0.769310 0.749905 0.730545 0.711265 0.692095 0.673060 0.654180 0.635472 0.616949 0.598622 0.580500 0.562589 0.544894 0.527417 0.510162 0.493128 0.476316 
0.484754 0.501926 0.519342 0.537003 0.554910 0.573062 0.591459 0.610098 0.628974 0.648082 0.667413 0.686955 0.706694 0.726612 0.746687 0.766891 0.787190 0.807545 0.827907 0.848220 0.868418 0.888423 0.908146 0.927485 0.946325 0.964537 0.981980 0.998499 1.013930 1.028102 1.040841 1.051976 1.061345 1.068801 1.074222 1.077513 1.078616 1.077513 1.074222 1.068801 1.061345 1.051976 1.040841 1.028102 1.013930 0.998499 0.981980 0.964537 0.946325 0.927485 0.908146 0.888423 0.868418 0.848220 0.827907 0.807545 0.787190 0.766891 0.746687 0.726612 0.706694 0.686955 0.667413 0.648082 0.628974 0.610098 0.591459 0.573062 0.554910 0.537003 0.519342 0.501926 0.484754 
0.492887 0.510414 0.528208 0.546270 0.564604 0.583212 0.602094 0.621249 0.640677 0.660373 0.680332 0.700545 0.721000 0.741683 0.762574 0.783648 0.804874 0.826215 0.847625 0.869047 0.890416 0.911653 0.932665 0.953346 0.973572 0.993203 1.012081 1.030034 1.046873 1.062401 1.076412 1.088703 1.099077 1.107355 1.113386 1.117053 1.118283 1.117053 1.113386 1.107355 1.099077 1.088703 1.076412 1.062401 1.046873 1.030034 1.012081 0.993203 0.973572 0.953346 0.932665 0.911653 0.890416 0.869047 0.847625 0.826215 0.804874 0.783648 0.762574 0.741683 0.721000 0.700545 0.680332 0.660373 0.640677 0.621249 0.602094 0.583212 0.564604 0.546270 0.528208 0.510414 0.492887 
0.500693 0.518569 0.536733 0.555191 0.573948 0.593005 0.612369 0.632039 0.652017 0.672302 0.692892 0.713782 0.734962 0.756423 0.778147 0.800114 0.822296 0.844661 0.867163 0.889751 0.912358 0.934908 0.957305 0.979438 1.001176 1.022368 1.042841 1.062401 1.080834 1.097909 1.113386 1.127017 1.138566 1.147810 1.154562 1.158675 1.160056 1.158675 1.154562 1.147810 1.138566 1.127017 1.113386 1.097909 1.080834 1.062401 1.042841 1.022368 1.001176 0.979438 0.957305 0.934908 0.912358 0.889751 0.867163 0.844661 0.822296 0.800114 0.778147 0.756423 0.734962 0.713782 0.692892 0.672302 0.652017 0.632039 0.612369 0.593005 0.573948 0.555191 0.536733 0.518569 0.500693 
0.508150 0.526366 0.544894 0.563739 0.582909 0.602411 0.622249 0.642428 0.662952 0.683824 0.705045 0.726612 0.748523 0.770769 0.793339 0.816218 0.839382 0.862802 0.886440 0.910246 0.934159 0.958101 0.981980 1.005681 1.029067 1.051976 1.074222 1.095586 1.115826 1.134675 1.151846 1.167044 1.179976 1.190367 1.197979 1.202626 1.204188 1.202626 1.197979 1.190367 1.179976 1.167044 1.151846 1.134675 1.115826 1.095586 1.074222 1.051976 1.029067 1.005681 0.981980 0.958101 0.934159 0.910246 0.886440 0.862802 0.839382 0.816218 0.793339 0.770769 0.748523 0.726612 0.705045 0.683824 0.662952 0.642428 0.622249 0.602411 0.582909 0.563739 0.544894 0.526366 0.508150 
0.515236 0.533782 0.552662 0.571885 0.591459 0.611394 0.631697 0.652377 0.673440 0.694892 0.716738 0.738981 0.761621 0.784657 0.808081 0.831884 0.856050 0.880553 0.905363 0.930437 0.955716 0.981131 1.006588 1.031975 1.057152 1.081948 1.106161 1.129552 1.151846 1.172734 1.191877 1.208917 1.223492 1.235257 1.243907 1.249200 1.250982 1.249200 1.243907 1.235257 1.223492 1.208917 1.191877 1.172734 1.151846 1.129552 1.106161 1.081948 1.057152 1.031975 1.006588 0.981131 0.955716 0.930437 0.905363 0.880553 0.856050 0.831884 0.808081 0.784657 0.761621 0.738981 0.716738 0.694892 0.673440 0.652377 0.631697 0.611394 0.591459 0.571885 0.552662 0.533782 0.515236 
0.521929 0.540793 0.560013 0.579600 0.599566 0.619921 0.640677 0.661845 0.683435 0.705456 0.727919 0.750830 0.774194 0.798017 0.822296 0.847030 0.872209 0.897816 0.923828 0.950209 0.976912 1.003872 1.031003 1.058195 1.085310 1.112171 1.138566 1.164233 1.188864 1.212104 1.233552 1.252773 1.269318 1.282746 1.292663 1.298751 1.300804 1.298751 1.292663 1.282746 1.269318 1.252773 1.233552 1.212104 1.188864 1.164233 1.138566 1.112171 1.085310 1.058195 1.031003 1.003872 0.976912 0.950209 0.923828 0.897816 0.872209 0.847030 0.822296 0.798017 0.774194 0.750830 0.727919 0.705456 0.683435 0.661845 0.640677 0.619921 0.599566 0.579600 0.560013 0.540793 0.521929 
0.528208 0.547374 0.566920 0.586856 0.607198 0.627958 0.649151 0.670791 0.692892 0.715468 0.738532 0.762097 0.786175 0.810774 0.835903 0.861566 0.887761 0.914482 0.941716 0.969438 0.997611 1.026181 1.055073 1.084186 1.113386 1.142499 1.171303 1.199521 1.226814 1.252773 1.276928 1.298751 1.317678 1.333146 1.344632 1.351711 1.354103 1.351711 1.344632 1.333146 1.317678 1.298751 1.276928 1.252773 1.226814 1.199521 1.171303 1.142499 1.113386 1.084186 1.055073 1.026181 0.997611 0.969438 0.941716 0.914482 0.887761 0.861566 0.835903 0.810774 0.786175 0.762097 0.738532 0.715468 0.692892 0.670791 0.649151 0.627958 0.607198 0.586856 0.566920 0.547374 0.528208 
0.534050 0.553504 0.573357 0.593626 0.614325 0.635472 0.657082 0.679175 0.701767 0.724877 0.748523 0.772723 0.797494 0.822854 0.848817 0.875396 0.902601 0.930437 0.958900 0.987981 1.017656 1.047888 1.078616 1.109755 1.141183 1.172734 1.204188 1.235257 1.265573 1.294681 1.322028 1.346976 1.368816 1.386815 1.400275 1.408613 1.411438 1.408613 1.400275 1.386815 1.368816 1.346976 1.322028 1.294681 1.265573 1.235257 1.204188 1.172734 1.141183 1.109755 1.078616 1.047888 1.017656 0.987981 0.958900 0.930437 0.902601 0.875396 0.848817 0.822854 0.797494 0.772723 0.748523 0.724877 0.701767 0.679175 0.657082 0.635472 0.614325 0.593626 0.573357 0.553504 0.534050 
0.539435 0.559158 0.579301 0.599881 0.620917 0.642428 0.664433 0.686955 0.710013 0.733632 0.757833 0.782642 0.808081 0.834176 0.860949 0.888423 0.916619 0.945553 0.975239 1.005681 1.036874 1.068801 1.101423 1.134675 1.168458 1.202626 1.236970 1.271205 1.304947 1.337695 1.368816 1.397540 1.422978 1.444166 1.460155 1.470124 1.473514 1.470124 1.460155 1.444166 1.422978 1.397540 1.368816 1.337695 1.304947 1.271205 1.236970 1.202626 1.168458 1.134675 1.101423 1.068801 1.036874 1.005681 0.975239 0.945553 0.916619 0.888423 0.860949 0.834176 0.808081 0.782642 0.757833 0.733632 0.710013 0.686955 0.664433 0.642428 0.620917 0.599881 0.579301 0.559158 0.539435 
0.544345 0.564316 0.584726 0.605596 0.626945 0.648795 0.671169 0.694091 0.717587 0.741683 0.766409 0.791793 0.817866 0.844661 0.872209 0.900543 0.929696 0.959700 0.990583 1.022368 1.055073 1.088703 1.123248 1.158675 1.194915 1.231855 1.269318 1.307037 1.344632 1.381575 1.417159 1.450471 1.480397 1.505666 1.524960 1.537097 1.541243 1.537097 1.524960 1.505666 1.480397 1.450471 1.417159 1.381575 1.344632 1.307037 1.269318 1.231855 1.194915 1.158675 1.123248 1.088703 1.055073 1.022368 0.990583 0.959700 0.929696 0.900543 0.872209 0.844661 0.817866 0.791793 0.766409 0.741683 0.717587 0.694091 0.671169 0.648795 0.626945 0.605596 0.584726 0.564316 0.544345 
0.548759 0.568957 0.589612 0.610745 0.632381 0.654542 0.677254 0.700545 0.724444 0.748983 0.774194 0.800114 0.826779 0.854229 0.882506 0.911653 0.941716 0.972742 1.004775 1.037862 1.072044 1.107355 1.143819 1.181442 1.220201 1.260030 1.300804 1.342304 1.384185 1.425925 1.466768 1.505666 1.541243 1.571818 1.595536 1.610637 1.615830 1.610637 1.595536 1.571818 1.541243 1.505666 1.466768 1.425925 1.384185 1.342304 1.300804 1.260030 1.220201 1.181442 1.143819 1.107355 1.072044 1.037862 1.004775 0.972742 0.941716 0.911653 0.882506 0.854229 0.826779 0.800114 0.774194 0.748983 0.724444 0.700545 0.677254 0.654542 0.632381 0.610745 0.589612 0.568957 0.548759 
0.552662 0.573062 0.593936 0.615307 0.637199 0.659640 0.682657 0.706281 0.730545 0.755485 0.781138 0.807545 0.834751 0.862802 0.891751 0.921651 0.952560 0.984540 1.017656 1.051976 1.087568 1.124500 1.162835 1.202626 1.243907 1.286679 1.330894 1.376415 1.422978 1.470124 1.517108 1.562790 1.605526 1.643115 1.672911 1.692210 1.698910 1.692210 1.672911 1.643115 1.605526 1.562790 1.517108 1.470124 1.422978 1.376415 1.330894 1.286679 1.243907 1.202626 1.162835 1.124500 1.087568 1.051976 1.017656 0.984540 0.952560 0.921651 0.891751 0.862802 0.834751 0.807545 0.781138 0.755485 0.730545 0.706281 0.682657 0.659640 0.637199 0.615307 0.593936 0.573062 0.552662 
0.556038 0.576615 0.597680 0.619259 0.641376 0.664063 0.687348 0.711265 0.735852 0.761146 0.787190 0.814031 0.841719 0.870309 0.899859 0.930437 0.962111 0.994960 1.029067 1.064522 1.101423 1.139872 1.179976 1.221842 1.265573 1.311254 1.358938 1.408613 1.460155 1.513250 1.567273 1.621107 1.672911 1.719897 1.758289 1.783789 1.792772 1.783789 1.758289 1.719897 1.672911 1.621107 1.567273 1.513250 1.460155 1.408613 1.358938 1.311254 1.265573 1.221842 1.179976 1.139872 1.101423 1.064522 1.029067 0.994960 0.962111 0.930437 0.899859 0.870309 0.841719 0.814031 0.787190 0.761146 0.735852 0.711265 0.687348 0.664063 0.641376 0.619259 0.597680 0.576615 0.556038 
0.558873 0.579600 0.600828 0.622582 0.644892 0.667787 0.691300 0.715468 0.740330 0.765927 0.792308 0.819522 0.847625 0.876679 0.906752 0.937919 0.970261 1.003872 1.038852 1.075315 1.113386 1.153202 1.194915 1.238691 1.284707 1.333146 1.384185 1.437976 1.494603 1.554002 1.615830 1.679216 1.742369 1.802021 1.852920 1.888063 1.900739 1.888063 1.852920 1.802021 1.742369 1.679216 1.615830 1.554002 1.494603 1.437976 1.384185 1.333146 1.284707 1.238691 1.194915 1.153202 1.113386 1.075315 1.038852 1.003872 0.970261 0.937919 0.906752 0.876679 0.847625 0.819522 0.792308 0.765927 0.740330 0.715468 0.691300 0.667787 0.644892 0.622582 0.600828 0.579600 0.558873 
0.561156 0.582004 0.603364 0.625261 0.647726 0.670791 0.694491 0.718863 0.743950 0.769796 0.796451 0.823971 0.852416 0.881854 0.912358 0.944014 0.976912 1.011160 1.046873 1.084186 1.123248 1.164233 1.207333 1.252773 1.300804 1.351711 1.405811 1.463445 1.524960 1.590654 1.660661 1.734700 1.811554 1.888063 1.957546 2.008600 2.027792 2.008600 1.957546 1.888063 1.811554 1.734700 1.660661 1.590654 1.524960 1.463445 1.405811 1.351711 1.300804 1.252773 1.207333 1.164233 1.123248 1.084186 1.046873 1.011160 0.976912 0.944014 0.912358 0.881854 0.852416 0.823971 0.796451 0.769796 0.743950 0.718863 0.694491 0.670791 0.647726 0.625261 0.603364 0.582004 0.561156 
0.562876 0.583817 0.605276 0.627282 0.649866 0.673060 0.696901 0.721429 0.746687 0.772723 0.799588 0.827343 0.856050 0.885782 0.916619 0.948651 0.981980 1.016721 1.053006 1.090983 1.130826 1.172734 1.216940 1.263716 1.313383 1.366320 1.422978 1.483893 1.549694 1.621107 1.698910 1.783789 1.875894 1.973606 2.070441 2.149308 2.181390 2.149308 2.070441 1.973606 1.875894 1.783789 1.698910 1.621107 1.549694 1.483893 1.422978 1.366320 1.313383 1.263716 1.216940 1.172734 1.130826 1.090983 1.053006 1.016721 0.981980 0.948651 0.916619 0.885782 0.856050 0.827343 0.799588 0.772723 0.746687 0.721429 0.696901 0.673060 0.649866 0.627282 0.605276 0.583817 0.562876 
0.564027 0.585030 0.606556 0.628635 0.651299 0.674580 0.698517 0.723149 0.748523 0.774686 0.801694 0.829607 0.858491 0.888423 0.919486 0.951775 0.985397 1.020476 1.057152 1.095586 1.135967 1.178516 1.223492 1.271205 1.322028 1.376415 1.434923 1.498250 1.567273 1.643115 1.727212 1.821388 1.927804 2.048334 2.181390 2.309019 2.370013 2.309019 2.181390 2.048334 1.927804 1.821388 1.727212 1.643115 1.567273 1.498250 1.434923 1.376415 1.322028 1.271205 1.223492 1.178516 1.135967 1.095586 1.057152 1.020476 0.985397 0.951775 0.919486 0.888423 0.858491 0.829607 0.801694 0.774686 0.748523 0.723149 0.698517 0.674580 0.651299 0.628635 0.606556 0.585030 0.564027 
0.564604 0.585638 0.607198 0.629314 0.652017 0.675342 0.699327 0.724012 0.749444 0.775672 0.802751 0.830744 0.859718 0.889751 0.920928 0.953346 0.987118 1.022368 1.059242 1.097909 1.138566 1.181442 1.226814 1.275010 1.326433 1.381575 1.441057 1.505666 1.576427 1.654705 1.742369 1.842047 1.957546 2.094386 2.259494 2.450105 2.569315 2.450105 2.259494 2.094386 1.957546 1.842047 1.742369 1.654705 1.576427 1.505666 1.441057 1.381575 1.326433 1.275010 1.226814 1.181442 1.138566 1.097909 1.059242 1.022368 0.987118 0.953346 0.920928 0.889751 0.859718 0.830744 0.802751 0.775672 0.749444 0.724012 0.699327 0.675342 0.652017 0.629314 0.607198 0.585638 0.564604 
0.564676 0.585714 0.607278 0.629399 0.652107 0.675437 0.699428 0.724120 0.749559 0.775795 0.802884 0.830886 0.859872 0.889917 0.921108 0.953543 0.987333 1.022605 1.059504 1.098201 1.138892 1.181810 1.227231 1.275489 1.326987 1.382226 1.441832 1.506605 1.577589 1.656184 1.744315 1.844729 1.961480 2.100697 2.271042 2.474874 2.611601 2.474874 2.271042 2.100697 1.961480 1.844729 1.744315 1.656184 1.577589 1.506605 1.441832 1.382226 1.326987 1.275489 1.227231 1.181810 1.138892 1.098201 1.059504 1.022605 0.987333 0.953543 0.921108 0.889917 0.859872 0.830886 0.802884 0.775795 0.749559 0.724120 0.699428 0.675437 0.652107 0.629399 0.607278 0.585714 0.564676 
0.564676 0.585714 0.607278 0.629399 0.652107 0.675437 0.699428 0.724120 0.749559 0.775795 0.802883 0.830886 0.859872 0.889917 0.921108 0.953543 0.987333 1.022605 1.059504 1.098201 1.138891 1.181809 1.227231 1.275488 1.326986 1.382225 1.441831 1.506604 1.577588 1.656182 1.744313 1.844727 1.961476 2.100691 2.271031 2.474850 2.611558 2.474850 2.271031 2.100691 1.961476 1.844727 1.744313 1.656182 1.577588 1.506604 1.441831 1.382225 1.326986 1.275488 1.227231 1.181809 1.138891 1.098201 1.059504 1.022605 0.987333 0.953543 0.921108 0.889917 0.859872 0.830886 0.802883 0.775795 0.749559 0.724120 0.699428 0.675437 0.652107 0.629399 0.607278 0.585714 0.564676 
0.564676 0.585714 0.607278 0.629399 0.652107 0.675437 0.699428 0.724120 0.749559 0.775795 0.802883 0.830886 0.859872 0.889917 0.921108 0.953543 0.987333 1.022605 1.059504 1.098201 1.138891 1.181809 1.227230 1.275488 1.326986 1.382225 1.441831 1.506603 1.577588 1.656182 1.744313 1.844726 1.961475 2.100689 2.271028 2.474843 2.611546 2.474843 2.271028 2.100689 1.961475 1.844726 1.744313 1.656182 1.577588 1.506603 1.441831 1.382225 1.326986 1.275488 1.227230 1.181809 1.138891 1.098201 1.059504 1.022605 0.987333 0.953543 0.921108 0.889917 0.859872 0.830886 0.802883 0.775795 0.749559 0.724120 0.699428 0.675437 0.652107 0.629399 0.607278 0.585714 0.564676 
0.564595 0.585628 0.607187 0.629302 0.652005 0.675329 0.699313 0.723998 0.749428 0.775655 0.802734 0.830725 0.859698 0.889728 0.920903 0.953320 0.987089 1.022336 1.059207 1.097871 1.138522 1.181393 1.226758 1.274946 1.326359 1.381489 1.440954 1.505541 1.576273 1.654509 1.742110 1.841692 1.957026 2.093556 2.257993 2.446987 2.564225 2.446987 2.257993 2.093556 1.957026 1.841692 1.742110 1.654509 1.576273 1.505541 1.440954 1.381489 1.326359 1.274946 1.226758 1.181393 1.138522 1.097871 1.059207 1.022336 0.987089 0.953320 0.920903 0.889728 0.859698 0.830725 0.802734 0.775655 0.749428 0.723998 0.699313 0.675329 0.652005 0.629302 0.607187 0.585628 0.564595 
0.563999 0.585000 0.606525 0.628602 0.651264 0.674543 0.698477 0.723107 0.748478 0.774638 0.801642 0.829551 0.858431 0.888358 0.919415 0.951698 0.985313 1.020384 1.057050 1.095473 1.135841 1.178373 1.223330 1.271020 1.321814 1.376164 1.434626 1.497892 1.566832 1.642559 1.726490 1.820413 1.926423 2.046261 2.178086 2.303751 2.363380 2.303751 2.178086 2.046261 1.926423 1.820413 1.726490 1.642559 1.566832 1.497892 1.434626 1.376164 1.321814 1.271020 1.223330 1.178373 1.135841 1.095473 1.057050 1.020384 0.985313 0.951698 0.919415 0.888358 0.858431 0.829551 0.801642 0.774638 0.748478 0.723107 0.698477 0.674543 0.651264 0.628602 0.606525 0.585000 0.563999 
0.562830 0.583768 0.605224 0.627227 0.649808 0.672999 0.696836 0.721360 0.746613 0.772643 0.799503 0.827251 0.855951 0.885675 0.916503 0.948525 0.981842 1.016570 1.052838 1.090797 1.130619 1.172502 1.216677 1.263416 1.313037 1.365916 1.422502 1.483323 1.549001 1.620245 1.697813 1.782355 1.873965 1.970941 2.066738 2.144433 2.175928 2.144433 2.066738 1.970941 1.873965 1.782355 1.697813 1.620245 1.549001 1.483323 1.422502 1.365916 1.313037 1.263416 1.216677 1.172502 1.130619 1.090797 1.052838 1.016570 0.981842 0.948525 0.916503 0.885675 0.855951 0.827251 0.799503 0.772643 0.746613 0.721360 0.696836 0.672999 0.649808 0.627227 0.605224 0.583768 0.562830 
0.561091 0.581936 0.603291 0.625185 0.647646 0.670706 0.694400 0.718767 0.743847 0.769686 0.796333 0.823844 0.852280 0.881706 0.912198 0.943839 0.976722 1.010951 1.046643 1.083931 1.122965 1.163915 1.206976 1.252366 1.300338 1.351171 1.405179 1.462696 1.524061 1.589557 1.659301 1.732987 1.809367 1.885261 1.954022 2.004419 2.023330 2.004419 1.954022 1.885261 1.809367 1.732987 1.659301 1.589557 1.524061 1.462696 1.405179 1.351171 1.300338 1.252366 1.206976 1.163915 1.122965 1.083931 1.046643 1.010951 0.976722 0.943839 0.912198 0.881706 0.852280 0.823844 0.796333 0.769686 0.743847 0.718767 0.694400 0.670706 0.647646 0.625185 0.603291 0.581936 0.561091 
0.558790 0.579513 0.600736 0.622485 0.644789 0.667678 0.691185 0.715345 0.740199 0.765787 0.792158 0.819361 0.847452 0.876492 0.906550 0.937699 0.970021 1.003610 1.038564 1.074996 1.113032 1.152806 1.194471 1.238189 1.284135 1.332489 1.383423 1.437084 1.493548 1.552742 1.614309 1.677367 1.740116 1.799299 1.849714 1.884469 1.896993 1.884469 1.849714 1.799299 1.740116 1.677367 1.614309 1.552742 1.493548 1.437084 1.383423 1.332489 1.284135 1.238189 1.194471 1.152806 1.113032 1.074996 1.038564 1.003610 0.970021 0.937699 0.906550 0.876492 0.847452 0.819361 0.792158 0.765787 0.740199 0.715345 0.691185 0.667678 0.644789 0.622485 0.600736 0.579513 0.558790 
0.555938 0.576509 0.597569 0.619141 0.641252 0.663931 0.687208 0.711117 0.735693 0.760977 0.787009 0.813837 0.841511 0.870084 0.899617 0.930173 0.961824 0.994647 1.028723 1.064144 1.101004 1.139407 1.179456 1.221258 1.264912 1.310501 1.358073 1.407613 1.458992 1.511889 1.565672 1.619220 1.670698 1.717336 1.755398 1.780655 1.789547 1.780655 1.755398 1.717336 1.670698 1.619220 1.565672 1.511889 1.458992 1.407613 1.358073 1.310501 1.264912 1.221258 1.179456 1.139407 1.101004 1.064144 1.028723 0.994647 0.961824 0.930173 0.899617 0.870084 0.841511 0.813837 0.787009 0.760977 0.735693 0.711117 0.687208 0.663931 0.641252 0.619141 0.597569 0.576509 0.555938 
0.552545 0.572938 0.593806 0.615169 0.637054 0.659486 0.682494 0.706108 0.730361 0.755288 0.780927 0.807320 0.834509 0.862542 0.891470 0.921347 0.952230 0.984180 1.017263 1.051545 1.087093 1.123974 1.162249 1.201971 1.243171 1.285850 1.329952 1.375340 1.421747 1.468710 1.515482 1.560924 1.603402 1.640732 1.670299 1.689436 1.696078 1.689436 1.670299 1.640732 1.603402 1.560924 1.515482 1.468710 1.421747 1.375340 1.329952 1.285850 1.243171 1.201971 1.162249 1.123974 1.087093 1.051545 1.017263 0.984180 0.952230 0.921347 0.891470 0.862542 0.834509 0.807320 0.780927 0.755288 0.730361 0.706108 0.682494 0.659486 0.637054 0.615169 0.593806 0.572938 0.552545 
0.548625 0.568815 0.589463 0.610589 0.632215 0.654366 0.677068 0.700348 0.724235 0.748760 0.773956 0.799859 0.826506 0.853935 0.882189 0.911312 0.941347 0.972340 1.004337 1.037383 1.071518 1.106776 1.143179 1.180731 1.219408 1.259143 1.299808 1.341182 1.382918 1.424494 1.465154 1.503854 1.539227 1.569608 1.593161 1.608150 1.613303 1.608150 1.593161 1.569608 1.539227 1.503854 1.465154 1.424494 1.382918 1.341182 1.299808 1.259143 1.219408 1.180731 1.143179 1.106776 1.071518 1.037383 1.004337 0.972340 0.941347 0.911312 0.882189 0.853935 0.826506 0.799859 0.773956 0.748760 0.724235 0.700348 0.677068 0.654366 0.632215 0.610589 0.589463 0.568815 0.548625 
0.544194 0.564157 0.584560 0.605420 0.626759 0.648599 0.670961 0.693871 0.717353 0.741435 0.766144 0.791510 0.817564 0.844336 0.871860 0.900167 0.929291 0.959261 0.990105 1.021847 1.054504 1.088080 1.122563 1.157918 1.194078 1.230927 1.268286 1.305888 1.343352 1.380151 1.415579 1.448728 1.478493 1.503613 1.522786 1.534842 1.538960 1.534842 1.522786 1.503613 1.478493 1.448728 1.415579 1.380151 1.343352 1.305888 1.268286 1.230927 1.194078 1.157918 1.122563 1.088080 1.054504 1.021847 0.990105 0.959261 0.929291 0.900167 0.871860 0.844336 0.817564 0.791510 0.766144 0.741435 0.717353 0.693871 0.670961 0.648599 0.626759 0.605420 0.584560 0.564157 0.544194 
0.539269 0.558983 0.579117 0.599688 0.620713 0.642213 0.664206 0.686714 0.709758 0.733360 0.757544 0.782334 0.807752 0.833823 0.860571 0.888017 0.916181 0.945080 0.974726 1.005125 1.036270 1.068141 1.100701 1.133884 1.167590 1.201670 1.235918 1.270046 1.303671 1.336293 1.367282 1.395873 1.421182 1.442255 1.458151 1.468061 1.471430 1.468061 1.458151 1.442255 1.421182 1.395873 1.367282 1.336293 1.303671 1.270046 1.235918 1.201670 1.167590 1.133884 1.100701 1.068141 1.036270 1.005125 0.974726 0.945080 0.916181 0.888017 0.860571 0.833823 0.807752 0.782334 0.757544 0.733360 0.709758 0.686714 0.664206 0.642213 0.620713 0.599688 0.579117 0.558983 0.539269 
0.533868 0.553313 0.573157 0.593415 0.614103 0.635238 0.656836 0.678914 0.701490 0.724583 0.748211 0.772391 0.797140 0.822476 0.848412 0.874963 0.902135 0.929935 0.958358 0.987395 1.017022 1.047200 1.077868 1.108940 1.140293 1.171763 1.203128 1.234100 1.264313 1.293311 1.320547 1.345385 1.367121 1.385030 1.398418 1.406710 1.409520 1.406710 1.398418 1.385030 1.367121 1.345385 1.320547 1.293311 1.264313 1.234100 1.203128 1.171763 1.140293 1.108940 1.077868 1.047200 1.017022 0.987395 0.958358 0.929935 0.902135 0.874963 0.848412 0.822476 0.797140 0.772391 0.748211 0.724583 0.701490 0.678914 0.656836 0.635238 0.614103 0.593415 0.573157 0.553313 0.533868 
0.528012 0.547169 0.566704 0.586630 0.606960 0.627707 0.648886 0.670512 0.692596 0.715155 0.738200 0.761744 0.785799 0.810373 0.835475 0.861108 0.887270 0.913956 0.941150 0.968828 0.996953 1.025470 1.054304 1.083353 1.112484 1.141521 1.170244 1.198376 1.225577 1.251442 1.275503 1.297234 1.316077 1.331472 1.342902 1.349945 1.352325 1.349945 1.342902 1.331472 1.316077 1.297234 1.275503 1.251442 1.225577 1.198376 1.170244 1.141521 1.112484 1.083353 1.054304 1.025470 0.996953 0.968828 0.941150 0.913956 0.887270 0.861108 0.835475 0.810373 0.785799 0.761744 0.738200 0.715155 0.692596 0.670512 0.648886 0.627707 0.606960 0.586630 0.566704 0.547169 0.528012 
0.521720 0.540574 0.559783 0.579358 0.599312 0.619654 0.640395 0.661548 0.683121 0.705124 0.727567 0.750456 0.773798 0.797595 0.821847 0.846551 0.871697 0.897268 0.923241 0.949580 0.976236 1.003145 1.030220 1.057353 1.084402 1.111195 1.137515 1.163104 1.187656 1.210815 1.232182 1.251327 1.267802 1.281172 1.291043 1.297103 1.299146 1.297103 1.291043 1.281172 1.267802 1.251327 1.232182 1.210815 1.187656 1.163104 1.137515 1.111195 1.084402 1.057353 1.030220 1.003145 0.976236 0.949580 0.923241 0.897268 0.871697 0.846551 0.821847 0.797595 0.773798 0.750456 0.727567 0.705124 0.683121 0.661548 0.640395 0.619654 0.599312 0.579358 0.559783 0.540574 0.521720 
0.515014 0.533549 0.552418 0.571629 0.591190 0.611111 0.631400 0.652063 0.673109 0.694543 0.716369 0.738590 0.761207 0.784217 0.807614 0.831387 0.855520 0.879988 0.904760 0.929791 0.955026 0.980392 1.005797 1.031128 1.056244 1.080977 1.105123 1.128445 1.150669 1.171487 1.190561 1.207537 1.222054 1.233771 1.242384 1.247654 1.249428 1.247654 1.242384 1.233771 1.222054 1.207537 1.190561 1.171487 1.150669 1.128445 1.105123 1.080977 1.056244 1.031128 1.005797 0.980392 0.955026 0.929791 0.904760 0.879988 0.855520 0.831387 0.807614 0.784217 0.761207 0.738590 0.716369 0.694543 0.673109 0.652063 0.631400 0.611111 0.591190 0.571629 0.552418 0.533549 0.515014 
0.507915 0.526121 0.544637 0.563470 0.582627 0.602114 0.621937 0.642099 0.662606 0.683460 0.704660 0.726205 0.748092 0.770313 0.792856 0.815705 0.838837 0.862223 0.885824 0.909590 0.933459 0.957356 0.981185 1.004833 1.028164 1.051016 1.073201 1.094504 1.114682 1.133470 1.150582 1.165726 1.178609 1.188960 1.196542 1.201170 1.202726 1.201170 1.196542 1.188960 1.178609 1.165726 1.150582 1.133470 1.114682 1.094504 1.073201 1.051016 1.028164 1.004833 0.981185 0.957356 0.933459 0.909590 0.885824 0.862223 0.838837 0.815705 0.792856 0.770313 0.748092 0.726205 0.704660 0.683460 0.662606 0.642099 0.621937 0.602114 0.582627 0.563470 0.544637 0.526121 0.507915 
0.500446 0.518311 0.536464 0.554910 0.573652 0.592696 0.612043 0.631697 0.651658 0.671924 0.692494 0.713361 0.734518 0.755953 0.777650 0.799588 0.821740 0.844070 0.866537 0.889086 0.911653 0.934159 0.956509 0.978594 1.000281 1.021420 1.041839 1.061345 1.079723 1.096745 1.112171 1.125756 1.137264 1.146475 1.153201 1.157298 1.158674 1.157298 1.153201 1.146475 1.137264 1.125756 1.112171 1.096745 1.079723 1.061345 1.041839 1.021420 1.000281 0.978594 0.956509 0.934159 0.911653 0.889086 0.866537 0.844070 0.821740 0.799588 0.777650 0.755953 0.734518 0.713361 0.692494 0.671924 0.651658 0.631697 0.612043 0.592696 0.573652 0.554910 0.536464 0.518311 0.500446 
0.492629 0.510146 0.527927 0.545977 0.564297 0.582890 0.601756 0.620895 0.640305 0.659983 0.679921 0.700112 0.720544 0.741202 0.762066 0.783112 0.804308 0.825617 0.846992 0.868377 0.889707 0.910903 0.931873 0.952509 0.972688 0.992270 1.011100 1.029004 1.045795 1.061277 1.075244 1.087495 1.097834 1.106083 1.112093 1.115747 1.116973 1.115747 1.112093 1.106083 1.097834 1.087495 1.075244 1.061277 1.045795 1.029004 1.011100 0.992270 0.972688 0.952509 0.931873 0.910903 0.889707 0.868377 0.846992 0.825617 0.804308 0.783112 0.762066 0.741202 0.720544 0.700112 0.679921 0.659983 0.640305 0.620895 0.601756 0.582890 0.564297 0.545977 0.527927 0.510146 0.492629 
0.484487 0.501647 0.519051 0.536699 0.554592 0.572729 0.591111 0.609733 0.628592 0.647680 0.666991 0.686511 0.706228 0.726121 0.746170 0.766347 0.786617 0.806940 0.827269 0.847548 0.867709 0.887675 0.907358 0.926656 0.945453 0.963622 0.981021 0.997496 1.012885 1.027016 1.039717 1.050817 1.060156 1.067588 1.072990 1.076270 1.077370 1.076270 1.072990 1.067588 1.060156 1.050817 1.039717 1.027016 1.012885 0.997496 0.981021 0.963622 0.945453 0.926656 0.907358 0.887675 0.867709 0.847548 0.827269 0.806940 0.786617 0.766347 0.746170 0.726121 0.706228 0.686511 0.666991 0.647680 0.628592 0.609733 0.591111 0.572729 0.554592 0.536699 0.519051 0.501647 0.484487 
0.476040 0.492840 0.509861 0.527103 0.544566 0.562246 0.580142 0.598247 0.616556 0.635060 0.653749 0.672608 0.691621 0.710767 0.730021 0.749354 0.768731 0.788110 0.807441 0.826669 0.845729 0.864544 0.883032 0.901095 0.918628 0.935513 0.951623 0.966821 0.980966 0.993910 1.005505 1.015608 1.024085 1.030815 1.035699 1.038660 1.039653 1.038660 1.035699 1.030815 1.024085 1.015608 1.005505 0.993910 0.980966 0.966821 0.951623 0.935513 0.918628 0.901095 0.883032 0.864544 0.845729 0.826669 0.807441 0.788110 0.768731 0.749354 0.730021 0.710767 0.691621 0.672608 0.653749 0.635060 0.616556 0.598247 0.580142 0.562246 0.544566 0.527103 0.509861 0.492840 0.476040 
0.467310 0.483747 0.500383 0.517218 0.534248 0.551471 0.568881 0.586473 0.604236 0.622162 0.640238 0.658447 0.676772 0.695189 0.713673 0.732192 0.750710 0.769185 0.787567 0.805803 0.823827 0.841568 0.858946 0.875872 0.892247 0.907966 0.922913 0.936969 0.950008 0.961903 0.972527 0.981760 0.989489 0.995613 1.000051 1.002739 1.003639 1.002739 1.000051 0.995613 0.989489 0.981760 0.972527 0.961903 0.950008 0.936969 0.922913 0.907966 0.892247 0.875872 0.858946 0.841568 0.823827 0.805803 0.787567 0.769185 0.750710 0.732192 0.713673 0.695189 0.676772 0.658447 0.640238 0.622162 0.604236 0.586473 0.568881 0.551471 0.534248 0.517218 0.500383 0.483747 0.467310 
0.458320 0.474390 0.490640 0.507067 0.523666 0.540433 0.557362 0.574443 0.591668 0.609025 0.626499 0.644072 0.661726 0.679436 0.697174 0.714910 0.732605 0.750218 0.767701 0.784999 0.802052 0.818791 0.835141 0.851019 0.866335 0.880993 0.894891 0.907921 0.919973 0.930938 0.940708 0.949178 0.956253 0.961851 0.965901 0.968352 0.969173 0.968352 0.965901 0.961851 0.956253 0.949178 0.940708 0.930938 0.919973 0.907921 0.894891 0.880993 0.866335 0.851019 0.835141 0.818791 0.802052 0.784999 0.767701 0.750218 0.732605 0.714910 0.697174 0.679436 0.661726 0.644072 0.626499 0.609025 0.591668 0.574443 0.557362 0.540433 0.523666 0.507067 0.490640 0.474390 0.458320 
0.449089 0.464793 0.480657 0.496676 0.512847 0.529161 0.545612 0.562191 0.578885 0.595683 0.612568 0.629522 0.646524 0.663549 0.680569 0.697552 0.714461 0.731254 0.747885 0.764301 0.780444 0.796250 0.811647 0.826560 0.840907 0.854600 0.867547 0.879654 0.890825 0.900962 0.909974 0.917772 0.924274 0.929410 0.933122 0.935367 0.936119 0.935367 0.933122 0.929410 0.924274 0.917772 0.909974 0.900962 0.890825 0.879654 0.867547 0.854600 0.840907 0.826560 0.811647 0.796250 0.780444 0.764301 0.747885 0.731254 0.714461 0.697552 0.680569 0.663549 0.646524 0.629522 0.612568 0.595683 0.578885 0.562191 0.545612 0.529161 0.512847 0.496676 0.480657 0.464793 0.449089 
0.439637 0.454976 0.470455 0.486070 0.501815 0.517681 0.533662 0.549745 0.565919 0.582169 0.598480 0.614831 0.631202 0.647566 0.663895 0.680158 0.696317 0.712332 0.728158 0.743744 0.759036 0.773972 0.788488 0.802512 0.815970 0.828783 0.840869 0.852144 0.862523 0.871922 0.880260 0.887462 0.893458 0.898188 0.901604 0.903668 0.904359 0.903668 0.901604 0.898188 0.893458 0.887462 0.880260 0.871922 0.862523 0.852144 0.840869 0.828783 0.815970 0.802512 0.788488 0.773972 0.759036 0.743744 0.728158 0.712332 0.696317 0.680158 0.663895 0.647566 0.631202 0.614831 0.598480 0.582169 0.565919 0.549745 0.533662 0.517681 0.501815 0.486070 0.470455 0.454976 0.439637 
0.429984 0.444959 0.460056 0.475270 0.490594 0.506019 0.521536 0.537133 0.552798 0.568515 0.584266 0.600033 0.615793 0.631521 0.647188 0.662761 0.678207 0.693485 0.708551 0.723358 0.737853 0.751981 0.765679 0.778884 0.791527 0.803537 0.814841 0.825363 0.835029 0.843766 0.851503 0.858175 0.863723 0.868094 0.871247 0.873152 0.873789 0.873152 0.871247 0.868094 0.863723 0.858175 0.851503 0.843766 0.835029 0.825363 0.814841 0.803537 0.791527 0.778884 0.765679 0.751981 0.737853 0.723358 0.708551 0.693485 0.678207 0.662761 0.647188 0.631521 0.615793 0.600033 0.584266 0.568515 0.552798 0.537133 0.521536 0.506019 0.490594 0.475270 0.460056 0.444959 0.429984 
0.420148 0.434762 0.449481 0.464299 0.479207 0.494198 0.509260 0.524382 0.539549 0.554746 0.569956 0.585157 0.600329 0.615444 0.630476 0.645393 0.660160 0.674740 0.689090 0.703165 0.716916 0.730290 0.743232 0.755681 0.767576 0.778852 0.789443 0.799284 0.808306 0.816448 0.823646 0.829845 0.834992 0.839044 0.841965 0.843728 0.844318 0.843728 0.841965 0.839044 0.834992 0.829845 0.823646 0.816448 0.808306 0.799284 0.789443 0.778852 0.767576 0.755681 0.743232 0.730290 0.716916 0.703165 0.689090 0.674740 0.660160 0.645393 0.630476 0.615444 0.600329 0.585157 0.569956 0.554746 0.539549 0.524382 0.509260 0.494198 0.479207 0.464299 0.449481 0.434762 0.420148 
0.410147 0.424403 0.438749 0.453176 0.467676 0.482241 0.496857 0.511514 0.526197 0.540889 0.555574 0.570229 0.584834 0.599363 0.613788 0.628078 0.642201 0.656120 0.669795 0.683184 0.696239 0.708913 0.721152 0.732904 0.744111 0.754715 0.764657 0.773877 0.782318 0.789922 0.796636 0.802410 0.807199 0.810966 0.813680 0.815317 0.815864 0.815317 0.813680 0.810966 0.807199 0.802410 0.796636 0.789922 0.782318 0.773877 0.764657 0.754715 0.744111 0.732904 0.721152 0.708913 0.696239 0.683184 0.669795 0.656120 0.642201 0.628078 0.613788 0.599363 0.584834 0.570229 0.555574 0.540889 0.526197 0.511514 0.496857 0.482241 0.467676 0.453176 0.438749 0.424403 0.410147 
0.399998 0.413901 0.427878 0.441921 0.456021 0.470167 0.484349 0.498553 0.512765 0.526968 0.541144 0.555273 0.569333 0.583299 0.597145 0.610840 0.624352 0.637646 0.650686 0.663429 0.675835 0.687855 0.699444 0.710551 0.721125 0.731112 0.740461 0.749117 0.757029 0.764147 0.770423 0.775815 0.780283 0.783794 0.786322 0.787847 0.788356 0.787847 0.786322 0.783794 0.780283 0.775815 0.770423 0.764147 0.757029 0.749117 0.740461 0.731112 0.721125 0.710551 0.699444 0.687855 0.675835 0.663429 0.650686 0.637646 0.624352 0.610840 0.597145 0.583299 0.569333 0.555273 0.541144 0.526968 0.512765 0.498553 0.484349 0.470167 0.456021 0.441921 0.427878 0.413901 0.399998 
0.389717 0.403272 0.416887 0.430552 0.444259 0.457998 0.471755 0.485519 0.499273 0.513002 0.526688 0.540311 0.553848 0.567276 0.580568 0.593696 0.606629 0.619333 0.631774 0.643913 0.655710 0.667123 0.678108 0.688618 0.698608 0.708029 0.716834 0.724975 0.732406 0.739082 0.744963 0.750009 0.754188 0.757469 0.759830 0.761253 0.761729 0.761253 0.759830 0.757469 0.754188 0.750009 0.744963 0.739082 0.732406 0.724975 0.716834 0.708029 0.698608 0.688618 0.678108 0.667123 0.655710 0.643913 0.631774 0.619333 0.606629 0.593696 0.580568 0.567276 0.553848 0.540311 0.526688 0.513002 0.499273 0.485519 0.471755 0.457998 0.444259 0.430552 0.416887 0.403272 0.389717 
0.379318 0.392531 0.405790 0.419086 0.432410 0.445749 0.459094 0.472429 0.485741 0.499012 0.512225 0.525360 0.538396 0.551309 0.564074 0.576663 0.589047 0.601195 0.613072 0.624644 0.635872 0.646718 0.657141 0.667099 0.676550 0.685449 0.693755 0.701425 0.708417 0.714692 0.720213 0.724947 0.728863 0.731936 0.734146 0.735478 0.735924 0.735478 0.734146 0.731936 0.728863 0.724947 0.720213 0.714692 0.708417 0.701425 0.693755 0.685449 0.676550 0.667099 0.657141 0.646718 0.635872 0.624644 0.613072 0.601195 0.589047 0.576663 0.564074 0.551309 0.538396 0.525360 0.512225 0.499012 0.485741 0.472429 0.459094 0.445749 0.432410 0.419086 0.405790 0.392531 0.379318 
0.368818 0.381694 0.394605 0.407539 0.420487 0.433439 0.446382 0.459302 0.472185 0.485014 0.497772 0.510439 0.522994 0.535415 0.547678 0.559755 0.571620 0.583241 0.594588 0.605627 0.616323 0.626640 0.636541 0.645987 0.654939 0.663358 0.671205 0.678443 0.685033 0.690942 0.696135 0.700584 0.704262 0.707147 0.709221 0.710471 0.710888 0.710471 0.709221 0.707147 0.704262 0.700584 0.696135 0.690942 0.685033 0.678443 0.671205 0.663358 0.654939 0.645987 0.636541 0.626640 0.616323 0.605627 0.594588 0.583241 0.571620 0.559755 0.547678 0.535415 0.522994 0.510439 0.497772 0.485014 0.472185 0.459302 0.446382 0.433439 0.420487 0.407539 0.394605 0.381694 0.368818 
0.358228 0.370775 0.383344 0.395925 0.408508 0.421082 0.433635 0.446152 0.458621 0.471023 0.483343 0.495561 0.507657 0.519608 0.531392 0.542984 0.554356 0.565480 0.576327 0.586866 0.597064 0.606887 0.616302 0.625272 0.633763 0.641738 0.649163 0.656003 0.662226 0.667799 0.672693 0.676883 0.680345 0.683058 0.685008 0.686182 0.686575 0.686182 0.685008 0.683058 0.680345 0.676883 0.672693 0.667799 0.662226 0.656003 0.649163 0.641738 0.633763 0.625272 0.616302 0.606887 0.597064 0.586866 0.576327 0.565480 0.554356 0.542984 0.531392 0.519608 0.507657 0.495561 0.483343 0.471023 0.458621 0.446152 0.433635 0.421082 0.408508 0.395925 0.383344 0.370775 0.358228 
0.347562 0.359786 0.372021 0.384258 0.396485 0.408692 0.420866 0.432995 0.445063 0.457055 0.468953 0.480740 0.492396 0.503899 0.515228 0.526358 0.537264 0.547919 0.558295 0.568364 0.578095 0.587457 0.596418 0.604946 0.613009 0.620574 0.627609 0.634084 0.639968 0.645234 0.649854 0.653807 0.657071 0.659628 0.661465 0.662571 0.662940 0.662571 0.661465 0.659628 0.657071 0.653807 0.649854 0.645234 0.639968 0.634084 0.627609 0.620574 0.613009 0.604946 0.596418 0.587457 0.578095 0.568364 0.558295 0.547919 0.537264 0.526358 0.515228 0.503899 0.492396 0.480740 0.468953 0.457055 0.445063 0.432995 0.420866 0.408692 0.396485 0.384258 0.372021 0.359786 0.347562 
0.336831 0.348740 0.360650 0.372550 0.384431 0.396282 0.408090 0.419842 0.431523 0.443120 0.454614 0.465988 0.477223 0.488299 0.499194 0.509886 0.520350 0.530562 0.540495 0.550122 0.559415 0.568346 0.576884 0.585001 0.592666 0.599850 0.606525 0.612663 0.618235 0.623218 0.627587 0.631323 0.634405 0.636820 0.638553 0.639597 0.639945 0.639597 0.638553 0.636820 0.634405 0.631323 0.627587 0.623218 0.618235 0.612663 0.606525 0.599850 0.592666 0.585001 0.576884 0.568346 0.559415 0.550122 0.540495 0.530562 0.520350 0.509886 0.499194 0.488299 0.477223 0.465988 0.454614 0.443120 0.431523 0.419842 0.408090 0.396282 0.384431 0.372550 0.360650 0.348740 0.336831 
0.326047 0.337648 0.349240 0.360813 0.372358 0.383863 0.395316 0.406705 0.418014 0.429230 0.440335 0.451314 0.462147 0.472815 0.483297 0.493573 0.503619 0.513412 0.522927 0.532139 0.541021 0.549548 0.557691 0.565424 0.572720 0.579552 0.585893 0.591718 0.597003 0.601726 0.605864 0.609400 0.612316 0.614599 0.616238 0.617225 0.617554 0.617225 0.616238 0.614599 0.612316 0.609400 0.605864 0.601726 0.597003 0.591718 0.585893 0.579552 0.572720 0.565424 0.557691 0.549548 0.541021 0.532139 0.522927 0.513412 0.503619 0.493573 0.483297 0.472815 0.462147 0.451314 0.440335 0.429230 0.418014 0.406705 0.395316 0.383863 0.372358 0.360813 0.349240 0.337648 0.326047 
0.315221 0.326521 0.337803 0.349059 0.360277 0.371447 0.382557 0.393594 0.404545 0.415394 0.426127 0.436727 0.447175 0.457454 0.467545 0.477425 0.487075 0.496472 0.505593 0.514414 0.522910 0.531058 0.538832 0.546208 0.553160 0.559663 0.565695 0.571231 0.576251 0.580733 0.584658 0.588010 0.590773 0.592936 0.594488 0.595422 0.595733 0.595422 0.594488 0.592936 0.590773 0.588010 0.584658 0.580733 0.576251 0.571231 0.565695 0.559663 0.553160 0.546208 0.538832 0.531058 0.522910 0.514414 0.505593 0.496472 0.487075 0.477425 0.467545 0.457454 0.447175 0.436727 0.426127 0.415394 0.404545 0.393594 0.382557 0.371447 0.360277 0.349059 0.337803 0.326521 0.315221 
