59 59
1.517777e+00 0 5
-0.356409 -0.341590 -0.326827 -0.312139 -0.297548 -0.283077 -0.268750 -0.254597 -0.240646 -0.226929 -0.213481 -0.200338 -0.187540 -0.175125 -0.163138 -0.151622 -0.140623 -0.130188 -0.120363 -0.111196 -0.102733 -0.095018 -0.088096 -0.082006 -0.076785 -0.072466 -0.069077 -0.066640 -0.065171 -0.064680 -0.065171 -0.066640 -0.069077 -0.072466 -0.076785 -0.082006 -0.088096 -0.095018 -0.102733 -0.111196 -0.120363 -0.130188 -0.140623 -0.151622 -0.163138 -0.175125 -0.187540 -0.200338 -0.213481 -0.226929 -0.240646 -0.254597 -0.268750 -0.283077 -0.297548 -0.312139 -0.326827 -0.341590 -0.356409 
-0.341855 -0.326555 -0.311294 -0.296092 -0.280971 -0.265955 -0.251069 -0.236342 -0.221804 -0.207491 -0.193436 -0.179680 -0.166263 -0.153229 -0.140623 -0.128495 -0.116894 -0.105870 -0.095476 -0.085764 -0.076785 -0.068591 -0.061229 -0.054746 -0.049183 -0.044578 -0.040961 -0.038359 -0.036790 -0.036266 -0.036790 -0.038359 -0.040961 -0.044578 -0.049183 -0.054746 -0.061229 -0.068591 -0.076785 -0.085764 -0.095476 -0.105870 -0.116894 -0.128495 -0.140623 -0.153229 -0.166263 -0.179680 -0.193436 -0.207491 -0.221804 -0.236342 -0.251069 -0.265955 -0.280971 -0.296092 -0.311294 -0.326555 -0.341855 
-0.327373 -0.311576 -0.295800 -0.280066 -0.264394 -0.248809 -0.233337 -0.218009 -0.202855 -0.187910 -0.173214 -0.158805 -0.144729 -0.131032 -0.117764 -0.104976 -0.092723 -0.081061 -0.070048 -0.059742 -0.050200 -0.041479 -0.033635 -0.026718 -0.020777 -0.015854 -0.011985 -0.009200 -0.007520 -0.006958 -0.007520 -0.009200 -0.011985 -0.015854 -0.020777 -0.026718 -0.033635 -0.041479 -0.050200 -0.059742 -0.070048 -0.081061 -0.092723 -0.104976 -0.117764 -0.131032 -0.144729 -0.158805 -0.173214 -0.187910 -0.202855 -0.218009 -0.233337 -0.248809 -0.264394 -0.280066 -0.295800 -0.311576 -0.327373 
-0.312984 -0.296675 -0.280368 -0.264081 -0.247837 -0.231660 -0.215576 -0.199617 -0.183814 -0.168205 -0.152828 -0.137726 -0.122948 -0.108541 -0.094560 -0.081061 -0.068104 -0.055750 -0.044063 -0.033107 -0.022947 -0.013647 -0.005270 0.002126 0.008487 0.013763 0.017912 0.020901 0.022704 0.023307 0.022704 0.020901 0.017912 0.013763 0.008487 0.002126 -0.005270 -0.013647 -0.022947 -0.033107 -0.044063 -0.055750 -0.068104 -0.081061 -0.094560 -0.108541 -0.122948 -0.137726 -0.152828 -0.168205 -0.183814 -0.199617 -0.215576 -0.231660 -0.247837 -0.264081 -0.280368 -0.296675 -0.312984 
-0.298709 -0.281875 -0.265019 -0.248161 -0.231324 -0.214530 -0.197808 -0.181188 -0.164703 -0.148392 -0.132295 -0.116458 -0.100930 -0.085764 -0.071017 -0.056752 -0.043031 -0.029924 -0.017501 -0.005833 0.005006 0.014944 0.023911 0.031839 0.038666 0.044335 0.048797 0.052014 0.053956 0.054605 0.053956 0.052014 0.048797 0.044335 0.038666 0.031839 0.023911 0.014944 0.005006 -0.005833 -0.017501 -0.029924 -0.043031 -0.056752 -0.071017 -0.085764 -0.100930 -0.116458 -0.132295 -0.148392 -0.164703 -0.181188 -0.197808 -0.214530 -0.231324 -0.248161 -0.265019 -0.281875 -0.298709 
-0.284574 -0.267199 -0.249779 -0.232332 -0.214879 -0.197445 -0.180057 -0.162746 -0.145546 -0.128495 -0.111637 -0.095018 -0.078691 -0.062712 -0.047142 -0.032049 -0.017501 -0.003574 0.009654 0.022102 0.033690 0.044335 0.053956 0.062477 0.069824 0.075933 0.080747 0.084220 0.086318 0.087019 0.086318 0.084220 0.080747 0.075933 0.069824 0.062477 0.053956 0.044335 0.033690 0.022102 0.009654 -0.003574 -0.017501 -0.032049 -0.047142 -0.062712 -0.078691 -0.095018 -0.111637 -0.128495 -0.145546 -0.162746 -0.180057 -0.197445 -0.214879 -0.232332 -0.249779 -0.267199 -0.284574 
-0.270604 -0.252676 -0.234675 -0.216620 -0.198532 -0.180434 -0.162353 -0.144320 -0.126370 -0.108541 -0.090878 -0.073430 -0.056251 -0.039401 -0.022947 -0.006958 0.008487 0.023307 0.037416 0.050725 0.063139 0.074568 0.084918 0.094101 0.102032 0.108636 0.113846 0.117608 0.119882 0.120643 0.119882 0.117608 0.113846 0.108636 0.102032 0.094101 0.084918 0.074568 0.063139 0.050725 0.037416 0.023307 0.008487 -0.006958 -0.022947 -0.039401 -0.056251 -0.073430 -0.090878 -0.108541 -0.126370 -0.144320 -0.162353 -0.180434 -0.198532 -0.216620 -0.234675 -0.252676 -0.270604 
-0.256828 -0.238333 -0.219738 -0.201059 -0.182315 -0.163530 -0.144729 -0.125944 -0.107208 -0.088561 -0.070048 -0.051721 -0.033635 -0.015854 0.001553 0.018508 0.034929 0.050725 0.065801 0.080056 0.093387 0.105688 0.116853 0.126779 0.135368 0.142531 0.148190 0.152280 0.154753 0.155581 0.154753 0.152280 0.148190 0.142531 0.135368 0.126779 0.116853 0.105688 0.093387 0.080056 0.065801 0.050725 0.034929 0.018508 0.001553 -0.015854 -0.033635 -0.051721 -0.070048 -0.088561 -0.107208 -0.125944 -0.144729 -0.163530 -0.182315 -0.201059 -0.219738 -0.238333 -0.256828 
-0.243274 -0.224203 -0.205000 -0.185681 -0.166263 -0.146768 -0.127221 -0.107652 -0.088096 -0.068591 -0.049183 -0.029924 -0.010873 0.007905 0.026335 0.044335 0.061815 0.078677 0.094816 0.110118 0.124467 0.137742 0.149821 0.160584 0.169917 0.177715 0.183884 0.188349 0.191051 0.191956 0.191051 0.188349 0.183884 0.177715 0.169917 0.160584 0.149821 0.137742 0.124467 0.110118 0.094816 0.078677 0.061815 0.044335 0.026335 0.007905 -0.010873 -0.029924 -0.049183 -0.068591 -0.088096 -0.107652 -0.127221 -0.146768 -0.166263 -0.185681 -0.205000 -0.224203 -0.243274 
-0.229976 -0.210320 -0.190498 -0.170523 -0.150414 -0.130188 -0.109871 -0.089489 -0.069077 -0.048674 -0.028324 -0.008081 0.011997 0.031839 0.051369 0.070499 0.089131 0.107160 0.124467 0.140928 0.156411 0.170776 0.183884 0.195596 0.205775 0.214298 0.221053 0.225947 0.228913 0.229906 0.228913 0.225947 0.221053 0.214298 0.205775 0.195596 0.183884 0.170776 0.156411 0.140928 0.124467 0.107160 0.089131 0.070499 0.051369 0.031839 0.011997 -0.008081 -0.028324 -0.048674 -0.069077 -0.089489 -0.109871 -0.130188 -0.150414 -0.170523 -0.190498 -0.210320 -0.229976 
-0.216968 -0.196719 -0.176268 -0.155627 -0.134810 -0.113835 -0.092723 -0.071501 -0.050200 -0.028858 -0.007520 0.013763 0.034929 0.055907 0.076618 0.096968 0.116853 0.136158 0.154753 0.172500 0.189248 0.204839 0.219111 0.231900 0.243047 0.252403 0.259832 0.265225 0.268495 0.269591 0.268495 0.265225 0.259832 0.252403 0.243047 0.231900 0.219111 0.204839 0.189248 0.172500 0.154753 0.136158 0.116853 0.096968 0.076618 0.055907 0.034929 0.013763 -0.007520 -0.028858 -0.050200 -0.071501 -0.092723 -0.113835 -0.134810 -0.155627 -0.176268 -0.196719 -0.216968 
-0.204286 -0.183440 -0.162353 -0.141036 -0.119498 -0.097757 -0.075829 -0.053740 -0.031518 -0.009200 0.013173 0.035549 0.057867 0.080056 0.102032 0.123699 0.144947 0.165648 0.185664 0.204839 0.223003 0.239977 0.255570 0.269591 0.281851 0.292168 0.300382 0.306354 0.309981 0.311197 0.309981 0.306354 0.300382 0.292168 0.281851 0.269591 0.255570 0.239977 0.223003 0.204839 0.185664 0.165648 0.144947 0.123699 0.102032 0.080056 0.057867 0.035549 0.013173 -0.009200 -0.031518 -0.053740 -0.075829 -0.097757 -0.119498 -0.141036 -0.162353 -0.183440 -0.204286 
-0.191969 -0.170523 -0.148797 -0.126796 -0.104528 -0.082006 -0.059245 -0.036266 -0.013094 0.010238 0.033690 0.057213 0.080747 0.104222 0.127552 0.150639 0.173364 0.195596 0.217179 0.237942 0.257695 0.276232 0.293332 0.308768 0.322315 0.333753 0.342883 0.349537 0.353583 0.354942 0.353583 0.349537 0.342883 0.333753 0.322315 0.308768 0.293332 0.276232 0.257695 0.237942 0.217179 0.195596 0.173364 0.150639 0.127552 0.104222 0.080747 0.057213 0.033690 0.010238 -0.013094 -0.036266 -0.059245 -0.082006 -0.104528 -0.126796 -0.148797 -0.170523 -0.191969 
-0.180057 -0.158013 -0.135645 -0.112957 -0.089953 -0.066640 -0.043031 -0.019142 0.005006 0.029384 0.053956 0.078677 0.103491 0.128327 0.153102 0.177715 0.202044 0.225947 0.249260 0.271792 0.293332 0.313641 0.332466 0.349537 0.364582 0.377334 0.387547 0.395009 0.399555 0.401082 0.399555 0.395009 0.387547 0.377334 0.364582 0.349537 0.332466 0.313641 0.293332 0.271792 0.249260 0.225947 0.202044 0.177715 0.153102 0.128327 0.103491 0.078677 0.053956 0.029384 0.005006 -0.019142 -0.043031 -0.066640 -0.089953 -0.112957 -0.135645 -0.158013 -0.180057 
-0.168592 -0.145954 -0.122948 -0.099573 -0.075829 -0.051721 -0.027254 -0.002440 0.022704 0.048157 0.073887 0.099854 0.126007 0.152280 0.178591 0.204839 0.230902 0.256631 0.281851 0.306354 0.329903 0.352230 0.373037 0.392007 0.408809 0.423115 0.434617 0.443047 0.448194 0.449925 0.448194 0.443047 0.434617 0.423115 0.408809 0.392007 0.373037 0.352230 0.329903 0.306354 0.281851 0.256631 0.230902 0.204839 0.178591 0.152280 0.126007 0.099854 0.073887 0.048157 0.022704 -0.002440 -0.027254 -0.051721 -0.075829 -0.099573 -0.122948 -0.145954 -0.168592 
-0.157616 -0.134392 -0.110755 -0.086698 -0.062218 -0.037313 -0.011985 0.013763 0.039919 0.066468 0.093387 0.120643 0.148190 0.175969 0.203905 0.231900 0.259832 0.287550 0.314869 0.341566 0.367380 0.392007 0.415102 0.436288 0.455165 0.471325 0.484379 0.493982 0.499861 0.501841 0.499861 0.493982 0.484379 0.471325 0.455165 0.436288 0.415102 0.392007 0.367380 0.341566 0.314869 0.287550 0.259832 0.231900 0.203905 0.175969 0.148190 0.120643 0.093387 0.066468 0.039919 0.013763 -0.011985 -0.037313 -0.062218 -0.086698 -0.110755 -0.134392 -0.157616 
-0.147174 -0.123377 -0.099119 -0.074391 -0.049183 -0.023488 0.002701 0.029384 0.056560 0.084220 0.112351 0.140928 0.169917 0.199268 0.228913 0.258762 0.288700 0.318574 0.348197 0.377334 0.405700 0.432953 0.458698 0.482486 0.503831 0.522223 0.537166 0.548210 0.554993 0.557281 0.554993 0.548210 0.537166 0.522223 0.503831 0.482486 0.458698 0.432953 0.405700 0.377334 0.348197 0.318574 0.288700 0.258762 0.228913 0.199268 0.169917 0.140928 0.112351 0.084220 0.056560 0.029384 0.002701 -0.023488 -0.049183 -0.074391 -0.099119 -0.123377 -0.147174 
-0.137311 -0.112957 -0.088096 -0.062712 -0.036790 -0.010316 0.016722 0.044335 0.072528 0.101305 0.130661 0.160584 0.191051 0.222027 0.253456 0.285260 0.317335 0.349537 0.381679 0.413519 0.444755 0.475009 0.503831 0.530690 0.554993 0.576101 0.593373 0.606211 0.614129 0.616806 0.614129 0.606211 0.593373 0.576101 0.554993 0.530690 0.503831 0.475009 0.444755 0.413519 0.381679 0.349537 0.317335 0.285260 0.253456 0.222027 0.191051 0.160584 0.130661 0.101305 0.072528 0.044335 0.016722 -0.010316 -0.036790 -0.062712 -0.088096 -0.112957 -0.137311 
-0.128071 -0.103182 -0.077739 -0.051721 -0.025106 0.002126 0.029996 0.058523 0.087722 0.117608 0.148190 0.179468 0.211437 0.244076 0.277349 0.311197 0.345531 0.380225 0.415102 0.449925 0.484379 0.518059 0.550457 0.580956 0.608832 0.633281 0.653462 0.668574 0.677944 0.681120 0.677944 0.668574 0.653462 0.633281 0.608832 0.580956 0.550457 0.518059 0.484379 0.449925 0.415102 0.380225 0.345531 0.311197 0.277349 0.244076 0.211437 0.179468 0.148190 0.117608 0.087722 0.058523 0.029996 0.002126 -0.025106 -0.051721 -0.077739 -0.103182 -0.128071 
-0.119498 -0.094102 -0.068104 -0.041479 -0.014200 0.013763 0.042437 0.071851 0.102032 0.133008 0.164800 0.197428 0.230902 0.265225 0.300382 0.336340 0.373037 0.410373 0.448194 0.486280 0.524322 0.561900 0.598456 0.633281 0.665502 0.694104 0.717978 0.736025 0.747292 0.751125 0.747292 0.736025 0.717978 0.694104 0.665502 0.633281 0.598456 0.561900 0.524322 0.486280 0.448194 0.410373 0.373037 0.336340 0.300382 0.265225 0.230902 0.197428 0.164800 0.133008 0.102032 0.071851 0.042437 0.013763 -0.014200 -0.041479 -0.068104 -0.094102 -0.119498 
-0.111637 -0.085764 -0.059245 -0.032049 -0.004140 0.024516 0.053956 0.084220 0.115347 0.147376 0.180348 0.214298 0.249260 0.285260 0.322315 0.360421 0.399555 0.439653 0.480604 0.522223 0.564230 0.606211 0.647584 0.687555 0.725091 0.758914 0.787552 0.809469 0.823280 0.828002 0.823280 0.809469 0.787552 0.758914 0.725091 0.687555 0.647584 0.606211 0.564230 0.522223 0.480604 0.439653 0.399555 0.360421 0.322315 0.285260 0.249260 0.214298 0.180348 0.147376 0.115347 0.084220 0.053956 0.024516 -0.004140 -0.032049 -0.059245 -0.085764 -0.111637 
-0.104528 -0.078215 -0.051214 -0.023488 0.005006 0.034309 0.064468 0.095532 0.127552 0.160584 0.194683 0.229906 0.266312 0.303954 0.342883 0.383137 0.424737 0.467675 0.511896 0.557281 0.603608 0.650511 0.697422 0.743498 0.787552 0.828002 0.862894 0.890045 0.907373 0.913338 0.907373 0.890045 0.862894 0.828002 0.787552 0.743498 0.697422 0.650511 0.603608 0.557281 0.511896 0.467675 0.424737 0.383137 0.342883 0.303954 0.266312 0.229906 0.194683 0.160584 0.127552 0.095532 0.064468 0.034309 0.005006 -0.023488 -0.051214 -0.078215 -0.104528 
-0.098211 -0.071501 -0.044063 -0.015854 0.013173 0.043068 0.073887 0.105688 0.138536 0.172500 0.207654 0.244076 0.281851 0.321064 0.361803 0.404154 0.448194 0.493982 0.541545 0.590856 0.641797 0.694104 0.747292 0.800544 0.852578 0.901504 0.944748 0.979176 1.001546 1.009326 1.001546 0.979176 0.944748 0.901504 0.852578 0.800544 0.747292 0.694104 0.641797 0.590856 0.541545 0.493982 0.448194 0.404154 0.361803 0.321064 0.281851 0.244076 0.207654 0.172500 0.138536 0.105688 0.073887 0.043068 0.013173 -0.015854 -0.044063 -0.071501 -0.098211 
-0.092723 -0.065661 -0.037836 -0.009200 0.020301 0.050725 0.082133 0.114596 0.148190 0.182997 0.219111 0.256631 0.295668 0.336340 0.378777 0.423115 0.469495 0.518059 0.568934 0.622218 0.677944 0.736025 0.796162 0.857699 0.919405 0.979176 1.033745 1.078601 1.108535 1.119108 1.108535 1.078601 1.033745 0.979176 0.919405 0.857699 0.796162 0.736025 0.677944 0.622218 0.568934 0.518059 0.469495 0.423115 0.378777 0.336340 0.295668 0.256631 0.219111 0.182997 0.148190 0.114596 0.082133 0.050725 0.020301 -0.009200 -0.037836 -0.065661 -0.092723 
-0.088096 -0.060734 -0.032578 -0.003574 0.026335 0.057213 0.089131 0.122168 0.156411 0.191956 0.228913 0.267402 0.307559 0.349537 0.393505 0.439653 0.488191 0.539349 0.593373 0.650511 0.710998 0.775004 0.842548 0.913338 0.986478 1.059970 1.130009 1.190281 1.232187 1.247363 1.232187 1.190281 1.130009 1.059970 0.986478 0.913338 0.842548 0.775004 0.710998 0.650511 0.593373 0.539349 0.488191 0.439653 0.393505 0.349537 0.307559 0.267402 0.228913 0.191956 0.156411 0.122168 0.089131 0.057213 0.026335 -0.003574 -0.032578 -0.060734 -0.088096 
-0.084358 -0.056752 -0.028324 0.000980 0.031224 0.062477 0.094816 0.128327 0.163108 0.199268 0.236929 0.276232 0.317335 0.360421 0.405700 0.453410 0.503831 0.557281 0.614129 0.674794 0.739742 0.809469 0.884450 0.965005 1.051011 1.141260 1.232187 1.315784 1.377875 1.401368 1.377875 1.315784 1.232187 1.141260 1.051011 0.965005 0.884450 0.809469 0.739742 0.674794 0.614129 0.557281 0.503831 0.453410 0.405700 0.360421 0.317335 0.276232 0.236929 0.199268 0.163108 0.128327 0.094816 0.062477 0.031224 0.000980 -0.028324 -0.056752 -0.084358 
-0.081534 -0.053740 -0.025106 0.004428 0.034929 0.066468 0.099131 0.133008 0.168204 0.204839 0.243047 0.282984 0.324828 0.368787 0.415102 0.464059 0.515994 0.571308 0.630484 0.694104 0.762871 0.837634 0.919405 1.009326 1.108535 1.217649 1.335254 1.453886 1.552189 1.592638 1.552189 1.453886 1.335254 1.217649 1.108535 1.009326 0.919405 0.837634 0.762871 0.694104 0.630484 0.571308 0.515994 0.464059 0.415102 0.368787 0.324828 0.282984 0.243047 0.204839 0.168204 0.133008 0.099131 0.066468 0.034929 0.004428 -0.025106 -0.053740 -0.081534 
-0.079641 -0.051721 -0.022947 0.006743 0.037416 0.069151 0.102032 0.136158 0.171637 0.208596 0.247178 0.287550 0.329903 0.374464 0.421499 0.471325 0.524322 0.580956 0.641797 0.707557 0.779139 0.857699 0.944748 1.042273 1.152885 1.279876 1.426609 1.592638 1.756401 1.836380 1.756401 1.592638 1.426609 1.279876 1.152885 1.042273 0.944748 0.857699 0.779139 0.707557 0.641797 0.580956 0.524322 0.471325 0.421499 0.374464 0.329903 0.287550 0.247178 0.208596 0.171637 0.136158 0.102032 0.069151 0.037416 0.006743 -0.022947 -0.051721 -0.079641 
-0.078691 -0.050708 -0.021863 0.007905 0.038666 0.070499 0.103491 0.137742 0.173364 0.210488 0.249260 0.289853 0.332466 0.377334 0.424737 0.475009 0.528556 0.585874 0.647584 0.714472 0.787552 0.868164 0.958124 1.059970 1.177365 1.315784 1.483566 1.692297 1.943220 2.106354 1.943220 1.692297 1.483566 1.315784 1.177365 1.059970 0.958124 0.868164 0.787552 0.714472 0.647584 0.585874 0.528556 0.475009 0.424737 0.377334 0.332466 0.289853 0.249260 0.210488 0.173364 0.137742 0.103491 0.070499 0.038666 0.007905 -0.021863 -0.050708 -0.078691 
-0.078572 -0.050581 -0.021728 0.008050 0.038822 0.070667 0.103673 0.137940 0.173581 0.210725 0.249521 0.290141 0.332787 0.377694 0.425144 0.475472 0.529088 0.586493 0.648314 0.715345 0.788617 0.869493 0.959832 1.062246 1.180549 1.320548 1.491412 1.707179 1.976699 2.165482 1.976699 1.707179 1.491412 1.320548 1.180549 1.062246 0.959832 0.869493 0.788617 0.715345 0.648314 0.586493 0.529088 0.475472 0.425144 0.377694 0.332787 0.290141 0.249521 0.210725 0.173581 0.137940 0.103673 0.070667 0.038822 0.008050 -0.021728 -0.050581 -0.078572 
-0.078696 -0.050713 -0.021869 0.007898 0.038659 0.070491 0.103483 0.137733 0.173355 0.210477 0.249249 0.289840 0.332452 0.377318 0.424720 0.474989 0.528533 0.585847 0.647552 0.714434 0.787505 0.868106 0.958050 1.059872 1.177227 1.315579 1.483229 1.691665 1.941843 2.104029 1.941843 1.691665 1.483229 1.315579 1.177227 1.059872 0.958050 0.868106 0.787505 0.714434 0.647552 0.585847 0.528533 0.474989 0.424720 0.377318 0.332452 0.289840 0.249249 0.210477 0.173355 0.137733 0.103483 0.070491 0.038659 0.007898 -0.021869 -0.050713 -0.078696 
-0.079656 -0.051737 -0.022964 0.006724 0.037396 0.069129 0.102009 0.136132 0.171609 0.208566 0.247145 0.287513 0.329862 0.374418 0.421447 0.471265 0.524254 0.580877 0.641704 0.707447 0.779004 0.857533 0.944536 1.041993 1.152503 1.279325 1.425762 1.591249 1.754117 1.833456 1.754117 1.591249 1.425762 1.279325 1.152503 1.041993 0.944536 0.857533 0.779004 0.707447 0.641704 0.580877 0.524254 0.471265 0.421447 0.374418 0.329862 0.287513 0.247145 0.208566 0.171609 0.136132 0.102009 0.069129 0.037396 0.006724 -0.022964 -0.051737 -0.079656 
-0.081559 -0.053767 -0.025135 0.004397 0.034895 0.066432 0.099092 0.132965 0.168158 0.204789 0.242992 0.282923 0.324760 0.368711 0.415017 0.463962 0.515883 0.571180 0.630334 0.693926 0.762656 0.837372 0.919075 1.008903 1.107975 1.216883 1.334177 1.452360 1.550144 1.590330 1.550144 1.452360 1.334177 1.216883 1.107975 1.008903 0.919075 0.837372 0.762656 0.693926 0.630334 0.571180 0.515883 0.463962 0.415017 0.368711 0.324760 0.282923 0.242992 0.204789 0.168158 0.132965 0.099092 0.066432 0.034895 0.004397 -0.025135 -0.053767 -0.081559 
-0.084394 -0.056789 -0.028364 0.000937 0.031178 0.062427 0.094762 0.128269 0.163045 0.199198 0.236853 0.276148 0.317242 0.360317 0.405583 0.453278 0.503680 0.557108 0.613929 0.674558 0.739461 0.809129 0.884032 0.964482 1.050345 1.140400 1.231070 1.314361 1.376169 1.399540 1.376169 1.314361 1.231070 1.140400 1.050345 0.964482 0.884032 0.809129 0.739461 0.674558 0.613929 0.557108 0.503680 0.453278 0.405583 0.360317 0.317242 0.276148 0.236853 0.199198 0.163045 0.128269 0.094762 0.062427 0.031178 0.000937 -0.028364 -0.056789 -0.084394 
-0.088141 -0.060782 -0.032629 -0.003629 0.026276 0.057150 0.089063 0.122094 0.156330 0.191868 0.228817 0.267296 0.307442 0.349407 0.393360 0.439489 0.488006 0.539137 0.593128 0.650227 0.710664 0.774606 0.842069 0.912756 0.985764 1.059093 1.128938 1.189009 1.230752 1.245864 1.230752 1.189009 1.128938 1.059093 0.985764 0.912756 0.842069 0.774606 0.710664 0.650227 0.593128 0.539137 0.488006 0.439489 0.393360 0.349407 0.307442 0.267296 0.228817 0.191868 0.156330 0.122094 0.089063 0.057150 0.026276 -0.003629 -0.032629 -0.060782 -0.088141 
-0.092777 -0.065719 -0.037898 -0.009266 0.020230 0.050648 0.082051 0.114507 0.148093 0.182892 0.218997 0.256506 0.295529 0.336187 0.378606 0.422923 0.469279 0.517814 0.568654 0.621896 0.677570 0.735587 0.795647 0.857090 0.918681 0.978321 1.032749 1.077471 1.107305 1.117840 1.107305 1.077471 1.032749 0.978321 0.918681 0.857090 0.795647 0.735587 0.677570 0.621896 0.568654 0.517814 0.469279 0.422923 0.378606 0.336187 0.295529 0.256506 0.218997 0.182892 0.148093 0.114507 0.082051 0.050648 0.020230 -0.009266 -0.037898 -0.065719 -0.092777 
-0.098275 -0.071568 -0.044135 -0.015931 0.013091 0.042980 0.073792 0.105586 0.138425 0.172379 0.207522 0.243932 0.281693 0.320889 0.361610 0.403939 0.447952 0.493710 0.541237 0.590506 0.641396 0.693642 0.746759 0.799928 0.851868 0.900691 0.943831 0.978166 1.000472 1.008228 1.000472 0.978166 0.943831 0.900691 0.851868 0.799928 0.746759 0.693642 0.641396 0.590506 0.541237 0.493710 0.447952 0.403939 0.361610 0.320889 0.281693 0.243932 0.207522 0.172379 0.138425 0.105586 0.073792 0.042980 0.013091 -0.015931 -0.044135 -0.071568 -0.098275 
-0.104600 -0.078292 -0.051296 -0.023575 0.004913 0.034209 0.064361 0.095416 0.127428 0.160449 0.194536 0.229746 0.266136 0.303762 0.342671 0.382902 0.424475 0.467382 0.511568 0.556911 0.603190 0.650038 0.696885 0.742889 0.786866 0.827236 0.862051 0.889137 0.906419 0.912369 0.906419 0.889137 0.862051 0.827236 0.786866 0.742889 0.696885 0.650038 0.603190 0.556911 0.511568 0.467382 0.424475 0.382902 0.342671 0.303762 0.266136 0.229746 0.194536 0.160449 0.127428 0.095416 0.064361 0.034209 0.004913 -0.023575 -0.051296 -0.078292 -0.104600 
-0.111718 -0.085849 -0.059336 -0.032145 -0.004244 0.024405 0.053838 0.084093 0.115210 0.147228 0.180187 0.214123 0.249069 0.285052 0.322086 0.360169 0.399276 0.439344 0.480260 0.521841 0.563803 0.605734 0.647051 0.686963 0.724435 0.758195 0.786775 0.808645 0.822423 0.827134 0.822423 0.808645 0.786775 0.758195 0.724435 0.686963 0.647051 0.605734 0.563803 0.521841 0.480260 0.439344 0.399276 0.360169 0.322086 0.285052 0.249069 0.214123 0.180187 0.147228 0.115210 0.084093 0.053838 0.024405 -0.004244 -0.032145 -0.059336 -0.085849 -0.111718 
-0.119587 -0.094195 -0.068204 -0.041585 -0.014313 0.013642 0.042308 0.071712 0.101884 0.132847 0.164627 0.197240 0.230698 0.265003 0.300140 0.336075 0.372746 0.410053 0.447841 0.485891 0.523893 0.561425 0.597933 0.632708 0.664878 0.693430 0.717259 0.735270 0.746513 0.750339 0.746513 0.735270 0.717259 0.693430 0.664878 0.632708 0.597933 0.561425 0.523893 0.485891 0.447841 0.410053 0.372746 0.336075 0.300140 0.265003 0.230698 0.197240 0.164627 0.132847 0.101884 0.071712 0.042308 0.013642 -0.014313 -0.041585 -0.068204 -0.094195 -0.119587 
-0.128167 -0.103284 -0.077847 -0.051835 -0.025227 0.001997 0.029858 0.058375 0.087563 0.117438 0.148006 0.179270 0.211222 0.243844 0.277097 0.310922 0.345232 0.379898 0.414744 0.449533 0.483951 0.517592 0.549949 0.580405 0.608239 0.632647 0.652794 0.667878 0.677230 0.680401 0.677230 0.667878 0.652794 0.632647 0.608239 0.580405 0.549949 0.517592 0.483951 0.449533 0.414744 0.379898 0.345232 0.310922 0.277097 0.243844 0.211222 0.179270 0.148006 0.117438 0.087563 0.058375 0.029858 0.001997 -0.025227 -0.051835 -0.077847 -0.103284 -0.128167 
-0.137414 -0.113066 -0.088211 -0.062834 -0.036919 -0.010454 0.016575 0.044178 0.072361 0.101125 0.130468 0.160377 0.190828 0.221786 0.253195 0.284978 0.317029 0.349205 0.381319 0.413129 0.444332 0.474552 0.503338 0.530161 0.554429 0.575505 0.592749 0.605566 0.613470 0.616143 0.613470 0.605566 0.592749 0.575505 0.554429 0.530161 0.503338 0.474552 0.444332 0.413129 0.381319 0.349205 0.317029 0.284978 0.253195 0.221786 0.190828 0.160377 0.130468 0.101125 0.072361 0.044178 0.016575 -0.010454 -0.036919 -0.062834 -0.088211 -0.113066 -0.137414 
-0.147284 -0.123492 -0.099241 -0.074520 -0.049320 -0.023633 0.002546 0.029219 0.056384 0.084033 0.112150 0.140713 0.169687 0.199020 0.228646 0.258475 0.288390 0.318241 0.347838 0.376947 0.405284 0.432507 0.458221 0.481979 0.503295 0.521661 0.536581 0.547608 0.554380 0.556665 0.554380 0.547608 0.536581 0.521661 0.503295 0.481979 0.458221 0.432507 0.405284 0.376947 0.347838 0.318241 0.288390 0.258475 0.228646 0.199020 0.169687 0.140713 0.112150 0.084033 0.056384 0.029219 0.002546 -0.023633 -0.049320 -0.074520 -0.099241 -0.123492 -0.147284 
-0.157731 -0.134514 -0.110883 -0.086834 -0.062362 -0.037465 -0.012146 0.013591 0.039737 0.066274 0.093180 0.120422 0.147953 0.175716 0.203635 0.231610 0.259521 0.287217 0.314512 0.341185 0.366973 0.391573 0.414642 0.435803 0.454655 0.470793 0.483828 0.493418 0.499288 0.501265 0.499288 0.493418 0.483828 0.470793 0.454655 0.435803 0.414642 0.391573 0.366973 0.341185 0.314512 0.287217 0.259521 0.231610 0.203635 0.175716 0.147953 0.120422 0.093180 0.066274 0.039737 0.013591 -0.012146 -0.037465 -0.062362 -0.086834 -0.110883 -0.134514 -0.157731 
-0.168713 -0.146081 -0.123082 -0.099714 -0.075978 -0.051879 -0.027421 -0.002617 0.022517 0.047958 0.073675 0.099628 0.125766 0.152023 0.178317 0.204548 0.230591 0.256300 0.281498 0.305979 0.329505 0.351809 0.372593 0.391541 0.408322 0.422610 0.434098 0.442516 0.447656 0.449384 0.447656 0.442516 0.434098 0.422610 0.408322 0.391541 0.372593 0.351809 0.329505 0.305979 0.281498 0.256300 0.230591 0.204548 0.178317 0.152023 0.125766 0.099628 0.073675 0.047958 0.022517 -0.002617 -0.027421 -0.051879 -0.075978 -0.099714 -0.123082 -0.146081 -0.168713 
-0.180183 -0.158145 -0.135784 -0.113103 -0.090107 -0.066803 -0.043203 -0.019324 0.004813 0.029180 0.053740 0.078448 0.103247 0.128069 0.152828 0.177424 0.201735 0.225619 0.248912 0.271425 0.292944 0.313233 0.332037 0.349090 0.364118 0.376855 0.387055 0.394507 0.399047 0.400572 0.399047 0.394507 0.387055 0.376855 0.364118 0.349090 0.332037 0.313233 0.292944 0.271425 0.248912 0.225619 0.201735 0.177424 0.152828 0.128069 0.103247 0.078448 0.053740 0.029180 0.004813 -0.019324 -0.043203 -0.066803 -0.090107 -0.113103 -0.135784 -0.158145 -0.180183 
-0.192100 -0.170660 -0.148941 -0.126947 -0.104687 -0.082173 -0.059421 -0.036452 -0.013290 0.010031 0.033471 0.056981 0.080502 0.103962 0.127278 0.150348 0.173058 0.195272 0.216837 0.237583 0.257318 0.275836 0.292919 0.308339 0.321871 0.333296 0.342416 0.349061 0.353103 0.354459 0.353103 0.349061 0.342416 0.333296 0.321871 0.308339 0.292919 0.275836 0.257318 0.237583 0.216837 0.195272 0.173058 0.150348 0.127278 0.103962 0.080502 0.056981 0.033471 0.010031 -0.013290 -0.036452 -0.059421 -0.082173 -0.104687 -0.126947 -0.148941 -0.170660 -0.192100 
-0.204421 -0.183581 -0.162501 -0.141191 -0.119661 -0.097928 -0.076009 -0.053930 -0.031718 -0.009410 0.012952 0.035316 0.057621 0.079796 0.101759 0.123411 0.144643 0.165329 0.185329 0.204487 0.222636 0.239593 0.255171 0.269178 0.281425 0.291732 0.299936 0.305902 0.309524 0.310739 0.309524 0.305902 0.299936 0.291732 0.281425 0.269178 0.255171 0.239593 0.222636 0.204487 0.185329 0.165329 0.144643 0.123411 0.101759 0.079796 0.057621 0.035316 0.012952 -0.009410 -0.031718 -0.053930 -0.076009 -0.097928 -0.119661 -0.141191 -0.162501 -0.183581 -0.204421 
-0.217106 -0.196863 -0.176420 -0.155786 -0.134976 -0.114009 -0.092906 -0.071693 -0.050402 -0.029070 -0.007743 0.013528 0.034682 0.055648 0.076345 0.096682 0.116553 0.135843 0.154424 0.172157 0.188890 0.204467 0.218726 0.231503 0.242639 0.251985 0.259406 0.264793 0.268060 0.269155 0.268060 0.264793 0.259406 0.251985 0.242639 0.231503 0.218726 0.204467 0.188890 0.172157 0.154424 0.135843 0.116553 0.096682 0.076345 0.055648 0.034682 0.013528 -0.007743 -0.029070 -0.050402 -0.071693 -0.092906 -0.114009 -0.134976 -0.155786 -0.176420 -0.196863 -0.217106 
-0.230117 -0.210467 -0.190652 -0.170685 -0.150583 -0.130365 -0.110056 -0.089684 -0.069281 -0.048887 -0.028548 -0.008315 0.011751 0.031581 0.051099 0.070216 0.088835 0.106851 0.124145 0.140593 0.156063 0.170416 0.183512 0.195213 0.205382 0.213897 0.220645 0.225535 0.228497 0.229489 0.228497 0.225535 0.220645 0.213897 0.205382 0.195213 0.183512 0.170416 0.156063 0.140593 0.124145 0.106851 0.088835 0.070216 0.051099 0.031581 0.011751 -0.008315 -0.028548 -0.048887 -0.069281 -0.089684 -0.110056 -0.130365 -0.150583 -0.170685 -0.190652 -0.210467 -0.230117 
-0.243418 -0.224354 -0.205158 -0.185845 -0.166434 -0.146947 -0.127409 -0.107848 -0.088301 -0.068805 -0.049407 -0.030159 -0.011118 0.007648 0.026067 0.044055 0.061524 0.078374 0.094501 0.109791 0.124129 0.137392 0.149461 0.160214 0.169539 0.177330 0.183493 0.187954 0.190653 0.191557 0.190653 0.187954 0.183493 0.177330 0.169539 0.160214 0.149461 0.137392 0.124129 0.109791 0.094501 0.078374 0.061524 0.044055 0.026067 0.007648 -0.011118 -0.030159 -0.049407 -0.068805 -0.088301 -0.107848 -0.127409 -0.146947 -0.166434 -0.185845 -0.205158 -0.224354 -0.243418 
-0.256974 -0.238486 -0.219898 -0.201225 -0.182489 -0.163711 -0.144918 -0.126141 -0.107413 -0.088776 -0.070272 -0.051955 -0.033879 -0.016108 0.001288 0.018232 0.034642 0.050427 0.065492 0.079737 0.093058 0.105349 0.116505 0.126422 0.135003 0.142160 0.147813 0.151900 0.154371 0.155198 0.154371 0.151900 0.147813 0.142160 0.135003 0.126422 0.116505 0.105349 0.093058 0.079737 0.065492 0.050427 0.034642 0.018232 0.001288 -0.016108 -0.033879 -0.051955 -0.070272 -0.088776 -0.107413 -0.126141 -0.144918 -0.163711 -0.182489 -0.201225 -0.219898 -0.238486 -0.256974 
-0.270754 -0.252831 -0.234837 -0.216789 -0.198707 -0.180617 -0.162543 -0.144518 -0.126576 -0.108756 -0.091102 -0.073663 -0.056493 -0.039653 -0.023209 -0.007230 0.008205 0.023016 0.037115 0.050413 0.062819 0.074238 0.084580 0.093756 0.101680 0.108279 0.113484 0.117243 0.119514 0.120274 0.119514 0.117243 0.113484 0.108279 0.101680 0.093756 0.084580 0.074238 0.062819 0.050413 0.037115 0.023016 0.008205 -0.007230 -0.023209 -0.039653 -0.056493 -0.073663 -0.091102 -0.108756 -0.126576 -0.144518 -0.162543 -0.180617 -0.198707 -0.216789 -0.234837 -0.252831 -0.270754 
-0.284725 -0.267356 -0.249942 -0.232501 -0.215055 -0.197628 -0.180248 -0.162944 -0.145752 -0.128709 -0.111860 -0.095249 -0.078931 -0.062961 -0.047401 -0.032316 -0.017778 -0.003860 0.009359 0.021799 0.033378 0.044015 0.053629 0.062142 0.069484 0.075588 0.080398 0.083868 0.085964 0.086665 0.085964 0.083868 0.080398 0.075588 0.069484 0.062142 0.053629 0.044015 0.033378 0.021799 0.009359 -0.003860 -0.017778 -0.032316 -0.047401 -0.062961 -0.078931 -0.095249 -0.111860 -0.128709 -0.145752 -0.162944 -0.180248 -0.197628 -0.215055 -0.232501 -0.249942 -0.267356 -0.284725 
-0.298862 -0.282033 -0.265183 -0.248332 -0.231501 -0.214714 -0.197999 -0.181386 -0.164909 -0.148605 -0.132517 -0.116688 -0.101168 -0.086010 -0.071272 -0.057015 -0.043303 -0.030205 -0.017790 -0.006130 0.004701 0.014633 0.023593 0.031515 0.038336 0.044001 0.048460 0.051674 0.053615 0.054263 0.053615 0.051674 0.048460 0.044001 0.038336 0.031515 0.023593 0.014633 0.004701 -0.006130 -0.017790 -0.030205 -0.043303 -0.057015 -0.071272 -0.086010 -0.101168 -0.116688 -0.132517 -0.148605 -0.164909 -0.181386 -0.197999 -0.214714 -0.231501 -0.248332 -0.265183 -0.282033 -0.298862 
-0.313138 -0.296835 -0.280533 -0.264253 -0.248015 -0.231844 -0.215767 -0.199815 -0.184019 -0.168417 -0.153048 -0.137954 -0.123183 -0.108784 -0.094811 -0.081321 -0.068371 -0.056025 -0.044345 -0.033396 -0.023243 -0.013950 -0.005579 0.001812 0.008168 0.013439 0.017586 0.020572 0.022374 0.022977 0.022374 0.020572 0.017586 0.013439 0.008168 0.001812 -0.005579 -0.013950 -0.023243 -0.033396 -0.044345 -0.056025 -0.068371 -0.081321 -0.094811 -0.108784 -0.123183 -0.137954 -0.153048 -0.168417 -0.184019 -0.199815 -0.215767 -0.231844 -0.248015 -0.264253 -0.280533 -0.296835 -0.313138 
-0.327528 -0.311737 -0.295967 -0.280238 -0.264572 -0.248993 -0.233528 -0.218206 -0.203059 -0.188122 -0.173432 -0.159031 -0.144962 -0.131272 -0.118011 -0.105231 -0.092985 -0.081331 -0.070325 -0.060025 -0.050489 -0.041775 -0.033935 -0.027024 -0.021087 -0.016167 -0.012301 -0.009518 -0.007839 -0.007278 -0.007839 -0.009518 -0.012301 -0.016167 -0.021087 -0.027024 -0.033935 -0.041775 -0.050489 -0.060025 -0.070325 -0.081331 -0.092985 -0.105231 -0.118011 -0.131272 -0.144962 -0.159031 -0.173432 -0.188122 -0.203059 -0.218206 -0.233528 -0.248993 -0.264572 -0.280238 -0.295967 -0.311737 -0.327528 
-0.342011 -0.326716 -0.311461 -0.296265 -0.281149 -0.266139 -0.251259 -0.236538 -0.222007 -0.207700 -0.193653 -0.179903 -0.166493 -0.153466 -0.140867 -0.128746 -0.117151 -0.106134 -0.095746 -0.086040 -0.077067 -0.068879 -0.061522 -0.055043 -0.049484 -0.044882 -0.041267 -0.038667 -0.037099 -0.036576 -0.037099 -0.038667 -0.041267 -0.044882 -0.049484 -0.055043 -0.061522 -0.068879 -0.077067 -0.086040 -0.095746 -0.106134 -0.117151 -0.128746 -0.140867 -0.153466 -0.166493 -0.179903 -0.193653 -0.207700 -0.222007 -0.236538 -0.251259 -0.266139 -0.281149 -0.296265 -0.311461 -0.326716 -0.342011 
-0.356566 -0.341752 -0.326994 -0.312312 -0.297726 -0.283260 -0.268940 -0.254792 -0.240847 -0.227137 -0.213696 -0.200559 -0.187767 -0.175359 -0.163378 -0.151869 -0.140876 -0.130447 -0.120628 -0.111466 -0.103008 -0.095299 -0.088381 -0.082295 -0.077078 -0.072762 -0.069375 -0.066940 -0.065472 -0.064981 -0.065472 -0.066940 -0.069375 -0.072762 -0.077078 -0.082295 -0.088381 -0.095299 -0.103008 -0.111466 -0.120628 -0.130447 -0.140876 -0.151869 -0.163378 -0.175359 -0.187767 -0.200559 -0.213696 -0.227137 -0.240847 -0.254792 -0.268940 -0.283260 -0.297726 -0.312312 -0.326994 -0.341752 -0.356566 
