33 33
2.730496e-02 0 5
-2.882934 -2.855436 -2.828188 -2.801317 -2.774974 -2.749334 -2.724598 -2.700992 -2.678768 -2.658195 -2.639559 -2.623151 -2.609255 -2.598132 -2.590009 -2.585062 -2.583400 -2.585062 -2.590009 -2.598132 -2.609255 -2.623151 -2.639559 -2.658195 -2.678768 -2.700992 -2.724598 -2.749334 -2.774974 -2.801317 -2.828188 -2.855436 -2.882934 
-2.856349 -2.827220 -2.798233 -2.769520 -2.741237 -2.713570 -2.686738 -2.660994 -2.636621 -2.613936 -2.593277 -2.574994 -2.559438 -2.546938 -2.537781 -2.532192 -2.530312 -2.532192 -2.537781 -2.546938 -2.559438 -2.574994 -2.593277 -2.613936 -2.636621 -2.660994 -2.686738 -2.713570 -2.741237 -2.769520 -2.798233 -2.827220 -2.856349 
-2.830118 -2.799263 -2.768422 -2.737722 -2.707325 -2.677425 -2.648258 -2.620101 -2.593277 -2.568150 -2.545123 -2.524623 -2.507084 -2.492922 -2.482508 -2.476134 -2.473987 -2.476134 -2.482508 -2.492922 -2.507084 -2.524623 -2.545123 -2.568150 -2.593277 -2.620101 -2.648258 -2.677425 -2.707325 -2.737722 -2.768422 -2.799263 -2.830118 
-2.804380 -2.771709 -2.738897 -2.706066 -2.673374 -2.641021 -2.609255 -2.578376 -2.548747 -2.520787 -2.494974 -2.471830 -2.451895 -2.435706 -2.423743 -2.416397 -2.413918 -2.416397 -2.423743 -2.435706 -2.451895 -2.471830 -2.494974 -2.520787 -2.548747 -2.578376 -2.609255 -2.641021 -2.673374 -2.706066 -2.738897 -2.771709 -2.804380 
-2.779290 -2.744724 -2.709833 -2.674729 -2.639559 -2.604522 -2.569871 -2.535926 -2.503086 -2.471830 -2.442721 -2.416397 -2.393539 -2.374840 -2.360942 -2.352370 -2.349472 -2.352370 -2.360942 -2.374840 -2.393539 -2.416397 -2.442721 -2.471830 -2.503086 -2.535926 -2.569871 -2.604522 -2.639559 -2.674729 -2.709833 -2.744724 -2.779290 
-2.755031 -2.718504 -2.681440 -2.643930 -2.606106 -2.568150 -2.530312 -2.492922 -2.456408 -2.421309 -2.388283 -2.358104 -2.331638 -2.309790 -2.293428 -2.283282 -2.279842 -2.283282 -2.293428 -2.309790 -2.331638 -2.358104 -2.388283 -2.421309 -2.456408 -2.492922 -2.530312 -2.568150 -2.606106 -2.643930 -2.681440 -2.718504 -2.755031 
-2.731803 -2.693274 -2.653964 -2.613936 -2.573293 -2.532192 -2.490860 -2.449621 -2.408917 -2.369337 -2.331638 -2.296754 -2.265780 -2.239916 -2.220357 -2.208142 -2.203985 -2.208142 -2.220357 -2.239916 -2.265780 -2.296754 -2.331638 -2.369337 -2.408917 -2.449621 -2.490860 -2.532192 -2.573293 -2.613936 -2.653964 -2.693274 -2.731803 
-2.709833 -2.669285 -2.627687 -2.585062 -2.541468 -2.497017 -2.451895 -2.406394 -2.360942 -2.316153 -2.272873 -2.232207 -2.195538 -2.164463 -2.140661 -2.125653 -2.120520 -2.125653 -2.140661 -2.164463 -2.195538 -2.232207 -2.272873 -2.316153 -2.360942 -2.406394 -2.451895 -2.497017 -2.541468 -2.585062 -2.627687 -2.669285 -2.709833 
-2.689364 -2.646820 -2.602934 -2.557675 -2.511044 -2.463087 -2.413918 -2.363759 -2.312984 -2.262186 -2.212255 -2.164463 -2.120520 -2.082560 -2.052980 -2.034082 -2.027572 -2.034082 -2.052980 -2.082560 -2.120520 -2.164463 -2.212255 -2.262186 -2.312984 -2.363759 -2.413918 -2.463087 -2.511044 -2.557675 -2.602934 -2.646820 -2.689364 
-2.670652 -2.626181 -2.580057 -2.532192 -2.482508 -2.430962 -2.377564 -2.322418 -2.265780 -2.208142 -2.150356 -2.093789 -2.040485 -1.993260 -1.955580 -1.931054 -1.922515 -1.931054 -1.955580 -1.993260 -2.040485 -2.093789 -2.150356 -2.208142 -2.265780 -2.322418 -2.377564 -2.430962 -2.482508 -2.532192 -2.580057 -2.626181 -2.670652 
-2.653964 -2.607683 -2.559438 -2.509069 -2.456408 -2.401300 -2.343614 -2.283282 -2.220357 -2.155115 -2.088215 -2.020950 -1.955580 -1.895689 -1.846292 -1.813238 -1.801546 -1.813238 -1.846292 -1.895689 -1.955580 -2.020950 -2.088215 -2.155115 -2.220357 -2.283282 -2.343614 -2.401300 -2.456408 -2.509069 -2.559438 -2.607683 -2.653964 
-2.639559 -2.591646 -2.541468 -2.488787 -2.433341 -2.374840 -2.312984 -2.247478 -2.178082 -2.104702 -2.027572 -1.947578 -1.866828 -1.789481 -1.722583 -1.675876 -1.658921 -1.675876 -1.722583 -1.789481 -1.866828 -1.947578 -2.027572 -2.104702 -2.178082 -2.247478 -2.312984 -2.374840 -2.433341 -2.488787 -2.541468 -2.591646 -2.639559 
-2.627687 -2.578376 -2.526527 -2.471830 -2.413918 -2.352370 -2.286692 -2.216327 -2.140661 -2.059079 -1.971099 -1.876694 -1.777017 -1.675876 -1.582209 -1.512201 -1.485614 -1.512201 -1.582209 -1.675876 -1.777017 -1.876694 -1.971099 -2.059079 -2.140661 -2.216327 -2.286692 -2.352370 -2.413918 -2.471830 -2.526527 -2.578376 -2.627687 
-2.618568 -2.568150 -2.514968 -2.458646 -2.398729 -2.334665 -2.265780 -2.191246 -2.110046 -2.020950 -1.922515 -1.813238 -1.692099 -1.560297 -1.425985 -1.313671 -1.267201 -1.313671 -1.425985 -1.560297 -1.692099 -1.813238 -1.922515 -2.020950 -2.110046 -2.191246 -2.265780 -2.334665 -2.398729 -2.458646 -2.514968 -2.568150 -2.618568 
-2.612381 -2.561195 -2.507084 -2.449621 -2.388283 -2.322418 -2.251206 -2.173594 -2.088215 -1.993260 -1.886310 -1.764127 -1.622524 -1.456989 -1.267201 -1.077745 -0.984625 -1.077745 -1.267201 -1.456989 -1.622524 -1.764127 -1.886310 -1.993260 -2.088215 -2.173594 -2.251206 -2.322418 -2.388283 -2.449621 -2.507084 -2.561195 -2.612381 
-2.609255 -2.557675 -2.503086 -2.445034 -2.382958 -2.316153 -2.243715 -2.164463 -2.076822 -1.978629 -1.866828 -1.736946 -1.582209 -1.392171 -1.152135 -0.859943 -0.670073 -0.859943 -1.152135 -1.392171 -1.582209 -1.736946 -1.866828 -1.978629 -2.076822 -2.164463 -2.243715 -2.316153 -2.382958 -2.445034 -2.503086 -2.557675 -2.609255 
-2.608862 -2.557233 -2.502583 -2.444457 -2.382288 -2.315364 -2.242769 -2.163307 -2.075374 -1.976761 -1.864322 -1.733407 -1.576851 -1.383217 -1.134888 -0.820874 -0.601867 -0.820874 -1.134888 -1.383217 -1.576851 -1.733407 -1.864322 -1.976761 -2.075374 -2.163307 -2.242769 -2.315364 -2.382288 -2.444457 -2.502583 -2.557233 -2.608862 
-2.609272 -2.557694 -2.503107 -2.445059 -2.382988 -2.316188 -2.243756 -2.164513 -2.076885 -1.978710 -1.866937 -1.737099 -1.582440 -1.392555 -1.152866 -0.861550 -0.672765 -0.861550 -1.152866 -1.392555 -1.582440 -1.737099 -1.866937 -1.978710 -2.076885 -2.164513 -2.243756 -2.316188 -2.382988 -2.445059 -2.503107 -2.557694 -2.609272 
-2.612432 -2.561252 -2.507148 -2.449695 -2.388368 -2.322519 -2.251326 -2.173740 -2.088397 -1.993492 -1.886618 -1.764551 -1.623142 -1.457950 -1.268799 -1.080400 -0.988034 -1.080400 -1.268799 -1.457950 -1.623142 -1.764551 -1.886618 -1.993492 -2.088397 -2.173740 -2.251326 -2.322519 -2.388368 -2.449695 -2.507148 -2.561252 -2.612432 
-2.618651 -2.568243 -2.515073 -2.458766 -2.398868 -2.334828 -2.265973 -2.191478 -2.110332 -2.021309 -1.922980 -1.813858 -1.692953 -1.561510 -1.427722 -1.316016 -1.269857 -1.316016 -1.427722 -1.561510 -1.692953 -1.813858 -1.922980 -2.021309 -2.110332 -2.191478 -2.265973 -2.334828 -2.398868 -2.458766 -2.515073 -2.568243 -2.618651 
-2.627801 -2.578503 -2.526671 -2.471992 -2.414106 -2.352587 -2.286948 -2.216632 -2.141030 -2.059535 -1.971672 -1.877427 -1.777970 -1.677123 -1.583809 -1.514130 -1.487685 -1.514130 -1.583809 -1.677123 -1.777970 -1.877427 -1.971672 -2.059535 -2.141030 -2.216632 -2.286948 -2.352587 -2.414106 -2.471992 -2.526671 -2.578503 -2.627801 
-2.639701 -2.591804 -2.541645 -2.488988 -2.433570 -2.375105 -2.313292 -2.247841 -2.178514 -2.105223 -2.028207 -1.948361 -1.867795 -1.790666 -1.723998 -1.677478 -1.660597 -1.677478 -1.723998 -1.790666 -1.867795 -1.948361 -2.028207 -2.105223 -2.178514 -2.247841 -2.313292 -2.375105 -2.433570 -2.488988 -2.541645 -2.591804 -2.639701 
-2.654131 -2.607869 -2.559647 -2.509303 -2.456674 -2.401603 -2.343963 -2.283687 -2.220831 -2.155674 -2.088879 -2.021739 -1.956516 -1.896784 -1.847539 -1.814598 -1.802949 -1.814598 -1.847539 -1.896784 -1.956516 -2.021739 -2.088879 -2.155674 -2.220831 -2.283687 -2.343963 -2.401603 -2.456674 -2.509303 -2.559647 -2.607869 -2.654131 
-2.670843 -2.626392 -2.580292 -2.532454 -2.482803 -2.431295 -2.377944 -2.322853 -2.266280 -2.208719 -2.151025 -2.094562 -2.041371 -1.994262 -1.956686 -1.932233 -1.923721 -1.932233 -1.956686 -1.994262 -2.041371 -2.094562 -2.151025 -2.208719 -2.266280 -2.322853 -2.377944 -2.431295 -2.482803 -2.532454 -2.580292 -2.626392 -2.670843 
-2.689575 -2.647052 -2.603190 -2.557960 -2.511362 -2.463443 -2.414319 -2.364212 -2.313497 -2.262768 -2.212915 -2.165208 -2.121353 -2.083478 -2.053970 -2.035122 -2.028629 -2.035122 -2.053970 -2.083478 -2.121353 -2.165208 -2.212915 -2.262768 -2.313497 -2.364212 -2.414319 -2.463443 -2.511362 -2.557960 -2.603190 -2.647052 -2.689575 
-2.710062 -2.669536 -2.627962 -2.585365 -2.541803 -2.497389 -2.452310 -2.406856 -2.361458 -2.316730 -2.273515 -2.232918 -2.196317 -2.165307 -2.141557 -2.126584 -2.121463 -2.126584 -2.141557 -2.165307 -2.196317 -2.232918 -2.273515 -2.316730 -2.361458 -2.406856 -2.452310 -2.497389 -2.541803 -2.585365 -2.627962 -2.669536 -2.710062 
-2.732047 -2.693539 -2.654253 -2.614253 -2.573641 -2.532575 -2.491282 -2.450087 -2.409431 -2.369903 -2.332258 -2.297430 -2.266510 -2.240695 -2.221175 -2.208986 -2.204838 -2.208986 -2.221175 -2.240695 -2.266510 -2.297430 -2.332258 -2.369903 -2.409431 -2.450087 -2.491282 -2.532575 -2.573641 -2.614253 -2.654253 -2.693539 -2.732047 
-2.755286 -2.718781 -2.681741 -2.644257 -2.606462 -2.568539 -2.530737 -2.493386 -2.456914 -2.421860 -2.388880 -2.358747 -2.332323 -2.310513 -2.294181 -2.284054 -2.280621 -2.284054 -2.294181 -2.310513 -2.332323 -2.358747 -2.388880 -2.421860 -2.456914 -2.493386 -2.530737 -2.568539 -2.606462 -2.644257 -2.681741 -2.718781 -2.755286 
-2.779556 -2.745011 -2.710143 -2.675063 -2.639921 -2.604914 -2.570296 -2.536386 -2.503582 -2.472364 -2.443294 -2.417007 -2.394184 -2.375515 -2.361640 -2.353083 -2.350190 -2.353083 -2.361640 -2.375515 -2.394184 -2.417007 -2.443294 -2.472364 -2.503582 -2.536386 -2.570296 -2.604914 -2.639921 -2.675063 -2.710143 -2.745011 -2.779556 
-2.804653 -2.772003 -2.739212 -2.706404 -2.673738 -2.641413 -2.609676 -2.578829 -2.549231 -2.521305 -2.495524 -2.472411 -2.452505 -2.436339 -2.424395 -2.417060 -2.414586 -2.417060 -2.424395 -2.436339 -2.452505 -2.472411 -2.495524 -2.521305 -2.549231 -2.578829 -2.609676 -2.641413 -2.673738 -2.706404 -2.739212 -2.772003 -2.804653 
-2.830398 -2.799562 -2.768741 -2.738063 -2.707690 -2.677815 -2.648675 -2.620545 -2.593749 -2.568650 -2.545651 -2.525176 -2.507661 -2.493519 -2.483120 -2.476755 -2.474611 -2.476755 -2.483120 -2.493519 -2.507661 -2.525176 -2.545651 -2.568650 -2.593749 -2.620545 -2.648675 -2.677815 -2.707690 -2.738063 -2.768741 -2.799562 -2.830398 
-2.856633 -2.827522 -2.798555 -2.769862 -2.741600 -2.713956 -2.687149 -2.661428 -2.637081 -2.614420 -2.593784 -2.575523 -2.559987 -2.547503 -2.538358 -2.532776 -2.530899 -2.532776 -2.538358 -2.547503 -2.559987 -2.575523 -2.593784 -2.614420 -2.637081 -2.661428 -2.687149 -2.713956 -2.741600 -2.769862 -2.798555 -2.827522 -2.856633 
-2.883221 -2.855741 -2.828510 -2.801658 -2.775335 -2.749716 -2.725001 -2.701417 -2.679214 -2.658663 -2.640047 -2.623658 -2.609777 -2.598668 -2.590555 -2.585614 -2.583955 -2.585614 -2.590555 -2.598668 -2.609777 -2.623658 -2.640047 -2.658663 -2.679214 -2.701417 -2.725001 -2.749716 -2.775335 -2.801658 -2.828510 -2.855741 -2.883221 
