55 55
8.179969e-01 0 5
-0.683010 -0.666818 -0.650698 -0.634673 -0.618771 -0.603021 -0.587456 -0.572113 -0.557028 -0.542244 -0.527805 -0.513760 -0.500157 -0.487051 -0.474496 -0.462550 -0.451271 -0.440717 -0.430948 -0.422021 -0.413992 -0.406914 -0.400835 -0.395798 -0.391840 -0.388990 -0.387272 -0.386698 -0.387272 -0.388990 -0.391840 -0.395798 -0.400835 -0.406914 -0.413992 -0.422021 -0.430948 -0.440717 -0.451271 -0.462550 -0.474496 -0.487051 -0.500157 -0.513760 -0.527805 -0.542244 -0.557028 -0.572113 -0.587456 -0.603021 -0.618771 -0.634673 -0.650698 -0.666818 -0.683010 
-0.667129 -0.650376 -0.633674 -0.617047 -0.600523 -0.584132 -0.567908 -0.551888 -0.536112 -0.520624 -0.505471 -0.490705 -0.476378 -0.462550 -0.449280 -0.436630 -0.424665 -0.413452 -0.403055 -0.393540 -0.384970 -0.377405 -0.370900 -0.365504 -0.361261 -0.358205 -0.356361 -0.355745 -0.356361 -0.358205 -0.361261 -0.365504 -0.370900 -0.377405 -0.384970 -0.393540 -0.403055 -0.413452 -0.424665 -0.436630 -0.449280 -0.462550 -0.476378 -0.490705 -0.505471 -0.520624 -0.536112 -0.551888 -0.567908 -0.584132 -0.600523 -0.617047 -0.633674 -0.650376 -0.667129 
-0.651340 -0.634007 -0.616701 -0.599448 -0.582274 -0.565212 -0.548295 -0.531562 -0.515055 -0.498819 -0.482905 -0.467367 -0.452263 -0.437655 -0.423610 -0.410195 -0.397483 -0.385547 -0.374460 -0.364296 -0.355127 -0.347021 -0.340043 -0.334248 -0.329686 -0.326399 -0.324414 -0.323750 -0.324414 -0.326399 -0.329686 -0.334248 -0.340043 -0.347021 -0.355127 -0.364296 -0.374460 -0.385547 -0.397483 -0.410195 -0.423610 -0.437655 -0.452263 -0.467367 -0.482905 -0.498819 -0.515055 -0.531562 -0.548295 -0.565212 -0.582274 -0.599448 -0.616701 -0.634007 -0.651340 
-0.635670 -0.617737 -0.599806 -0.581902 -0.564052 -0.546287 -0.528643 -0.511159 -0.493878 -0.476848 -0.460122 -0.443758 -0.427818 -0.412369 -0.397483 -0.383236 -0.369706 -0.356977 -0.345129 -0.334248 -0.324414 -0.315706 -0.308198 -0.301956 -0.297038 -0.293490 -0.291347 -0.290630 -0.291347 -0.293490 -0.297038 -0.301956 -0.308198 -0.315706 -0.324414 -0.334248 -0.345129 -0.356977 -0.369706 -0.383236 -0.397483 -0.412369 -0.427818 -0.443758 -0.460122 -0.476848 -0.493878 -0.511159 -0.528643 -0.546287 -0.564052 -0.581902 -0.599806 -0.617737 -0.635670 
-0.620145 -0.601595 -0.583018 -0.564439 -0.545884 -0.527386 -0.508980 -0.490705 -0.472606 -0.454734 -0.437143 -0.419894 -0.403055 -0.386698 -0.370900 -0.355745 -0.341320 -0.327717 -0.315029 -0.303351 -0.292777 -0.283397 -0.275295 -0.268550 -0.263230 -0.259388 -0.257066 -0.256289 -0.257066 -0.259388 -0.263230 -0.268550 -0.275295 -0.283397 -0.292777 -0.303351 -0.315029 -0.327717 -0.341320 -0.355745 -0.370900 -0.386698 -0.403055 -0.419894 -0.437143 -0.454734 -0.472606 -0.490705 -0.508980 -0.527386 -0.545884 -0.564439 -0.583018 -0.601595 -0.620145 
-0.604797 -0.585612 -0.566369 -0.547091 -0.527805 -0.508543 -0.489338 -0.470232 -0.451271 -0.432505 -0.413992 -0.395798 -0.377991 -0.360652 -0.343863 -0.327717 -0.312310 -0.297744 -0.284125 -0.271561 -0.260159 -0.250023 -0.241254 -0.233941 -0.228164 -0.223989 -0.221464 -0.220619 -0.221464 -0.223989 -0.228164 -0.233941 -0.241254 -0.250023 -0.260159 -0.271561 -0.284125 -0.297744 -0.312310 -0.327717 -0.343863 -0.360652 -0.377991 -0.395798 -0.413992 -0.432505 -0.451271 -0.470232 -0.489338 -0.508543 -0.527805 -0.547091 -0.566369 -0.585612 -0.604797 
-0.589660 -0.569824 -0.549895 -0.529896 -0.509852 -0.489794 -0.469756 -0.449778 -0.429907 -0.410195 -0.390702 -0.371495 -0.352649 -0.334248 -0.316382 -0.299153 -0.282666 -0.267037 -0.252384 -0.238830 -0.226499 -0.215512 -0.205986 -0.198028 -0.191732 -0.187176 -0.184418 -0.183495 -0.184418 -0.187176 -0.191732 -0.198028 -0.205986 -0.215512 -0.226499 -0.238830 -0.252384 -0.267037 -0.282666 -0.299153 -0.316382 -0.334248 -0.352649 -0.371495 -0.390702 -0.410195 -0.429907 -0.449778 -0.469756 -0.489794 -0.509852 -0.529896 -0.549895 -0.569824 -0.589660 
-0.574769 -0.554267 -0.533636 -0.512894 -0.492067 -0.471183 -0.450276 -0.429386 -0.408558 -0.387845 -0.367310 -0.347021 -0.327058 -0.307509 -0.288473 -0.270059 -0.252384 -0.235577 -0.219772 -0.205109 -0.191732 -0.179781 -0.169395 -0.160699 -0.153808 -0.148814 -0.145789 -0.144776 -0.145789 -0.148814 -0.153808 -0.160699 -0.169395 -0.179781 -0.191732 -0.205109 -0.219772 -0.235577 -0.252384 -0.270059 -0.288473 -0.307509 -0.327058 -0.347021 -0.367310 -0.387845 -0.408558 -0.429386 -0.450276 -0.471183 -0.492067 -0.512894 -0.533636 -0.554267 -0.574769 
-0.560163 -0.538984 -0.517634 -0.496130 -0.474496 -0.452758 -0.430948 -0.409104 -0.387272 -0.365504 -0.343863 -0.322420 -0.301257 -0.280468 -0.260159 -0.240447 -0.221464 -0.203350 -0.186259 -0.170350 -0.155788 -0.142742 -0.131371 -0.121829 -0.114251 -0.108751 -0.105415 -0.104298 -0.105415 -0.108751 -0.114251 -0.121829 -0.131371 -0.142742 -0.155788 -0.170350 -0.186259 -0.203350 -0.221464 -0.240447 -0.260159 -0.280468 -0.301257 -0.322420 -0.343863 -0.365504 -0.387272 -0.409104 -0.430948 -0.452758 -0.474496 -0.496130 -0.517634 -0.538984 -0.560163 
-0.545884 -0.524018 -0.501936 -0.479654 -0.457191 -0.434572 -0.411827 -0.388990 -0.366107 -0.343229 -0.320417 -0.297744 -0.275295 -0.253168 -0.231475 -0.210343 -0.189915 -0.170350 -0.151818 -0.134503 -0.118598 -0.104298 -0.091795 -0.081273 -0.072898 -0.066808 -0.063110 -0.061869 -0.063110 -0.066808 -0.072898 -0.081273 -0.091795 -0.104298 -0.118598 -0.134503 -0.151818 -0.170350 -0.189915 -0.210343 -0.231475 -0.253168 -0.275295 -0.297744 -0.320417 -0.343229 -0.366107 -0.388990 -0.411827 -0.434572 -0.457191 -0.479654 -0.501936 -0.524018 -0.545884 
-0.531977 -0.509416 -0.486592 -0.463518 -0.440208 -0.416685 -0.392974 -0.369109 -0.345129 -0.321086 -0.297038 -0.273059 -0.249234 -0.225664 -0.202468 -0.179781 -0.157760 -0.136578 -0.116430 -0.097525 -0.080087 -0.064346 -0.050533 -0.038871 -0.029561 -0.022778 -0.018652 -0.017267 -0.018652 -0.022778 -0.029561 -0.038871 -0.050533 -0.064346 -0.080087 -0.097525 -0.116430 -0.136578 -0.157760 -0.179781 -0.202468 -0.225664 -0.249234 -0.273059 -0.297038 -0.321086 -0.345129 -0.369109 -0.392974 -0.416685 -0.440208 -0.463518 -0.486592 -0.509416 -0.531977 
-0.518490 -0.495231 -0.471658 -0.447780 -0.423610 -0.399162 -0.374460 -0.349532 -0.324414 -0.299153 -0.273806 -0.248442 -0.223149 -0.198028 -0.173202 -0.148814 -0.125034 -0.102053 -0.080087 -0.059377 -0.040183 -0.022778 -0.007439 0.005563 0.015975 0.023582 0.028217 0.029774 0.028217 0.023582 0.015975 0.005563 -0.007439 -0.022778 -0.040183 -0.059377 -0.080087 -0.102053 -0.125034 -0.148814 -0.173202 -0.198028 -0.223149 -0.248442 -0.273806 -0.299153 -0.324414 -0.349532 -0.374460 -0.399162 -0.423610 -0.447780 -0.471658 -0.495231 -0.518490 
-0.505471 -0.481514 -0.457191 -0.432505 -0.407463 -0.382076 -0.356361 -0.330341 -0.304047 -0.277520 -0.250812 -0.223989 -0.197134 -0.170350 -0.143760 -0.117515 -0.091795 -0.066808 -0.042796 -0.020032 0.001182 0.020522 0.037651 0.052237 0.063963 0.072558 0.077806 0.079570 0.077806 0.072558 0.063963 0.052237 0.037651 0.020522 0.001182 -0.020032 -0.042796 -0.066808 -0.091795 -0.117515 -0.143760 -0.170350 -0.197134 -0.223989 -0.250812 -0.277520 -0.304047 -0.330341 -0.356361 -0.382076 -0.407463 -0.432505 -0.457191 -0.481514 -0.505471 
-0.492973 -0.468324 -0.443253 -0.417757 -0.391840 -0.365504 -0.338761 -0.311627 -0.284125 -0.256289 -0.228164 -0.199809 -0.171302 -0.142742 -0.114251 -0.085983 -0.058126 -0.030904 -0.004586 0.020522 0.044068 0.065667 0.084913 0.101389 0.114700 0.124492 0.130487 0.132506 0.130487 0.124492 0.114700 0.101389 0.084913 0.065667 0.044068 0.020522 -0.004586 -0.030904 -0.058126 -0.085983 -0.114251 -0.142742 -0.171302 -0.199809 -0.228164 -0.256289 -0.284125 -0.311627 -0.338761 -0.365504 -0.391840 -0.417757 -0.443253 -0.468324 -0.492973 
-0.481050 -0.455718 -0.429907 -0.403609 -0.376817 -0.349532 -0.321753 -0.293490 -0.264757 -0.235577 -0.205986 -0.176034 -0.145789 -0.115342 -0.084811 -0.054347 -0.024144 0.005563 0.034482 0.062267 0.088515 0.112770 0.134535 0.153291 0.168531 0.179795 0.186714 0.189048 0.186714 0.179795 0.168531 0.153291 0.134535 0.112770 0.088515 0.062267 0.034482 0.005563 -0.024144 -0.054347 -0.084811 -0.115342 -0.145789 -0.176034 -0.205986 -0.235577 -0.264757 -0.293490 -0.321753 -0.349532 -0.376817 -0.403609 -0.429907 -0.455718 -0.481050 
-0.469756 -0.443758 -0.417221 -0.390132 -0.362478 -0.334248 -0.305435 -0.276038 -0.246060 -0.215512 -0.184418 -0.152814 -0.120754 -0.088318 -0.055611 -0.022778 0.009992 0.042454 0.074299 0.105146 0.134535 0.161926 0.186714 0.208246 0.225867 0.238966 0.247047 0.249778 0.247047 0.238966 0.225867 0.208246 0.186714 0.161926 0.134535 0.105146 0.074299 0.042454 0.009992 -0.022778 -0.055611 -0.088318 -0.120754 -0.152814 -0.184418 -0.215512 -0.246060 -0.276038 -0.305435 -0.334248 -0.362478 -0.390132 -0.417221 -0.443758 -0.469756 
-0.459147 -0.432505 -0.405264 -0.377405 -0.348905 -0.319747 -0.289913 -0.259388 -0.228164 -0.196239 -0.163618 -0.130321 -0.096386 -0.061869 -0.026862 0.008510 0.044068 0.079570 0.114700 0.149044 0.182087 0.213199 0.241641 0.266592 0.287192 0.302620 0.312187 0.315431 0.312187 0.302620 0.287192 0.266592 0.241641 0.213199 0.182087 0.149044 0.114700 0.079570 0.044068 0.008510 -0.026862 -0.061869 -0.096386 -0.130321 -0.163618 -0.196239 -0.228164 -0.259388 -0.289913 -0.319747 -0.348905 -0.377405 -0.405264 -0.432505 -0.459147 
-0.449280 -0.422021 -0.394106 -0.365504 -0.336188 -0.306128 -0.275295 -0.243664 -0.211209 -0.177912 -0.143760 -0.108751 -0.072898 -0.036233 0.001182 0.039246 0.077806 0.116639 0.155432 0.193759 0.231053 0.266592 0.299484 0.328690 0.353076 0.371516 0.383030 0.386948 0.383030 0.371516 0.353076 0.328690 0.299484 0.266592 0.231053 0.193759 0.155432 0.116639 0.077806 0.039246 0.001182 -0.036233 -0.072898 -0.108751 -0.143760 -0.177912 -0.211209 -0.243664 -0.275295 -0.306128 -0.336188 -0.365504 -0.394106 -0.422021 -0.449280 
-0.440208 -0.412369 -0.383815 -0.354509 -0.324414 -0.293490 -0.261697 -0.228994 -0.195341 -0.160699 -0.125034 -0.088318 -0.050533 -0.011680 0.028217 0.069098 0.110850 0.153291 0.196136 0.238966 0.281191 0.322002 0.360344 0.394909 0.424188 0.446605 0.460734 0.465566 0.460734 0.446605 0.424188 0.394909 0.360344 0.322002 0.281191 0.238966 0.196136 0.153291 0.110850 0.069098 0.028217 -0.011680 -0.050533 -0.088318 -0.125034 -0.160699 -0.195341 -0.228994 -0.261697 -0.293490 -0.324414 -0.354509 -0.383815 -0.412369 -0.440208 
-0.431986 -0.403609 -0.374460 -0.344497 -0.313672 -0.281935 -0.249234 -0.215512 -0.180713 -0.144776 -0.107642 -0.069255 -0.029561 0.011479 0.053891 0.097668 0.142760 0.189048 0.236310 0.284180 0.332079 0.379152 0.424188 0.465566 0.501281 0.529088 0.546841 0.552955 0.546841 0.529088 0.501281 0.465566 0.424188 0.379152 0.332079 0.284180 0.236310 0.189048 0.142760 0.097668 0.053891 0.011479 -0.029561 -0.069255 -0.107642 -0.144776 -0.180713 -0.215512 -0.249234 -0.281935 -0.313672 -0.344497 -0.374460 -0.403609 -0.431986 
-0.424665 -0.395798 -0.366107 -0.335542 -0.304047 -0.271561 -0.238019 -0.203350 -0.167478 -0.130321 -0.091795 -0.051809 -0.010271 0.032906 0.077806 0.124492 0.172997 0.223299 0.275284 0.328690 0.383030 0.437475 0.490720 0.540827 0.585155 0.620474 0.643437 0.651427 0.643437 0.620474 0.585155 0.540827 0.490720 0.437475 0.383030 0.328690 0.275284 0.223299 0.172997 0.124492 0.077806 0.032906 -0.010271 -0.051809 -0.091795 -0.130321 -0.167478 -0.203350 -0.238019 -0.271561 -0.304047 -0.335542 -0.366107 -0.395798 -0.424665 
-0.418293 -0.388990 -0.358818 -0.327717 -0.295622 -0.262464 -0.228164 -0.192637 -0.155788 -0.117515 -0.077705 -0.036233 0.007034 0.052237 0.099524 0.149044 0.200934 0.255301 0.312187 0.371516 0.432993 0.495962 0.559172 0.620474 0.676510 0.722624 0.753426 0.764311 0.753426 0.722624 0.676510 0.620474 0.559172 0.495962 0.432993 0.371516 0.312187 0.255301 0.200934 0.149044 0.099524 0.052237 0.007034 -0.036233 -0.077705 -0.117515 -0.155788 -0.192637 -0.228164 -0.262464 -0.295622 -0.327717 -0.358818 -0.388990 -0.418293 
-0.412911 -0.383236 -0.352649 -0.321086 -0.288473 -0.254732 -0.219772 -0.183495 -0.145789 -0.106530 -0.065579 -0.022778 0.022049 0.069098 0.118587 0.170758 0.225867 0.284180 0.345947 0.411357 0.480452 0.552955 0.627968 0.703465 0.775537 0.837663 0.880918 0.896595 0.880918 0.837663 0.775537 0.703465 0.627968 0.552955 0.480452 0.411357 0.345947 0.284180 0.225867 0.170758 0.118587 0.069098 0.022049 -0.022778 -0.065579 -0.106530 -0.145789 -0.183495 -0.219772 -0.254732 -0.288473 -0.321086 -0.352649 -0.383236 -0.412911 
-0.408558 -0.378577 -0.347650 -0.315706 -0.282666 -0.248442 -0.212936 -0.176034 -0.137612 -0.097525 -0.055611 -0.011680 0.034482 0.083124 0.134535 0.189048 0.247047 0.308971 0.375314 0.446605 0.523356 0.605933 0.694254 0.787127 0.880918 0.967359 1.031699 1.056076 1.031699 0.967359 0.880918 0.787127 0.694254 0.605933 0.523356 0.446605 0.375314 0.308971 0.247047 0.189048 0.134535 0.083124 0.034482 -0.011680 -0.055611 -0.097525 -0.137612 -0.176034 -0.212936 -0.248442 -0.282666 -0.315706 -0.347650 -0.378577 -0.408558 
-0.405264 -0.375050 -0.343863 -0.311627 -0.278259 -0.243664 -0.207734 -0.170350 -0.131371 -0.090639 -0.047970 -0.003151 0.044068 0.093981 0.146938 0.203356 0.263737 0.328690 0.398953 0.475423 0.559172 0.651427 0.753426 0.865906 0.987521 1.110634 1.213000 1.255216 1.213000 1.110634 0.987521 0.865906 0.753426 0.651427 0.559172 0.475423 0.398953 0.328690 0.263737 0.203356 0.146938 0.093981 0.044068 -0.003151 -0.047970 -0.090639 -0.131371 -0.170350 -0.207734 -0.243664 -0.278259 -0.311627 -0.343863 -0.375050 -0.405264 
-0.403055 -0.372683 -0.341320 -0.308886 -0.275295 -0.240447 -0.204231 -0.166516 -0.127157 -0.085983 -0.042796 0.002637 0.050589 0.101389 0.155432 0.213199 0.275284 0.342432 0.415585 0.495962 0.585155 0.685273 0.799105 0.930204 1.082286 1.255216 1.426715 1.510813 1.426715 1.255216 1.082286 0.930204 0.799105 0.685273 0.585155 0.495962 0.415585 0.342432 0.275284 0.213199 0.155432 0.101389 0.050589 0.002637 -0.042796 -0.085983 -0.127157 -0.166516 -0.204231 -0.240447 -0.275295 -0.308886 -0.341320 -0.372683 -0.403055 
-0.401946 -0.371495 -0.340043 -0.307509 -0.273806 -0.238830 -0.202468 -0.164586 -0.125034 -0.083635 -0.040183 0.005563 0.053891 0.105146 0.159749 0.218216 0.281191 0.349495 0.424188 0.506677 0.598875 0.703465 0.824341 0.967359 1.141506 1.359470 1.623507 1.796325 1.623507 1.359470 1.141506 0.967359 0.824341 0.703465 0.598875 0.506677 0.424188 0.349495 0.281191 0.218216 0.159749 0.105146 0.053891 0.005563 -0.040183 -0.083635 -0.125034 -0.164586 -0.202468 -0.238830 -0.273806 -0.307509 -0.340043 -0.371495 -0.401946 
-0.401808 -0.371346 -0.339883 -0.307337 -0.273619 -0.238628 -0.202247 -0.164344 -0.124768 -0.083340 -0.039856 0.005930 0.054305 0.105619 0.160292 0.218848 0.281936 0.350387 0.425277 0.508038 0.600626 0.705804 0.827624 0.972291 1.149673 1.375069 1.658901 1.859173 1.658901 1.375069 1.149673 0.972291 0.827624 0.705804 0.600626 0.508038 0.425277 0.350387 0.281936 0.218848 0.160292 0.105619 0.054305 0.005930 -0.039856 -0.083340 -0.124768 -0.164344 -0.202247 -0.238628 -0.273619 -0.307337 -0.339883 -0.371346 -0.401808 
-0.401952 -0.371502 -0.340049 -0.307517 -0.273814 -0.238839 -0.202477 -0.164597 -0.125046 -0.083648 -0.040198 0.005547 0.053873 0.105126 0.159726 0.218189 0.281159 0.349456 0.424140 0.506618 0.598799 0.703364 0.824199 0.967146 1.141155 1.358809 1.622052 1.793855 1.622052 1.358809 1.141155 0.967146 0.824199 0.703364 0.598799 0.506618 0.424140 0.349456 0.281159 0.218189 0.159726 0.105126 0.053873 0.005547 -0.040198 -0.083648 -0.125046 -0.164597 -0.202477 -0.238839 -0.273814 -0.307517 -0.340049 -0.371502 -0.401952 
-0.403073 -0.372703 -0.341340 -0.308909 -0.275319 -0.240474 -0.204259 -0.166547 -0.127191 -0.086021 -0.042838 0.002590 0.050536 0.101329 0.155363 0.213118 0.275189 0.342318 0.415448 0.495792 0.584938 0.684986 0.798711 0.929634 1.081407 1.253765 1.424316 1.507735 1.424316 1.253765 1.081407 0.929634 0.798711 0.684986 0.584938 0.495792 0.415448 0.342318 0.275189 0.213118 0.155363 0.101329 0.050536 0.002590 -0.042838 -0.086021 -0.127191 -0.166547 -0.204259 -0.240474 -0.275319 -0.308909 -0.341340 -0.372703 -0.403073 
-0.405294 -0.375082 -0.343897 -0.311664 -0.278299 -0.243707 -0.207781 -0.170401 -0.131427 -0.090701 -0.048040 -0.003229 0.043981 0.093882 0.146825 0.203225 0.263584 0.328509 0.398734 0.475155 0.558835 0.650992 0.752850 0.865115 0.986405 1.109047 1.210867 1.252805 1.210867 1.109047 0.986405 0.865115 0.752850 0.650992 0.558835 0.475155 0.398734 0.328509 0.263584 0.203225 0.146825 0.093882 0.043981 -0.003229 -0.048040 -0.090701 -0.131427 -0.170401 -0.207781 -0.243707 -0.278299 -0.311664 -0.343897 -0.375082 -0.405294 
-0.408599 -0.378621 -0.347698 -0.315757 -0.282721 -0.248502 -0.213000 -0.176105 -0.137690 -0.097611 -0.055706 -0.011786 0.034363 0.082990 0.134382 0.188871 0.246842 0.308730 0.375027 0.446257 0.522928 0.605397 0.693570 0.786240 0.879764 0.965885 1.029930 1.054179 1.029930 0.965885 0.879764 0.786240 0.693570 0.605397 0.522928 0.446257 0.375027 0.308730 0.246842 0.188871 0.134382 0.082990 0.034363 -0.011786 -0.055706 -0.097611 -0.137690 -0.176105 -0.213000 -0.248502 -0.282721 -0.315757 -0.347698 -0.378621 -0.408599 
-0.412963 -0.383292 -0.352709 -0.321150 -0.288543 -0.254807 -0.219854 -0.183584 -0.145887 -0.106638 -0.065698 -0.022910 0.021901 0.068931 0.118398 0.170541 0.225617 0.283889 0.345605 0.410951 0.479962 0.552358 0.627236 0.702563 0.774434 0.836351 0.879436 0.895046 0.879436 0.836351 0.774434 0.702563 0.627236 0.552358 0.479962 0.410951 0.345605 0.283889 0.225617 0.170541 0.118398 0.068931 0.021901 -0.022910 -0.065698 -0.106638 -0.145887 -0.183584 -0.219854 -0.254807 -0.288543 -0.321150 -0.352709 -0.383292 -0.412963 
-0.418356 -0.389058 -0.358890 -0.327795 -0.295706 -0.262555 -0.228262 -0.192744 -0.155905 -0.117644 -0.077846 -0.036389 0.006859 0.052041 0.099304 0.148795 0.200649 0.254972 0.311805 0.371069 0.432466 0.495338 0.558431 0.619597 0.675487 0.721462 0.752160 0.763006 0.752160 0.721462 0.675487 0.619597 0.558431 0.495338 0.432466 0.371069 0.311805 0.254972 0.200649 0.148795 0.099304 0.052041 0.006859 -0.036389 -0.077846 -0.117644 -0.155905 -0.192744 -0.228262 -0.262555 -0.295706 -0.327795 -0.358890 -0.389058 -0.418356 
-0.424739 -0.395876 -0.366191 -0.335633 -0.304144 -0.271666 -0.238133 -0.203473 -0.167612 -0.130468 -0.091956 -0.051987 -0.010469 0.032686 0.077559 0.124214 0.172683 0.222942 0.274875 0.328219 0.382485 0.436845 0.489993 0.539994 0.584215 0.619438 0.642334 0.650299 0.642334 0.619438 0.584215 0.539994 0.489993 0.436845 0.382485 0.328219 0.274875 0.222942 0.172683 0.124214 0.077559 0.032686 -0.010469 -0.051987 -0.091956 -0.130468 -0.167612 -0.203473 -0.238133 -0.271666 -0.304144 -0.335633 -0.366191 -0.395876 -0.424739 
-0.432070 -0.403698 -0.374555 -0.344599 -0.313781 -0.282053 -0.249361 -0.215650 -0.180863 -0.144939 -0.107821 -0.069451 -0.029778 0.011239 0.053623 0.097369 0.142425 0.188670 0.235884 0.283696 0.331530 0.378530 0.423486 0.464783 0.500418 0.528157 0.545864 0.551961 0.545864 0.528157 0.500418 0.464783 0.423486 0.378530 0.331530 0.283696 0.235884 0.188670 0.142425 0.097369 0.053623 0.011239 -0.029778 -0.069451 -0.107821 -0.144939 -0.180863 -0.215650 -0.249361 -0.282053 -0.313781 -0.344599 -0.374555 -0.403698 -0.432070 
-0.440301 -0.412468 -0.383920 -0.354622 -0.324535 -0.293620 -0.261837 -0.229146 -0.195505 -0.160878 -0.125228 -0.088530 -0.050767 -0.011937 0.027933 0.068783 0.110501 0.152901 0.195700 0.238480 0.280648 0.321397 0.359674 0.394174 0.423393 0.445761 0.459858 0.464678 0.459858 0.445761 0.423393 0.394174 0.359674 0.321397 0.280648 0.238480 0.195700 0.152901 0.110501 0.068783 0.027933 -0.011937 -0.050767 -0.088530 -0.125228 -0.160878 -0.195505 -0.229146 -0.261837 -0.293620 -0.324535 -0.354622 -0.383920 -0.412468 -0.440301 
-0.449381 -0.422130 -0.394221 -0.365627 -0.336320 -0.306269 -0.275447 -0.243827 -0.211386 -0.178103 -0.143968 -0.108977 -0.073144 -0.036503 0.000885 0.038919 0.077446 0.116242 0.154994 0.193275 0.230520 0.266007 0.298846 0.328002 0.352342 0.370744 0.382234 0.386144 0.382234 0.370744 0.352342 0.328002 0.298846 0.266007 0.230520 0.193275 0.154994 0.116242 0.077446 0.038919 0.000885 -0.036503 -0.073144 -0.108977 -0.143968 -0.178103 -0.211386 -0.243827 -0.275447 -0.306269 -0.336320 -0.365627 -0.394221 -0.422130 -0.449381 
-0.459257 -0.432622 -0.405389 -0.377537 -0.349047 -0.319898 -0.290075 -0.259562 -0.228352 -0.196441 -0.163837 -0.130559 -0.096643 -0.062150 -0.027167 0.008176 0.043703 0.079171 0.114263 0.148568 0.181569 0.212636 0.241035 0.265945 0.286509 0.301910 0.311459 0.314696 0.311459 0.301910 0.286509 0.265945 0.241035 0.212636 0.181569 0.148568 0.114263 0.079171 0.043703 0.008176 -0.027167 -0.062150 -0.096643 -0.130559 -0.163837 -0.196441 -0.228352 -0.259562 -0.290075 -0.319898 -0.349047 -0.377537 -0.405389 -0.432622 -0.459257 
-0.469874 -0.443883 -0.417354 -0.390273 -0.362628 -0.334408 -0.305607 -0.276222 -0.246257 -0.215724 -0.184646 -0.153060 -0.121020 -0.088605 -0.055922 -0.023116 0.009625 0.042056 0.073868 0.104680 0.134032 0.161387 0.186139 0.207638 0.225230 0.238308 0.246374 0.249101 0.246374 0.238308 0.225230 0.207638 0.186139 0.161387 0.134032 0.104680 0.073868 0.042056 0.009625 -0.023116 -0.055922 -0.088605 -0.121020 -0.153060 -0.184646 -0.215724 -0.246257 -0.276222 -0.305607 -0.334408 -0.362628 -0.390273 -0.417354 -0.443883 -0.469874 
-0.481175 -0.455850 -0.430047 -0.403757 -0.376975 -0.349700 -0.321933 -0.293682 -0.264962 -0.235796 -0.206221 -0.176287 -0.146061 -0.115635 -0.085126 -0.054687 -0.024510 0.005168 0.034057 0.061812 0.088029 0.112253 0.133989 0.152718 0.167935 0.179181 0.186089 0.188419 0.186089 0.179181 0.167935 0.152718 0.133989 0.112253 0.088029 0.061812 0.034057 0.005168 -0.024510 -0.054687 -0.085126 -0.115635 -0.146061 -0.176287 -0.206221 -0.235796 -0.264962 -0.293682 -0.321933 -0.349700 -0.376975 -0.403757 -0.430047 -0.455850 -0.481175 
-0.493105 -0.468463 -0.443399 -0.417913 -0.392004 -0.365679 -0.338948 -0.311826 -0.284337 -0.256515 -0.228405 -0.200067 -0.171579 -0.143037 -0.114568 -0.086323 -0.058489 -0.031293 -0.005001 0.020080 0.043599 0.065172 0.084393 0.100847 0.114139 0.123916 0.129903 0.131918 0.129903 0.123916 0.114139 0.100847 0.084393 0.065172 0.043599 0.020080 -0.005001 -0.031293 -0.058489 -0.086323 -0.114568 -0.143037 -0.171579 -0.200067 -0.228405 -0.256515 -0.284337 -0.311826 -0.338948 -0.365679 -0.392004 -0.417913 -0.443399 -0.468463 -0.493105 
-0.505608 -0.481659 -0.457344 -0.432666 -0.407634 -0.382257 -0.356553 -0.330545 -0.304264 -0.277750 -0.251057 -0.224250 -0.197413 -0.170647 -0.144077 -0.117853 -0.092155 -0.067190 -0.043201 -0.020461 0.000729 0.020047 0.037156 0.051722 0.063434 0.072016 0.077257 0.079019 0.077257 0.072016 0.063434 0.051722 0.037156 0.020047 0.000729 -0.020461 -0.043201 -0.067190 -0.092155 -0.117853 -0.144077 -0.170647 -0.197413 -0.224250 -0.251057 -0.277750 -0.304264 -0.330545 -0.356553 -0.382257 -0.407634 -0.432666 -0.457344 -0.481659 -0.505608 
-0.518632 -0.495381 -0.471816 -0.447947 -0.423786 -0.399348 -0.374657 -0.349740 -0.324635 -0.299387 -0.274054 -0.248706 -0.223429 -0.198325 -0.173517 -0.149149 -0.125388 -0.102427 -0.080483 -0.059794 -0.040620 -0.023233 -0.007912 0.005074 0.015473 0.023070 0.027699 0.029254 0.027699 0.023070 0.015473 0.005074 -0.007912 -0.023233 -0.040620 -0.059794 -0.080483 -0.102427 -0.125388 -0.149149 -0.173517 -0.198325 -0.223429 -0.248706 -0.274054 -0.299387 -0.324635 -0.349740 -0.374657 -0.399348 -0.423786 -0.447947 -0.471816 -0.495381 -0.518632 
-0.532125 -0.509571 -0.486755 -0.463689 -0.440389 -0.416875 -0.393175 -0.369321 -0.345353 -0.321323 -0.297289 -0.273324 -0.249514 -0.225960 -0.202781 -0.180112 -0.158108 -0.136945 -0.116815 -0.097929 -0.080508 -0.064784 -0.050986 -0.039337 -0.030038 -0.023263 -0.019142 -0.017759 -0.019142 -0.023263 -0.030038 -0.039337 -0.050986 -0.064784 -0.080508 -0.097929 -0.116815 -0.136945 -0.158108 -0.180112 -0.202781 -0.225960 -0.249514 -0.273324 -0.297289 -0.321323 -0.345353 -0.369321 -0.393175 -0.416875 -0.440389 -0.463689 -0.486755 -0.509571 -0.532125 
-0.546036 -0.524176 -0.502102 -0.479829 -0.457375 -0.434766 -0.412031 -0.389205 -0.366334 -0.343467 -0.320669 -0.298010 -0.275575 -0.253463 -0.231785 -0.210669 -0.190258 -0.170708 -0.152193 -0.134894 -0.119005 -0.104719 -0.092229 -0.081718 -0.073352 -0.067269 -0.063575 -0.062336 -0.063575 -0.067269 -0.073352 -0.081718 -0.092229 -0.104719 -0.119005 -0.134894 -0.152193 -0.170708 -0.190258 -0.210669 -0.231785 -0.253463 -0.275575 -0.298010 -0.320669 -0.343467 -0.366334 -0.389205 -0.412031 -0.434766 -0.457375 -0.479829 -0.502102 -0.524176 -0.546036 
-0.560318 -0.539146 -0.517804 -0.496309 -0.474684 -0.452955 -0.431155 -0.409321 -0.387500 -0.365744 -0.344115 -0.322685 -0.301535 -0.280760 -0.260465 -0.240768 -0.221799 -0.203700 -0.186624 -0.170729 -0.156181 -0.143147 -0.131787 -0.122255 -0.114685 -0.109191 -0.105859 -0.104743 -0.105859 -0.109191 -0.114685 -0.122255 -0.131787 -0.143147 -0.156181 -0.170729 -0.186624 -0.203700 -0.221799 -0.240768 -0.260465 -0.280760 -0.301535 -0.322685 -0.344115 -0.365744 -0.387500 -0.409321 -0.431155 -0.452955 -0.474684 -0.496309 -0.517804 -0.539146 -0.560318 
-0.574927 -0.554433 -0.533809 -0.513076 -0.492257 -0.471382 -0.450485 -0.429604 -0.408787 -0.388086 -0.367562 -0.347285 -0.327334 -0.307798 -0.288775 -0.270374 -0.252713 -0.235919 -0.220127 -0.205477 -0.192111 -0.180172 -0.169795 -0.161108 -0.154224 -0.149235 -0.146213 -0.145201 -0.146213 -0.149235 -0.154224 -0.161108 -0.169795 -0.180172 -0.192111 -0.205477 -0.220127 -0.235919 -0.252713 -0.270374 -0.288775 -0.307798 -0.327334 -0.347285 -0.367562 -0.388086 -0.408787 -0.429604 -0.450485 -0.471382 -0.492257 -0.513076 -0.533809 -0.554433 -0.574927 
-0.589821 -0.569992 -0.550071 -0.530080 -0.510045 -0.489995 -0.469966 -0.449998 -0.430137 -0.410435 -0.390953 -0.371757 -0.352923 -0.334533 -0.316680 -0.299463 -0.282988 -0.267371 -0.252730 -0.239187 -0.226866 -0.215889 -0.206372 -0.198421 -0.192131 -0.187579 -0.184824 -0.183902 -0.184824 -0.187579 -0.192131 -0.198421 -0.206372 -0.215889 -0.226866 -0.239187 -0.252730 -0.267371 -0.282988 -0.299463 -0.316680 -0.334533 -0.352923 -0.371757 -0.390953 -0.410435 -0.430137 -0.449998 -0.469966 -0.489995 -0.510045 -0.530080 -0.550071 -0.569992 -0.589821 
-0.604961 -0.585783 -0.566547 -0.547277 -0.527999 -0.508745 -0.489549 -0.470452 -0.451500 -0.432744 -0.414242 -0.396058 -0.378262 -0.360934 -0.344156 -0.328021 -0.312625 -0.298070 -0.284462 -0.271908 -0.260515 -0.250388 -0.241626 -0.234320 -0.228548 -0.224377 -0.221854 -0.221010 -0.221854 -0.224377 -0.228548 -0.234320 -0.241626 -0.250388 -0.260515 -0.271908 -0.284462 -0.298070 -0.312625 -0.328021 -0.344156 -0.360934 -0.378262 -0.396058 -0.414242 -0.432744 -0.451500 -0.470452 -0.489549 -0.508745 -0.527999 -0.547277 -0.566547 -0.585783 -0.604961 
-0.620311 -0.601768 -0.583198 -0.564626 -0.546079 -0.527589 -0.509191 -0.490925 -0.472835 -0.454972 -0.437391 -0.420152 -0.403323 -0.386975 -0.371188 -0.356043 -0.341628 -0.328035 -0.315357 -0.303688 -0.293122 -0.283749 -0.275655 -0.268916 -0.263600 -0.259761 -0.257441 -0.256665 -0.257441 -0.259761 -0.263600 -0.268916 -0.275655 -0.283749 -0.293122 -0.303688 -0.315357 -0.328035 -0.341628 -0.356043 -0.371188 -0.386975 -0.403323 -0.420152 -0.437391 -0.454972 -0.472835 -0.490925 -0.509191 -0.527589 -0.546079 -0.564626 -0.583198 -0.601768 -0.620311 
-0.635838 -0.617911 -0.599987 -0.582090 -0.564247 -0.546490 -0.528854 -0.511378 -0.494106 -0.477085 -0.460368 -0.444013 -0.428082 -0.412643 -0.397766 -0.383528 -0.370008 -0.357287 -0.345448 -0.334575 -0.324749 -0.316048 -0.308546 -0.302309 -0.297395 -0.293850 -0.291709 -0.290993 -0.291709 -0.293850 -0.297395 -0.302309 -0.308546 -0.316048 -0.324749 -0.334575 -0.345448 -0.357287 -0.370008 -0.383528 -0.397766 -0.412643 -0.428082 -0.444013 -0.460368 -0.477085 -0.494106 -0.511378 -0.528854 -0.546490 -0.564247 -0.582090 -0.599987 -0.617911 -0.635838 
-0.651510 -0.634183 -0.616883 -0.599637 -0.582470 -0.565415 -0.548506 -0.531781 -0.515282 -0.499054 -0.483149 -0.467619 -0.452524 -0.437925 -0.423888 -0.410482 -0.397778 -0.385850 -0.374771 -0.364615 -0.355452 -0.347353 -0.340379 -0.334589 -0.330031 -0.326746 -0.324763 -0.324100 -0.324763 -0.326746 -0.330031 -0.334589 -0.340379 -0.347353 -0.355452 -0.364615 -0.374771 -0.385850 -0.397778 -0.410482 -0.423888 -0.437925 -0.452524 -0.467619 -0.483149 -0.499054 -0.515282 -0.531781 -0.548506 -0.565415 -0.582470 -0.599637 -0.616883 -0.634183 -0.651510 
-0.667299 -0.650553 -0.633857 -0.617236 -0.600719 -0.584335 -0.568118 -0.552106 -0.536337 -0.520857 -0.505713 -0.490954 -0.476636 -0.462815 -0.449553 -0.436911 -0.424954 -0.413748 -0.403359 -0.393850 -0.385286 -0.377726 -0.371226 -0.365835 -0.361595 -0.358541 -0.356698 -0.356083 -0.356698 -0.358541 -0.361595 -0.365835 -0.371226 -0.377726 -0.385286 -0.393850 -0.403359 -0.413748 -0.424954 -0.436911 -0.449553 -0.462815 -0.476636 -0.490954 -0.505713 -0.520857 -0.536337 -0.552106 -0.568118 -0.584335 -0.600719 -0.617236 -0.633857 -0.650553 -0.667299 
-0.683181 -0.666995 -0.650881 -0.634862 -0.618967 -0.603224 -0.587666 -0.572329 -0.557252 -0.542475 -0.528044 -0.514006 -0.500411 -0.487312 -0.474765 -0.462826 -0.451553 -0.441007 -0.431244 -0.422323 -0.414300 -0.407227 -0.401152 -0.396118 -0.392163 -0.389316 -0.387599 -0.387025 -0.387599 -0.389316 -0.392163 -0.396118 -0.401152 -0.407227 -0.414300 -0.422323 -0.431244 -0.441007 -0.451553 -0.462826 -0.474765 -0.487312 -0.500411 -0.514006 -0.528044 -0.542475 -0.557252 -0.572329 -0.587666 -0.603224 -0.618967 -0.634862 -0.650881 -0.666995 -0.683181 
