47 47
2.375959e-01 0 5
-1.494317 -1.474923 -1.455643 -1.436517 -1.417591 -1.398916 -1.380551 -1.362556 -1.345000 -1.327958 -1.311510 -1.295741 -1.280740 -1.266601 -1.253419 -1.241292 -1.230315 -1.220580 -1.212176 -1.205180 -1.199663 -1.195679 -1.193272 -1.192467 -1.193272 -1.195679 -1.199663 -1.205180 -1.212176 -1.220580 -1.230315 -1.241292 -1.253419 -1.266601 -1.280740 -1.295741 -1.311510 -1.327958 -1.345000 -1.362556 -1.380551 -1.398916 -1.417591 -1.436517 -1.455643 -1.474923 -1.494317 
-1.475363 -1.455185 -1.435087 -1.415109 -1.395300 -1.375710 -1.356401 -1.337438 -1.318893 -1.300846 -1.283384 -1.266601 -1.250595 -1.235471 -1.221337 -1.208303 -1.196479 -1.185972 -1.176884 -1.169307 -1.163323 -1.158999 -1.156383 -1.155508 -1.156383 -1.158999 -1.163323 -1.169307 -1.176884 -1.185972 -1.196479 -1.208303 -1.221337 -1.235471 -1.250595 -1.266601 -1.283384 -1.300846 -1.318893 -1.337438 -1.356401 -1.375710 -1.395300 -1.415109 -1.435087 -1.455185 -1.475363 
-1.456557 -1.435564 -1.414612 -1.393741 -1.373000 -1.352442 -1.332129 -1.312130 -1.292521 -1.273388 -1.254825 -1.236933 -1.219823 -1.203611 -1.188419 -1.174372 -1.161598 -1.150221 -1.140358 -1.132121 -1.125606 -1.120892 -1.118039 -1.117084 -1.118039 -1.120892 -1.125606 -1.132121 -1.140358 -1.150221 -1.161598 -1.174372 -1.188419 -1.203611 -1.219823 -1.236933 -1.254825 -1.273388 -1.292521 -1.312130 -1.332129 -1.352442 -1.373000 -1.393741 -1.414612 -1.435564 -1.456557 
-1.437942 -1.416103 -1.394261 -1.372456 -1.350735 -1.329154 -1.307774 -1.286668 -1.265916 -1.245609 -1.225848 -1.206744 -1.188419 -1.171002 -1.154631 -1.139451 -1.125606 -1.113242 -1.102499 -1.093508 -1.086383 -1.081222 -1.078095 -1.077047 -1.078095 -1.081222 -1.086383 -1.093508 -1.102499 -1.113242 -1.125606 -1.139451 -1.154631 -1.171002 -1.188419 -1.206744 -1.225848 -1.245609 -1.265916 -1.286668 -1.307774 -1.329154 -1.350735 -1.372456 -1.394261 -1.416103 -1.437942 
-1.419566 -1.396853 -1.374086 -1.351305 -1.328557 -1.305895 -1.283384 -1.261097 -1.239118 -1.217542 -1.196479 -1.176048 -1.156383 -1.137630 -1.119943 -1.103487 -1.088431 -1.074945 -1.063195 -1.053337 -1.045509 -1.039829 -1.036384 -1.035230 -1.036384 -1.039829 -1.045509 -1.053337 -1.063195 -1.074945 -1.088431 -1.103487 -1.119943 -1.137630 -1.156383 -1.176048 -1.196479 -1.217542 -1.239118 -1.261097 -1.283384 -1.305895 -1.328557 -1.351305 -1.374086 -1.396853 -1.419566 
-1.401483 -1.377868 -1.354143 -1.330346 -1.306522 -1.282724 -1.259016 -1.235471 -1.212176 -1.189231 -1.166752 -1.144869 -1.123726 -1.103487 -1.084326 -1.066431 -1.049999 -1.035230 -1.022321 -1.011459 -1.002815 -0.996530 -0.992714 -0.991435 -0.992714 -0.996530 -1.002815 -1.011459 -1.022321 -1.035230 -1.049999 -1.066431 -1.084326 -1.103487 -1.123726 -1.144869 -1.166752 -1.189231 -1.212176 -1.235471 -1.259016 -1.282724 -1.306522 -1.330346 -1.354143 -1.377868 -1.401483 
-1.383750 -1.359209 -1.334496 -1.309646 -1.284701 -1.259711 -1.234738 -1.209856 -1.185153 -1.160733 -1.136716 -1.113242 -1.090469 -1.068576 -1.047760 -1.028237 -1.010235 -0.993990 -0.979739 -0.967708 -0.958107 -0.951111 -0.946857 -0.945429 -0.946857 -0.951111 -0.958107 -0.967708 -0.979739 -0.993990 -1.010235 -1.028237 -1.047760 -1.068576 -1.090469 -1.113242 -1.136716 -1.160733 -1.185153 -1.209856 -1.234738 -1.259711 -1.284701 -1.309646 -1.334496 -1.359209 -1.383750 
-1.366431 -1.340943 -1.315216 -1.289279 -1.263169 -1.236933 -1.210631 -1.184333 -1.158129 -1.132121 -1.106436 -1.081222 -1.056648 -1.032912 -1.010235 -0.988864 -0.969062 -0.951111 -0.935295 -0.921892 -0.911159 -0.903319 -0.898542 -0.896937 -0.898542 -0.903319 -0.911159 -0.921892 -0.935295 -0.951111 -0.969062 -0.988864 -1.010235 -1.032912 -1.056648 -1.081222 -1.106436 -1.132121 -1.158129 -1.184333 -1.210631 -1.236933 -1.263169 -1.289279 -1.315216 -1.340943 -1.366431 
-1.349594 -1.323145 -1.296382 -1.269328 -1.242014 -1.214484 -1.186789 -1.158999 -1.131196 -1.103487 -1.075997 -1.048881 -1.022321 -0.996530 -0.971757 -0.948280 -0.926408 -0.906473 -0.888819 -0.873790 -0.861708 -0.852854 -0.847448 -0.845630 -0.847448 -0.852854 -0.861708 -0.873790 -0.888819 -0.906473 -0.926408 -0.948280 -0.971757 -0.996530 -1.022321 -1.048881 -1.075997 -1.103487 -1.131196 -1.158999 -1.186789 -1.214484 -1.242014 -1.269328 -1.296382 -1.323145 -1.349594 
-1.333314 -1.305895 -1.278080 -1.249886 -1.221337 -1.192467 -1.163323 -1.133965 -1.104472 -1.074945 -1.045509 -1.016321 -0.987572 -0.959492 -0.932354 -0.906473 -0.882208 -0.859952 -0.840126 -0.823154 -0.809444 -0.799359 -0.793184 -0.791105 -0.793184 -0.799359 -0.809444 -0.823154 -0.840126 -0.859952 -0.882208 -0.906473 -0.932354 -0.959492 -0.987572 -1.016321 -1.045509 -1.074945 -1.104472 -1.133965 -1.163323 -1.192467 -1.221337 -1.249886 -1.278080 -1.305895 -1.333314 
-1.317670 -1.289279 -1.260404 -1.231055 -1.201246 -1.171002 -1.140358 -1.109366 -1.078095 -1.046636 -1.015111 -0.983674 -0.952520 -0.921892 -0.892086 -0.863456 -0.836415 -0.811431 -0.789015 -0.769697 -0.754002 -0.742401 -0.735275 -0.732871 -0.735275 -0.742401 -0.754002 -0.769697 -0.789015 -0.811431 -0.836415 -0.863456 -0.892086 -0.921892 -0.952520 -0.983674 -1.015111 -1.046636 -1.078095 -1.109366 -1.140358 -1.171002 -1.201246 -1.231055 -1.260404 -1.289279 -1.317670 
-1.302746 -1.273388 -1.243456 -1.212946 -1.181864 -1.150221 -1.118039 -1.085356 -1.052227 -1.018731 -0.984977 -0.951111 -0.917326 -0.883871 -0.851060 -0.819284 -0.789015 -0.760804 -0.735275 -0.713097 -0.694947 -0.681453 -0.673129 -0.670315 -0.673129 -0.681453 -0.694947 -0.713097 -0.735275 -0.760804 -0.789015 -0.819284 -0.851060 -0.883871 -0.917326 -0.951111 -0.984977 -1.018731 -1.052227 -1.085356 -1.118039 -1.150221 -1.181864 -1.212946 -1.243456 -1.273388 -1.302746 
-1.288628 -1.258320 -1.227342 -1.195679 -1.163323 -1.130269 -1.096526 -1.062111 -1.027061 -0.991435 -0.955323 -0.918854 -0.882208 -0.845630 -0.809444 -0.774071 -0.740040 -0.707996 -0.678698 -0.652993 -0.631766 -0.615865 -0.606004 -0.602660 -0.606004 -0.615865 -0.631766 -0.652993 -0.678698 -0.707996 -0.740040 -0.774071 -0.809444 -0.845630 -0.882208 -0.918854 -0.955323 -0.991435 -1.027061 -1.062111 -1.096526 -1.130269 -1.163323 -1.195679 -1.227342 -1.258320 -1.288628 
-1.275405 -1.244175 -1.212176 -1.179381 -1.145765 -1.111308 -1.075997 -1.039829 -1.002815 -0.964988 -0.926408 -0.887176 -0.847448 -0.807447 -0.767492 -0.728019 -0.689605 -0.652993 -0.619097 -0.588991 -0.563845 -0.544826 -0.532947 -0.528905 -0.532947 -0.544826 -0.563845 -0.588991 -0.619097 -0.652993 -0.689605 -0.728019 -0.767492 -0.807447 -0.847448 -0.887176 -0.926408 -0.964988 -1.002815 -1.039829 -1.075997 -1.111308 -1.145765 -1.179381 -1.212176 -1.244175 -1.275405 
-1.263169 -1.231055 -1.198074 -1.164183 -1.129341 -1.093508 -1.056648 -1.018731 -0.979739 -0.939668 -0.898542 -0.856419 -0.813409 -0.769697 -0.725571 -0.681453 -0.637949 -0.595886 -0.556350 -0.520690 -0.490467 -0.467316 -0.452719 -0.447726 -0.452719 -0.467316 -0.490467 -0.520690 -0.556350 -0.595886 -0.637949 -0.681453 -0.725571 -0.769697 -0.813409 -0.856419 -0.898542 -0.939668 -0.979739 -1.018731 -1.056648 -1.093508 -1.129341 -1.164183 -1.198074 -1.231055 -1.263169 
-1.252009 -1.219064 -1.185153 -1.150221 -1.114206 -1.077047 -1.038684 -0.999056 -0.958107 -0.915793 -0.872086 -0.826987 -0.780544 -0.732871 -0.684189 -0.634869 -0.585497 -0.536948 -0.490467 -0.447726 -0.410807 -0.382040 -0.363664 -0.357334 -0.363664 -0.382040 -0.410807 -0.447726 -0.490467 -0.536948 -0.585497 -0.634869 -0.684189 -0.732871 -0.780544 -0.826987 -0.872086 -0.915793 -0.958107 -0.999056 -1.038684 -1.077047 -1.114206 -1.150221 -1.185153 -1.219064 -1.252009 
-1.242014 -1.208303 -1.173532 -1.137630 -1.100517 -1.062111 -1.022321 -0.981055 -0.938216 -0.893709 -0.847448 -0.799359 -0.749402 -0.697592 -0.644036 -0.588991 -0.532947 -0.476746 -0.421727 -0.369890 -0.323976 -0.287355 -0.263523 -0.255228 -0.263523 -0.287355 -0.323976 -0.369890 -0.421727 -0.476746 -0.532947 -0.588991 -0.644036 -0.697592 -0.749402 -0.799359 -0.847448 -0.893709 -0.938216 -0.981055 -1.022321 -1.062111 -1.100517 -1.137630 -1.173532 -1.208303 -1.242014 
-1.233268 -1.198869 -1.163323 -1.126543 -1.088431 -1.048881 -1.007776 -0.964988 -0.920375 -0.873790 -0.825075 -0.774071 -0.720628 -0.664625 -0.606004 -0.544826 -0.481374 -0.416306 -0.350895 -0.287355 -0.229171 -0.181211 -0.149135 -0.137792 -0.149135 -0.181211 -0.229171 -0.287355 -0.350895 -0.416306 -0.481374 -0.544826 -0.606004 -0.664625 -0.720628 -0.774071 -0.825075 -0.873790 -0.920375 -0.964988 -1.007776 -1.048881 -1.088431 -1.126543 -1.163323 -1.198869 -1.233268 
-1.225848 -1.190852 -1.154631 -1.117084 -1.078095 -1.037536 -0.995262 -0.951111 -0.904899 -0.856419 -0.805440 -0.751708 -0.694947 -0.634869 -0.571198 -0.503713 -0.432342 -0.357334 -0.279579 -0.201147 -0.126088 -0.061231 -0.015984 0.000434 -0.015984 -0.061231 -0.126088 -0.201147 -0.279579 -0.357334 -0.432342 -0.503713 -0.571198 -0.634869 -0.694947 -0.751708 -0.805440 -0.856419 -0.904899 -0.951111 -0.995262 -1.037536 -1.078095 -1.117084 -1.154631 -1.190852 -1.225848 
-1.219823 -1.184333 -1.147553 -1.109366 -1.069644 -1.028237 -0.984977 -0.939668 -0.892086 -0.841969 -0.789015 -0.732871 -0.673129 -0.609319 -0.540907 -0.467316 -0.387971 -0.302436 -0.210726 -0.114000 -0.015984 0.074672 0.142361 0.168054 0.142361 0.074672 -0.015984 -0.114000 -0.210726 -0.302436 -0.387971 -0.467316 -0.540907 -0.609319 -0.673129 -0.732871 -0.789015 -0.841969 -0.892086 -0.939668 -0.984977 -1.028237 -1.069644 -1.109366 -1.147553 -1.184333 -1.219823 
-1.215250 -1.179381 -1.142168 -1.103487 -1.063195 -1.021128 -0.977095 -0.930875 -0.882208 -0.830785 -0.776240 -0.718134 -0.655933 -0.588991 -0.516516 -0.437539 -0.350895 -0.255228 -0.149135 -0.031696 0.095864 0.225656 0.334100 0.378963 0.334100 0.225656 0.095864 -0.031696 -0.149135 -0.255228 -0.350895 -0.437539 -0.516516 -0.588991 -0.655933 -0.718134 -0.776240 -0.830785 -0.882208 -0.930875 -0.977095 -1.021128 -1.063195 -1.103487 -1.142168 -1.179381 -1.215250 
-1.212176 -1.176048 -1.138541 -1.099523 -1.058841 -1.016321 -0.971757 -0.924908 -0.875488 -0.823154 -0.767492 -0.707996 -0.644036 -0.574823 -0.499348 -0.416306 -0.323976 -0.220063 -0.101501 0.035666 0.195710 0.378963 0.562043 0.652285 0.562043 0.378963 0.195710 0.035666 -0.101501 -0.220063 -0.323976 -0.416306 -0.499348 -0.574823 -0.644036 -0.707996 -0.767492 -0.823154 -0.875488 -0.924908 -0.971757 -1.016321 -1.058841 -1.099523 -1.138541 -1.176048 -1.212176 
-1.210631 -1.174372 -1.136716 -1.097527 -1.056648 -1.013897 -0.969062 -0.921892 -0.872086 -0.819284 -0.763046 -0.702828 -0.637949 -0.567539 -0.490467 -0.405226 -0.309755 -0.201147 -0.075151 0.074672 0.258310 0.490102 0.773646 0.960545 0.773646 0.490102 0.258310 0.074672 -0.075151 -0.201147 -0.309755 -0.405226 -0.490467 -0.567539 -0.637949 -0.702828 -0.763046 -0.819284 -0.872086 -0.921892 -0.969062 -1.013897 -1.056648 -1.097527 -1.136716 -1.174372 -1.210631 
-1.210437 -1.174163 -1.136488 -1.097277 -1.056373 -1.013593 -0.968724 -0.921513 -0.871659 -0.818798 -0.762487 -0.702177 -0.637181 -0.566619 -0.489342 -0.403818 -0.307939 -0.198713 -0.071721 0.079855 0.266956 0.506772 0.811854 1.028676 0.811854 0.506772 0.266956 0.079855 -0.071721 -0.198713 -0.307939 -0.403818 -0.489342 -0.566619 -0.637181 -0.702177 -0.762487 -0.818798 -0.871659 -0.921513 -0.968724 -1.013593 -1.056373 -1.097277 -1.136488 -1.174163 -1.210437 
-1.210639 -1.174382 -1.136726 -1.097538 -1.056660 -1.013910 -0.969077 -0.921908 -0.872105 -0.819305 -0.763070 -0.702856 -0.637982 -0.567579 -0.490516 -0.405287 -0.309834 -0.201252 -0.075300 0.074448 0.257939 0.489395 0.772076 0.957869 0.772076 0.489395 0.257939 0.074448 -0.075300 -0.201252 -0.309834 -0.405287 -0.490516 -0.567579 -0.637982 -0.702856 -0.763070 -0.819305 -0.872105 -0.921908 -0.969077 -1.013910 -1.056660 -1.097538 -1.136726 -1.174382 -1.210639 
-1.212201 -1.176075 -1.138571 -1.099555 -1.058877 -1.016360 -0.971800 -0.924956 -0.875542 -0.823216 -0.767564 -0.708079 -0.644134 -0.574939 -0.499490 -0.416483 -0.324202 -0.220361 -0.101912 0.035068 0.194781 0.377420 0.559474 0.648977 0.559474 0.377420 0.194781 0.035068 -0.101912 -0.220361 -0.324202 -0.416483 -0.499490 -0.574939 -0.644134 -0.708079 -0.767564 -0.823216 -0.875542 -0.924956 -0.971800 -1.016360 -1.058877 -1.099555 -1.138571 -1.176075 -1.212201 
-1.215292 -1.179426 -1.142217 -1.103540 -1.063253 -1.021192 -0.977166 -0.930955 -0.882297 -0.830887 -0.776357 -0.718268 -0.656091 -0.589178 -0.516741 -0.437817 -0.351245 -0.255680 -0.149736 -0.032523 0.094691 0.223978 0.331836 0.376399 0.331836 0.223978 0.094691 -0.032523 -0.149736 -0.255680 -0.351245 -0.437817 -0.516741 -0.589178 -0.656091 -0.718268 -0.776357 -0.830887 -0.882297 -0.930955 -0.977166 -1.021192 -1.063253 -1.103540 -1.142217 -1.179426 -1.215292 
-1.219880 -1.184395 -1.147620 -1.109439 -1.069724 -1.028326 -0.985075 -0.939778 -0.892208 -0.842107 -0.789172 -0.733052 -0.673340 -0.609567 -0.541204 -0.467676 -0.388414 -0.302993 -0.211437 -0.114925 -0.017191 0.073124 0.140497 0.166053 0.140497 0.073124 -0.017191 -0.114925 -0.211437 -0.302993 -0.388414 -0.467676 -0.541204 -0.609567 -0.673340 -0.733052 -0.789172 -0.842107 -0.892208 -0.939778 -0.985075 -1.028326 -1.069724 -1.109439 -1.147620 -1.184395 -1.219880 
-1.225921 -1.190931 -1.154716 -1.117176 -1.078196 -1.037647 -0.995385 -0.951248 -0.905051 -0.856590 -0.805635 -0.751931 -0.695204 -0.635169 -0.571550 -0.504133 -0.432848 -0.357952 -0.280339 -0.202085 -0.127238 -0.062602 -0.017535 -0.001188 -0.017535 -0.062602 -0.127238 -0.202085 -0.280339 -0.357952 -0.432848 -0.504133 -0.571550 -0.635169 -0.695204 -0.751931 -0.805635 -0.856590 -0.905051 -0.951248 -0.995385 -1.037647 -1.078196 -1.117176 -1.154716 -1.190931 -1.225921 
-1.233355 -1.198963 -1.163425 -1.126653 -1.088552 -1.049014 -1.007922 -0.965149 -0.920555 -0.873992 -0.825302 -0.774328 -0.720922 -0.664964 -0.606397 -0.545287 -0.481918 -0.416952 -0.351663 -0.288264 -0.230235 -0.182421 -0.150454 -0.139152 -0.150454 -0.182421 -0.230235 -0.288264 -0.351663 -0.416952 -0.481918 -0.545287 -0.606397 -0.664964 -0.720922 -0.774328 -0.825302 -0.873992 -0.920555 -0.965149 -1.007922 -1.049014 -1.088552 -1.126653 -1.163425 -1.198963 -1.233355 
-1.242115 -1.208412 -1.173650 -1.137757 -1.100656 -1.062262 -1.022487 -0.981238 -0.938419 -0.893936 -0.847701 -0.799644 -0.749725 -0.697960 -0.644458 -0.589477 -0.533509 -0.477396 -0.422479 -0.370752 -0.324950 -0.288429 -0.264668 -0.256399 -0.264668 -0.288429 -0.324950 -0.370752 -0.422479 -0.477396 -0.533509 -0.589477 -0.644458 -0.697960 -0.749725 -0.799644 -0.847701 -0.893936 -0.938419 -0.981238 -1.022487 -1.062262 -1.100656 -1.137757 -1.173650 -1.208412 -1.242115 
-1.252123 -1.219186 -1.185286 -1.150363 -1.114361 -1.077216 -1.038869 -0.999259 -0.958331 -0.916041 -0.872361 -0.827295 -0.780889 -0.733260 -0.684629 -0.635368 -0.586063 -0.537589 -0.491191 -0.448536 -0.411699 -0.383003 -0.364675 -0.358362 -0.364675 -0.383003 -0.411699 -0.448536 -0.491191 -0.537589 -0.586063 -0.635368 -0.684629 -0.733260 -0.780889 -0.827295 -0.872361 -0.916041 -0.958331 -0.999259 -1.038869 -1.077216 -1.114361 -1.150363 -1.185286 -1.219186 -1.252123 
-1.263295 -1.231190 -1.198219 -1.164340 -1.129511 -1.093692 -1.056849 -1.018951 -0.979980 -0.939933 -0.898835 -0.856743 -0.813769 -0.770099 -0.726019 -0.681955 -0.638509 -0.596510 -0.557041 -0.521448 -0.491287 -0.468188 -0.453625 -0.448644 -0.453625 -0.468188 -0.491287 -0.521448 -0.557041 -0.596510 -0.638509 -0.681955 -0.726019 -0.770099 -0.813769 -0.856743 -0.898835 -0.939933 -0.979980 -1.018951 -1.056849 -1.093692 -1.129511 -1.164340 -1.198219 -1.231190 -1.263295 
-1.275542 -1.244321 -1.212333 -1.179550 -1.145948 -1.111506 -1.076212 -1.040063 -1.003070 -0.965266 -0.926713 -0.887513 -0.847818 -0.807856 -0.767944 -0.728517 -0.690154 -0.653595 -0.619754 -0.589701 -0.564603 -0.545622 -0.533768 -0.529734 -0.533768 -0.545622 -0.564603 -0.589701 -0.619754 -0.653595 -0.690154 -0.728517 -0.767944 -0.807856 -0.847818 -0.887513 -0.926713 -0.965266 -1.003070 -1.040063 -1.076212 -1.111506 -1.145948 -1.179550 -1.212333 -1.244321 -1.275542 
-1.288775 -1.258477 -1.227510 -1.195860 -1.163517 -1.130479 -1.096752 -1.062356 -1.027327 -0.991724 -0.955638 -0.919198 -0.882584 -0.846041 -0.809894 -0.774562 -0.740574 -0.708575 -0.679322 -0.653658 -0.632469 -0.616597 -0.606755 -0.603418 -0.606755 -0.616597 -0.632469 -0.653658 -0.679322 -0.708575 -0.740574 -0.774562 -0.809894 -0.846041 -0.882584 -0.919198 -0.955638 -0.991724 -1.027327 -1.062356 -1.096752 -1.130479 -1.163517 -1.195860 -1.227510 -1.258477 -1.288775 
-1.302902 -1.273555 -1.243634 -1.213137 -1.182068 -1.150440 -1.118275 -1.085610 -1.052502 -1.019028 -0.985299 -0.951460 -0.917704 -0.884281 -0.851504 -0.819764 -0.789532 -0.761359 -0.735867 -0.713723 -0.695603 -0.682131 -0.673822 -0.671013 -0.673822 -0.682131 -0.695603 -0.713723 -0.735867 -0.761359 -0.789532 -0.819764 -0.851504 -0.884281 -0.917704 -0.951460 -0.985299 -1.019028 -1.052502 -1.085610 -1.118275 -1.150440 -1.182068 -1.213137 -1.243634 -1.273555 -1.302902 
-1.317835 -1.289454 -1.260591 -1.231254 -1.201458 -1.171229 -1.140602 -1.109628 -1.078376 -1.046938 -1.015436 -0.984024 -0.952897 -0.922298 -0.892523 -0.863925 -0.836916 -0.811964 -0.789577 -0.770288 -0.754616 -0.743033 -0.735918 -0.733518 -0.735918 -0.743033 -0.754616 -0.770288 -0.789577 -0.811964 -0.836916 -0.863925 -0.892523 -0.922298 -0.952897 -0.984024 -1.015436 -1.046938 -1.078376 -1.109628 -1.140602 -1.171229 -1.201458 -1.231254 -1.260591 -1.289454 -1.317835 
-1.333486 -1.306077 -1.278274 -1.250092 -1.221556 -1.192701 -1.163573 -1.134232 -1.104758 -1.075251 -1.045837 -1.016672 -0.987947 -0.959893 -0.932782 -0.906928 -0.882691 -0.860463 -0.840662 -0.823713 -0.810022 -0.799951 -0.793786 -0.791709 -0.793786 -0.799951 -0.810022 -0.823713 -0.840662 -0.860463 -0.882691 -0.906928 -0.932782 -0.959893 -0.987947 -1.016672 -1.045837 -1.075251 -1.104758 -1.134232 -1.163573 -1.192701 -1.221556 -1.250092 -1.278274 -1.306077 -1.333486 
-1.349772 -1.323334 -1.296582 -1.269540 -1.242239 -1.214723 -1.187044 -1.159269 -1.131485 -1.103794 -1.076325 -1.049230 -1.022692 -0.996925 -0.972175 -0.948722 -0.926874 -0.906962 -0.889330 -0.874320 -0.862254 -0.853412 -0.848013 -0.846197 -0.848013 -0.853412 -0.862254 -0.874320 -0.889330 -0.906962 -0.926874 -0.948722 -0.972175 -0.996925 -1.022692 -1.049230 -1.076325 -1.103794 -1.131485 -1.159269 -1.187044 -1.214723 -1.242239 -1.269540 -1.296582 -1.323334 -1.349772 
-1.366614 -1.341137 -1.315421 -1.289496 -1.263398 -1.237176 -1.210889 -1.184607 -1.158419 -1.132429 -1.106763 -1.081567 -1.057014 -1.033299 -1.010644 -0.989293 -0.969512 -0.951581 -0.935783 -0.922396 -0.911676 -0.903846 -0.899075 -0.897473 -0.899075 -0.903846 -0.911676 -0.922396 -0.935783 -0.951581 -0.969512 -0.989293 -1.010644 -1.033299 -1.057014 -1.081567 -1.106763 -1.132429 -1.158419 -1.184607 -1.210889 -1.237176 -1.263398 -1.289496 -1.315421 -1.341137 -1.366614 
-1.383938 -1.359407 -1.334705 -1.309867 -1.284934 -1.259957 -1.234998 -1.210131 -1.185444 -1.161040 -1.137041 -1.113584 -1.090829 -1.068955 -1.048158 -1.028654 -1.010670 -0.994442 -0.980206 -0.968189 -0.958599 -0.951611 -0.947362 -0.945936 -0.947362 -0.951611 -0.958599 -0.968189 -0.980206 -0.994442 -1.010670 -1.028654 -1.048158 -1.068955 -1.090829 -1.113584 -1.137041 -1.161040 -1.185444 -1.210131 -1.234998 -1.259957 -1.284934 -1.309867 -1.334705 -1.359407 -1.383938 
-1.401676 -1.378070 -1.354356 -1.330570 -1.306758 -1.282973 -1.259277 -1.235746 -1.212466 -1.189537 -1.167073 -1.145206 -1.124080 -1.103858 -1.084714 -1.066836 -1.050419 -1.035665 -1.022769 -1.011919 -1.003284 -0.997007 -0.993195 -0.991917 -0.993195 -0.997007 -1.003284 -1.011919 -1.022769 -1.035665 -1.050419 -1.066836 -1.084714 -1.103858 -1.124080 -1.145206 -1.167073 -1.189537 -1.212466 -1.235746 -1.259277 -1.282973 -1.306758 -1.330570 -1.354356 -1.378070 -1.401676 
-1.419763 -1.397059 -1.374302 -1.351531 -1.328794 -1.306145 -1.283646 -1.261372 -1.239407 -1.217845 -1.196797 -1.176381 -1.156731 -1.137992 -1.120321 -1.103879 -1.088837 -1.075364 -1.063625 -1.053777 -1.045958 -1.040284 -1.036843 -1.035690 -1.036843 -1.040284 -1.045958 -1.053777 -1.063625 -1.075364 -1.088837 -1.103879 -1.120321 -1.137992 -1.156731 -1.176381 -1.196797 -1.217845 -1.239407 -1.261372 -1.283646 -1.306145 -1.328794 -1.351531 -1.374302 -1.397059 -1.419763 
-1.438141 -1.416312 -1.394479 -1.372684 -1.350974 -1.329404 -1.308036 -1.286943 -1.266203 -1.245909 -1.226162 -1.207071 -1.188760 -1.171356 -1.154999 -1.139831 -1.125999 -1.113646 -1.102914 -1.093931 -1.086813 -1.081657 -1.078533 -1.077487 -1.078533 -1.081657 -1.086813 -1.093931 -1.102914 -1.113646 -1.125999 -1.139831 -1.154999 -1.171356 -1.188760 -1.207071 -1.226162 -1.245909 -1.266203 -1.286943 -1.308036 -1.329404 -1.350974 -1.372684 -1.394479 -1.416312 -1.438141 
-1.456758 -1.435774 -1.414831 -1.393970 -1.373240 -1.352693 -1.332391 -1.312403 -1.292806 -1.273685 -1.255134 -1.237255 -1.220157 -1.203957 -1.188777 -1.174742 -1.161979 -1.150611 -1.140758 -1.132528 -1.126019 -1.121309 -1.118459 -1.117505 -1.118459 -1.121309 -1.126019 -1.132528 -1.140758 -1.150611 -1.161979 -1.174742 -1.188777 -1.203957 -1.220157 -1.237255 -1.255134 -1.273685 -1.292806 -1.312403 -1.332391 -1.352693 -1.373240 -1.393970 -1.414831 -1.435774 -1.456758 
-1.475566 -1.455397 -1.435307 -1.415339 -1.395539 -1.375960 -1.356661 -1.337709 -1.319175 -1.301139 -1.283689 -1.266917 -1.250922 -1.235809 -1.221686 -1.208662 -1.196848 -1.186350 -1.177269 -1.169699 -1.163721 -1.159400 -1.156787 -1.155913 -1.156787 -1.159400 -1.163721 -1.169699 -1.177269 -1.186350 -1.196848 -1.208662 -1.221686 -1.235809 -1.250922 -1.266917 -1.283689 -1.301139 -1.319175 -1.337709 -1.356661 -1.375960 -1.395539 -1.415339 -1.435307 -1.455397 -1.475566 
-1.494521 -1.475136 -1.455864 -1.436747 -1.417830 -1.399165 -1.380809 -1.362824 -1.345279 -1.328248 -1.311810 -1.296051 -1.281060 -1.266931 -1.253759 -1.241642 -1.230673 -1.220946 -1.212549 -1.205559 -1.200046 -1.196066 -1.193661 -1.192857 -1.193661 -1.196066 -1.200046 -1.205559 -1.212549 -1.220946 -1.230673 -1.241642 -1.253759 -1.266931 -1.281060 -1.296051 -1.311810 -1.328248 -1.345279 -1.362824 -1.380809 -1.399165 -1.417830 -1.436747 -1.455864 -1.475136 -1.494521 
