39 39
5.913057e-02 0 5
-2.460956 -2.437400 -2.414025 -2.390905 -2.368127 -2.345787 -2.323997 -2.302879 -2.282569 -2.263214 -2.244971 -2.228009 -2.212498 -2.198612 -2.186518 -2.176374 -2.168322 -2.162481 -2.158939 -2.157752 -2.158939 -2.162481 -2.168322 -2.176374 -2.186518 -2.198612 -2.212498 -2.228009 -2.244971 -2.263214 -2.282569 -2.302879 -2.323997 -2.345787 -2.368127 -2.390905 -2.414025 -2.437400 -2.460956 
-2.438052 -2.413340 -2.388747 -2.364349 -2.340234 -2.316504 -2.293276 -2.270683 -2.248873 -2.228009 -2.208271 -2.189848 -2.172941 -2.157752 -2.144481 -2.133320 -2.124439 -2.117984 -2.114065 -2.112751 -2.114065 -2.117984 -2.124439 -2.133320 -2.144481 -2.157752 -2.172941 -2.189848 -2.208271 -2.228009 -2.248873 -2.270683 -2.293276 -2.316504 -2.340234 -2.364349 -2.388747 -2.413340 -2.438052 
-2.415391 -2.389467 -2.363590 -2.337834 -2.312289 -2.287060 -2.262271 -2.238063 -2.214597 -2.192055 -2.170638 -2.150563 -2.132062 -2.115375 -2.100742 -2.088394 -2.078542 -2.071365 -2.067001 -2.065536 -2.067001 -2.071365 -2.078542 -2.088394 -2.100742 -2.115375 -2.132062 -2.150563 -2.170638 -2.192055 -2.214597 -2.238063 -2.262271 -2.287060 -2.312289 -2.337834 -2.363590 -2.389467 -2.415391 
-2.393053 -2.365864 -2.338635 -2.311441 -2.284371 -2.257531 -2.231049 -2.205074 -2.179781 -2.155368 -2.132062 -2.110110 -2.089783 -2.071365 -2.055143 -2.041401 -2.030401 -2.022366 -2.017472 -2.015828 -2.017472 -2.022366 -2.030401 -2.041401 -2.055143 -2.071365 -2.089783 -2.110110 -2.132062 -2.155368 -2.179781 -2.205074 -2.231049 -2.257531 -2.284371 -2.311441 -2.338635 -2.365864 -2.393053 
-2.371127 -2.342622 -2.313979 -2.285269 -2.256577 -2.228009 -2.199695 -2.171791 -2.144481 -2.117984 -2.092549 -2.068460 -2.046031 -2.025598 -2.007511 -1.992118 -1.979747 -1.970683 -1.965149 -1.963288 -1.965149 -1.970683 -1.979747 -1.992118 -2.007511 -2.025598 -2.046031 -2.068460 -2.092549 -2.117984 -2.144481 -2.171791 -2.199695 -2.228009 -2.256577 -2.285269 -2.313979 -2.342622 -2.371127 
-2.349715 -2.319849 -2.289735 -2.259433 -2.229025 -2.198612 -2.168322 -2.138315 -2.108784 -2.079963 -2.052127 -2.025598 -2.000739 -1.977950 -1.957655 -1.940288 -1.926263 -1.915948 -1.909633 -1.907506 -1.909633 -1.915948 -1.926263 -1.940288 -1.957655 -1.977950 -2.000739 -2.025598 -2.052127 -2.079963 -2.108784 -2.138315 -2.168322 -2.198612 -2.229025 -2.259433 -2.289735 -2.319849 -2.349715 
-2.328927 -2.297666 -2.266029 -2.234068 -2.201854 -2.169481 -2.137072 -2.104782 -2.072810 -2.041401 -2.010857 -1.981537 -1.953858 -1.928296 -1.905369 -1.885618 -1.869574 -1.857717 -1.850434 -1.847978 -1.850434 -1.857717 -1.869574 -1.885618 -1.905369 -1.928296 -1.953858 -1.981537 -2.010857 -2.041401 -2.072810 -2.104782 -2.137072 -2.169481 -2.201854 -2.234068 -2.266029 -2.297666 -2.328927 
-2.308889 -2.276207 -2.243008 -2.209331 -2.175233 -2.140792 -2.106120 -2.071365 -2.036721 -2.002442 -1.968846 -1.936329 -1.905369 -1.876527 -1.850434 -1.827773 -1.809231 -1.795447 -1.786945 -1.784071 -1.786945 -1.795447 -1.809231 -1.827773 -1.850434 -1.876527 -1.905369 -1.936329 -1.968846 -2.002442 -2.036721 -2.071365 -2.106120 -2.140792 -2.175233 -2.209331 -2.243008 -2.276207 -2.308889 
-2.289735 -2.255621 -2.220837 -2.185402 -2.149353 -2.112751 -2.075685 -2.038287 -2.000739 -1.963288 -1.926263 -1.890090 -1.855304 -1.822561 -1.792633 -1.766380 -1.744703 -1.728467 -1.718398 -1.714984 -1.718398 -1.728467 -1.744703 -1.766380 -1.792633 -1.822561 -1.855304 -1.890090 -1.926263 -1.963288 -2.000739 -2.038287 -2.075685 -2.112751 -2.149353 -2.185402 -2.220837 -2.255621 -2.289735 
-2.271608 -2.236070 -2.199695 -2.162481 -2.124439 -2.085602 -2.046031 -2.005828 -1.965149 -1.924220 -1.883364 -1.843020 -1.803774 -1.766380 -1.731767 -1.701027 -1.675353 -1.655935 -1.643807 -1.639679 -1.643807 -1.655935 -1.675353 -1.701027 -1.731767 -1.766380 -1.803774 -1.843020 -1.883364 -1.924220 -1.965149 -2.005828 -2.046031 -2.085602 -2.124439 -2.162481 -2.199695 -2.236070 -2.271608 
-2.254663 -2.217728 -2.179781 -2.140792 -2.100742 -2.059628 -2.017472 -1.974332 -1.930319 -1.885618 -1.840518 -1.795447 -1.751017 -1.708067 -1.667701 -1.631292 -1.600432 -1.576791 -1.561883 -1.556784 -1.561883 -1.576791 -1.600432 -1.631292 -1.667701 -1.708067 -1.751017 -1.795447 -1.840518 -1.885618 -1.930319 -1.974332 -2.017472 -2.059628 -2.100742 -2.140792 -2.179781 -2.217728 -2.254663 
-2.239057 -2.200776 -2.161303 -2.120577 -2.078542 -2.035150 -1.990373 -1.944211 -1.896707 -1.847978 -1.798242 -1.747872 -1.697460 -1.647891 -1.600432 -1.556784 -1.519072 -1.489681 -1.470903 -1.464433 -1.470903 -1.489681 -1.519072 -1.556784 -1.600432 -1.647891 -1.697460 -1.747872 -1.798242 -1.847978 -1.896707 -1.944211 -1.990373 -2.035150 -2.078542 -2.120577 -2.161303 -2.200776 -2.239057 
-2.224949 -2.185402 -2.144481 -2.102093 -2.058138 -2.012521 -1.965149 -1.915948 -1.864872 -1.811933 -1.757233 -1.701027 -1.643807 -1.586420 -1.530228 -1.477265 -1.430334 -1.392883 -1.368504 -1.360016 -1.368504 -1.392883 -1.430334 -1.477265 -1.530228 -1.586420 -1.643807 -1.701027 -1.757233 -1.811933 -1.864872 -1.915948 -1.965149 -2.012521 -2.058138 -2.102093 -2.144481 -2.185402 -2.224949 
-2.212498 -2.171791 -2.129535 -2.085602 -2.039847 -1.992118 -1.942254 -1.890090 -1.835468 -1.778260 -1.718398 -1.655935 -1.591147 -1.524691 -1.457852 -1.392883 -1.333348 -1.284237 -1.251370 -1.239744 -1.251370 -1.284237 -1.333348 -1.392883 -1.457852 -1.524691 -1.591147 -1.655935 -1.718398 -1.778260 -1.835468 -1.890090 -1.942254 -1.992118 -2.039847 -2.085602 -2.129535 -2.171791 -2.212498 
-2.201854 -2.160123 -2.116681 -2.071365 -2.023985 -1.974332 -1.922168 -1.867230 -1.809231 -1.747872 -1.682860 -1.613957 -1.541070 -1.464433 -1.384929 -1.304655 -1.227746 -1.161215 -1.114755 -1.097889 -1.114755 -1.161215 -1.227746 -1.304655 -1.384929 -1.464433 -1.541070 -1.613957 -1.682860 -1.747872 -1.809231 -1.867230 -1.922168 -1.974332 -2.023985 -2.071365 -2.116681 -2.160123 -2.201854 
-2.193155 -2.150563 -2.106120 -2.059628 -2.010857 -1.959541 -1.905369 -1.847978 -1.786945 -1.721782 -1.651934 -1.576791 -1.495742 -1.408308 -1.314463 -1.215351 -1.114755 -1.021560 -0.951879 -0.925409 -0.951879 -1.021560 -1.114755 -1.215351 -1.314463 -1.408308 -1.495742 -1.576791 -1.651934 -1.721782 -1.786945 -1.847978 -1.905369 -1.959541 -2.010857 -2.059628 -2.106120 -2.150563 -2.193155 
-2.186518 -2.143255 -2.098028 -2.050611 -2.000739 -1.948096 -1.892307 -1.832919 -1.769383 -1.701027 -1.627029 -1.546380 -1.457852 -1.360016 -1.251370 -1.130893 -0.999753 -0.866023 -0.754083 -0.707728 -0.754083 -0.866023 -0.999753 -1.130893 -1.251370 -1.360016 -1.457852 -1.546380 -1.627029 -1.701027 -1.769383 -1.832919 -1.892307 -1.948096 -2.000739 -2.050611 -2.098028 -2.143255 -2.186518 
-2.182038 -2.138315 -2.092549 -2.044493 -1.993857 -1.940288 -1.883364 -1.822561 -1.757233 -1.686561 -1.609501 -1.524691 -1.430334 -1.324024 -1.202533 -1.061677 -0.896903 -0.707728 -0.518385 -0.425033 -0.518385 -0.707728 -0.896903 -1.061677 -1.202533 -1.324024 -1.430334 -1.524691 -1.609501 -1.686561 -1.757233 -1.822561 -1.883364 -1.940288 -1.993857 -2.044493 -2.092549 -2.138315 -2.182038 
-2.179781 -2.135824 -2.089783 -2.041401 -1.990373 -1.936329 -1.878818 -1.817282 -1.751017 -1.679125 -1.600432 -1.513371 -1.415792 -1.304655 -1.175500 -1.021560 -0.832335 -0.592810 -0.299606 -0.107181 -0.299606 -0.592810 -0.832335 -1.021560 -1.175500 -1.304655 -1.415792 -1.513371 -1.600432 -1.679125 -1.751017 -1.817282 -1.878818 -1.936329 -1.990373 -2.041401 -2.089783 -2.135824 -2.179781 
-2.179498 -2.135512 -2.089436 -2.041013 -1.989936 -1.935832 -1.878247 -1.816617 -1.750233 -1.678185 -1.599283 -1.511933 -1.413935 -1.302162 -1.171980 -1.016228 -0.823412 -0.575565 -0.260174 -0.037448 -0.260174 -0.575565 -0.823412 -1.016228 -1.171980 -1.302162 -1.413935 -1.511933 -1.599283 -1.678185 -1.750233 -1.816617 -1.878247 -1.935832 -1.989936 -2.041013 -2.089436 -2.135512 -2.179498 
-2.179793 -2.135838 -2.089798 -2.041418 -1.990392 -1.936351 -1.878843 -1.817311 -1.751051 -1.679166 -1.600482 -1.513433 -1.415873 -1.304763 -1.175653 -1.021790 -0.832717 -0.593541 -0.301227 -0.109926 -0.301227 -0.593541 -0.832717 -1.021790 -1.175653 -1.304763 -1.415873 -1.513433 -1.600482 -1.679166 -1.751051 -1.817311 -1.878843 -1.936351 -1.990392 -2.041418 -2.089798 -2.135838 -2.179793 
-2.182074 -2.138355 -2.092593 -2.044543 -1.993913 -1.940352 -1.883437 -1.822646 -1.757333 -1.686680 -1.609645 -1.524871 -1.430564 -1.324329 -1.202955 -1.062292 -0.897861 -0.709323 -0.521044 -0.428455 -0.521044 -0.709323 -0.897861 -1.062292 -1.202955 -1.324329 -1.430564 -1.524871 -1.609645 -1.686680 -1.757333 -1.822646 -1.883437 -1.940352 -1.993913 -2.044543 -2.092593 -2.138355 -2.182074 
-2.186578 -2.143321 -2.098101 -2.050693 -2.000831 -1.948200 -1.892426 -1.833057 -1.769544 -1.701218 -1.627260 -1.546663 -1.458210 -1.360478 -1.251986 -1.131742 -1.000961 -0.867753 -0.756422 -0.710378 -0.756422 -0.867753 -1.000961 -1.131742 -1.251986 -1.360478 -1.458210 -1.546663 -1.627260 -1.701218 -1.769544 -1.833057 -1.892426 -1.948200 -2.000831 -2.050693 -2.098101 -2.143321 -2.186578 
-2.193237 -2.150654 -2.106220 -2.059740 -2.010983 -1.959683 -1.905530 -1.848163 -1.787161 -1.722036 -1.652237 -1.577158 -1.496195 -1.408877 -1.315192 -1.216299 -1.115996 -1.023153 -0.953799 -0.927470 -0.953799 -1.023153 -1.115996 -1.216299 -1.315192 -1.408877 -1.496195 -1.577158 -1.652237 -1.722036 -1.787161 -1.848163 -1.905530 -1.959683 -2.010983 -2.059740 -2.106220 -2.150654 -2.193237 
-2.201959 -2.160237 -2.116808 -2.071505 -2.024142 -1.974508 -1.922367 -1.867457 -1.809494 -1.748178 -1.683220 -1.614386 -1.541588 -1.465064 -1.385707 -1.305616 -1.228924 -1.162622 -1.116349 -1.099556 -1.116349 -1.162622 -1.228924 -1.305616 -1.385707 -1.465064 -1.541588 -1.614386 -1.683220 -1.748178 -1.809494 -1.867457 -1.922367 -1.974508 -2.024142 -2.071505 -2.116808 -2.160237 -2.201959 
-2.212623 -2.171927 -2.129685 -2.085767 -2.040031 -1.992324 -1.942486 -1.890353 -1.835768 -1.778606 -1.718800 -1.656406 -1.591703 -1.525350 -1.458637 -1.393813 -1.334436 -1.285476 -1.252723 -1.241138 -1.252723 -1.285476 -1.334436 -1.393813 -1.458637 -1.525350 -1.591703 -1.656406 -1.718800 -1.778606 -1.835768 -1.890353 -1.942486 -1.992324 -2.040031 -2.085767 -2.129685 -2.171927 -2.212623 
-2.225092 -2.185558 -2.144652 -2.102281 -2.058347 -2.012753 -1.965409 -1.916240 -1.865202 -1.812309 -1.757664 -1.701524 -1.644380 -1.587085 -1.530996 -1.478146 -1.431330 -1.393982 -1.369675 -1.361214 -1.369675 -1.393982 -1.431330 -1.478146 -1.530996 -1.587085 -1.644380 -1.701524 -1.757664 -1.812309 -1.865202 -1.916240 -1.965409 -2.012753 -2.058347 -2.102281 -2.144652 -2.185558 -2.225092 
-2.239217 -2.200950 -2.161493 -2.120786 -2.078771 -2.035404 -1.990655 -1.944525 -1.897060 -1.848375 -1.798691 -1.748381 -1.698038 -1.648546 -1.601171 -1.557611 -1.519984 -1.490665 -1.471936 -1.465484 -1.471936 -1.490665 -1.519984 -1.557611 -1.601171 -1.648546 -1.698038 -1.748381 -1.798691 -1.848375 -1.897060 -1.944525 -1.990655 -2.035404 -2.078771 -2.120786 -2.161493 -2.200950 -2.239217 
-2.254838 -2.217918 -2.179987 -2.141018 -2.100989 -2.059900 -2.017772 -1.974664 -1.930688 -1.886029 -1.840976 -1.795960 -1.751589 -1.708704 -1.668406 -1.632066 -1.601269 -1.577681 -1.562808 -1.557721 -1.562808 -1.577681 -1.601269 -1.632066 -1.668406 -1.708704 -1.751589 -1.795960 -1.840976 -1.886029 -1.930688 -1.974664 -2.017772 -2.059900 -2.100989 -2.141018 -2.179987 -2.217918 -2.254838 
-2.271797 -2.236274 -2.199916 -2.162721 -2.124700 -2.085888 -2.046344 -2.006173 -1.965528 -1.924639 -1.883825 -1.843529 -1.804335 -1.766995 -1.732438 -1.701752 -1.676127 -1.656748 -1.644645 -1.640526 -1.644645 -1.656748 -1.676127 -1.701752 -1.732438 -1.766995 -1.804335 -1.843529 -1.883825 -1.924639 -1.965528 -2.006173 -2.046344 -2.085888 -2.124700 -2.162721 -2.199916 -2.236274 -2.271797 
-2.289935 -2.255837 -2.221070 -2.185654 -2.149626 -2.113048 -2.076008 -2.038640 -2.001124 -1.963709 -1.926723 -1.890591 -1.855850 -1.823153 -1.793270 -1.767060 -1.745421 -1.729214 -1.719164 -1.715757 -1.719164 -1.729214 -1.745421 -1.767060 -1.793270 -1.823153 -1.855850 -1.890591 -1.926723 -1.963709 -2.001124 -2.038640 -2.076008 -2.113048 -2.149626 -2.185654 -2.221070 -2.255837 -2.289935 
-2.309100 -2.276433 -2.243251 -2.209593 -2.175515 -2.141097 -2.106450 -2.071722 -2.037109 -2.002862 -1.969301 -1.936821 -1.905899 -1.877094 -1.851040 -1.828413 -1.809901 -1.796140 -1.787653 -1.784783 -1.787653 -1.796140 -1.809901 -1.828413 -1.851040 -1.877094 -1.905899 -1.936821 -1.969301 -2.002862 -2.037109 -2.071722 -2.106450 -2.141097 -2.175515 -2.209593 -2.243251 -2.276433 -2.309100 
-2.329147 -2.297901 -2.266280 -2.234338 -2.202144 -2.169792 -2.137406 -2.105142 -2.073197 -2.041818 -2.011305 -1.982016 -1.954370 -1.928841 -1.905945 -1.886222 -1.870201 -1.858363 -1.851092 -1.848639 -1.851092 -1.858363 -1.870201 -1.886222 -1.905945 -1.928841 -1.954370 -1.982016 -2.011305 -2.041818 -2.073197 -2.105142 -2.137406 -2.169792 -2.202144 -2.234338 -2.266280 -2.297901 -2.329147 
-2.349942 -2.320091 -2.289992 -2.259708 -2.229319 -2.198926 -2.168659 -2.138675 -2.109170 -2.080374 -2.052566 -2.026065 -2.001234 -1.978472 -1.958204 -1.940860 -1.926854 -1.916553 -1.910248 -1.908125 -1.910248 -1.916553 -1.926854 -1.940860 -1.958204 -1.978472 -2.001234 -2.026065 -2.052566 -2.080374 -2.109170 -2.138675 -2.168659 -2.198926 -2.229319 -2.259708 -2.289992 -2.320091 -2.349942 
-2.371360 -2.342869 -2.314242 -2.285549 -2.256874 -2.228326 -2.200032 -2.172150 -2.144863 -2.118389 -2.092978 -2.068914 -2.046509 -2.026100 -2.008035 -1.992661 -1.980306 -1.971254 -1.965727 -1.963869 -1.965727 -1.971254 -1.980306 -1.992661 -2.008035 -2.026100 -2.046509 -2.068914 -2.092978 -2.118389 -2.144863 -2.172150 -2.200032 -2.228326 -2.256874 -2.285549 -2.314242 -2.342869 -2.371360 
-2.393291 -2.366115 -2.338902 -2.311724 -2.284670 -2.257848 -2.231385 -2.205430 -2.180158 -2.155766 -2.132481 -2.110551 -2.090245 -2.071847 -2.055644 -2.041918 -2.030931 -2.022906 -2.018018 -2.016376 -2.018018 -2.022906 -2.030931 -2.041918 -2.055644 -2.071847 -2.090245 -2.110551 -2.132481 -2.155766 -2.180158 -2.205430 -2.231385 -2.257848 -2.284670 -2.311724 -2.338902 -2.366115 -2.393291 
-2.415633 -2.389723 -2.363859 -2.338118 -2.312589 -2.287377 -2.262606 -2.238416 -2.214969 -2.192446 -2.171047 -2.150991 -2.132508 -2.115839 -2.101222 -2.088887 -2.079046 -2.071878 -2.067519 -2.066056 -2.067519 -2.071878 -2.079046 -2.088887 -2.101222 -2.115839 -2.132508 -2.150991 -2.171047 -2.192446 -2.214969 -2.238416 -2.262606 -2.287377 -2.312589 -2.338118 -2.363859 -2.389723 -2.415633 
-2.438297 -2.413598 -2.389018 -2.364634 -2.340534 -2.316820 -2.293608 -2.271031 -2.249238 -2.228391 -2.208670 -2.190264 -2.173373 -2.158199 -2.144942 -2.133792 -2.124921 -2.118473 -2.114558 -2.113245 -2.114558 -2.118473 -2.124921 -2.133792 -2.144942 -2.158199 -2.173373 -2.190264 -2.208670 -2.228391 -2.249238 -2.271031 -2.293608 -2.316820 -2.340534 -2.364634 -2.389018 -2.413598 -2.438297 
-2.461203 -2.437659 -2.414297 -2.391190 -2.368426 -2.346101 -2.324326 -2.303223 -2.282928 -2.263588 -2.245361 -2.228413 -2.212917 -2.199043 -2.186961 -2.176827 -2.168784 -2.162948 -2.159410 -2.158224 -2.159410 -2.162948 -2.168784 -2.176827 -2.186961 -2.199043 -2.212917 -2.228413 -2.245361 -2.263588 -2.282928 -2.303223 -2.324326 -2.346101 -2.368426 -2.391190 -2.414297 -2.437659 -2.461203 
