79 79
3.338028e+01 0 5
0.523729 0.534333 0.544936 0.555530 0.566107 0.576660 0.587179 0.597653 0.608074 0.618429 0.628707 0.638894 0.648978 0.658942 0.668773 0.678454 0.687968 0.697297 0.706423 0.715326 0.723986 0.732382 0.740493 0.748299 0.755776 0.762902 0.769657 0.776017 0.781962 0.787471 0.792523 0.797100 0.801184 0.804759 0.807809 0.810323 0.812290 0.813701 0.814550 0.814834 0.814550 0.813701 0.812290 0.810323 0.807809 0.804759 0.801184 0.797100 0.792523 0.787471 0.781962 0.776017 0.769657 0.762902 0.755776 0.748299 0.740493 0.732382 0.723986 0.715326 0.706423 0.697297 0.687968 0.678454 0.668773 0.658942 0.648978 0.638894 0.628707 0.618429 0.608074 0.597653 0.587179 0.576660 0.566107 0.555530 0.544936 0.534333 0.523729 
0.533358 0.544220 0.555089 0.565956 0.576815 0.587656 0.598471 0.609249 0.619980 0.630653 0.641255 0.651773 0.662192 0.672499 0.682677 0.692709 0.702577 0.712263 0.721747 0.731008 0.740025 0.748777 0.757239 0.765390 0.773206 0.780662 0.787735 0.794401 0.800637 0.806420 0.811727 0.816539 0.820834 0.824596 0.827809 0.830457 0.832529 0.834017 0.834912 0.835210 0.834912 0.834017 0.832529 0.830457 0.827809 0.824596 0.820834 0.816539 0.811727 0.806420 0.800637 0.794401 0.787735 0.780662 0.773206 0.765390 0.757239 0.748777 0.740025 0.731008 0.721747 0.712263 0.702577 0.692709 0.682677 0.672499 0.662192 0.651773 0.641255 0.630653 0.619980 0.609249 0.598471 0.587656 0.576815 0.565956 0.555089 0.544220 0.533358 
0.542935 0.554062 0.565203 0.576350 0.587497 0.598634 0.609753 0.620844 0.631896 0.642897 0.653835 0.664696 0.675466 0.686129 0.696669 0.707068 0.717307 0.727368 0.737229 0.746868 0.756263 0.765390 0.774226 0.782744 0.790921 0.798728 0.806142 0.813136 0.819684 0.825761 0.831344 0.836408 0.840933 0.844898 0.848285 0.851079 0.853266 0.854835 0.855780 0.856096 0.855780 0.854835 0.853266 0.851079 0.848285 0.844898 0.840933 0.836408 0.831344 0.825761 0.819684 0.813136 0.806142 0.798728 0.790921 0.782744 0.774226 0.765390 0.756263 0.746868 0.737229 0.727368 0.717307 0.707068 0.696669 0.686129 0.675466 0.664696 0.653835 0.642897 0.631896 0.620844 0.609753 0.598634 0.587497 0.576350 0.565203 0.554062 0.542935 
0.552454 0.563849 0.575268 0.586702 0.598144 0.609585 0.621017 0.632430 0.643812 0.655153 0.666438 0.677655 0.688789 0.699823 0.710741 0.721524 0.732153 0.742607 0.752864 0.762902 0.772697 0.782223 0.791454 0.800364 0.808925 0.817109 0.824887 0.832233 0.839116 0.845511 0.851390 0.856728 0.861500 0.865685 0.869262 0.872213 0.874525 0.876185 0.877184 0.877518 0.877184 0.876185 0.874525 0.872213 0.869262 0.865685 0.861500 0.856728 0.851390 0.845511 0.839116 0.832233 0.824887 0.817109 0.808925 0.800364 0.791454 0.782223 0.772697 0.762902 0.752864 0.742607 0.732153 0.721524 0.710741 0.699823 0.688789 0.677655 0.666438 0.655153 0.643812 0.632430 0.621017 0.609585 0.598144 0.586702 0.575268 0.563849 0.552454 
0.561903 0.573573 0.585274 0.597001 0.608745 0.620498 0.632252 0.643996 0.655719 0.667410 0.679055 0.690641 0.702152 0.713573 0.724885 0.736069 0.747106 0.757973 0.768649 0.779108 0.789325 0.799273 0.808925 0.818251 0.827223 0.835809 0.843979 0.851702 0.858947 0.865685 0.871884 0.877518 0.882559 0.886982 0.890765 0.893889 0.896336 0.898094 0.899153 0.899506 0.899153 0.898094 0.896336 0.893889 0.890765 0.886982 0.882559 0.877518 0.871884 0.865685 0.858947 0.851702 0.843979 0.835809 0.827223 0.818251 0.808925 0.799273 0.789325 0.779108 0.768649 0.757973 0.747106 0.736069 0.724885 0.713573 0.702152 0.690641 0.679055 0.667410 0.655719 0.643996 0.632252 0.620498 0.608745 0.597001 0.585274 0.573573 0.561903 
0.571273 0.583221 0.595212 0.607237 0.619290 0.631363 0.643446 0.655530 0.667604 0.679656 0.691674 0.703642 0.715545 0.727368 0.739091 0.750695 0.762159 0.773461 0.784576 0.795478 0.806142 0.816539 0.826637 0.836408 0.845818 0.854835 0.863426 0.871555 0.879191 0.886298 0.892845 0.898800 0.904132 0.908815 0.912824 0.916135 0.918731 0.920596 0.921719 0.922094 0.921719 0.920596 0.918731 0.916135 0.912824 0.908815 0.904132 0.898800 0.892845 0.886298 0.879191 0.871555 0.863426 0.854835 0.845818 0.836408 0.826637 0.816539 0.806142 0.795478 0.784576 0.773461 0.762159 0.750695 0.739091 0.727368 0.715545 0.703642 0.691674 0.679656 0.667604 0.655530 0.643446 0.631363 0.619290 0.607237 0.595212 0.583221 0.571273 
0.580553 0.592785 0.605069 0.617399 0.629767 0.642166 0.654587 0.667021 0.679456 0.691880 0.704282 0.716646 0.728956 0.741197 0.753348 0.765390 0.777302 0.789059 0.800637 0.812008 0.823145 0.834017 0.844591 0.854835 0.864715 0.874194 0.883236 0.891804 0.899860 0.907368 0.914292 0.920596 0.926246 0.931213 0.935467 0.938984 0.941742 0.943724 0.944919 0.945318 0.944919 0.943724 0.941742 0.938984 0.935467 0.931213 0.926246 0.920596 0.914292 0.907368 0.899860 0.891804 0.883236 0.874194 0.864715 0.854835 0.844591 0.834017 0.823145 0.812008 0.800637 0.789059 0.777302 0.765390 0.753348 0.741197 0.728956 0.716646 0.704282 0.691880 0.679456 0.667021 0.654587 0.642166 0.629767 0.617399 0.605069 0.592785 0.580553 
0.589732 0.602251 0.614834 0.627474 0.640164 0.652896 0.665663 0.678454 0.691260 0.704068 0.716866 0.729639 0.742371 0.755046 0.767643 0.780143 0.792523 0.804759 0.816823 0.828689 0.840326 0.851702 0.862783 0.873533 0.883914 0.893889 0.903417 0.912458 0.920970 0.928912 0.936246 0.942930 0.948928 0.954204 0.958728 0.962470 0.965406 0.967518 0.968790 0.969216 0.968790 0.967518 0.965406 0.962470 0.958728 0.954204 0.948928 0.942930 0.936246 0.928912 0.920970 0.912458 0.903417 0.893889 0.883914 0.873533 0.862783 0.851702 0.840326 0.828689 0.816823 0.804759 0.792523 0.780143 0.767643 0.755046 0.742371 0.729639 0.716866 0.704068 0.691260 0.678454 0.665663 0.652896 0.640164 0.627474 0.614834 0.602251 0.589732 
0.598798 0.611609 0.624494 0.637449 0.650466 0.663538 0.676658 0.689817 0.703003 0.716205 0.729411 0.742607 0.755776 0.768901 0.781962 0.794939 0.807809 0.820546 0.833124 0.845511 0.857678 0.869589 0.881208 0.892498 0.903417 0.913924 0.923976 0.933527 0.942533 0.950949 0.958728 0.965828 0.972206 0.977822 0.982642 0.986632 0.989765 0.992019 0.993378 0.993832 0.993378 0.992019 0.989765 0.986632 0.982642 0.977822 0.972206 0.965828 0.958728 0.950949 0.942533 0.933527 0.923976 0.913924 0.903417 0.892498 0.881208 0.869589 0.857678 0.845511 0.833124 0.820546 0.807809 0.794939 0.781962 0.768901 0.755776 0.742607 0.729411 0.716205 0.703003 0.689817 0.676658 0.663538 0.650466 0.637449 0.624494 0.611609 0.598798 
0.607739 0.620844 0.634036 0.647310 0.660660 0.674079 0.687559 0.701092 0.714668 0.728275 0.741901 0.755532 0.769152 0.782744 0.796288 0.809763 0.823145 0.836408 0.849524 0.862462 0.875188 0.887667 0.899860 0.911726 0.923222 0.934302 0.944919 0.955023 0.964565 0.973494 0.981761 0.989316 0.996111 1.002102 1.007247 1.011511 1.014861 1.017273 1.018727 1.019214 1.018727 1.017273 1.014861 1.011511 1.007247 1.002102 0.996111 0.989316 0.981761 0.973494 0.964565 0.955023 0.944919 0.934302 0.923222 0.911726 0.899860 0.887667 0.875188 0.862462 0.849524 0.836408 0.823145 0.809763 0.796288 0.782744 0.769152 0.755532 0.741901 0.728275 0.714668 0.701092 0.687559 0.674079 0.660660 0.647310 0.634036 0.620844 0.607739 
0.616542 0.629944 0.643446 0.657043 0.670730 0.684501 0.698348 0.712263 0.726237 0.740259 0.754317 0.768397 0.782483 0.796559 0.810604 0.824596 0.838513 0.852327 0.866009 0.879526 0.892845 0.905927 0.918731 0.931213 0.943327 0.955023 0.966249 0.976953 0.987078 0.996568 1.005368 1.013422 1.020676 1.027080 1.032586 1.037153 1.040744 1.043331 1.044892 1.045414 1.044892 1.043331 1.040744 1.037153 1.032586 1.027080 1.020676 1.013422 1.005368 0.996568 0.987078 0.976953 0.966249 0.955023 0.943327 0.931213 0.918731 0.905927 0.892845 0.879526 0.866009 0.852327 0.838513 0.824596 0.810604 0.796559 0.782483 0.768397 0.754317 0.740259 0.726237 0.712263 0.698348 0.684501 0.670730 0.657043 0.643446 0.629944 0.616542 
0.625193 0.638894 0.652709 0.666632 0.680661 0.694788 0.709008 0.723313 0.737693 0.752140 0.766640 0.781182 0.795748 0.810323 0.824887 0.839419 0.853893 0.868283 0.882559 0.896687 0.910632 0.924353 0.937808 0.950949 0.963725 0.976085 0.987971 0.999325 1.010084 1.020188 1.029572 1.038175 1.045936 1.052797 1.058703 1.063607 1.067468 1.070250 1.071929 1.072491 1.071929 1.070250 1.067468 1.063607 1.058703 1.052797 1.045936 1.038175 1.029572 1.020188 1.010084 0.999325 0.987971 0.976085 0.963725 0.950949 0.937808 0.924353 0.910632 0.896687 0.882559 0.868283 0.853893 0.839419 0.824887 0.810323 0.795748 0.781182 0.766640 0.752140 0.737693 0.723313 0.709008 0.694788 0.680661 0.666632 0.652709 0.638894 0.625193 
0.633679 0.647680 0.661809 0.676062 0.690435 0.704923 0.719521 0.734221 0.749016 0.763896 0.778849 0.793864 0.808925 0.824015 0.839116 0.854207 0.869262 0.884254 0.899153 0.913924 0.928530 0.942930 0.957077 0.970921 0.984410 0.997485 1.010084 1.022144 1.033596 1.044371 1.054398 1.063607 1.071929 1.079297 1.085649 1.090930 1.095090 1.098091 1.099903 1.100510 1.099903 1.098091 1.095090 1.090930 1.085649 1.079297 1.071929 1.063607 1.054398 1.044371 1.033596 1.022144 1.010084 0.997485 0.984410 0.970921 0.957077 0.942930 0.928530 0.913924 0.899153 0.884254 0.869262 0.854207 0.839116 0.824015 0.808925 0.793864 0.778849 0.763896 0.749016 0.734221 0.719521 0.704923 0.690435 0.676062 0.661809 0.647680 0.633679 
0.641984 0.656286 0.670730 0.685314 0.700034 0.714887 0.729867 0.744968 0.760184 0.775505 0.790921 0.806420 0.821988 0.837609 0.853266 0.868935 0.884594 0.900214 0.915766 0.931213 0.946517 0.961635 0.976519 0.991115 1.005368 1.019214 1.032586 1.045414 1.057622 1.069134 1.079870 1.089750 1.098694 1.106627 1.113478 1.119180 1.123677 1.126925 1.128887 1.129543 1.128887 1.126925 1.123677 1.119180 1.113478 1.106627 1.098694 1.089750 1.079870 1.069134 1.057622 1.045414 1.032586 1.019214 1.005368 0.991115 0.976519 0.961635 0.946517 0.931213 0.915766 0.900214 0.884594 0.868935 0.853266 0.837609 0.821988 0.806420 0.790921 0.775505 0.760184 0.744968 0.729867 0.714887 0.700034 0.685314 0.670730 0.656286 0.641984 
0.650093 0.664696 0.679456 0.694371 0.709440 0.724660 0.740025 0.755532 0.771174 0.786943 0.802830 0.818824 0.834912 0.851079 0.867306 0.883575 0.899860 0.916135 0.932368 0.948525 0.964565 0.980443 0.996111 1.011511 1.026583 1.041260 1.055470 1.069134 1.082171 1.094493 1.106011 1.116634 1.126273 1.134838 1.142247 1.148425 1.153303 1.156828 1.158960 1.159674 1.158960 1.156828 1.153303 1.148425 1.142247 1.134838 1.126273 1.116634 1.106011 1.094493 1.082171 1.069134 1.055470 1.041260 1.026583 1.011511 0.996111 0.980443 0.964565 0.948525 0.932368 0.916135 0.899860 0.883575 0.867306 0.851079 0.834912 0.818824 0.802830 0.786943 0.771174 0.755532 0.740025 0.724660 0.709440 0.694371 0.679456 0.664696 0.650093 
0.657992 0.672893 0.687968 0.703216 0.718634 0.734221 0.749975 0.765890 0.781962 0.798185 0.814550 0.831048 0.847667 0.864392 0.881208 0.898094 0.915028 0.931983 0.948928 0.965828 0.982642 0.999325 1.015824 1.032082 1.048034 1.063607 1.078725 1.093301 1.107245 1.120459 1.132844 1.144295 1.154709 1.163984 1.172024 1.178738 1.184048 1.187890 1.190215 1.190994 1.190215 1.187890 1.184048 1.178738 1.172024 1.163984 1.154709 1.144295 1.132844 1.120459 1.107245 1.093301 1.078725 1.063607 1.048034 1.032082 1.015824 0.999325 0.982642 0.965828 0.948928 0.931983 0.915028 0.898094 0.881208 0.864392 0.847667 0.831048 0.814550 0.798185 0.781962 0.765890 0.749975 0.734221 0.718634 0.703216 0.687968 0.672893 0.657992 
0.665663 0.680862 0.696250 0.711828 0.727594 0.743550 0.759692 0.776017 0.792523 0.809204 0.826053 0.843063 0.860222 0.877518 0.894936 0.912458 0.930061 0.947721 0.965406 0.983083 1.000710 1.018242 1.035624 1.052797 1.069692 1.086232 1.102334 1.117905 1.132844 1.147043 1.160389 1.172764 1.184048 1.194124 1.202877 1.210202 1.216005 1.220209 1.222755 1.223608 1.222755 1.220209 1.216005 1.210202 1.202877 1.194124 1.184048 1.172764 1.160389 1.147043 1.132844 1.117905 1.102334 1.086232 1.069692 1.052797 1.035624 1.018242 1.000710 0.983083 0.965406 0.947721 0.930061 0.912458 0.894936 0.877518 0.860222 0.843063 0.826053 0.809204 0.792523 0.776017 0.759692 0.743550 0.727594 0.711828 0.696250 0.680862 0.665663 
0.673091 0.688584 0.704282 0.720187 0.736301 0.752623 0.769152 0.785889 0.802830 0.819971 0.837309 0.854835 0.872543 0.890420 0.908453 0.926626 0.944919 0.963306 0.981761 1.000248 1.018727 1.037153 1.055470 1.073616 1.091521 1.109103 1.126273 1.142929 1.158960 1.174248 1.188663 1.202073 1.214337 1.225319 1.234885 1.242908 1.249276 1.253896 1.256698 1.257636 1.256698 1.253896 1.249276 1.242908 1.234885 1.225319 1.214337 1.202073 1.188663 1.174248 1.158960 1.142929 1.126273 1.109103 1.091521 1.073616 1.055470 1.037153 1.018727 1.000248 0.981761 0.963306 0.944919 0.926626 0.908453 0.890420 0.872543 0.854835 0.837309 0.819971 0.802830 0.785889 0.769152 0.752623 0.736301 0.720187 0.704282 0.688584 0.673091 
0.680259 0.696041 0.712045 0.728275 0.744732 0.761417 0.778333 0.795478 0.812854 0.830457 0.848285 0.866333 0.884594 0.903060 0.921719 0.940557 0.959556 0.978694 0.997944 1.017273 1.036643 1.056007 1.075311 1.094493 1.113478 1.132181 1.150507 1.168347 1.185580 1.202073 1.217680 1.232250 1.245623 1.257636 1.268131 1.276957 1.283978 1.289081 1.292179 1.293218 1.292179 1.289081 1.283978 1.276957 1.268131 1.257636 1.245623 1.232250 1.217680 1.202073 1.185580 1.168347 1.150507 1.132181 1.113478 1.094493 1.075311 1.056007 1.036643 1.017273 0.997944 0.978694 0.959556 0.940557 0.921719 0.903060 0.884594 0.866333 0.848285 0.830457 0.812854 0.795478 0.778333 0.761417 0.744732 0.728275 0.712045 0.696041 0.680259 
0.687150 0.703216 0.719521 0.736069 0.752864 0.769909 0.787207 0.804759 0.822566 0.840629 0.858947 0.877518 0.896336 0.915397 0.934690 0.954204 0.973925 0.993832 1.013901 1.034102 1.054398 1.074745 1.095090 1.115368 1.135506 1.155414 1.174992 1.194124 1.212677 1.230505 1.247445 1.263322 1.277951 1.291143 1.302708 1.312463 1.320244 1.325911 1.329355 1.330511 1.329355 1.325911 1.320244 1.312463 1.302708 1.291143 1.277951 1.263322 1.247445 1.230505 1.212677 1.194124 1.174992 1.155414 1.135506 1.115368 1.095090 1.074745 1.054398 1.034102 1.013901 0.993832 0.973925 0.954204 0.934690 0.915397 0.896336 0.877518 0.858947 0.840629 0.822566 0.804759 0.787207 0.769909 0.752864 0.736069 0.719521 0.703216 0.687150 
0.693747 0.710090 0.726689 0.743550 0.760677 0.778075 0.795748 0.813701 0.831936 0.850456 0.869262 0.888353 0.907730 0.927387 0.947319 0.967518 0.987971 1.008663 1.029572 1.050672 1.071929 1.093301 1.114737 1.136174 1.157538 1.178738 1.199669 1.220209 1.240213 1.259521 1.277951 1.295304 1.311365 1.325911 1.338713 1.349552 1.358224 1.364555 1.368410 1.369705 1.368410 1.364555 1.358224 1.349552 1.338713 1.325911 1.311365 1.295304 1.277951 1.259521 1.240213 1.220209 1.199669 1.178738 1.157538 1.136174 1.114737 1.093301 1.071929 1.050672 1.029572 1.008663 0.987971 0.967518 0.947319 0.927387 0.907730 0.888353 0.869262 0.850456 0.831936 0.813701 0.795748 0.778075 0.760677 0.743550 0.726689 0.710090 0.693747 
0.700034 0.716646 0.733530 0.750695 0.768146 0.785889 0.803931 0.822277 0.840933 0.859903 0.879191 0.898800 0.918731 0.938984 0.959556 0.980443 1.001637 1.023126 1.044892 1.066914 1.089161 1.111596 1.134172 1.156828 1.179492 1.202073 1.224463 1.246533 1.268131 1.289081 1.309181 1.328203 1.345901 1.362008 1.376253 1.388364 1.398090 1.405211 1.409556 1.411017 1.409556 1.405211 1.398090 1.388364 1.376253 1.362008 1.345901 1.328203 1.309181 1.289081 1.268131 1.246533 1.224463 1.202073 1.179492 1.156828 1.134172 1.111596 1.089161 1.066914 1.044892 1.023126 1.001637 0.980443 0.959556 0.938984 0.918731 0.898800 0.879191 0.859903 0.840933 0.822277 0.803931 0.785889 0.768146 0.750695 0.733530 0.716646 0.700034 
0.705994 0.722865 0.740025 0.757484 0.775248 0.793327 0.811727 0.830457 0.849524 0.868935 0.888697 0.908815 0.929295 0.950139 0.971349 0.992924 1.014861 1.037153 1.059788 1.082748 1.106011 1.129543 1.153303 1.177235 1.201270 1.225319 1.249276 1.273007 1.296352 1.319122 1.341092 1.362008 1.381583 1.399503 1.415438 1.429056 1.440041 1.448112 1.453049 1.454711 1.453049 1.448112 1.440041 1.429056 1.415438 1.399503 1.381583 1.362008 1.341092 1.319122 1.296352 1.273007 1.249276 1.225319 1.201270 1.177235 1.153303 1.129543 1.106011 1.082748 1.059788 1.037153 1.014861 0.992924 0.971349 0.950139 0.929295 0.908815 0.888697 0.868935 0.849524 0.830457 0.811727 0.793327 0.775248 0.757484 0.740025 0.722865 0.705994 
0.711610 0.728729 0.746154 0.763896 0.781962 0.800364 0.819110 0.838212 0.857678 0.877518 0.897742 0.918359 0.939376 0.960802 0.982642 1.004899 1.027577 1.050672 1.074180 1.098091 1.122387 1.147043 1.172024 1.197282 1.222755 1.248359 1.273990 1.299515 1.324770 1.349552 1.373618 1.396684 1.418417 1.438450 1.456381 1.471800 1.484303 1.493530 1.499192 1.501100 1.499192 1.493530 1.484303 1.471800 1.456381 1.438450 1.418417 1.396684 1.373618 1.349552 1.324770 1.299515 1.273990 1.248359 1.222755 1.197282 1.172024 1.147043 1.122387 1.098091 1.074180 1.050672 1.027577 1.004899 0.982642 0.960802 0.939376 0.918359 0.897742 0.877518 0.857678 0.838212 0.819110 0.800364 0.781962 0.763896 0.746154 0.728729 0.711610 
0.716866 0.734221 0.751899 0.769909 0.788264 0.806975 0.826053 0.845511 0.865361 0.885615 0.906287 0.927387 0.948928 0.970921 0.993378 1.016306 1.039715 1.063607 1.087987 1.112849 1.138187 1.163984 1.190215 1.216842 1.243811 1.271049 1.298458 1.325911 1.353242 1.380242 1.406653 1.432158 1.456381 1.478887 1.499192 1.516780 1.531138 1.541791 1.548352 1.550569 1.548352 1.541791 1.531138 1.516780 1.499192 1.478887 1.456381 1.432158 1.406653 1.380242 1.353242 1.325911 1.298458 1.271049 1.243811 1.216842 1.190215 1.163984 1.138187 1.112849 1.087987 1.063607 1.039715 1.016306 0.993378 0.970921 0.948928 0.927387 0.906287 0.885615 0.865361 0.845511 0.826053 0.806975 0.788264 0.769909 0.751899 0.734221 0.716866 
0.721747 0.739324 0.757239 0.775505 0.794132 0.813136 0.832529 0.852327 0.872543 0.893193 0.914292 0.935856 0.957901 0.980443 1.003498 1.027080 1.051202 1.075878 1.101117 1.126925 1.153303 1.180247 1.207744 1.235767 1.264279 1.293218 1.322500 1.352007 1.381583 1.411017 1.440041 1.468311 1.495407 1.520819 1.543963 1.564194 1.580845 1.593284 1.600983 1.603591 1.600983 1.593284 1.580845 1.564194 1.543963 1.520819 1.495407 1.468311 1.440041 1.411017 1.381583 1.352007 1.322500 1.293218 1.264279 1.235767 1.207744 1.180247 1.153303 1.126925 1.101117 1.075878 1.051202 1.027080 1.003498 0.980443 0.957901 0.935856 0.914292 0.893193 0.872543 0.852327 0.832529 0.813136 0.794132 0.775505 0.757239 0.739324 0.721747 
0.726237 0.744022 0.762159 0.780662 0.799545 0.818824 0.838513 0.858630 0.879191 0.900214 0.921719 0.943724 0.966249 0.989316 1.012943 1.037153 1.061966 1.087401 1.113478 1.140212 1.167616 1.195700 1.224463 1.253896 1.283978 1.314668 1.345901 1.377577 1.409556 1.441640 1.473557 1.504951 1.535358 1.564194 1.590758 1.614238 1.633764 1.648478 1.657645 1.660760 1.657645 1.648478 1.633764 1.614238 1.590758 1.564194 1.535358 1.504951 1.473557 1.441640 1.409556 1.377577 1.345901 1.314668 1.283978 1.253896 1.224463 1.195700 1.167616 1.140212 1.113478 1.087401 1.061966 1.037153 1.012943 0.989316 0.966249 0.943724 0.921719 0.900214 0.879191 0.858630 0.838513 0.818824 0.799545 0.780662 0.762159 0.744022 0.726237 
0.730323 0.748299 0.766640 0.785363 0.804482 0.824015 0.843979 0.864392 0.885275 0.906647 0.928530 0.950949 0.973925 0.997485 1.021654 1.046459 1.071929 1.098091 1.124973 1.152602 1.181004 1.210202 1.240213 1.271049 1.302708 1.335174 1.368410 1.402345 1.436866 1.471800 1.506894 1.541791 1.576000 1.608870 1.639568 1.667084 1.690269 1.707943 1.719047 1.722839 1.719047 1.707943 1.690269 1.667084 1.639568 1.608870 1.576000 1.541791 1.506894 1.471800 1.436866 1.402345 1.368410 1.335174 1.302708 1.271049 1.240213 1.210202 1.181004 1.152602 1.124973 1.098091 1.071929 1.046459 1.021654 0.997485 0.973925 0.950949 0.928530 0.906647 0.885275 0.864392 0.843979 0.824015 0.804482 0.785363 0.766640 0.748299 0.730323 
0.733991 0.752140 0.770668 0.789590 0.808925 0.828689 0.848904 0.869589 0.890765 0.912458 0.934690 0.957489 0.980882 1.004899 1.029572 1.054934 1.081019 1.107863 1.135506 1.163984 1.193339 1.223608 1.254827 1.287031 1.320244 1.354480 1.389737 1.425982 1.463146 1.501100 1.539632 1.578414 1.616956 1.654560 1.690269 1.722839 1.750757 1.772366 1.786103 1.790823 1.786103 1.772366 1.750757 1.722839 1.690269 1.654560 1.616956 1.578414 1.539632 1.501100 1.463146 1.425982 1.389737 1.354480 1.320244 1.287031 1.254827 1.223608 1.193339 1.163984 1.135506 1.107863 1.081019 1.054934 1.029572 1.004899 0.980882 0.957489 0.934690 0.912458 0.890765 0.869589 0.848904 0.828689 0.808925 0.789590 0.770668 0.752140 0.733991 
0.737229 0.755532 0.774226 0.793327 0.812854 0.832826 0.853266 0.874194 0.895635 0.917616 0.940163 0.963306 0.987078 1.011511 1.036643 1.062512 1.089161 1.116634 1.144980 1.174248 1.204492 1.235767 1.268131 1.301640 1.336350 1.372309 1.409556 1.448112 1.487963 1.529048 1.571226 1.614238 1.657645 1.700754 1.742520 1.781455 1.815588 1.842567 1.860003 1.866049 1.860003 1.842567 1.815588 1.781455 1.742520 1.700754 1.657645 1.614238 1.571226 1.529048 1.487963 1.448112 1.409556 1.372309 1.336350 1.301640 1.268131 1.235767 1.204492 1.174248 1.144980 1.116634 1.089161 1.062512 1.036643 1.011511 0.987078 0.963306 0.940163 0.917616 0.895635 0.874194 0.853266 0.832826 0.812854 0.793327 0.774226 0.755532 0.737229 
0.740025 0.758464 0.777302 0.796559 0.816254 0.836408 0.857044 0.878186 0.899860 0.922094 0.944919 0.968366 0.992471 1.017273 1.042812 1.069134 1.096287 1.124325 1.153303 1.183285 1.214337 1.246533 1.279949 1.314668 1.350777 1.388364 1.427516 1.468311 1.510813 1.555048 1.600983 1.648478 1.697220 1.746611 1.795617 1.842567 1.884966 1.919476 1.942329 1.950366 1.942329 1.919476 1.884966 1.842567 1.795617 1.746611 1.697220 1.648478 1.600983 1.555048 1.510813 1.468311 1.427516 1.388364 1.350777 1.314668 1.279949 1.246533 1.214337 1.183285 1.153303 1.124325 1.096287 1.069134 1.042812 1.017273 0.992471 0.968366 0.944919 0.922094 0.899860 0.878186 0.857044 0.836408 0.816254 0.796559 0.777302 0.758464 0.740025 
0.742371 0.760923 0.779884 0.799273 0.819110 0.839419 0.860222 0.881545 0.903417 0.925867 0.948928 0.972635 0.997026 1.022144 1.048034 1.074745 1.102334 1.130860 1.160389 1.190994 1.222755 1.255761 1.290111 1.325911 1.363279 1.402345 1.443246 1.486128 1.531138 1.578414 1.628063 1.680123 1.734497 1.790823 1.848266 1.905180 1.958635 2.004000 2.035188 2.046409 2.035188 2.004000 1.958635 1.905180 1.848266 1.790823 1.734497 1.680123 1.628063 1.578414 1.531138 1.486128 1.443246 1.402345 1.363279 1.325911 1.290111 1.255761 1.222755 1.190994 1.160389 1.130860 1.102334 1.074745 1.048034 1.022144 0.997026 0.972635 0.948928 0.925867 0.903417 0.881545 0.860222 0.839419 0.819110 0.799273 0.779884 0.760923 0.742371 
0.744258 0.762902 0.781962 0.801458 0.821411 0.841844 0.862783 0.884254 0.906287 0.928912 0.952166 0.976085 1.000710 1.026087 1.052265 1.079297 1.107245 1.136174 1.166159 1.197282 1.229635 1.263322 1.298458 1.335174 1.373618 1.413958 1.456381 1.501100 1.548352 1.598396 1.651505 1.707943 1.767921 1.831483 1.898287 1.967148 2.035188 2.096511 2.141274 2.158034 2.141274 2.096511 2.035188 1.967148 1.898287 1.831483 1.767921 1.707943 1.651505 1.598396 1.548352 1.501100 1.456381 1.413958 1.373618 1.335174 1.298458 1.263322 1.229635 1.197282 1.166159 1.136174 1.107245 1.079297 1.052265 1.026087 1.000710 0.976085 0.952166 0.928912 0.906287 0.884254 0.862783 0.841844 0.821411 0.801458 0.781962 0.762902 0.744258 
0.745680 0.764393 0.783528 0.803105 0.823145 0.843673 0.864715 0.886298 0.908453 0.931213 0.954613 0.978694 1.003498 1.029072 1.055470 1.082748 1.110972 1.140212 1.170549 1.202073 1.234885 1.269101 1.304852 1.342288 1.381583 1.422936 1.466581 1.512790 1.561884 1.614238 1.670294 1.730562 1.795617 1.866049 1.942329 2.024401 2.110620 2.195145 2.263271 2.290791 2.263271 2.195145 2.110620 2.024401 1.942329 1.866049 1.795617 1.730562 1.670294 1.614238 1.561884 1.512790 1.466581 1.422936 1.381583 1.342288 1.304852 1.269101 1.234885 1.202073 1.170549 1.140212 1.110972 1.082748 1.055470 1.029072 1.003498 0.978694 0.954613 0.931213 0.908453 0.886298 0.864715 0.843673 0.823145 0.803105 0.783528 0.764393 0.745680 
0.746630 0.765390 0.784576 0.804206 0.824306 0.844898 0.866009 0.887667 0.909904 0.932754 0.956254 0.980443 1.005368 1.031076 1.057622 1.085067 1.113478 1.142929 1.173505 1.205302 1.238428 1.273007 1.309181 1.347114 1.386997 1.429056 1.473557 1.520819 1.571226 1.625250 1.683469 1.746611 1.815588 1.891551 1.975923 2.070317 2.175931 2.290791 2.399127 2.450224 2.399127 2.290791 2.175931 2.070317 1.975923 1.891551 1.815588 1.746611 1.683469 1.625250 1.571226 1.520819 1.473557 1.429056 1.386997 1.347114 1.309181 1.273007 1.238428 1.205302 1.173505 1.142929 1.113478 1.085067 1.057622 1.031076 1.005368 0.980443 0.956254 0.932754 0.909904 0.887667 0.866009 0.844898 0.824306 0.804206 0.784576 0.765390 0.746630 
0.747106 0.765890 0.785100 0.804759 0.824887 0.845511 0.866657 0.888353 0.910632 0.933527 0.957077 0.981321 1.006306 1.032082 1.058703 1.086232 1.114737 1.144295 1.174992 1.206928 1.240213 1.274976 1.311365 1.349552 1.389737 1.432158 1.477101 1.524908 1.576000 1.630900 1.690269 1.754959 1.826091 1.905180 1.994329 2.096511 2.215898 2.357311 2.516624 2.613925 2.516624 2.357311 2.215898 2.096511 1.994329 1.905180 1.826091 1.754959 1.690269 1.630900 1.576000 1.524908 1.477101 1.432158 1.389737 1.349552 1.311365 1.274976 1.240213 1.206928 1.174992 1.144295 1.114737 1.086232 1.058703 1.032082 1.006306 0.981321 0.957077 0.933527 0.910632 0.888353 0.866657 0.845511 0.824887 0.804759 0.785100 0.765890 0.747106 
0.747166 0.765952 0.785166 0.804828 0.824960 0.845588 0.866738 0.888439 0.910723 0.933624 0.957180 0.981431 1.006424 1.032208 1.058839 1.086378 1.114895 1.144466 1.175179 1.207132 1.240437 1.275223 1.311639 1.349858 1.390081 1.432548 1.477547 1.525423 1.576602 1.631614 1.691130 1.756018 1.827429 1.906929 1.996716 2.099969 2.221358 2.367087 2.536994 2.647985 2.536994 2.367087 2.221358 2.099969 1.996716 1.906929 1.827429 1.756018 1.691130 1.631614 1.576602 1.525423 1.477547 1.432548 1.390081 1.349858 1.311639 1.275223 1.240437 1.207132 1.175179 1.144466 1.114895 1.086378 1.058839 1.032208 1.006424 0.981431 0.957180 0.933624 0.910723 0.888439 0.866738 0.845588 0.824960 0.804828 0.785166 0.765952 0.747166 
0.747165 0.765952 0.785166 0.804828 0.824960 0.845588 0.866738 0.888439 0.910723 0.933624 0.957180 0.981431 1.006424 1.032208 1.058839 1.086378 1.114895 1.144466 1.175179 1.207131 1.240437 1.275223 1.311639 1.349857 1.390080 1.432548 1.477546 1.525422 1.576601 1.631613 1.691129 1.756017 1.827428 1.906928 1.996713 2.099966 2.221353 2.367078 2.536974 2.647950 2.536974 2.367078 2.221353 2.099966 1.996713 1.906928 1.827428 1.756017 1.691129 1.631613 1.576601 1.525422 1.477546 1.432548 1.390080 1.349857 1.311639 1.275223 1.240437 1.207131 1.175179 1.144466 1.114895 1.086378 1.058839 1.032208 1.006424 0.981431 0.957180 0.933624 0.910723 0.888439 0.866738 0.845588 0.824960 0.804828 0.785166 0.765952 0.747165 
0.747165 0.765952 0.785166 0.804828 0.824960 0.845588 0.866738 0.888439 0.910723 0.933624 0.957180 0.981431 1.006424 1.032208 1.058839 1.086378 1.114895 1.144466 1.175178 1.207131 1.240437 1.275223 1.311639 1.349857 1.390080 1.432548 1.477546 1.525422 1.576601 1.631613 1.691129 1.756017 1.827428 1.906927 1.996713 2.099965 2.221351 2.367075 2.536968 2.647940 2.536968 2.367075 2.221351 2.099965 1.996713 1.906927 1.827428 1.756017 1.691129 1.631613 1.576601 1.525422 1.477546 1.432548 1.390080 1.349857 1.311639 1.275223 1.240437 1.207131 1.175178 1.144466 1.114895 1.086378 1.058839 1.032208 1.006424 0.981431 0.957180 0.933624 0.910723 0.888439 0.866738 0.845588 0.824960 0.804828 0.785166 0.765952 0.747165 
0.747166 0.765952 0.785166 0.804828 0.824960 0.845588 0.866738 0.888439 0.910723 0.933624 0.957180 0.981431 1.006424 1.032208 1.058839 1.086378 1.114895 1.144466 1.175179 1.207132 1.240437 1.275223 1.311639 1.349858 1.390081 1.432548 1.477546 1.525423 1.576602 1.631614 1.691130 1.756018 1.827429 1.906929 1.996715 2.099969 2.221357 2.367086 2.536992 2.647981 2.536992 2.367086 2.221357 2.099969 1.996715 1.906929 1.827429 1.756018 1.691130 1.631614 1.576602 1.525423 1.477546 1.432548 1.390081 1.349858 1.311639 1.275223 1.240437 1.207132 1.175179 1.144466 1.114895 1.086378 1.058839 1.032208 1.006424 0.981431 0.957180 0.933624 0.910723 0.888439 0.866738 0.845588 0.824960 0.804828 0.785166 0.765952 0.747166 
0.747166 0.765952 0.785166 0.804828 0.824960 0.845588 0.866738 0.888439 0.910723 0.933624 0.957180 0.981431 1.006424 1.032208 1.058839 1.086378 1.114895 1.144466 1.175179 1.207132 1.240437 1.275223 1.311639 1.349858 1.390081 1.432548 1.477547 1.525423 1.576602 1.631614 1.691130 1.756018 1.827430 1.906929 1.996716 2.099969 2.221358 2.367088 2.536995 2.647988 2.536995 2.367088 2.221358 2.099969 1.996716 1.906929 1.827430 1.756018 1.691130 1.631614 1.576602 1.525423 1.477547 1.432548 1.390081 1.349858 1.311639 1.275223 1.240437 1.207132 1.175179 1.144466 1.114895 1.086378 1.058839 1.032208 1.006424 0.981431 0.957180 0.933624 0.910723 0.888439 0.866738 0.845588 0.824960 0.804828 0.785166 0.765952 0.747166 
0.747165 0.765952 0.785166 0.804828 0.824960 0.845588 0.866738 0.888439 0.910723 0.933624 0.957180 0.981431 1.006424 1.032208 1.058839 1.086378 1.114895 1.144466 1.175179 1.207131 1.240437 1.275223 1.311639 1.349857 1.390081 1.432548 1.477546 1.525422 1.576601 1.631613 1.691129 1.756017 1.827429 1.906928 1.996714 2.099967 2.221354 2.367080 2.536979 2.647959 2.536979 2.367080 2.221354 2.099967 1.996714 1.906928 1.827429 1.756017 1.691129 1.631613 1.576601 1.525422 1.477546 1.432548 1.390081 1.349857 1.311639 1.275223 1.240437 1.207131 1.175179 1.144466 1.114895 1.086378 1.058839 1.032208 1.006424 0.981431 0.957180 0.933624 0.910723 0.888439 0.866738 0.845588 0.824960 0.804828 0.785166 0.765952 0.747165 
0.747165 0.765952 0.785166 0.804828 0.824960 0.845588 0.866738 0.888439 0.910723 0.933624 0.957179 0.981431 1.006424 1.032208 1.058839 1.086378 1.114894 1.144466 1.175178 1.207131 1.240437 1.275223 1.311639 1.349857 1.390080 1.432548 1.477546 1.525422 1.576601 1.631613 1.691128 1.756017 1.827427 1.906927 1.996712 2.099964 2.221350 2.367072 2.536962 2.647929 2.536962 2.367072 2.221350 2.099964 1.996712 1.906927 1.827427 1.756017 1.691128 1.631613 1.576601 1.525422 1.477546 1.432548 1.390080 1.349857 1.311639 1.275223 1.240437 1.207131 1.175178 1.144466 1.114894 1.086378 1.058839 1.032208 1.006424 0.981431 0.957179 0.933624 0.910723 0.888439 0.866738 0.845588 0.824960 0.804828 0.785166 0.765952 0.747165 
0.747099 0.765882 0.785092 0.804750 0.824878 0.845502 0.866647 0.888343 0.910621 0.933515 0.957064 0.981308 1.006292 1.032066 1.058687 1.086214 1.114717 1.144273 1.174969 1.206903 1.240185 1.274946 1.311331 1.349514 1.389694 1.432110 1.477045 1.524844 1.575925 1.630812 1.690162 1.754827 1.825924 1.904963 1.994033 2.096083 2.215225 2.356120 2.514216 2.610068 2.514216 2.356120 2.215225 2.096083 1.994033 1.904963 1.825924 1.754827 1.690162 1.630812 1.575925 1.524844 1.477045 1.432110 1.389694 1.349514 1.311331 1.274946 1.240185 1.206903 1.174969 1.144273 1.114717 1.086214 1.058687 1.032066 1.006292 0.981308 0.957064 0.933515 0.910621 0.888343 0.866647 0.845502 0.824878 0.804750 0.785092 0.765882 0.747099 
0.746608 0.765367 0.784552 0.804181 0.824279 0.844869 0.865979 0.887636 0.909871 0.932719 0.956216 0.980403 1.005325 1.031030 1.057573 1.085014 1.113420 1.142866 1.173437 1.205228 1.238347 1.272917 1.309081 1.347002 1.386872 1.428915 1.473396 1.520633 1.571009 1.624993 1.683161 1.746233 1.815115 1.890941 1.975108 2.069175 2.174239 2.288137 2.394965 2.445029 2.394965 2.288137 2.174239 2.069175 1.975108 1.890941 1.815115 1.746233 1.683161 1.624993 1.571009 1.520633 1.473396 1.428915 1.386872 1.347002 1.309081 1.272917 1.238347 1.205228 1.173437 1.142866 1.113420 1.085014 1.057573 1.031030 1.005325 0.980403 0.956216 0.932719 0.909871 0.887636 0.865979 0.844869 0.824279 0.804181 0.784552 0.765367 0.746608 
0.745643 0.764355 0.783488 0.803063 0.823101 0.843627 0.864666 0.886246 0.908398 0.931154 0.954551 0.978628 1.003427 1.028996 1.055388 1.082660 1.110877 1.140109 1.170437 1.201950 1.234751 1.268953 1.304688 1.342106 1.381378 1.422705 1.466318 1.512488 1.561533 1.613826 1.669803 1.729967 1.794882 1.865121 1.941125 2.022795 2.108424 2.192127 2.259336 2.286401 2.259336 2.192127 2.108424 2.022795 1.941125 1.865121 1.794882 1.729967 1.669803 1.613826 1.561533 1.512488 1.466318 1.422705 1.381378 1.342106 1.304688 1.268953 1.234751 1.201950 1.170437 1.140109 1.110877 1.082660 1.055388 1.028996 1.003427 0.978628 0.954551 0.931154 0.908398 0.886246 0.864666 0.843627 0.823101 0.803063 0.783488 0.764355 0.745643 
0.744208 0.762850 0.781907 0.801400 0.821349 0.841779 0.862714 0.884182 0.906210 0.928831 0.952080 0.975993 1.000612 1.025982 1.052151 1.079175 1.107113 1.136032 1.166005 1.197114 1.229451 1.263119 1.298233 1.334925 1.373339 1.413644 1.456025 1.500693 1.547883 1.597849 1.650858 1.707171 1.766984 1.830328 1.896841 1.965316 2.032858 2.093602 2.137841 2.154379 2.137841 2.093602 2.032858 1.965316 1.896841 1.830328 1.766984 1.707171 1.650858 1.597849 1.547883 1.500693 1.456025 1.413644 1.373339 1.334925 1.298233 1.263119 1.229451 1.197114 1.166005 1.136032 1.107113 1.079175 1.052151 1.025982 1.000612 0.975993 0.952080 0.928831 0.906210 0.884182 0.862714 0.841779 0.821349 0.801400 0.781907 0.762850 0.744208 
0.742307 0.760856 0.779813 0.799198 0.819032 0.839336 0.860134 0.881453 0.903319 0.925763 0.948818 0.972517 0.996901 1.022010 1.047890 1.074591 1.102168 1.130680 1.160193 1.190781 1.222522 1.255506 1.289829 1.325599 1.362931 1.401955 1.442806 1.485628 1.530566 1.577752 1.627291 1.679215 1.733417 1.789526 1.846698 1.903281 1.956352 2.001325 2.032199 2.043298 2.032199 2.001325 1.956352 1.903281 1.846698 1.789526 1.733417 1.679215 1.627291 1.577752 1.530566 1.485628 1.442806 1.401955 1.362931 1.325599 1.289829 1.255506 1.222522 1.190781 1.160193 1.130680 1.102168 1.074591 1.047890 1.022010 0.996901 0.972517 0.948818 0.925763 0.903319 0.881453 0.860134 0.839336 0.819032 0.799198 0.779813 0.760856 0.742307 
0.739947 0.758382 0.777216 0.796469 0.816159 0.836308 0.856939 0.878075 0.899742 0.921969 0.944785 0.968224 0.992320 1.017111 1.042639 1.068948 1.096087 1.124108 1.153069 1.183030 1.214060 1.246229 1.279615 1.314299 1.350368 1.387907 1.427003 1.467733 1.510156 1.554296 1.600117 1.647475 1.696049 1.745239 1.794008 1.840688 1.882801 1.917041 1.939696 1.947659 1.939696 1.917041 1.882801 1.840688 1.794008 1.745239 1.696049 1.647475 1.600117 1.554296 1.510156 1.467733 1.427003 1.387907 1.350368 1.314299 1.279615 1.246229 1.214060 1.183030 1.153069 1.124108 1.096087 1.068948 1.042639 1.017111 0.992320 0.968224 0.944785 0.921969 0.899742 0.878075 0.856939 0.836308 0.816159 0.796469 0.777216 0.758382 0.739947 
0.737137 0.755436 0.774125 0.793221 0.812743 0.832709 0.853142 0.874063 0.895497 0.917470 0.940008 0.963141 0.986902 1.011323 1.036442 1.062296 1.088929 1.116384 1.144710 1.173955 1.204173 1.235419 1.267750 1.301220 1.335886 1.371794 1.408982 1.447468 1.487238 1.528228 1.570294 1.613173 1.656425 1.699356 1.740922 1.779642 1.813560 1.840349 1.857652 1.863651 1.857652 1.840349 1.813560 1.779642 1.740922 1.699356 1.656425 1.613173 1.570294 1.528228 1.487238 1.447468 1.408982 1.371794 1.335886 1.301220 1.267750 1.235419 1.204173 1.173955 1.144710 1.116384 1.088929 1.062296 1.036442 1.011323 0.986902 0.963141 0.940008 0.917470 0.895497 0.874063 0.853142 0.832709 0.812743 0.793221 0.774125 0.755436 0.737137 
0.733886 0.752030 0.770552 0.789469 0.808798 0.828556 0.848763 0.869440 0.890608 0.912291 0.934513 0.957301 0.980683 1.004687 1.029345 1.054690 1.080757 1.107582 1.135202 1.163656 1.192982 1.223220 1.254404 1.286567 1.319733 1.353917 1.389112 1.425287 1.462370 1.500231 1.538656 1.577314 1.615717 1.653167 1.688710 1.721109 1.748864 1.770337 1.783980 1.788667 1.783980 1.770337 1.748864 1.721109 1.688710 1.653167 1.615717 1.577314 1.538656 1.500231 1.462370 1.425287 1.389112 1.353917 1.319733 1.286567 1.254404 1.223220 1.192982 1.163656 1.135202 1.107582 1.080757 1.054690 1.029345 1.004687 0.980683 0.957301 0.934513 0.912291 0.890608 0.869440 0.848763 0.828556 0.808798 0.789469 0.770552 0.752030 0.733886 
0.730205 0.748176 0.766511 0.785228 0.804340 0.823866 0.843821 0.864226 0.885099 0.906461 0.928334 0.950740 0.973703 0.997248 1.021402 1.046190 1.071640 1.097781 1.124639 1.152241 1.180614 1.209778 1.239752 1.270546 1.302157 1.334570 1.367745 1.401610 1.436053 1.470897 1.505891 1.540677 1.574764 1.607502 1.638063 1.665442 1.688503 1.706075 1.717112 1.720879 1.717112 1.706075 1.688503 1.665442 1.638063 1.607502 1.574764 1.540677 1.505891 1.470897 1.436053 1.401610 1.367745 1.334570 1.302157 1.270546 1.239752 1.209778 1.180614 1.152241 1.124639 1.097781 1.071640 1.046190 1.021402 0.997248 0.973703 0.950740 0.928334 0.906461 0.885099 0.864226 0.843821 0.823866 0.804340 0.785228 0.766511 0.748176 0.730205 
0.726107 0.743886 0.762017 0.780513 0.799388 0.818659 0.838339 0.858447 0.878998 0.900010 0.921503 0.943495 0.966006 0.989057 1.012668 1.036859 1.061651 1.087064 1.113116 1.139822 1.167196 1.195245 1.223970 1.253361 1.283395 1.314032 1.345205 1.376814 1.408718 1.440718 1.472544 1.503838 1.534137 1.562862 1.589312 1.612683 1.632112 1.646749 1.655865 1.658963 1.655865 1.646749 1.632112 1.612683 1.589312 1.562862 1.534137 1.503838 1.472544 1.440718 1.408718 1.376814 1.345205 1.314032 1.283395 1.253361 1.223970 1.195245 1.167196 1.139822 1.113116 1.087064 1.061651 1.036859 1.012668 0.989057 0.966006 0.943495 0.921503 0.900010 0.878998 0.858447 0.838339 0.818659 0.799388 0.780513 0.762017 0.743886 0.726107 
0.721605 0.739176 0.757084 0.775342 0.793961 0.812956 0.832341 0.852128 0.872333 0.892971 0.914058 0.935608 0.957639 0.980165 1.003201 1.026764 1.050865 1.075517 1.100730 1.126510 1.152857 1.179766 1.207224 1.235206 1.263670 1.292556 1.321780 1.351224 1.380729 1.410087 1.439027 1.467209 1.494211 1.519529 1.542579 1.562722 1.579296 1.591674 1.599335 1.601929 1.599335 1.591674 1.579296 1.562722 1.542579 1.519529 1.494211 1.467209 1.439027 1.410087 1.380729 1.351224 1.321780 1.292556 1.263670 1.235206 1.207224 1.179766 1.152857 1.126510 1.100730 1.075517 1.050865 1.026764 1.003201 0.980165 0.957639 0.935608 0.914058 0.892971 0.872333 0.852128 0.832341 0.812956 0.793961 0.775342 0.757084 0.739176 0.721605 
0.716713 0.734061 0.751731 0.769733 0.788080 0.806781 0.825850 0.845297 0.865136 0.885378 0.906036 0.927121 0.948647 0.970624 0.993062 1.015970 1.039357 1.063225 1.087578 1.112412 1.137719 1.163481 1.189674 1.216258 1.243181 1.270369 1.297723 1.325115 1.352381 1.379312 1.405648 1.431074 1.455216 1.477641 1.497868 1.515385 1.529680 1.540285 1.546817 1.549023 1.546817 1.540285 1.529680 1.515385 1.497868 1.477641 1.455216 1.431074 1.405648 1.379312 1.352381 1.325115 1.297723 1.270369 1.243181 1.216258 1.189674 1.163481 1.137719 1.112412 1.087578 1.063225 1.039357 1.015970 0.993062 0.970624 0.948647 0.927121 0.906036 0.885378 0.865136 0.845297 0.825850 0.806781 0.788080 0.769733 0.751731 0.734061 0.716713 
0.711445 0.728557 0.745975 0.763707 0.781765 0.800157 0.818893 0.837983 0.857438 0.877265 0.897475 0.918077 0.939079 0.960487 0.982308 1.004545 1.027200 1.050271 1.073753 1.097635 1.121899 1.146521 1.171464 1.196682 1.222110 1.247666 1.273245 1.298714 1.323908 1.348626 1.372626 1.395622 1.417286 1.437249 1.455115 1.470474 1.482927 1.492116 1.497753 1.499654 1.497753 1.492116 1.482927 1.470474 1.455115 1.437249 1.417286 1.395622 1.372626 1.348626 1.323908 1.298714 1.273245 1.247666 1.222110 1.196682 1.171464 1.146521 1.121899 1.097635 1.073753 1.050271 1.027200 1.004545 0.982308 0.960487 0.939079 0.918077 0.897475 0.877265 0.857438 0.837983 0.818893 0.800157 0.781765 0.763707 0.745975 0.728557 0.711445 
0.705819 0.722682 0.739834 0.757284 0.775039 0.793108 0.811497 0.830216 0.849270 0.868668 0.888416 0.908519 0.928982 0.949808 0.970999 0.992554 1.014468 1.036735 1.059344 1.082276 1.105508 1.129006 1.152730 1.176622 1.200614 1.224618 1.248526 1.272205 1.295495 1.318206 1.340117 1.360972 1.380486 1.398347 1.414227 1.427796 1.438739 1.446778 1.451696 1.453351 1.451696 1.446778 1.438739 1.427796 1.414227 1.398347 1.380486 1.360972 1.340117 1.318206 1.295495 1.272205 1.248526 1.224618 1.200614 1.176622 1.152730 1.129006 1.105508 1.082276 1.059344 1.036735 1.014468 0.992554 0.970999 0.949808 0.928982 0.908519 0.888416 0.868668 0.849270 0.830216 0.811497 0.793108 0.775039 0.757284 0.739834 0.722682 0.705819 
0.699849 0.716452 0.733328 0.750484 0.767925 0.785658 0.803689 0.822023 0.840666 0.859623 0.878896 0.898490 0.918404 0.938639 0.959192 0.980059 1.001230 1.022694 1.044434 1.066428 1.088645 1.111048 1.133588 1.156207 1.178830 1.201367 1.223712 1.245734 1.267282 1.288179 1.308225 1.327195 1.344839 1.360896 1.375093 1.387163 1.396854 1.403949 1.408278 1.409734 1.408278 1.403949 1.396854 1.387163 1.375093 1.360896 1.344839 1.327195 1.308225 1.288179 1.267282 1.245734 1.223712 1.201367 1.178830 1.156207 1.133588 1.111048 1.088645 1.066428 1.044434 1.022694 1.001230 0.980059 0.959192 0.938639 0.918404 0.898490 0.878896 0.859623 0.840666 0.822023 0.803689 0.785658 0.767925 0.750484 0.733328 0.716452 0.699849 
0.693552 0.709887 0.726477 0.743328 0.760445 0.777833 0.795495 0.813436 0.831658 0.850164 0.868955 0.888031 0.907390 0.927029 0.946942 0.967120 0.987551 1.008219 1.029103 1.050175 1.071403 1.092743 1.114145 1.135546 1.156872 1.178032 1.198921 1.219415 1.239374 1.258635 1.277018 1.294323 1.310338 1.324839 1.337601 1.348405 1.357048 1.363357 1.367199 1.368489 1.367199 1.363357 1.357048 1.348405 1.337601 1.324839 1.310338 1.294323 1.277018 1.258635 1.239374 1.219415 1.198921 1.178032 1.156872 1.135546 1.114145 1.092743 1.071403 1.050175 1.029103 1.008219 0.987551 0.967120 0.946942 0.927029 0.907390 0.888031 0.868955 0.850164 0.831658 0.813436 0.795495 0.777833 0.760445 0.743328 0.726477 0.709887 0.693552 
0.686945 0.703003 0.719299 0.735838 0.752623 0.769657 0.786943 0.804483 0.822277 0.840327 0.858630 0.877184 0.895986 0.915028 0.934302 0.953796 0.973495 0.993378 1.013422 1.033596 1.053864 1.074181 1.094493 1.114737 1.134839 1.154709 1.174248 1.193339 1.211851 1.229636 1.246533 1.262369 1.276958 1.290111 1.301641 1.311366 1.319122 1.324771 1.328204 1.329356 1.328204 1.324771 1.319122 1.311366 1.301641 1.290111 1.276958 1.262369 1.246533 1.229636 1.211851 1.193339 1.174248 1.154709 1.134839 1.114737 1.094493 1.074181 1.053864 1.033596 1.013422 0.993378 0.973495 0.953796 0.934302 0.915028 0.895986 0.877184 0.858630 0.840327 0.822277 0.804483 0.786943 0.769657 0.752623 0.735838 0.719299 0.703003 0.686945 
0.680046 0.695819 0.711815 0.728034 0.744481 0.761155 0.778059 0.795193 0.812555 0.830144 0.847957 0.865989 0.884234 0.902682 0.921322 0.940140 0.959117 0.978232 0.997457 1.016760 1.036103 1.055438 1.074712 1.093861 1.112812 1.131480 1.149770 1.167573 1.184767 1.201222 1.216791 1.231324 1.244661 1.256641 1.267106 1.275906 1.282906 1.287993 1.291081 1.292117 1.291081 1.287993 1.282906 1.275906 1.267106 1.256641 1.244661 1.231324 1.216791 1.201222 1.184767 1.167573 1.149770 1.131480 1.112812 1.093861 1.074712 1.055438 1.036103 1.016760 0.997457 0.978232 0.959117 0.940140 0.921322 0.902682 0.884234 0.865989 0.847957 0.830144 0.812555 0.795193 0.778059 0.761155 0.744481 0.728034 0.711815 0.695819 0.680046 
0.672870 0.688354 0.704043 0.719938 0.736041 0.752352 0.768870 0.785594 0.802522 0.819649 0.836972 0.854483 0.872174 0.890033 0.908048 0.926201 0.944472 0.962838 0.981268 0.999730 1.018184 1.036581 1.054869 1.072985 1.090858 1.108408 1.125544 1.142166 1.158163 1.173416 1.187797 1.201173 1.213406 1.224359 1.233899 1.241899 1.248249 1.252856 1.255649 1.256585 1.255649 1.252856 1.248249 1.241899 1.233899 1.224359 1.213406 1.201173 1.187797 1.173416 1.158163 1.142166 1.125544 1.108408 1.090858 1.072985 1.054869 1.036581 1.018184 0.999730 0.981268 0.962838 0.944472 0.926201 0.908048 0.890033 0.872174 0.854483 0.836972 0.819649 0.802522 0.785594 0.768870 0.752352 0.736041 0.719938 0.704043 0.688354 0.672870 
0.665434 0.680624 0.696003 0.711571 0.727327 0.743271 0.759401 0.775714 0.792207 0.808874 0.825709 0.842702 0.859845 0.877124 0.894523 0.912026 0.929608 0.947246 0.964909 0.982562 1.000164 1.017669 1.035024 1.052168 1.069034 1.085544 1.101615 1.117154 1.132061 1.146229 1.159545 1.171890 1.183147 1.193197 1.201927 1.209232 1.215019 1.219211 1.221750 1.222601 1.221750 1.219211 1.215019 1.209232 1.201927 1.193197 1.183147 1.171890 1.159545 1.146229 1.132061 1.117154 1.101615 1.085544 1.069034 1.052168 1.035024 1.017669 1.000164 0.982562 0.964909 0.947246 0.929608 0.912026 0.894523 0.877124 0.859845 0.842702 0.825709 0.808874 0.792207 0.775714 0.759401 0.743271 0.727327 0.711571 0.696003 0.680624 0.665434 
0.657756 0.672649 0.687714 0.702951 0.718359 0.733935 0.749677 0.765580 0.781639 0.797848 0.814199 0.830681 0.847284 0.863992 0.880790 0.897657 0.914571 0.931505 0.948428 0.965305 0.982095 0.998753 1.015226 1.031457 1.047381 1.062927 1.078016 1.092563 1.106478 1.119664 1.132021 1.143446 1.153836 1.163088 1.171107 1.177804 1.183101 1.186932 1.189251 1.190027 1.189251 1.186932 1.183101 1.177804 1.171107 1.163088 1.153836 1.143446 1.132021 1.119664 1.106478 1.092563 1.078016 1.062927 1.047381 1.031457 1.015226 0.998753 0.982095 0.965305 0.948428 0.931505 0.914571 0.897657 0.880790 0.863992 0.847284 0.830681 0.814199 0.797848 0.781639 0.765580 0.749677 0.733935 0.718359 0.702951 0.687714 0.672649 0.657756 
0.649851 0.664444 0.679195 0.694100 0.709159 0.724367 0.739721 0.755215 0.770844 0.786599 0.802472 0.818451 0.834523 0.850673 0.866883 0.883134 0.899400 0.915654 0.931866 0.948001 0.964018 0.979873 0.995516 1.010891 1.025938 1.040589 1.054772 1.068410 1.081420 1.093717 1.105210 1.115810 1.125426 1.133971 1.141363 1.147524 1.152391 1.155907 1.158034 1.158745 1.158034 1.155907 1.152391 1.147524 1.141363 1.133971 1.125426 1.115810 1.105210 1.093717 1.081420 1.068410 1.054772 1.040589 1.025938 1.010891 0.995516 0.979873 0.964018 0.948001 0.931866 0.915654 0.899400 0.883134 0.866883 0.850673 0.834523 0.818451 0.802472 0.786599 0.770844 0.755215 0.739721 0.724367 0.709159 0.694100 0.679195 0.664444 0.649851 
0.641735 0.656028 0.670463 0.685037 0.699746 0.714588 0.729557 0.744646 0.759848 0.775156 0.790558 0.806042 0.821595 0.837200 0.852839 0.868491 0.884131 0.899732 0.915263 0.930689 0.945972 0.961067 0.975928 0.990501 1.004730 1.018551 1.031899 1.044703 1.056888 1.068376 1.079090 1.088948 1.097873 1.105788 1.112622 1.118311 1.122798 1.126037 1.127994 1.128649 1.127994 1.126037 1.122798 1.118311 1.112622 1.105788 1.097873 1.088948 1.079090 1.068376 1.056888 1.044703 1.031899 1.018551 1.004730 0.990501 0.975928 0.961067 0.945972 0.930689 0.915263 0.899732 0.884131 0.868491 0.852839 0.837200 0.821595 0.806042 0.790558 0.775156 0.759848 0.744646 0.729557 0.714588 0.699746 0.685037 0.670463 0.656028 0.641735 
0.633425 0.647417 0.661536 0.675779 0.690141 0.704619 0.719205 0.733893 0.748676 0.763542 0.778482 0.793482 0.808527 0.823602 0.838687 0.853760 0.868797 0.883771 0.898650 0.913402 0.927987 0.942366 0.956491 0.970314 0.983780 0.996832 1.009409 1.021447 1.032877 1.043631 1.053638 1.062828 1.071132 1.078483 1.084821 1.090090 1.094240 1.097234 1.099043 1.099647 1.099043 1.097234 1.094240 1.090090 1.084821 1.078483 1.071132 1.062828 1.053638 1.043631 1.032877 1.021447 1.009409 0.996832 0.983780 0.970314 0.956491 0.942366 0.927987 0.913402 0.898650 0.883771 0.868797 0.853760 0.838687 0.823602 0.808527 0.793482 0.778482 0.763542 0.748676 0.733893 0.719205 0.704619 0.690141 0.675779 0.661536 0.647417 0.633425 
0.624934 0.638626 0.652431 0.666344 0.680362 0.694479 0.708687 0.722980 0.737349 0.751782 0.766269 0.780796 0.795348 0.809908 0.824456 0.838970 0.853427 0.867800 0.882057 0.896167 0.910092 0.923794 0.937228 0.950348 0.963104 0.975443 0.987308 0.998641 1.009381 1.019465 1.028831 1.037417 1.045161 1.052007 1.057901 1.062795 1.066646 1.069422 1.071098 1.071658 1.071098 1.069422 1.066646 1.062795 1.057901 1.052007 1.045161 1.037417 1.028831 1.019465 1.009381 0.998641 0.987308 0.975443 0.963104 0.950348 0.937228 0.923794 0.910092 0.896167 0.882057 0.867800 0.853427 0.838970 0.824456 0.809908 0.795348 0.780796 0.766269 0.751782 0.737349 0.722980 0.708687 0.694479 0.680362 0.666344 0.652431 0.638626 0.624934 
0.616278 0.629671 0.643163 0.656751 0.670427 0.684187 0.698023 0.711927 0.725889 0.739898 0.753943 0.768009 0.782081 0.796141 0.810171 0.824148 0.838048 0.851844 0.865509 0.879008 0.892309 0.905372 0.918157 0.930620 0.942714 0.954391 0.965598 0.976283 0.986389 0.995862 1.004645 1.012683 1.019923 1.026313 1.031808 1.036365 1.039949 1.042530 1.044088 1.044608 1.044088 1.042530 1.039949 1.036365 1.031808 1.026313 1.019923 1.012683 1.004645 0.995862 0.986389 0.976283 0.965598 0.954391 0.942714 0.930620 0.918157 0.905372 0.892309 0.879008 0.865509 0.851844 0.838048 0.824148 0.810171 0.796141 0.782081 0.768009 0.753943 0.739898 0.725889 0.711927 0.698023 0.684187 0.670427 0.656751 0.643163 0.629671 0.616278 
0.607471 0.620567 0.633749 0.647013 0.660353 0.673761 0.687231 0.700752 0.714316 0.727911 0.741524 0.755142 0.768748 0.782326 0.795855 0.809314 0.822681 0.835927 0.849026 0.861947 0.874656 0.887117 0.899293 0.911141 0.922618 0.933680 0.944279 0.954366 0.963891 0.972804 0.981056 0.988596 0.995378 1.001357 1.006492 1.010747 1.014091 1.016497 1.017949 1.018434 1.017949 1.016497 1.014091 1.010747 1.006492 1.001357 0.995378 0.988596 0.981056 0.972804 0.963891 0.954366 0.944279 0.933680 0.922618 0.911141 0.899293 0.887117 0.874656 0.861947 0.849026 0.835927 0.822681 0.809314 0.795855 0.782326 0.768748 0.755142 0.741524 0.727911 0.714316 0.700752 0.687231 0.673761 0.660353 0.647013 0.633749 0.620567 0.607471 
0.598525 0.611327 0.624204 0.637148 0.650156 0.663218 0.676327 0.689474 0.702649 0.715839 0.729032 0.742215 0.755370 0.768481 0.781529 0.794491 0.807346 0.820068 0.832629 0.845000 0.857150 0.869044 0.880647 0.891920 0.902822 0.913313 0.923348 0.932884 0.941874 0.950274 0.958040 0.965126 0.971492 0.977098 0.981908 0.985890 0.989017 0.991267 0.992623 0.993076 0.992623 0.991267 0.989017 0.985890 0.981908 0.977098 0.971492 0.965126 0.958040 0.950274 0.941874 0.932884 0.923348 0.913313 0.902822 0.891920 0.880647 0.869044 0.857150 0.845000 0.832629 0.820068 0.807346 0.794491 0.781529 0.768481 0.755370 0.742215 0.729032 0.715839 0.702649 0.689474 0.676327 0.663218 0.650156 0.637148 0.624204 0.611327 0.598525 
0.589456 0.601967 0.614540 0.627170 0.639850 0.652573 0.665329 0.678109 0.690904 0.703700 0.716486 0.729246 0.741966 0.754627 0.767210 0.779696 0.792062 0.804282 0.816332 0.828183 0.839804 0.851164 0.862229 0.872963 0.883329 0.893288 0.902801 0.911827 0.920324 0.928253 0.935574 0.942246 0.948233 0.953500 0.958015 0.961749 0.964680 0.966788 0.968058 0.968482 0.968058 0.966788 0.964680 0.961749 0.958015 0.953500 0.948233 0.942246 0.935574 0.928253 0.920324 0.911827 0.902801 0.893288 0.883329 0.872963 0.862229 0.851164 0.839804 0.828183 0.816332 0.804282 0.792062 0.779696 0.767210 0.754627 0.741966 0.729246 0.716486 0.703700 0.690904 0.678109 0.665329 0.652573 0.639850 0.627170 0.614540 0.601967 0.589456 
0.580273 0.592497 0.604772 0.617093 0.629451 0.641840 0.654251 0.666674 0.679098 0.691511 0.703901 0.716252 0.728550 0.740778 0.752916 0.764945 0.776843 0.788586 0.800149 0.811506 0.822628 0.833485 0.844044 0.854274 0.864139 0.873603 0.882631 0.891185 0.899228 0.906724 0.913636 0.919928 0.925569 0.930527 0.934773 0.938283 0.941036 0.943015 0.944207 0.944605 0.944207 0.943015 0.941036 0.938283 0.934773 0.930527 0.925569 0.919928 0.913636 0.906724 0.899228 0.891185 0.882631 0.873603 0.864139 0.854274 0.844044 0.833485 0.822628 0.811506 0.800149 0.788586 0.776843 0.764945 0.752916 0.740778 0.728550 0.716252 0.703901 0.691511 0.679098 0.666674 0.654251 0.641840 0.629451 0.617093 0.604772 0.592497 0.580273 
0.570990 0.582931 0.594912 0.606928 0.618972 0.631035 0.643108 0.655182 0.667245 0.679286 0.691292 0.703248 0.715140 0.726950 0.738660 0.750251 0.761702 0.772990 0.784092 0.794981 0.805631 0.816013 0.826098 0.835855 0.845251 0.854255 0.862832 0.870949 0.878572 0.885668 0.892204 0.898148 0.903472 0.908147 0.912148 0.915453 0.918044 0.919906 0.921027 0.921402 0.921027 0.919906 0.918044 0.915453 0.912148 0.908147 0.903472 0.898148 0.892204 0.885668 0.878572 0.870949 0.862832 0.854255 0.845251 0.835855 0.826098 0.816013 0.805631 0.794981 0.784092 0.772990 0.761702 0.750251 0.738660 0.726950 0.715140 0.703248 0.691292 0.679286 0.667245 0.655182 0.643108 0.631035 0.618972 0.606928 0.594912 0.582931 0.570990 
0.561618 0.573279 0.584972 0.596690 0.608425 0.620169 0.631913 0.643646 0.655359 0.667039 0.678673 0.690248 0.701747 0.713156 0.724456 0.735628 0.746652 0.757507 0.768169 0.778615 0.788819 0.798754 0.808392 0.817706 0.826665 0.835238 0.843396 0.851107 0.858341 0.865068 0.871257 0.876882 0.881914 0.886330 0.890107 0.893225 0.895668 0.897423 0.898479 0.898832 0.898479 0.897423 0.895668 0.893225 0.890107 0.886330 0.881914 0.876882 0.871257 0.865068 0.858341 0.851107 0.843396 0.835238 0.826665 0.817706 0.808392 0.798754 0.788819 0.778615 0.768169 0.757507 0.746652 0.735628 0.724456 0.713156 0.701747 0.690248 0.678673 0.667039 0.655359 0.643646 0.631913 0.620169 0.608425 0.596690 0.584972 0.573279 0.561618 
0.552167 0.563554 0.574964 0.586389 0.597822 0.609254 0.620677 0.632080 0.643452 0.654782 0.666057 0.677263 0.688385 0.699408 0.710314 0.721085 0.731702 0.742144 0.752389 0.762415 0.772197 0.781710 0.790929 0.799827 0.808376 0.816548 0.824315 0.831649 0.838523 0.844908 0.850777 0.856106 0.860871 0.865048 0.868619 0.871566 0.873874 0.875531 0.876528 0.876862 0.876528 0.875531 0.873874 0.871566 0.868619 0.865048 0.860871 0.856106 0.850777 0.844908 0.838523 0.831649 0.824315 0.816548 0.808376 0.799827 0.790929 0.781710 0.772197 0.762415 0.752389 0.742144 0.731702 0.721085 0.710314 0.699408 0.688385 0.677263 0.666057 0.654782 0.643452 0.632080 0.620677 0.609254 0.597822 0.586389 0.574964 0.563554 0.552167 
0.542646 0.553765 0.564897 0.576036 0.587174 0.598302 0.609412 0.620493 0.631535 0.642526 0.653454 0.664304 0.675063 0.685715 0.696244 0.706632 0.716860 0.726909 0.736758 0.746385 0.755769 0.764884 0.773708 0.782215 0.790380 0.798177 0.805580 0.812564 0.819102 0.825170 0.830744 0.835800 0.840318 0.844276 0.847658 0.850447 0.852631 0.854198 0.855141 0.855456 0.855141 0.854198 0.852631 0.850447 0.847658 0.844276 0.840318 0.835800 0.830744 0.825170 0.819102 0.812564 0.805580 0.798177 0.790380 0.782215 0.773708 0.764884 0.755769 0.746385 0.736758 0.726909 0.716860 0.706632 0.696244 0.685715 0.675063 0.664304 0.653454 0.642526 0.631535 0.620493 0.609412 0.598302 0.587174 0.576036 0.564897 0.553765 0.542646 
0.533067 0.543922 0.554782 0.565641 0.576491 0.587324 0.598129 0.608898 0.619620 0.630283 0.640874 0.651382 0.661792 0.672088 0.682255 0.692276 0.702133 0.711808 0.721281 0.730531 0.739537 0.748277 0.756729 0.764869 0.772674 0.780120 0.787183 0.793840 0.800067 0.805841 0.811140 0.815944 0.820233 0.823989 0.827197 0.829841 0.831910 0.833395 0.834288 0.834587 0.834288 0.833395 0.831910 0.829841 0.827197 0.823989 0.820233 0.815944 0.811140 0.805841 0.800067 0.793840 0.787183 0.780120 0.772674 0.764869 0.756729 0.748277 0.739537 0.730531 0.721281 0.711808 0.702133 0.692276 0.682255 0.672088 0.661792 0.651382 0.640874 0.630283 0.619620 0.608898 0.598129 0.587324 0.576491 0.565641 0.554782 0.543922 0.533067 
0.523437 0.534033 0.544628 0.555214 0.565783 0.576327 0.586837 0.597303 0.607714 0.618060 0.628328 0.638505 0.648579 0.658533 0.668354 0.678025 0.687528 0.696847 0.705962 0.714854 0.723503 0.731889 0.739991 0.747786 0.755253 0.762370 0.769115 0.775466 0.781403 0.786903 0.791948 0.796518 0.800596 0.804165 0.807211 0.809721 0.811685 0.813094 0.813942 0.814225 0.813942 0.813094 0.811685 0.809721 0.807211 0.804165 0.800596 0.796518 0.791948 0.786903 0.781403 0.775466 0.769115 0.762370 0.755253 0.747786 0.739991 0.731889 0.723503 0.714854 0.705962 0.696847 0.687528 0.678025 0.668354 0.658533 0.648579 0.638505 0.628328 0.618060 0.607714 0.597303 0.586837 0.576327 0.565783 0.555214 0.544628 0.534033 0.523437 
