43 43
1.097156e-01 0 5
-2.055360 -2.033969 -2.012723 -1.991677 -1.970893 -1.950440 -1.930397 -1.910850 -1.891894 -1.873631 -1.856173 -1.839638 -1.824149 -1.809833 -1.796816 -1.785226 -1.775181 -1.766794 -1.760160 -1.755361 -1.752457 -1.751485 -1.752457 -1.755361 -1.760160 -1.766794 -1.775181 -1.785226 -1.796816 -1.809833 -1.824149 -1.839638 -1.856173 -1.873631 -1.891894 -1.910850 -1.930397 -1.950440 -1.970893 -1.991677 -2.012723 -2.033969 -2.055360 
-2.034502 -2.012166 -1.989930 -1.967849 -1.945987 -1.924417 -1.903219 -1.882486 -1.862320 -1.842834 -1.824149 -1.806398 -1.789719 -1.774257 -1.760160 -1.747574 -1.736641 -1.727492 -1.720243 -1.714992 -1.711812 -1.710746 -1.711812 -1.714992 -1.720243 -1.727492 -1.736641 -1.747574 -1.760160 -1.774257 -1.789719 -1.806398 -1.824149 -1.842834 -1.862320 -1.882486 -1.903219 -1.924417 -1.945987 -1.967849 -1.989930 -2.012166 -2.034502 
-2.013835 -1.990513 -1.967238 -1.944066 -1.921061 -1.898298 -1.875861 -1.853847 -1.832366 -1.811540 -1.791504 -1.772403 -1.754395 -1.737646 -1.722327 -1.708608 -1.696658 -1.686634 -1.678676 -1.672902 -1.669401 -1.668227 -1.669401 -1.672902 -1.678676 -1.686634 -1.696658 -1.708608 -1.722327 -1.737646 -1.754395 -1.772403 -1.791504 -1.811540 -1.832366 -1.853847 -1.875861 -1.898298 -1.921061 -1.944066 -1.967238 -1.990513 -2.013835 
-1.993418 -1.969069 -1.944708 -1.920387 -1.896173 -1.872139 -1.848373 -1.824978 -1.802067 -1.779775 -1.758247 -1.737646 -1.718151 -1.699949 -1.683241 -1.668227 -1.655107 -1.644071 -1.635288 -1.628904 -1.625027 -1.623727 -1.625027 -1.628904 -1.635288 -1.644071 -1.655107 -1.668227 -1.683241 -1.699949 -1.718151 -1.737646 -1.758247 -1.779775 -1.802067 -1.824978 -1.848373 -1.872139 -1.896173 -1.920387 -1.944708 -1.969069 -1.993418 
-1.973314 -1.947901 -1.922406 -1.896882 -1.871391 -1.846007 -1.820821 -1.795935 -1.771473 -1.747574 -1.724400 -1.702130 -1.680964 -1.661120 -1.642827 -1.626323 -1.611848 -1.599631 -1.589883 -1.582780 -1.578461 -1.577012 -1.578461 -1.582780 -1.589883 -1.599631 -1.611848 -1.626323 -1.642827 -1.661120 -1.680964 -1.702130 -1.724400 -1.747574 -1.771473 -1.795935 -1.820821 -1.846007 -1.871391 -1.896882 -1.922406 -1.947901 -1.973314 
-1.953596 -1.927084 -1.900413 -1.873631 -1.846797 -1.819985 -1.793281 -1.766794 -1.740648 -1.714992 -1.690001 -1.665871 -1.642827 -1.621116 -1.601006 -1.582780 -1.566725 -1.553122 -1.542231 -1.534276 -1.529430 -1.527802 -1.529430 -1.534276 -1.542231 -1.553122 -1.566725 -1.582780 -1.601006 -1.621116 -1.642827 -1.665871 -1.690001 -1.714992 -1.740648 -1.766794 -1.793281 -1.819985 -1.846797 -1.873631 -1.900413 -1.927084 -1.953596 
-1.934343 -1.906703 -1.878817 -1.850727 -1.822488 -1.794168 -1.765852 -1.737646 -1.709679 -1.682104 -1.655107 -1.628904 -1.603743 -1.579906 -1.557706 -1.537476 -1.519566 -1.504321 -1.492067 -1.483088 -1.477605 -1.475762 -1.477605 -1.483088 -1.492067 -1.504321 -1.519566 -1.537476 -1.557706 -1.579906 -1.603743 -1.628904 -1.655107 -1.682104 -1.709679 -1.737646 -1.765852 -1.794168 -1.822488 -1.850727 -1.878817 -1.906703 -1.934343 
-1.915643 -1.886852 -1.857718 -1.828276 -1.798573 -1.768671 -1.738649 -1.708608 -1.678676 -1.649010 -1.619804 -1.591289 -1.563740 -1.537476 -1.512859 -1.490286 -1.470181 -1.452973 -1.439074 -1.428850 -1.422592 -1.420484 -1.422592 -1.428850 -1.439074 -1.452973 -1.470181 -1.490286 -1.512859 -1.537476 -1.563740 -1.591289 -1.619804 -1.649010 -1.678676 -1.708608 -1.738649 -1.768671 -1.798573 -1.828276 -1.857718 -1.886852 -1.915643 
-1.897591 -1.867633 -1.837227 -1.806398 -1.775181 -1.743629 -1.711812 -1.679822 -1.647781 -1.615845 -1.584210 -1.553122 -1.522880 -1.493840 -1.466418 -1.441089 -1.418365 -1.398787 -1.382880 -1.371125 -1.363904 -1.361468 -1.363904 -1.371125 -1.382880 -1.398787 -1.418365 -1.441089 -1.466418 -1.493840 -1.522880 -1.553122 -1.584210 -1.615845 -1.647781 -1.679822 -1.711812 -1.743629 -1.775181 -1.806398 -1.837227 -1.867633 -1.897591 
-1.880288 -1.849159 -1.817468 -1.785226 -1.752457 -1.719198 -1.685506 -1.651459 -1.617168 -1.582780 -1.548489 -1.514546 -1.481268 -1.449049 -1.418365 -1.389774 -1.363904 -1.341432 -1.323044 -1.309372 -1.300939 -1.298088 -1.300939 -1.309372 -1.323044 -1.341432 -1.363904 -1.389774 -1.418365 -1.449049 -1.481268 -1.514546 -1.548489 -1.582780 -1.617168 -1.651459 -1.685506 -1.719198 -1.752457 -1.785226 -1.817468 -1.849159 -1.880288 
-1.863845 -1.831551 -1.798573 -1.764908 -1.730563 -1.695556 -1.659924 -1.623727 -1.587056 -1.550039 -1.512859 -1.475762 -1.439074 -1.403219 -1.368732 -1.336264 -1.306581 -1.280540 -1.259036 -1.242928 -1.232938 -1.229551 -1.232938 -1.242928 -1.259036 -1.280540 -1.306581 -1.336264 -1.368732 -1.403219 -1.439074 -1.475762 -1.512859 -1.550039 -1.587056 -1.623727 -1.659924 -1.695556 -1.730563 -1.764908 -1.798573 -1.831551 -1.863845 
-1.848373 -1.814937 -1.780688 -1.745606 -1.709679 -1.672902 -1.635288 -1.596869 -1.557706 -1.517899 -1.477605 -1.437050 -1.396552 -1.356552 -1.317631 -1.280540 -1.246203 -1.215704 -1.190230 -1.170962 -1.158927 -1.154831 -1.158927 -1.170962 -1.190230 -1.215704 -1.246203 -1.280540 -1.317631 -1.356552 -1.396552 -1.437050 -1.477605 -1.517899 -1.557706 -1.596869 -1.635288 -1.672902 -1.709679 -1.745606 -1.780688 -1.814937 -1.848373 
-1.833992 -1.799449 -1.763963 -1.727492 -1.690001 -1.651459 -1.611848 -1.571164 -1.529430 -1.486703 -1.443093 -1.398787 -1.354071 -1.309372 -1.265300 -1.222689 -1.182636 -1.146508 -1.115885 -1.092425 -1.077632 -1.072572 -1.077632 -1.092425 -1.115885 -1.146508 -1.182636 -1.222689 -1.265300 -1.309372 -1.354071 -1.398787 -1.443093 -1.486703 -1.529430 -1.571164 -1.611848 -1.651459 -1.690001 -1.727492 -1.763963 -1.799449 -1.833992 
-1.820821 -1.785226 -1.748555 -1.710746 -1.671738 -1.631469 -1.589883 -1.546933 -1.502592 -1.456859 -1.409780 -1.361468 -1.312144 -1.262180 -1.212165 -1.162980 -1.115885 -1.072572 -1.035150 -1.005985 -0.987352 -0.980933 -0.987352 -1.005985 -1.035150 -1.072572 -1.115885 -1.162980 -1.212165 -1.262180 -1.312144 -1.361468 -1.409780 -1.456859 -1.502592 -1.546933 -1.589883 -1.631469 -1.671738 -1.710746 -1.748555 -1.785226 -1.820821 
-1.808976 -1.772403 -1.734624 -1.695556 -1.655107 -1.613185 -1.569690 -1.524527 -1.477605 -1.428850 -1.378219 -1.325723 -1.271466 -1.215704 -1.158927 -1.101981 -1.046220 -0.993665 -0.947099 -0.909944 -0.885759 -0.877339 -0.885759 -0.909944 -0.947099 -0.993665 -1.046220 -1.101981 -1.158927 -1.215704 -1.271466 -1.325723 -1.378219 -1.428850 -1.477605 -1.524527 -1.569690 -1.613185 -1.655107 -1.695556 -1.734624 -1.772403 -1.808976 
-1.798573 -1.761114 -1.722327 -1.682104 -1.640328 -1.596869 -1.551584 -1.504321 -1.454921 -1.403219 -1.349063 -1.292324 -1.232938 -1.170962 -1.106672 -1.040725 -0.974403 -0.909944 -0.850886 -0.802177 -0.769585 -0.758057 -0.769585 -0.802177 -0.850886 -0.909944 -0.974403 -1.040725 -1.106672 -1.170962 -1.232938 -1.292324 -1.349063 -1.403219 -1.454921 -1.504321 -1.551584 -1.596869 -1.640328 -1.682104 -1.722327 -1.761114 -1.798573 
-1.789719 -1.751485 -1.711812 -1.670571 -1.627615 -1.582780 -1.535879 -1.486703 -1.435015 -1.380556 -1.323044 -1.262180 -1.197679 -1.129307 -1.056979 -0.980933 -0.902053 -0.822427 -0.746160 -0.680203 -0.634156 -0.617441 -0.634156 -0.680203 -0.746160 -0.822427 -0.902053 -0.980933 -1.056979 -1.129307 -1.197679 -1.262180 -1.323044 -1.380556 -1.435015 -1.486703 -1.535879 -1.582780 -1.627615 -1.670571 -1.711812 -1.751485 -1.789719 
-1.782508 -1.743629 -1.703216 -1.661120 -1.617168 -1.571164 -1.522880 -1.472050 -1.418365 -1.361468 -1.300939 -1.236296 -1.166992 -1.092425 -1.011999 -0.925247 -0.832155 -0.733871 -0.634156 -0.541813 -0.472791 -0.446575 -0.472791 -0.541813 -0.634156 -0.733871 -0.832155 -0.925247 -1.011999 -1.092425 -1.166992 -1.236296 -1.300939 -1.361468 -1.418365 -1.472050 -1.522880 -1.571164 -1.617168 -1.661120 -1.703216 -1.743629 -1.782508 
-1.777024 -1.737646 -1.696658 -1.653895 -1.609163 -1.562239 -1.512859 -1.460710 -1.405418 -1.346535 -1.283519 -1.215704 -1.142279 -1.062247 -0.974403 -0.877339 -0.769585 -0.650149 -0.520211 -0.387768 -0.276939 -0.231047 -0.276939 -0.387768 -0.520211 -0.650149 -0.769585 -0.877339 -0.974403 -1.062247 -1.142279 -1.215704 -1.283519 -1.346535 -1.405418 -1.460710 -1.512859 -1.562239 -1.609163 -1.653895 -1.696658 -1.737646 -1.777024 
-1.773331 -1.733612 -1.692231 -1.649010 -1.603743 -1.556183 -1.506043 -1.452973 -1.396552 -1.336264 -1.271466 -1.201351 -1.124885 -1.040725 -0.947099 -0.841638 -0.721163 -0.581559 -0.418346 -0.231047 -0.043557 0.048947 -0.043557 -0.231047 -0.418346 -0.581559 -0.721163 -0.841638 -0.947099 -1.040725 -1.124885 -1.201351 -1.271466 -1.336264 -1.396552 -1.452973 -1.506043 -1.556183 -1.603743 -1.649010 -1.692231 -1.733612 -1.773331 
-1.771473 -1.731581 -1.690001 -1.646547 -1.601006 -1.553122 -1.502592 -1.449049 -1.392046 -1.331028 -1.265300 -1.193972 -1.115885 -1.029492 -0.932672 -0.822427 -0.694364 -0.541813 -0.354412 -0.117266 0.173378 0.364848 0.173378 -0.117266 -0.354412 -0.541813 -0.694364 -0.822427 -0.932672 -1.029492 -1.115885 -1.193972 -1.265300 -1.331028 -1.392046 -1.449049 -1.502592 -1.553122 -1.601006 -1.646547 -1.690001 -1.731581 -1.771473 
-1.771240 -1.731327 -1.689721 -1.646239 -1.600663 -1.552738 -1.502159 -1.448556 -1.391479 -1.330369 -1.264522 -1.193040 -1.114746 -1.028065 -0.930830 -0.819955 -0.690875 -0.536531 -0.345577 -0.100190 0.212546 0.434510 0.212546 -0.100190 -0.345577 -0.536531 -0.690875 -0.819955 -0.930830 -1.028065 -1.114746 -1.193040 -1.264522 -1.330369 -1.391479 -1.448556 -1.502159 -1.552738 -1.600663 -1.646239 -1.689721 -1.731327 -1.771240 
-1.771483 -1.731592 -1.690013 -1.646561 -1.601021 -1.553139 -1.502611 -1.449071 -1.392070 -1.331056 -1.265333 -1.194013 -1.115935 -1.029554 -0.932752 -0.822534 -0.694515 -0.542041 -0.354791 -0.117991 0.171769 0.362110 0.171769 -0.117991 -0.354791 -0.542041 -0.694515 -0.822534 -0.932752 -1.029554 -1.115935 -1.194013 -1.265333 -1.331056 -1.392070 -1.449071 -1.502611 -1.553139 -1.601021 -1.646561 -1.690013 -1.731592 -1.771483 
-1.773361 -1.733645 -1.692267 -1.649050 -1.603787 -1.556233 -1.506098 -1.453036 -1.396625 -1.336348 -1.271565 -1.201469 -1.125028 -1.040904 -0.947328 -0.841940 -0.721581 -0.582168 -0.419294 -0.232625 -0.046190 0.045555 -0.046190 -0.232625 -0.419294 -0.582168 -0.721581 -0.841940 -0.947328 -1.040904 -1.125028 -1.201469 -1.271565 -1.336348 -1.396625 -1.453036 -1.506098 -1.556233 -1.603787 -1.649050 -1.692267 -1.733645 -1.773361 
-1.777074 -1.737700 -1.696717 -1.653960 -1.609236 -1.562320 -1.512950 -1.460813 -1.405536 -1.346672 -1.283678 -1.215894 -1.142508 -1.062529 -0.974758 -0.877797 -0.770196 -0.650991 -0.521407 -0.389481 -0.279254 -0.233670 -0.279254 -0.389481 -0.521407 -0.650991 -0.770196 -0.877797 -0.974758 -1.062529 -1.142508 -1.215894 -1.283678 -1.346672 -1.405536 -1.460813 -1.512950 -1.562320 -1.609236 -1.653960 -1.696717 -1.737700 -1.777074 
-1.782577 -1.743704 -1.703298 -1.661210 -1.617268 -1.571275 -1.523004 -1.472190 -1.418525 -1.361652 -1.301153 -1.236548 -1.167292 -1.092790 -1.012449 -0.925812 -0.832878 -0.734811 -0.635385 -0.543390 -0.474692 -0.448616 -0.474692 -0.543390 -0.635385 -0.734811 -0.832878 -0.925812 -1.012449 -1.092790 -1.167292 -1.236548 -1.301153 -1.361652 -1.418525 -1.472190 -1.523004 -1.571275 -1.617268 -1.661210 -1.703298 -1.743704 -1.782577 
-1.789805 -1.751579 -1.711915 -1.670684 -1.627740 -1.582919 -1.536034 -1.486877 -1.435213 -1.380782 -1.323304 -1.262483 -1.198036 -1.129732 -1.057492 -0.981559 -0.902825 -0.823380 -0.747329 -0.681598 -0.635735 -0.619093 -0.635735 -0.681598 -0.747329 -0.823380 -0.902825 -0.981559 -1.057492 -1.129732 -1.198036 -1.262483 -1.323304 -1.380782 -1.435213 -1.486877 -1.536034 -1.582919 -1.627740 -1.670684 -1.711915 -1.751579 -1.789805 
-1.798677 -1.761226 -1.722449 -1.682239 -1.640477 -1.597033 -1.551766 -1.504525 -1.455151 -1.403480 -1.349361 -1.292667 -1.233337 -1.171429 -1.107223 -1.041379 -0.975182 -0.910867 -0.851966 -0.803406 -0.770926 -0.759440 -0.770926 -0.803406 -0.851966 -0.910867 -0.975182 -1.041379 -1.107223 -1.171429 -1.233337 -1.292667 -1.349361 -1.403480 -1.455151 -1.504525 -1.551766 -1.597033 -1.640477 -1.682239 -1.722449 -1.761226 -1.798677 
-1.809096 -1.772533 -1.734765 -1.695710 -1.655277 -1.613371 -1.569896 -1.524757 -1.477862 -1.429140 -1.378547 -1.326096 -1.271894 -1.216196 -1.159496 -1.102640 -1.046982 -0.994540 -0.948088 -0.911034 -0.886921 -0.878528 -0.886921 -0.911034 -0.948088 -0.994540 -1.046982 -1.102640 -1.159496 -1.216196 -1.271894 -1.326096 -1.378547 -1.429140 -1.477862 -1.524757 -1.569896 -1.613371 -1.655277 -1.695710 -1.734765 -1.772533 -1.809096 
-1.820955 -1.785371 -1.748713 -1.710918 -1.671926 -1.631675 -1.590110 -1.547185 -1.502872 -1.457171 -1.410129 -1.361862 -1.312589 -1.262685 -1.212738 -1.163630 -1.116619 -1.073393 -1.036055 -1.006962 -0.988378 -0.981976 -0.988378 -1.006962 -1.036055 -1.073393 -1.116619 -1.163630 -1.212738 -1.262685 -1.312589 -1.361862 -1.410129 -1.457171 -1.502872 -1.547185 -1.590110 -1.631675 -1.671926 -1.710918 -1.748713 -1.785371 -1.820955 
-1.834141 -1.799609 -1.764136 -1.727680 -1.690205 -1.651683 -1.612093 -1.571433 -1.529727 -1.487031 -1.443459 -1.399194 -1.354525 -1.309880 -1.265867 -1.223321 -1.183337 -1.147277 -1.116717 -1.093309 -1.078550 -1.073502 -1.078550 -1.093309 -1.116717 -1.147277 -1.183337 -1.223321 -1.265867 -1.309880 -1.354525 -1.399194 -1.443459 -1.487031 -1.529727 -1.571433 -1.612093 -1.651683 -1.690205 -1.727680 -1.764136 -1.799609 -1.834141 
-1.848534 -1.815110 -1.780874 -1.745808 -1.709897 -1.673139 -1.635547 -1.597152 -1.558016 -1.518240 -1.477981 -1.437464 -1.397010 -1.357057 -1.318187 -1.281150 -1.246868 -1.216423 -1.190997 -1.171768 -1.159759 -1.155672 -1.159759 -1.171768 -1.190997 -1.216423 -1.246868 -1.281150 -1.318187 -1.357057 -1.397010 -1.437464 -1.477981 -1.518240 -1.558016 -1.597152 -1.635547 -1.673139 -1.709897 -1.745808 -1.780874 -1.815110 -1.848534 
-1.864016 -1.831735 -1.798771 -1.765121 -1.730793 -1.695805 -1.660194 -1.624021 -1.587376 -1.550388 -1.513241 -1.476179 -1.439530 -1.403717 -1.369274 -1.336851 -1.307213 -1.281214 -1.259748 -1.243670 -1.233699 -1.230319 -1.233699 -1.243670 -1.259748 -1.281214 -1.307213 -1.336851 -1.369274 -1.403717 -1.439530 -1.476179 -1.513241 -1.550388 -1.587376 -1.624021 -1.660194 -1.695805 -1.730793 -1.765121 -1.798771 -1.831735 -1.864016 
-1.880470 -1.849353 -1.817676 -1.785449 -1.752697 -1.719457 -1.685785 -1.651761 -1.617495 -1.583134 -1.548873 -1.514962 -1.481719 -1.449537 -1.418890 -1.390337 -1.364504 -1.342067 -1.323708 -1.310059 -1.301641 -1.298795 -1.301641 -1.310059 -1.323708 -1.342067 -1.364504 -1.390337 -1.418890 -1.449537 -1.481719 -1.514962 -1.548873 -1.583134 -1.617495 -1.651761 -1.685785 -1.719457 -1.752697 -1.785449 -1.817676 -1.849353 -1.880470 
-1.897781 -1.867836 -1.837444 -1.806629 -1.775429 -1.743896 -1.712098 -1.680129 -1.648112 -1.616201 -1.584594 -1.553535 -1.523323 -1.494315 -1.466926 -1.441628 -1.418936 -1.399385 -1.383503 -1.371765 -1.364556 -1.362124 -1.364556 -1.371765 -1.383503 -1.399385 -1.418936 -1.441628 -1.466926 -1.494315 -1.523323 -1.553535 -1.584594 -1.616201 -1.648112 -1.680129 -1.712098 -1.743896 -1.775429 -1.806629 -1.837444 -1.867836 -1.897781 
-1.915841 -1.887062 -1.857942 -1.828515 -1.798828 -1.768943 -1.738940 -1.708919 -1.679009 -1.649367 -1.620185 -1.591696 -1.564175 -1.537939 -1.513349 -1.490804 -1.470724 -1.453539 -1.439660 -1.429451 -1.423201 -1.421097 -1.423201 -1.429451 -1.439660 -1.453539 -1.470724 -1.490804 -1.513349 -1.537939 -1.564175 -1.591696 -1.620185 -1.649367 -1.679009 -1.708919 -1.738940 -1.768943 -1.798828 -1.828515 -1.857942 -1.887062 -1.915841 
-1.934547 -1.906919 -1.879047 -1.850971 -1.822747 -1.794444 -1.766146 -1.737959 -1.710012 -1.682459 -1.655485 -1.629304 -1.604167 -1.580355 -1.558179 -1.537973 -1.520084 -1.504859 -1.492620 -1.483653 -1.478178 -1.476337 -1.478178 -1.483653 -1.492620 -1.504859 -1.520084 -1.537973 -1.558179 -1.580355 -1.604167 -1.629304 -1.655485 -1.682459 -1.710012 -1.737959 -1.766146 -1.794444 -1.822747 -1.850971 -1.879047 -1.906919 -1.934547 
-1.953805 -1.927306 -1.900648 -1.873879 -1.847060 -1.820263 -1.793577 -1.767107 -1.740980 -1.715344 -1.690373 -1.666264 -1.643242 -1.621552 -1.601463 -1.583257 -1.567221 -1.553634 -1.542756 -1.534811 -1.529971 -1.528345 -1.529971 -1.534811 -1.542756 -1.553634 -1.567221 -1.583257 -1.601463 -1.621552 -1.643242 -1.666264 -1.690373 -1.715344 -1.740980 -1.767107 -1.793577 -1.820263 -1.847060 -1.873879 -1.900648 -1.927306 -1.953805 
-1.973528 -1.948127 -1.922645 -1.897134 -1.871656 -1.846288 -1.821117 -1.796248 -1.771803 -1.747922 -1.724767 -1.702516 -1.681369 -1.661543 -1.643268 -1.626782 -1.612323 -1.600120 -1.590382 -1.583288 -1.578974 -1.577527 -1.578974 -1.583288 -1.590382 -1.600120 -1.612323 -1.626782 -1.643268 -1.661543 -1.681369 -1.702516 -1.724767 -1.747922 -1.771803 -1.796248 -1.821117 -1.846288 -1.871656 -1.897134 -1.922645 -1.948127 -1.973528 
-1.993636 -1.969298 -1.944949 -1.920641 -1.896440 -1.872420 -1.848669 -1.825289 -1.802395 -1.780118 -1.758607 -1.738024 -1.718545 -1.700361 -1.683668 -1.668669 -1.655563 -1.644538 -1.635765 -1.629387 -1.625515 -1.624217 -1.625515 -1.629387 -1.635765 -1.644538 -1.655563 -1.668669 -1.683668 -1.700361 -1.718545 -1.738024 -1.758607 -1.780118 -1.802395 -1.825289 -1.848669 -1.872420 -1.896440 -1.920641 -1.944949 -1.969298 -1.993636 
-2.014056 -1.990745 -1.967481 -1.944321 -1.921329 -1.898579 -1.876156 -1.854156 -1.832690 -1.811879 -1.791858 -1.772772 -1.754779 -1.738045 -1.722740 -1.709034 -1.697096 -1.687082 -1.679132 -1.673364 -1.669866 -1.668694 -1.669866 -1.673364 -1.679132 -1.687082 -1.697096 -1.709034 -1.722740 -1.738045 -1.754779 -1.772772 -1.791858 -1.811879 -1.832690 -1.854156 -1.876156 -1.898579 -1.921329 -1.944321 -1.967481 -1.990745 -2.014056 
-2.034725 -2.012400 -1.990175 -1.968105 -1.946255 -1.924697 -1.903512 -1.882793 -1.862640 -1.843168 -1.824497 -1.806759 -1.790093 -1.774645 -1.760560 -1.747986 -1.737063 -1.727922 -1.720681 -1.715435 -1.712258 -1.711193 -1.712258 -1.715435 -1.720681 -1.727922 -1.737063 -1.747986 -1.760560 -1.774645 -1.790093 -1.806759 -1.824497 -1.843168 -1.862640 -1.882793 -1.903512 -1.924697 -1.946255 -1.968105 -1.990175 -2.012400 -2.034725 
-2.055585 -2.034204 -2.012969 -1.991933 -1.971160 -1.950719 -1.930688 -1.911153 -1.892209 -1.873959 -1.856514 -1.839992 -1.824514 -1.810209 -1.797204 -1.785624 -1.775588 -1.767208 -1.760581 -1.755786 -1.752885 -1.751913 -1.752885 -1.755786 -1.760581 -1.767208 -1.775588 -1.785624 -1.797204 -1.810209 -1.824514 -1.839992 -1.856514 -1.873959 -1.892209 -1.911153 -1.930688 -1.950719 -1.971160 -1.991933 -2.012969 -2.034204 -2.055585 
