63 63
2.412961e+00 0 5
-0.170478 -0.156792 -0.143151 -0.129571 -0.116069 -0.102664 -0.089375 -0.076225 -0.063236 -0.050434 -0.037846 -0.025500 -0.013427 -0.001658 0.009773 0.020832 0.031483 0.041687 0.051409 0.060610 0.069250 0.077294 0.084703 0.091442 0.097478 0.102779 0.107315 0.111063 0.114002 0.116113 0.117384 0.117809 0.117384 0.116113 0.114002 0.111063 0.107315 0.102779 0.097478 0.091442 0.084703 0.077294 0.069250 0.060610 0.051409 0.041687 0.031483 0.020832 0.009773 -0.001658 -0.013427 -0.025500 -0.037846 -0.050434 -0.063236 -0.076225 -0.089375 -0.102664 -0.116069 -0.129571 -0.143151 -0.156792 -0.170478 
-0.157020 -0.142917 -0.128845 -0.114822 -0.100863 -0.086989 -0.073218 -0.059575 -0.046083 -0.032769 -0.019660 -0.006786 0.005820 0.018125 0.030094 0.041687 0.052868 0.063595 0.073828 0.083525 0.092643 0.101141 0.108977 0.116113 0.122509 0.128132 0.132948 0.136929 0.140052 0.142297 0.143649 0.144101 0.143649 0.142297 0.140052 0.136929 0.132948 0.128132 0.122509 0.116113 0.108977 0.101141 0.092643 0.083525 0.073828 0.063595 0.052868 0.041687 0.030094 0.018125 0.005820 -0.006786 -0.019660 -0.032769 -0.046083 -0.059575 -0.073218 -0.086989 -0.100863 -0.114822 -0.128845 -0.142917 -0.157020 
-0.143621 -0.129088 -0.114572 -0.100089 -0.085657 -0.071295 -0.057023 -0.042866 -0.028847 -0.014993 -0.001335 0.012096 0.025267 0.038141 0.050682 0.062847 0.074596 0.085885 0.096668 0.106901 0.116536 0.125528 0.133829 0.141397 0.148189 0.154164 0.159287 0.163525 0.166851 0.169243 0.170684 0.171166 0.170684 0.169243 0.166851 0.163525 0.159287 0.154164 0.148189 0.141397 0.133829 0.125528 0.116536 0.106901 0.096668 0.085885 0.074596 0.062847 0.050682 0.038141 0.025267 0.012096 -0.001335 -0.014993 -0.028847 -0.042866 -0.057023 -0.071295 -0.085657 -0.100089 -0.114572 -0.129088 -0.143621 
-0.130296 -0.115321 -0.100347 -0.085390 -0.070468 -0.055599 -0.040806 -0.026111 -0.011540 0.002879 0.017115 0.031135 0.044904 0.058384 0.071533 0.084310 0.096668 0.108561 0.119939 0.130752 0.140948 0.150477 0.159287 0.167328 0.174553 0.180916 0.186376 0.190897 0.194447 0.197002 0.198542 0.199056 0.198542 0.197002 0.194447 0.190897 0.186376 0.180916 0.174553 0.167328 0.159287 0.150477 0.140948 0.130752 0.119939 0.108561 0.096668 0.084310 0.071533 0.058384 0.044904 0.031135 0.017115 0.002879 -0.011540 -0.026111 -0.040806 -0.055599 -0.070468 -0.085390 -0.100347 -0.115321 -0.130296 
-0.117065 -0.101636 -0.086190 -0.070744 -0.055314 -0.039920 -0.024583 -0.009328 0.005820 0.020832 0.035676 0.050318 0.064721 0.078843 0.092643 0.106073 0.119086 0.131629 0.143649 0.155091 0.165898 0.176013 0.185378 0.193938 0.201639 0.208430 0.214263 0.219097 0.222896 0.225631 0.227280 0.227831 0.227280 0.225631 0.222896 0.219097 0.214263 0.208430 0.201639 0.193938 0.185378 0.176013 0.165898 0.155091 0.143649 0.131629 0.119086 0.106073 0.092643 0.078843 0.064721 0.050318 0.035676 0.020832 0.005820 -0.009328 -0.024583 -0.039920 -0.055314 -0.070744 -0.086190 -0.101636 -0.117065 
-0.103946 -0.088051 -0.072120 -0.056169 -0.040215 -0.024277 -0.008376 0.007463 0.023214 0.038848 0.054332 0.069630 0.084703 0.099509 0.114002 0.128132 0.141847 0.155091 0.167806 0.179931 0.191402 0.202158 0.212132 0.221263 0.229490 0.236753 0.242999 0.248181 0.252256 0.255192 0.256964 0.257556 0.256964 0.255192 0.252256 0.248181 0.242999 0.236753 0.229490 0.221263 0.212132 0.202158 0.191402 0.179931 0.167806 0.155091 0.141847 0.128132 0.114002 0.099509 0.084703 0.069630 0.054332 0.038848 0.023214 0.007463 -0.008376 -0.024277 -0.040215 -0.056169 -0.072120 -0.088051 -0.103946 
-0.090959 -0.074587 -0.058159 -0.041690 -0.025195 -0.008694 0.007792 0.024239 0.040621 0.056906 0.073062 0.089052 0.104835 0.120366 0.135598 0.150477 0.164947 0.178948 0.192415 0.205282 0.217479 0.228936 0.239581 0.249341 0.258149 0.265937 0.272643 0.278212 0.282596 0.285757 0.287665 0.288303 0.287665 0.285757 0.282596 0.278212 0.272643 0.265937 0.258149 0.249341 0.239581 0.228936 0.217479 0.205282 0.192415 0.178948 0.164947 0.150477 0.135598 0.120366 0.104835 0.089052 0.073062 0.056906 0.040621 0.024239 0.007792 -0.008694 -0.025195 -0.041690 -0.058159 -0.074587 -0.090959 
-0.078127 -0.061269 -0.044331 -0.027329 -0.010277 0.006805 0.023897 0.040976 0.058014 0.074980 0.091842 0.108561 0.125095 0.141397 0.157417 0.173098 0.188379 0.203196 0.217479 0.231155 0.244145 0.256372 0.267755 0.278212 0.287665 0.296036 0.303256 0.309259 0.313989 0.317402 0.319463 0.320153 0.319463 0.317402 0.313989 0.309259 0.303256 0.296036 0.287665 0.278212 0.267755 0.256372 0.244145 0.231155 0.217479 0.203196 0.188379 0.173098 0.157417 0.141397 0.125095 0.108561 0.091842 0.074980 0.058014 0.040976 0.023897 0.006805 -0.010277 -0.027329 -0.044331 -0.061269 -0.078127 
-0.065474 -0.048119 -0.030661 -0.013113 0.004511 0.022192 0.039911 0.057644 0.075365 0.093044 0.110645 0.128132 0.145459 0.162579 0.179439 0.195978 0.212132 0.227831 0.242999 0.257556 0.271415 0.284490 0.296687 0.307917 0.318088 0.327112 0.334907 0.341398 0.346519 0.350216 0.352451 0.353199 0.352451 0.350216 0.346519 0.341398 0.334907 0.327112 0.318088 0.307917 0.296687 0.284490 0.271415 0.257556 0.242999 0.227831 0.212132 0.195978 0.179439 0.162579 0.145459 0.128132 0.110645 0.093044 0.075365 0.057644 0.039911 0.022192 0.004511 -0.013113 -0.030661 -0.048119 -0.065474 
-0.053024 -0.035165 -0.017177 0.000929 0.019138 0.037436 0.055801 0.074212 0.092643 0.111063 0.129440 0.147733 0.165898 0.183885 0.201639 0.219097 0.236190 0.252842 0.268971 0.284490 0.299302 0.313310 0.326411 0.338500 0.349474 0.359231 0.367674 0.374715 0.380278 0.384299 0.386731 0.387545 0.386731 0.384299 0.380278 0.374715 0.367674 0.359231 0.349474 0.338500 0.326411 0.313310 0.299302 0.284490 0.268971 0.252842 0.236190 0.219097 0.201639 0.183885 0.165898 0.147733 0.129440 0.111063 0.092643 0.074212 0.055801 0.037436 0.019138 0.000929 -0.017177 -0.035165 -0.053024 
-0.040806 -0.022436 -0.003909 0.014765 0.033574 0.052503 0.071533 0.090644 0.109810 0.129003 0.148189 0.167328 0.186376 0.205282 0.223988 0.242428 0.260530 0.278212 0.295386 0.311955 0.327815 0.342854 0.356958 0.370007 0.381881 0.392463 0.401639 0.409306 0.415372 0.419761 0.422418 0.423308 0.422418 0.419761 0.415372 0.409306 0.401639 0.392463 0.381881 0.370007 0.356958 0.342854 0.327815 0.311955 0.295386 0.278212 0.260530 0.242428 0.223988 0.205282 0.186376 0.167328 0.148189 0.129003 0.109810 0.090644 0.071533 0.052503 0.033574 0.014765 -0.003909 -0.022436 -0.040806 
-0.028847 -0.009961 0.009112 0.028364 0.047783 0.067357 0.087070 0.106901 0.126828 0.146822 0.166851 0.186876 0.206853 0.226730 0.246447 0.265937 0.285123 0.303918 0.322228 0.339947 0.356958 0.373140 0.388360 0.402484 0.415372 0.426887 0.436896 0.445276 0.451919 0.456732 0.459648 0.460625 0.459648 0.456732 0.451919 0.445276 0.436896 0.426887 0.415372 0.402484 0.388360 0.373140 0.356958 0.339947 0.322228 0.303918 0.285123 0.265937 0.246447 0.226730 0.206853 0.186876 0.166851 0.146822 0.126828 0.106901 0.087070 0.067357 0.047783 0.028364 0.009112 -0.009961 -0.028847 
-0.017177 0.002228 0.021852 0.041687 0.061727 0.081959 0.102368 0.122939 0.143649 0.164472 0.185378 0.206329 0.227280 0.248181 0.268971 0.289581 0.309931 0.329930 0.349474 0.368450 0.386731 0.404178 0.420645 0.435976 0.450010 0.462586 0.473548 0.482748 0.490055 0.495358 0.498574 0.499652 0.498574 0.495358 0.490055 0.482748 0.473548 0.462586 0.450010 0.435976 0.420645 0.404178 0.386731 0.368450 0.349474 0.329930 0.309931 0.289581 0.268971 0.248181 0.227280 0.206329 0.185378 0.164472 0.143649 0.122939 0.102368 0.081959 0.061727 0.041687 0.021852 0.002228 -0.017177 
-0.005829 0.014096 0.034274 0.054699 0.075365 0.096264 0.117384 0.138711 0.160225 0.181903 0.203717 0.225631 0.247602 0.269581 0.291507 0.313310 0.334907 0.356204 0.377090 0.397442 0.417122 0.435976 0.453837 0.470528 0.485863 0.499652 0.511708 0.521856 0.529933 0.535807 0.539373 0.540570 0.539373 0.535807 0.529933 0.521856 0.511708 0.499652 0.485863 0.470528 0.453837 0.435976 0.417122 0.397442 0.377090 0.356204 0.334907 0.313310 0.291507 0.269581 0.247602 0.225631 0.203717 0.181903 0.160225 0.138711 0.117384 0.096264 0.075365 0.054699 0.034274 0.014096 -0.005829 
0.005165 0.025610 0.046341 0.067357 0.088655 0.110228 0.132068 0.154164 0.176500 0.199056 0.221807 0.244720 0.267755 0.290864 0.313989 0.337059 0.359991 0.382686 0.405028 0.426887 0.448110 0.468528 0.487953 0.506182 0.522999 0.538181 0.551503 0.562752 0.571732 0.578275 0.582255 0.583590 0.582255 0.578275 0.571732 0.562752 0.551503 0.538181 0.522999 0.506182 0.487953 0.468528 0.448110 0.426887 0.405028 0.382686 0.359991 0.337059 0.313989 0.290864 0.267755 0.244720 0.221807 0.199056 0.176500 0.154164 0.132068 0.110228 0.088655 0.067357 0.046341 0.025610 0.005165 
0.015771 0.036731 0.058014 0.079620 0.101550 0.123800 0.146367 0.169243 0.192415 0.215868 0.239581 0.263525 0.287665 0.311955 0.336341 0.360753 0.385108 0.409306 0.433227 0.456732 0.479657 0.501817 0.522999 0.542973 0.561486 0.578275 0.593071 0.605611 0.615655 0.622992 0.627462 0.628964 0.627462 0.622992 0.615655 0.605611 0.593071 0.578275 0.561486 0.542973 0.522999 0.501817 0.479657 0.456732 0.433227 0.409306 0.385108 0.360753 0.336341 0.311955 0.287665 0.263525 0.239581 0.215868 0.192415 0.169243 0.146367 0.123800 0.101550 0.079620 0.058014 0.036731 0.015771 
0.025953 0.047422 0.069250 0.091442 0.114002 0.136929 0.160225 0.183885 0.207903 0.232268 0.256964 0.281967 0.307248 0.332767 0.358472 0.384299 0.410167 0.435976 0.461604 0.486907 0.511708 0.535807 0.558966 0.580924 0.601386 0.620040 0.636562 0.650629 0.661939 0.670227 0.675287 0.676989 0.675287 0.670227 0.661939 0.650629 0.636562 0.620040 0.601386 0.580924 0.558966 0.535807 0.511708 0.486907 0.461604 0.435976 0.410167 0.384299 0.358472 0.332767 0.307248 0.281967 0.256964 0.232268 0.207903 0.183885 0.160225 0.136929 0.114002 0.091442 0.069250 0.047422 0.025953 
0.035676 0.057644 0.080009 0.102779 0.125960 0.149560 0.173582 0.198028 0.222896 0.248181 0.273874 0.299958 0.326411 0.353199 0.380278 0.407589 0.435057 0.462586 0.490055 0.517313 0.544180 0.570436 0.595823 0.620040 0.642750 0.663582 0.682141 0.698027 0.710860 0.720299 0.726078 0.728024 0.726078 0.720299 0.710860 0.698027 0.682141 0.663582 0.642750 0.620040 0.595823 0.570436 0.544180 0.517313 0.490055 0.462586 0.435057 0.407589 0.380278 0.353199 0.326411 0.299958 0.273874 0.248181 0.222896 0.198028 0.173582 0.149560 0.125960 0.102779 0.080009 0.057644 0.035676 
0.044904 0.067357 0.090245 0.113581 0.137374 0.161636 0.186376 0.211601 0.237317 0.263525 0.290222 0.317402 0.345049 0.373140 0.401639 0.430497 0.459648 0.489002 0.518444 0.547825 0.576958 0.605611 0.633505 0.660302 0.685614 0.709000 0.729980 0.748057 0.762741 0.773593 0.780258 0.782506 0.780258 0.773593 0.762741 0.748057 0.729980 0.709000 0.685614 0.660302 0.633505 0.605611 0.576958 0.547825 0.518444 0.489002 0.459648 0.430497 0.401639 0.373140 0.345049 0.317402 0.290222 0.263525 0.237317 0.211601 0.186376 0.161636 0.137374 0.113581 0.090245 0.067357 0.044904 
0.053599 0.076521 0.099916 0.123800 0.148189 0.173098 0.198542 0.224534 0.251088 0.278212 0.305913 0.334193 0.363047 0.392463 0.422418 0.452877 0.483784 0.515062 0.546606 0.578275 0.609884 0.641194 0.671906 0.701650 0.729980 0.756378 0.780258 0.800996 0.817962 0.830572 0.838348 0.840977 0.838348 0.830572 0.817962 0.800996 0.780258 0.756378 0.729980 0.701650 0.671906 0.641194 0.609884 0.578275 0.546606 0.515062 0.483784 0.452877 0.422418 0.392463 0.363047 0.334193 0.305913 0.278212 0.251088 0.224534 0.198542 0.173098 0.148189 0.123800 0.099916 0.076521 0.053599 
0.061727 0.085097 0.108977 0.133388 0.158351 0.183885 0.210013 0.236753 0.264126 0.292151 0.320844 0.350216 0.380278 0.411029 0.442463 0.474560 0.507281 0.540570 0.574336 0.608454 0.642750 0.676989 0.710860 0.743964 0.775802 0.805765 0.833146 0.857154 0.876967 0.891801 0.900997 0.904114 0.900997 0.891801 0.876967 0.857154 0.833146 0.805765 0.775802 0.743964 0.710860 0.676989 0.642750 0.608454 0.574336 0.540570 0.507281 0.474560 0.442463 0.411029 0.380278 0.350216 0.320844 0.292151 0.264126 0.236753 0.210013 0.183885 0.158351 0.133388 0.108977 0.085097 0.061727 
0.069250 0.093044 0.117384 0.142297 0.167806 0.193938 0.220721 0.248181 0.276347 0.305247 0.334907 0.365354 0.396608 0.428688 0.461604 0.495358 0.529933 0.565297 0.601386 0.638100 0.675287 0.712729 0.750120 0.787044 0.822955 0.857154 0.888786 0.916855 0.940277 0.957978 0.969026 0.972785 0.969026 0.957978 0.940277 0.916855 0.888786 0.857154 0.822955 0.787044 0.750120 0.712729 0.675287 0.638100 0.601386 0.565297 0.529933 0.495358 0.461604 0.428688 0.396608 0.365354 0.334907 0.305247 0.276347 0.248181 0.220721 0.193938 0.167806 0.142297 0.117384 0.093044 0.069250 
0.076136 0.100324 0.125095 0.150477 0.176500 0.203196 0.230599 0.258743 0.287665 0.317402 0.347994 0.379478 0.411894 0.445276 0.479657 0.515062 0.551503 0.588979 0.627462 0.666890 0.707149 0.748057 0.789333 0.830572 0.871197 0.910429 0.947254 0.980422 1.008493 1.029970 1.043499 1.048124 1.043499 1.029970 1.008493 0.980422 0.947254 0.910429 0.871197 0.830572 0.789333 0.748057 0.707149 0.666890 0.627462 0.588979 0.551503 0.515062 0.479657 0.445276 0.411894 0.379478 0.347994 0.317402 0.287665 0.258743 0.230599 0.203196 0.176500 0.150477 0.125095 0.100324 0.076136 
0.082350 0.106901 0.132068 0.157884 0.184382 0.211601 0.239581 0.268363 0.297993 0.328519 0.359991 0.392463 0.425989 0.460625 0.496427 0.533447 0.571732 0.611318 0.652224 0.694439 0.737907 0.782506 0.828015 0.874070 0.920110 0.965306 1.008493 1.048124 1.082289 1.108861 1.125813 1.131648 1.125813 1.108861 1.082289 1.048124 1.008493 0.965306 0.920110 0.874070 0.828015 0.782506 0.737907 0.694439 0.652224 0.611318 0.571732 0.533447 0.496427 0.460625 0.425989 0.392463 0.359991 0.328519 0.297993 0.268363 0.239581 0.211601 0.184382 0.157884 0.132068 0.106901 0.082350 
0.087861 0.112740 0.138265 0.164472 0.191402 0.219097 0.247602 0.276968 0.307248 0.338500 0.370788 0.404178 0.438743 0.474560 0.511708 0.550273 0.590338 0.631985 0.675287 0.720299 0.767044 0.815490 0.865515 0.916855 0.969026 1.021225 1.072190 1.120072 1.162360 1.196002 1.217850 1.225447 1.217850 1.196002 1.162360 1.120072 1.072190 1.021225 0.969026 0.916855 0.865515 0.815490 0.767044 0.720299 0.675287 0.631985 0.590338 0.550273 0.511708 0.474560 0.438743 0.404178 0.370788 0.338500 0.307248 0.276968 0.247602 0.219097 0.191402 0.164472 0.138265 0.112740 0.087861 
0.092643 0.117809 0.143649 0.170203 0.197514 0.225631 0.254603 0.284490 0.315351 0.347256 0.380278 0.414499 0.450010 0.486907 0.525297 0.565297 0.607030 0.650629 0.696229 0.743964 0.793955 0.846291 0.900997 0.957978 1.016931 1.077204 1.137581 1.196002 1.249281 1.293032 1.322205 1.332504 1.322205 1.293032 1.249281 1.196002 1.137581 1.077204 1.016931 0.957978 0.900997 0.846291 0.793955 0.743964 0.696229 0.650629 0.607030 0.565297 0.525297 0.486907 0.450010 0.414499 0.380278 0.347256 0.315351 0.284490 0.254603 0.225631 0.197514 0.170203 0.143649 0.117809 0.092643 
0.096668 0.122080 0.148189 0.175039 0.202677 0.231155 0.260530 0.290864 0.322228 0.354698 0.388360 0.423308 0.459648 0.497499 0.536992 0.578275 0.621513 0.666890 0.714607 0.764887 0.817962 0.874070 0.933430 0.996195 1.062369 1.131648 1.203135 1.274865 1.343121 1.401774 1.442505 1.457246 1.442505 1.401774 1.343121 1.274865 1.203135 1.131648 1.062369 0.996195 0.933430 0.874070 0.817962 0.764887 0.714607 0.666890 0.621513 0.578275 0.536992 0.497499 0.459648 0.423308 0.388360 0.354698 0.322228 0.290864 0.260530 0.231155 0.202677 0.175039 0.148189 0.122080 0.096668 
0.099916 0.125528 0.151856 0.178948 0.206853 0.235627 0.265332 0.296036 0.327815 0.360753 0.394945 0.430497 0.467531 0.506182 0.546606 0.588979 0.633505 0.680416 0.729980 0.782506 0.838348 0.897906 0.961623 1.029970 1.103386 1.182157 1.266126 1.354076 1.442505 1.523633 1.583777 1.606508 1.583777 1.523633 1.442505 1.354076 1.266126 1.182157 1.103386 1.029970 0.961623 0.897906 0.838348 0.782506 0.729980 0.680416 0.633505 0.588979 0.546606 0.506182 0.467531 0.430497 0.394945 0.360753 0.327815 0.296036 0.265332 0.235627 0.206853 0.178948 0.151856 0.125528 0.099916 
0.102368 0.128132 0.154627 0.181903 0.210013 0.239014 0.268971 0.299958 0.332056 0.365354 0.399955 0.435976 0.473548 0.512823 0.553975 0.597206 0.642750 0.690885 0.741934 0.796287 0.854408 0.916855 0.984301 1.057558 1.137581 1.225447 1.322205 1.428379 1.542503 1.657270 1.752085 1.791021 1.752085 1.657270 1.542503 1.428379 1.322205 1.225447 1.137581 1.057558 0.984301 0.916855 0.854408 0.796287 0.741934 0.690885 0.642750 0.597206 0.553975 0.512823 0.473548 0.435976 0.399955 0.365354 0.332056 0.299958 0.268971 0.239014 0.210013 0.181903 0.154627 0.128132 0.102368 
0.104011 0.129877 0.156485 0.183885 0.212132 0.241287 0.271415 0.302594 0.334907 0.368450 0.403330 0.439670 0.477610 0.517313 0.558966 0.602789 0.649040 0.698027 0.750120 0.805765 0.865515 0.930054 1.000248 1.077204 1.162360 1.257601 1.365392 1.488807 1.630914 1.791021 1.948188 2.024662 1.948188 1.791021 1.630914 1.488807 1.365392 1.257601 1.162360 1.077204 1.000248 0.930054 0.865515 0.805765 0.750120 0.698027 0.649040 0.602789 0.558966 0.517313 0.477610 0.439670 0.403330 0.368450 0.334907 0.302594 0.271415 0.241287 0.212132 0.183885 0.156485 0.129877 0.104011 
0.104835 0.130752 0.157417 0.184880 0.213196 0.242428 0.272643 0.303918 0.336341 0.370007 0.405028 0.441530 0.479657 0.519578 0.561486 0.605611 0.652224 0.701650 0.754280 0.810596 0.871197 0.936837 1.008493 1.087447 1.175434 1.274865 1.389212 1.523633 1.685924 1.886757 2.126531 2.281430 2.126531 1.886757 1.685924 1.523633 1.389212 1.274865 1.175434 1.087447 1.008493 0.936837 0.871197 0.810596 0.754280 0.701650 0.652224 0.605611 0.561486 0.519578 0.479657 0.441530 0.405028 0.370007 0.336341 0.303918 0.272643 0.242428 0.213196 0.184880 0.157417 0.130752 0.104835 
0.104938 0.130861 0.157534 0.185004 0.213329 0.242571 0.272797 0.304084 0.336520 0.370202 0.405241 0.441763 0.479914 0.519862 0.561802 0.605966 0.652624 0.702105 0.754803 0.811204 0.871913 0.937694 1.009537 1.088748 1.177102 1.277084 1.392309 1.528251 1.693496 1.901029 2.158382 2.337384 2.158382 1.901029 1.693496 1.528251 1.392309 1.277084 1.177102 1.088748 1.009537 0.937694 0.871913 0.811204 0.754803 0.702105 0.652624 0.605966 0.561802 0.519862 0.479914 0.441763 0.405241 0.370202 0.336520 0.304084 0.272797 0.242571 0.213329 0.185004 0.157534 0.130861 0.104938 
0.104830 0.130747 0.157412 0.184874 0.213190 0.242422 0.272636 0.303911 0.336333 0.369999 0.405019 0.441520 0.479646 0.519566 0.561472 0.605596 0.652207 0.701630 0.754257 0.810570 0.871165 0.936800 1.008448 1.087391 1.175361 1.274769 1.389078 1.523434 1.685599 1.886151 2.125220 2.279227 2.125220 1.886151 1.685599 1.523434 1.389078 1.274769 1.175361 1.087391 1.008448 0.936800 0.871165 0.810570 0.754257 0.701630 0.652207 0.605596 0.561472 0.519566 0.479646 0.441520 0.405019 0.369999 0.336333 0.303911 0.272636 0.242422 0.213190 0.184874 0.157412 0.130747 0.104830 
0.103998 0.129863 0.156470 0.183869 0.212115 0.241268 0.271396 0.302573 0.334884 0.368425 0.403303 0.439640 0.477577 0.517277 0.558926 0.602744 0.648989 0.697969 0.750053 0.805688 0.865424 0.929946 1.000116 1.077041 1.162152 1.257329 1.365020 1.488272 1.630096 1.789685 1.946001 2.021870 1.946001 1.789685 1.630096 1.488272 1.365020 1.257329 1.162152 1.077041 1.000116 0.929946 0.865424 0.805688 0.750053 0.697969 0.648989 0.602744 0.558926 0.517277 0.477577 0.439640 0.403303 0.368425 0.334884 0.302573 0.271396 0.241268 0.212115 0.183869 0.156470 0.129863 0.103998 
0.102346 0.128108 0.154602 0.181877 0.209984 0.238983 0.268939 0.299923 0.332017 0.365312 0.399910 0.435926 0.473494 0.512763 0.553908 0.597131 0.642666 0.690789 0.741825 0.796161 0.854261 0.916680 0.984091 1.057300 1.137259 1.225034 1.321659 1.427635 1.541459 1.655796 1.750115 1.788801 1.750115 1.655796 1.541459 1.427635 1.321659 1.225034 1.137259 1.057300 0.984091 0.916680 0.854261 0.796161 0.741825 0.690789 0.642666 0.597131 0.553908 0.512763 0.473494 0.435926 0.399910 0.365312 0.332017 0.299923 0.268939 0.238983 0.209984 0.181877 0.154602 0.128108 0.102346 
0.099886 0.125495 0.151821 0.178911 0.206813 0.235585 0.265287 0.295987 0.327762 0.360695 0.394882 0.430429 0.467456 0.506100 0.546514 0.588877 0.633390 0.680286 0.729832 0.782337 0.838151 0.897674 0.961347 1.029637 1.102977 1.181646 1.265476 1.353239 1.441420 1.522254 1.582126 1.604740 1.582126 1.522254 1.441420 1.353239 1.265476 1.181646 1.102977 1.029637 0.961347 0.897674 0.838151 0.782337 0.729832 0.680286 0.633390 0.588877 0.546514 0.506100 0.467456 0.430429 0.394882 0.360695 0.327762 0.295987 0.265287 0.235585 0.206813 0.178911 0.151821 0.125495 0.099886 
0.096629 0.122038 0.148145 0.174992 0.202626 0.231101 0.260472 0.290802 0.322161 0.354626 0.388281 0.423222 0.459554 0.497395 0.536877 0.578147 0.621370 0.666729 0.714425 0.764678 0.817722 0.873791 0.933102 0.995805 1.061900 1.131079 1.202438 1.274009 1.342079 1.400537 1.441112 1.455790 1.441112 1.400537 1.342079 1.274009 1.202438 1.131079 1.061900 0.995805 0.933102 0.873791 0.817722 0.764678 0.714425 0.666729 0.621370 0.578147 0.536877 0.497395 0.459554 0.423222 0.388281 0.354626 0.322161 0.290802 0.260472 0.231101 0.202626 0.174992 0.148145 0.122038 0.096629 
0.092595 0.117759 0.143596 0.170146 0.197454 0.225566 0.254534 0.284415 0.315270 0.347168 0.380183 0.414396 0.449897 0.486783 0.525161 0.565146 0.606862 0.650441 0.696017 0.743723 0.793680 0.845974 0.900629 0.957549 1.016426 1.076607 1.136873 1.195167 1.248309 1.291930 1.321007 1.331270 1.321007 1.291930 1.248309 1.195167 1.136873 1.076607 1.016426 0.957549 0.900629 0.845974 0.793680 0.743723 0.696017 0.650441 0.606862 0.565146 0.525161 0.486783 0.449897 0.414396 0.380183 0.347168 0.315270 0.284415 0.254534 0.225566 0.197454 0.170146 0.143596 0.117759 0.092595 
0.087806 0.112681 0.138202 0.164406 0.191332 0.219021 0.247521 0.276881 0.307154 0.338400 0.370679 0.404060 0.438614 0.474418 0.511553 0.550102 0.590148 0.631773 0.675050 0.720032 0.766742 0.815146 0.865121 0.916402 0.968504 1.020622 1.071495 1.119277 1.161464 1.195016 1.216801 1.224375 1.216801 1.195016 1.161464 1.119277 1.071495 1.020622 0.968504 0.916402 0.865121 0.815146 0.766742 0.720032 0.675050 0.631773 0.590148 0.550102 0.511553 0.474418 0.438614 0.404060 0.370679 0.338400 0.307154 0.276881 0.247521 0.219021 0.191332 0.164406 0.138202 0.112681 0.087806 
0.082286 0.106834 0.131997 0.157808 0.184302 0.211516 0.239489 0.268265 0.297887 0.328405 0.359868 0.392330 0.425844 0.460467 0.496254 0.533257 0.571522 0.611087 0.651967 0.694151 0.737584 0.782143 0.827604 0.873605 0.919583 0.964709 1.007821 1.047374 1.081464 1.107972 1.124880 1.130700 1.124880 1.107972 1.081464 1.047374 1.007821 0.964709 0.919583 0.873605 0.827604 0.782143 0.737584 0.694151 0.651967 0.611087 0.571522 0.533257 0.496254 0.460467 0.425844 0.392330 0.359868 0.328405 0.297887 0.268265 0.239489 0.211516 0.184302 0.157808 0.131997 0.106834 0.082286 
0.076065 0.100249 0.125016 0.150393 0.176411 0.203101 0.230497 0.258634 0.287548 0.317277 0.347859 0.379332 0.411736 0.445105 0.479470 0.514857 0.551278 0.588731 0.627188 0.666586 0.706812 0.747681 0.788914 0.830103 0.870674 0.909847 0.946611 0.979717 1.007732 1.029162 1.042660 1.047274 1.042660 1.029162 1.007732 0.979717 0.946611 0.909847 0.870674 0.830103 0.788914 0.747681 0.706812 0.666586 0.627188 0.588731 0.551278 0.514857 0.479470 0.445105 0.411736 0.379332 0.347859 0.317277 0.287548 0.258634 0.230497 0.203101 0.176411 0.150393 0.125016 0.100249 0.076065 
0.069173 0.092962 0.117298 0.142205 0.167708 0.193834 0.220610 0.248063 0.276221 0.305111 0.334761 0.365196 0.396438 0.428504 0.461404 0.495139 0.529695 0.565036 0.601100 0.637785 0.674940 0.712346 0.749697 0.786578 0.822441 0.856591 0.888173 0.916193 0.939572 0.957237 0.968263 0.972014 0.968263 0.957237 0.939572 0.916193 0.888173 0.856591 0.822441 0.786578 0.749697 0.712346 0.674940 0.637785 0.601100 0.565036 0.529695 0.495139 0.461404 0.428504 0.396438 0.365196 0.334761 0.305111 0.276221 0.248063 0.220610 0.193834 0.167708 0.142205 0.117298 0.092962 0.069173 
0.061643 0.085008 0.108883 0.133289 0.158245 0.183773 0.209893 0.236626 0.263990 0.292006 0.320688 0.350049 0.380097 0.410834 0.442252 0.474331 0.507033 0.540299 0.574041 0.608132 0.642398 0.676604 0.710439 0.743505 0.775302 0.805224 0.832563 0.856532 0.876311 0.891118 0.900296 0.903408 0.900296 0.891118 0.876311 0.856532 0.832563 0.805224 0.775302 0.743505 0.710439 0.676604 0.642398 0.608132 0.574041 0.540299 0.507033 0.474331 0.442252 0.410834 0.380097 0.350049 0.320688 0.292006 0.263990 0.236626 0.209893 0.183773 0.158245 0.133289 0.108883 0.085008 0.061643 
0.053509 0.076426 0.099816 0.123694 0.148076 0.172978 0.198415 0.224399 0.250944 0.278058 0.305748 0.334016 0.362857 0.392259 0.422199 0.452640 0.483527 0.514784 0.546305 0.577949 0.609530 0.640810 0.671490 0.701200 0.729495 0.755858 0.779704 0.800411 0.817349 0.829938 0.837701 0.840325 0.837701 0.829938 0.817349 0.800411 0.779704 0.755858 0.729495 0.701200 0.671490 0.640810 0.609530 0.577949 0.546305 0.514784 0.483527 0.452640 0.422199 0.392259 0.362857 0.334016 0.305748 0.278058 0.250944 0.224399 0.198415 0.172978 0.148076 0.123694 0.099816 0.076426 0.053509 
0.044807 0.067256 0.090138 0.113468 0.137254 0.161509 0.186242 0.211459 0.237165 0.263363 0.290050 0.317218 0.344852 0.372928 0.401412 0.430254 0.459386 0.488720 0.518140 0.547497 0.576604 0.605231 0.633096 0.659864 0.685146 0.708502 0.729453 0.747504 0.762167 0.773002 0.779656 0.781901 0.779656 0.773002 0.762167 0.747504 0.729453 0.708502 0.685146 0.659864 0.633096 0.605231 0.576604 0.547497 0.518140 0.488720 0.459386 0.430254 0.401412 0.372928 0.344852 0.317218 0.290050 0.263363 0.237165 0.211459 0.186242 0.161509 0.137254 0.113468 0.090138 0.067256 0.044807 
0.035574 0.057537 0.079896 0.102659 0.125835 0.149427 0.173442 0.197879 0.222738 0.248013 0.273695 0.299768 0.326208 0.352982 0.380046 0.407341 0.434791 0.462301 0.489749 0.516986 0.543829 0.570061 0.595422 0.619614 0.642298 0.663104 0.681639 0.697505 0.710319 0.719745 0.725515 0.727458 0.725515 0.719745 0.710319 0.697505 0.681639 0.663104 0.642298 0.619614 0.595422 0.570061 0.543829 0.516986 0.489749 0.462301 0.434791 0.407341 0.380046 0.352982 0.326208 0.299768 0.273695 0.248013 0.222738 0.197879 0.173442 0.149427 0.125835 0.102659 0.079896 0.057537 0.035574 
0.025846 0.047310 0.069132 0.091318 0.113870 0.136791 0.160079 0.183730 0.207739 0.232094 0.256779 0.281771 0.307040 0.332545 0.358235 0.384047 0.409898 0.435689 0.461299 0.486581 0.511362 0.535438 0.558575 0.580509 0.600949 0.619582 0.636084 0.650133 0.661428 0.669705 0.674758 0.676458 0.674758 0.669705 0.661428 0.650133 0.636084 0.619582 0.600949 0.580509 0.558575 0.535438 0.511362 0.486581 0.461299 0.435689 0.409898 0.384047 0.358235 0.332545 0.307040 0.281771 0.256779 0.232094 0.207739 0.183730 0.160079 0.136791 0.113870 0.091318 0.069132 0.047310 0.025846 
0.015659 0.036614 0.057890 0.079490 0.101413 0.123657 0.146216 0.169083 0.192246 0.215689 0.239392 0.263324 0.287452 0.311730 0.336102 0.360499 0.384838 0.409019 0.432923 0.456409 0.479316 0.501455 0.522618 0.542571 0.561065 0.577835 0.592614 0.605140 0.615170 0.622498 0.626963 0.628463 0.626963 0.622498 0.615170 0.605140 0.592614 0.577835 0.561065 0.542571 0.522618 0.501455 0.479316 0.456409 0.432923 0.409019 0.384838 0.360499 0.336102 0.311730 0.287452 0.263324 0.239392 0.215689 0.192246 0.169083 0.146216 0.123657 0.101413 0.079490 0.057890 0.036614 0.015659 
0.005049 0.025488 0.046213 0.067223 0.088514 0.110080 0.131912 0.154000 0.176327 0.198874 0.221614 0.244516 0.267539 0.290636 0.313748 0.336804 0.359721 0.382400 0.404727 0.426568 0.447774 0.468174 0.487582 0.505793 0.522593 0.537759 0.551066 0.562303 0.571272 0.577807 0.581782 0.583116 0.581782 0.577807 0.571272 0.562303 0.551066 0.537759 0.522593 0.505793 0.487582 0.468174 0.447774 0.426568 0.404727 0.382400 0.359721 0.336804 0.313748 0.290636 0.267539 0.244516 0.221614 0.198874 0.176327 0.154000 0.131912 0.110080 0.088514 0.067223 0.046213 0.025488 0.005049 
-0.005949 0.013971 0.034142 0.054561 0.075220 0.096112 0.117225 0.138543 0.160048 0.181717 0.203521 0.225424 0.247385 0.269352 0.291265 0.313055 0.334638 0.355920 0.376791 0.397128 0.416792 0.435630 0.453476 0.470151 0.485471 0.499246 0.511290 0.521426 0.529495 0.535361 0.538924 0.540119 0.538924 0.535361 0.529495 0.521426 0.511290 0.499246 0.485471 0.470151 0.453476 0.435630 0.416792 0.397128 0.376791 0.355920 0.334638 0.313055 0.291265 0.269352 0.247385 0.225424 0.203521 0.181717 0.160048 0.138543 0.117225 0.096112 0.075220 0.054561 0.034142 0.013971 -0.005949 
-0.017301 0.002098 0.021716 0.041546 0.061579 0.081803 0.102205 0.122768 0.143470 0.164284 0.185180 0.206120 0.227061 0.247951 0.268729 0.289327 0.309664 0.329649 0.349179 0.368141 0.386407 0.403841 0.420293 0.435610 0.449631 0.462195 0.473146 0.482337 0.489636 0.494933 0.498146 0.499223 0.498146 0.494933 0.489636 0.482337 0.473146 0.462195 0.449631 0.435610 0.420293 0.403841 0.386407 0.368141 0.349179 0.329649 0.309664 0.289327 0.268729 0.247951 0.227061 0.206120 0.185180 0.164284 0.143470 0.122768 0.102205 0.081803 0.061579 0.041546 0.021716 0.002098 -0.017301 
-0.028974 -0.010093 0.008974 0.028219 0.047632 0.067199 0.086904 0.106727 0.126646 0.146631 0.166651 0.186666 0.206633 0.226499 0.246205 0.265683 0.284857 0.303641 0.321938 0.339643 0.356642 0.372810 0.388018 0.402129 0.415006 0.426510 0.436510 0.444882 0.451518 0.456326 0.459239 0.460215 0.459239 0.456326 0.451518 0.444882 0.436510 0.426510 0.415006 0.402129 0.388018 0.372810 0.356642 0.339643 0.321938 0.303641 0.284857 0.265683 0.246205 0.226499 0.206633 0.186666 0.166651 0.146631 0.126646 0.106727 0.086904 0.067199 0.047632 0.028219 0.008974 -0.010093 -0.028974 
-0.040936 -0.022571 -0.004050 0.014618 0.033420 0.052342 0.071365 0.090468 0.109627 0.128811 0.147988 0.167118 0.186156 0.205052 0.223747 0.242176 0.260267 0.277938 0.295100 0.311657 0.327505 0.342533 0.356625 0.369664 0.381527 0.392100 0.401267 0.408927 0.414987 0.419372 0.422027 0.422916 0.422027 0.419372 0.414987 0.408927 0.401267 0.392100 0.381527 0.369664 0.356625 0.342533 0.327505 0.311657 0.295100 0.277938 0.260267 0.242176 0.223747 0.205052 0.186156 0.167118 0.147988 0.128811 0.109627 0.090468 0.071365 0.052342 0.033420 0.014618 -0.004050 -0.022571 -0.040936 
-0.053157 -0.035303 -0.017321 0.000779 0.018982 0.037273 0.055631 0.074035 0.092458 0.110870 0.129238 0.147522 0.165678 0.183656 0.201400 0.218847 0.235930 0.252571 0.268690 0.284197 0.298999 0.312997 0.326087 0.338167 0.349132 0.358880 0.367315 0.374350 0.379908 0.383925 0.386355 0.387168 0.386355 0.383925 0.379908 0.374350 0.367315 0.358880 0.349132 0.338167 0.326087 0.312997 0.298999 0.284197 0.268690 0.252571 0.235930 0.218847 0.201400 0.183656 0.165678 0.147522 0.129238 0.110870 0.092458 0.074035 0.055631 0.037273 0.018982 0.000779 -0.017321 -0.035303 -0.053157 
-0.065609 -0.048259 -0.030807 -0.013265 0.004352 0.022027 0.039739 0.057465 0.075179 0.092850 0.110443 0.127921 0.145240 0.162351 0.179201 0.195731 0.211875 0.227565 0.242723 0.257269 0.271119 0.284184 0.296372 0.307593 0.317756 0.326773 0.334561 0.341046 0.346163 0.349857 0.352090 0.352837 0.352090 0.349857 0.346163 0.341046 0.334561 0.326773 0.317756 0.307593 0.296372 0.284184 0.271119 0.257269 0.242723 0.227565 0.211875 0.195731 0.179201 0.162351 0.145240 0.127921 0.110443 0.092850 0.075179 0.057465 0.039739 0.022027 0.004352 -0.013265 -0.030807 -0.048259 -0.065609 
-0.078264 -0.061411 -0.044479 -0.027482 -0.010437 0.006639 0.023725 0.040796 0.057827 0.074786 0.091640 0.108351 0.124877 0.141171 0.157181 0.172853 0.188126 0.202934 0.217208 0.230874 0.243856 0.256074 0.267448 0.277897 0.287343 0.295708 0.302921 0.308919 0.313646 0.317056 0.319116 0.319804 0.319116 0.317056 0.313646 0.308919 0.302921 0.295708 0.287343 0.277897 0.267448 0.256074 0.243856 0.230874 0.217208 0.202934 0.188126 0.172853 0.157181 0.141171 0.124877 0.108351 0.091640 0.074786 0.057827 0.040796 0.023725 0.006639 -0.010437 -0.027482 -0.044479 -0.061411 -0.078264 
-0.091098 -0.074731 -0.058309 -0.041845 -0.025356 -0.008861 0.007619 0.024059 0.040434 0.056712 0.072860 0.088843 0.104618 0.120141 0.135365 0.150235 0.164697 0.178689 0.192148 0.205007 0.217196 0.228645 0.239282 0.249036 0.257836 0.265618 0.272319 0.277884 0.282265 0.285423 0.287329 0.287966 0.287329 0.285423 0.282265 0.277884 0.272319 0.265618 0.257836 0.249036 0.239282 0.228645 0.217196 0.205007 0.192148 0.178689 0.164697 0.150235 0.135365 0.120141 0.104618 0.088843 0.072860 0.056712 0.040434 0.024059 0.007619 -0.008861 -0.025356 -0.041845 -0.058309 -0.074731 -0.091098 
-0.104086 -0.088196 -0.072271 -0.056326 -0.040377 -0.024445 -0.008550 0.007283 0.023027 0.038654 0.054131 0.069422 0.084488 0.099286 0.113771 0.127893 0.141600 0.154837 0.167544 0.179661 0.191125 0.201873 0.211841 0.220966 0.229186 0.236444 0.242686 0.247864 0.251936 0.254869 0.256639 0.257231 0.256639 0.254869 0.251936 0.247864 0.242686 0.236444 0.229186 0.220966 0.211841 0.201873 0.191125 0.179661 0.167544 0.154837 0.141600 0.127893 0.113771 0.099286 0.084488 0.069422 0.054131 0.038654 0.023027 0.007283 -0.008550 -0.024445 -0.040377 -0.056326 -0.072271 -0.088196 -0.104086 
-0.117207 -0.101782 -0.086342 -0.070901 -0.055476 -0.040088 -0.024758 -0.009508 0.005634 0.020639 0.035476 0.050111 0.064507 0.078622 0.092415 0.105838 0.118843 0.131379 0.143392 0.154827 0.165627 0.175735 0.185094 0.193649 0.201344 0.208130 0.213959 0.218789 0.222585 0.225318 0.226966 0.227517 0.226966 0.225318 0.222585 0.218789 0.213959 0.208130 0.201344 0.193649 0.185094 0.175735 0.165627 0.154827 0.143392 0.131379 0.118843 0.105838 0.092415 0.078622 0.064507 0.050111 0.035476 0.020639 0.005634 -0.009508 -0.024758 -0.040088 -0.055476 -0.070901 -0.086342 -0.101782 -0.117207 
-0.130439 -0.115469 -0.100500 -0.085548 -0.070631 -0.055768 -0.040980 -0.026291 -0.011726 0.002686 0.016916 0.030929 0.044692 0.058165 0.071308 0.084078 0.096429 0.108315 0.119687 0.130493 0.140683 0.150206 0.159010 0.167046 0.174266 0.180624 0.186081 0.190599 0.194146 0.196699 0.198238 0.198752 0.198238 0.196699 0.194146 0.190599 0.186081 0.180624 0.174266 0.167046 0.159010 0.150206 0.140683 0.130493 0.119687 0.108315 0.096429 0.084078 0.071308 0.058165 0.044692 0.030929 0.016916 0.002686 -0.011726 -0.026291 -0.040980 -0.055768 -0.070631 -0.085548 -0.100500 -0.115469 -0.130439 
-0.143764 -0.129236 -0.114725 -0.100247 -0.085820 -0.071464 -0.057198 -0.043045 -0.029032 -0.015185 -0.001533 0.011892 0.025057 0.037925 0.050459 0.062618 0.074361 0.085643 0.096421 0.106647 0.116277 0.125262 0.133559 0.141122 0.147909 0.153881 0.159000 0.163235 0.166559 0.168949 0.170389 0.170871 0.170389 0.168949 0.166559 0.163235 0.159000 0.153881 0.147909 0.141122 0.133559 0.125262 0.116277 0.106647 0.096421 0.085643 0.074361 0.062618 0.050459 0.037925 0.025057 0.011892 -0.001533 -0.015185 -0.029032 -0.043045 -0.057198 -0.071464 -0.085820 -0.100247 -0.114725 -0.129236 -0.143764 
-0.157164 -0.143065 -0.128999 -0.114980 -0.101027 -0.087157 -0.073392 -0.059755 -0.046268 -0.032959 -0.019856 -0.006988 0.005612 0.017912 0.029874 0.041462 0.052637 0.063358 0.073585 0.083276 0.092389 0.100882 0.108713 0.115844 0.122237 0.127856 0.132669 0.136648 0.139768 0.142011 0.143363 0.143814 0.143363 0.142011 0.139768 0.136648 0.132669 0.127856 0.122237 0.115844 0.108713 0.100882 0.092389 0.083276 0.073585 0.063358 0.052637 0.041462 0.029874 0.017912 0.005612 -0.006988 -0.019856 -0.032959 -0.046268 -0.059755 -0.073392 -0.087157 -0.101027 -0.114980 -0.128999 -0.143065 -0.157164 
-0.170623 -0.156941 -0.143305 -0.129730 -0.116233 -0.102832 -0.089548 -0.076403 -0.063420 -0.050623 -0.038041 -0.025700 -0.013633 -0.001869 0.009556 0.020610 0.031255 0.041454 0.051170 0.060366 0.069002 0.077040 0.084445 0.091181 0.097212 0.102510 0.107044 0.110789 0.113726 0.115835 0.117106 0.117531 0.117106 0.115835 0.113726 0.110789 0.107044 0.102510 0.097212 0.091181 0.084445 0.077040 0.069002 0.060366 0.051170 0.041454 0.031255 0.020610 0.009556 -0.001869 -0.013633 -0.025700 -0.038041 -0.050623 -0.063420 -0.076403 -0.089548 -0.102832 -0.116233 -0.129730 -0.143305 -0.156941 -0.170623 
