51 51
4.408545e-01 0 5
-1.069520 -1.051812 -1.034194 -1.016697 -0.999356 -0.982211 -0.965304 -0.948681 -0.932393 -0.916495 -0.901047 -0.886111 -0.871754 -0.858046 -0.845059 -0.832867 -0.821546 -0.811169 -0.801809 -0.793536 -0.786414 -0.780502 -0.775848 -0.772494 -0.770469 -0.769792 -0.770469 -0.772494 -0.775848 -0.780502 -0.786414 -0.793536 -0.801809 -0.811169 -0.821546 -0.832867 -0.845059 -0.858046 -0.871754 -0.886111 -0.901047 -0.916495 -0.932393 -0.948681 -0.965304 -0.982211 -0.999356 -1.016697 -1.034194 -1.051812 -1.069520 
-1.052180 -1.033812 -1.015507 -0.997298 -0.979221 -0.961314 -0.943623 -0.926195 -0.909085 -0.892350 -0.876055 -0.860267 -0.845059 -0.830507 -0.816692 -0.803697 -0.791605 -0.780502 -0.770469 -0.761586 -0.753929 -0.747563 -0.742547 -0.738930 -0.736745 -0.736014 -0.736745 -0.738930 -0.742547 -0.747563 -0.753929 -0.761586 -0.770469 -0.780502 -0.791605 -0.803697 -0.816692 -0.830507 -0.845059 -0.860267 -0.876055 -0.892350 -0.909085 -0.926195 -0.943623 -0.961314 -0.979221 -0.997298 -1.015507 -1.033812 -1.052180 
-1.034957 -1.015904 -0.996886 -0.977933 -0.959083 -0.940375 -0.921855 -0.903574 -0.885587 -0.867957 -0.850751 -0.834043 -0.817911 -0.802439 -0.787718 -0.773838 -0.760896 -0.748985 -0.738203 -0.728639 -0.720380 -0.713505 -0.708082 -0.704167 -0.701801 -0.701009 -0.701801 -0.704167 -0.708082 -0.713505 -0.720380 -0.728639 -0.738203 -0.748985 -0.760896 -0.773838 -0.787718 -0.802439 -0.817911 -0.834043 -0.850751 -0.867957 -0.885587 -0.903574 -0.921855 -0.940375 -0.959083 -0.977933 -0.996886 -1.015904 -1.034957 
-1.017883 -0.998123 -0.978363 -0.958635 -0.938976 -0.919426 -0.900032 -0.880846 -0.861926 -0.843337 -0.825152 -0.807448 -0.790313 -0.773838 -0.758122 -0.743267 -0.729382 -0.716574 -0.704953 -0.694624 -0.685688 -0.678238 -0.672353 -0.668100 -0.665528 -0.664667 -0.665528 -0.668100 -0.672353 -0.678238 -0.685688 -0.694624 -0.704953 -0.716574 -0.729382 -0.743267 -0.758122 -0.773838 -0.790313 -0.807448 -0.825152 -0.843337 -0.861926 -0.880846 -0.900032 -0.919426 -0.938976 -0.958635 -0.978363 -0.998123 -1.017883 
-1.000996 -0.980505 -0.959977 -0.939443 -0.918939 -0.898506 -0.878191 -0.858046 -0.838132 -0.818518 -0.799280 -0.780502 -0.762276 -0.744704 -0.727894 -0.711962 -0.697029 -0.683219 -0.670657 -0.659466 -0.649764 -0.641660 -0.635249 -0.630610 -0.627803 -0.626863 -0.627803 -0.630610 -0.635249 -0.641660 -0.649764 -0.659466 -0.670657 -0.683219 -0.697029 -0.711962 -0.727894 -0.744704 -0.762276 -0.780502 -0.799280 -0.818518 -0.838132 -0.858046 -0.878191 -0.898506 -0.918939 -0.939443 -0.959977 -0.980505 -1.000996 
-0.984335 -0.963091 -0.941770 -0.920399 -0.899015 -0.877658 -0.856373 -0.835215 -0.814246 -0.793536 -0.773166 -0.753226 -0.733814 -0.715042 -0.697029 -0.679905 -0.663805 -0.648871 -0.635249 -0.623082 -0.612508 -0.603658 -0.596644 -0.591562 -0.588483 -0.587451 -0.588483 -0.591562 -0.596644 -0.603658 -0.612508 -0.623082 -0.635249 -0.648871 -0.663805 -0.679905 -0.697029 -0.715042 -0.733814 -0.753226 -0.773166 -0.793536 -0.814246 -0.835215 -0.856373 -0.877658 -0.899015 -0.920399 -0.941770 -0.963091 -0.984335 
-0.967945 -0.945928 -0.923789 -0.901553 -0.879255 -0.856931 -0.834629 -0.812402 -0.790313 -0.768435 -0.746850 -0.725653 -0.704953 -0.684867 -0.665528 -0.647080 -0.629677 -0.613481 -0.598659 -0.585381 -0.573811 -0.564102 -0.556392 -0.550797 -0.547404 -0.546266 -0.547404 -0.550797 -0.556392 -0.564102 -0.573811 -0.585381 -0.598659 -0.613481 -0.629677 -0.647080 -0.665528 -0.684867 -0.704953 -0.725653 -0.746850 -0.768435 -0.790313 -0.812402 -0.834629 -0.856931 -0.879255 -0.901553 -0.923789 -0.945928 -0.967945 
-0.951871 -0.929066 -0.906087 -0.882959 -0.859713 -0.836384 -0.813018 -0.789666 -0.766391 -0.743267 -0.720380 -0.697828 -0.675726 -0.654201 -0.633400 -0.613481 -0.594618 -0.576998 -0.560815 -0.546266 -0.533548 -0.522846 -0.514328 -0.508135 -0.504374 -0.503113 -0.504374 -0.508135 -0.514328 -0.522846 -0.533548 -0.546266 -0.560815 -0.576998 -0.594618 -0.613481 -0.633400 -0.654201 -0.675726 -0.697828 -0.720380 -0.743267 -0.766391 -0.789666 -0.813018 -0.836384 -0.859713 -0.882959 -0.906087 -0.929066 -0.951871 
-0.936166 -0.912558 -0.888721 -0.864677 -0.840453 -0.816082 -0.791605 -0.767073 -0.742547 -0.718100 -0.693819 -0.669806 -0.646181 -0.623082 -0.600666 -0.579109 -0.558609 -0.539377 -0.521640 -0.505631 -0.491585 -0.479726 -0.470261 -0.463364 -0.459170 -0.457762 -0.459170 -0.463364 -0.470261 -0.479726 -0.491585 -0.505631 -0.521640 -0.539377 -0.558609 -0.579109 -0.600666 -0.623082 -0.646181 -0.669806 -0.693819 -0.718100 -0.742547 -0.767073 -0.791605 -0.816082 -0.840453 -0.864677 -0.888721 -0.912558 -0.936166 
-0.920885 -0.896463 -0.871754 -0.846774 -0.821546 -0.796098 -0.770469 -0.744704 -0.718862 -0.693013 -0.667244 -0.641660 -0.616384 -0.591562 -0.567363 -0.543983 -0.521640 -0.500579 -0.481061 -0.463364 -0.447770 -0.434553 -0.423969 -0.416237 -0.411525 -0.409943 -0.411525 -0.416237 -0.423969 -0.434553 -0.447770 -0.463364 -0.481061 -0.500579 -0.521640 -0.543983 -0.567363 -0.591562 -0.616384 -0.641660 -0.667244 -0.693013 -0.718862 -0.744704 -0.770469 -0.796098 -0.821546 -0.846774 -0.871754 -0.896463 -0.920885 
-0.906087 -0.880846 -0.855254 -0.829323 -0.803069 -0.776516 -0.749695 -0.722648 -0.695427 -0.668100 -0.640750 -0.613481 -0.586418 -0.559713 -0.533548 -0.508135 -0.483717 -0.460573 -0.439006 -0.419347 -0.401936 -0.387111 -0.375193 -0.366458 -0.361125 -0.359331 -0.361125 -0.366458 -0.375193 -0.387111 -0.401936 -0.419347 -0.439006 -0.460573 -0.483717 -0.508135 -0.533548 -0.559713 -0.586418 -0.613481 -0.640750 -0.668100 -0.695427 -0.722648 -0.749695 -0.776516 -0.803069 -0.829323 -0.855254 -0.880846 -0.906087 
-0.891834 -0.865773 -0.839294 -0.812402 -0.785107 -0.757426 -0.729382 -0.701009 -0.672353 -0.643474 -0.614451 -0.585381 -0.556392 -0.527637 -0.499306 -0.471627 -0.444869 -0.419347 -0.395414 -0.373461 -0.353901 -0.337156 -0.323629 -0.313678 -0.307585 -0.305534 -0.307585 -0.313678 -0.323629 -0.337156 -0.353901 -0.373461 -0.395414 -0.419347 -0.444869 -0.471627 -0.499306 -0.527637 -0.556392 -0.585381 -0.614451 -0.643474 -0.672353 -0.701009 -0.729382 -0.757426 -0.785107 -0.812402 -0.839294 -0.865773 -0.891834 
-0.878191 -0.851316 -0.823953 -0.796098 -0.767755 -0.738930 -0.709638 -0.679905 -0.649764 -0.619267 -0.588483 -0.557502 -0.526444 -0.495463 -0.464753 -0.434553 -0.405158 -0.376917 -0.350240 -0.325590 -0.303471 -0.284409 -0.268921 -0.257473 -0.250441 -0.248069 -0.250441 -0.257473 -0.268921 -0.284409 -0.303471 -0.325590 -0.350240 -0.376917 -0.405158 -0.434553 -0.464753 -0.495463 -0.526444 -0.557502 -0.588483 -0.619267 -0.649764 -0.679905 -0.709638 -0.738930 -0.767755 -0.796098 -0.823953 -0.851316 -0.878191 
-0.865225 -0.837550 -0.809313 -0.780502 -0.751111 -0.721137 -0.690585 -0.659466 -0.627803 -0.595632 -0.563009 -0.530012 -0.496748 -0.463364 -0.430051 -0.397055 -0.364688 -0.333338 -0.303471 -0.275633 -0.250441 -0.228555 -0.210644 -0.197328 -0.189114 -0.186337 -0.189114 -0.197328 -0.210644 -0.228555 -0.250441 -0.275633 -0.303471 -0.333338 -0.364688 -0.397055 -0.430051 -0.463364 -0.496748 -0.530012 -0.563009 -0.595632 -0.627803 -0.659466 -0.690585 -0.721137 -0.751111 -0.780502 -0.809313 -0.837550 -0.865225 
-0.853008 -0.824553 -0.795459 -0.765708 -0.735282 -0.704167 -0.672353 -0.639838 -0.606628 -0.572743 -0.538218 -0.503113 -0.467516 -0.431557 -0.395414 -0.359331 -0.323629 -0.288725 -0.255143 -0.223521 -0.194609 -0.169244 -0.148298 -0.132609 -0.122880 -0.119581 -0.122880 -0.132609 -0.148298 -0.169244 -0.194609 -0.223521 -0.255143 -0.288725 -0.323629 -0.359331 -0.395414 -0.431557 -0.467516 -0.503113 -0.538218 -0.572743 -0.606628 -0.639838 -0.672353 -0.704167 -0.735282 -0.765708 -0.795459 -0.824553 -0.853008 
-0.841609 -0.812402 -0.782481 -0.751817 -0.720380 -0.688144 -0.655083 -0.621179 -0.586418 -0.550797 -0.514328 -0.477044 -0.439006 -0.400315 -0.361125 -0.321659 -0.282234 -0.243280 -0.205372 -0.169244 -0.135799 -0.106095 -0.081289 -0.062529 -0.050812 -0.046825 -0.050812 -0.062529 -0.081289 -0.106095 -0.135799 -0.169244 -0.205372 -0.243280 -0.282234 -0.321659 -0.361125 -0.400315 -0.439006 -0.477044 -0.514328 -0.550797 -0.586418 -0.621179 -0.655083 -0.688144 -0.720380 -0.751817 -0.782481 -0.812402 -0.841609 
-0.831098 -0.801178 -0.770469 -0.738930 -0.706520 -0.673199 -0.638924 -0.603658 -0.567363 -0.530012 -0.491585 -0.452082 -0.411525 -0.369975 -0.327541 -0.284409 -0.240864 -0.197328 -0.154399 -0.112897 -0.073895 -0.038723 -0.008921 0.013904 0.028294 0.033215 0.028294 0.013904 -0.008921 -0.038723 -0.073895 -0.112897 -0.154399 -0.197328 -0.240864 -0.284409 -0.327541 -0.369975 -0.411525 -0.452082 -0.491585 -0.530012 -0.567363 -0.603658 -0.638924 -0.673199 -0.706520 -0.738930 -0.770469 -0.801178 -0.831098 
-0.821546 -0.790960 -0.759511 -0.727149 -0.693819 -0.659466 -0.624030 -0.587451 -0.549669 -0.510623 -0.470261 -0.428539 -0.385430 -0.340939 -0.295112 -0.248069 -0.200028 -0.151361 -0.102648 -0.054758 -0.008921 0.033215 0.069600 0.097941 0.116041 0.122275 0.116041 0.097941 0.069600 0.033215 -0.008921 -0.054758 -0.102648 -0.151361 -0.200028 -0.248069 -0.295112 -0.340939 -0.385430 -0.428539 -0.470261 -0.510623 -0.549669 -0.587451 -0.624030 -0.659466 -0.693819 -0.727149 -0.759511 -0.790960 -0.821546 
-0.813018 -0.781822 -0.749695 -0.716574 -0.682393 -0.647080 -0.610557 -0.572743 -0.533548 -0.492882 -0.450650 -0.406759 -0.361125 -0.313678 -0.264382 -0.213254 -0.160406 -0.106095 -0.050812 0.004608 0.058839 0.109909 0.155121 0.191166 0.214613 0.222773 0.214613 0.191166 0.155121 0.109909 0.058839 0.004608 -0.050812 -0.106095 -0.160406 -0.213254 -0.264382 -0.313678 -0.361125 -0.406759 -0.450650 -0.492882 -0.533548 -0.572743 -0.610557 -0.647080 -0.682393 -0.716574 -0.749695 -0.781822 -0.813018 
-0.805577 -0.773838 -0.741104 -0.707302 -0.672353 -0.636171 -0.598659 -0.559713 -0.519217 -0.477044 -0.433058 -0.387111 -0.339052 -0.288725 -0.235987 -0.180722 -0.122880 -0.062529 0.000044 0.064181 0.128616 0.191166 0.248399 0.295542 0.327055 0.338195 0.327055 0.295542 0.248399 0.191166 0.128616 0.064181 0.000044 -0.062529 -0.122880 -0.180722 -0.235987 -0.288725 -0.339052 -0.387111 -0.433058 -0.477044 -0.519217 -0.559713 -0.598659 -0.636171 -0.672353 -0.707302 -0.741104 -0.773838 -0.805577 
-0.799280 -0.767073 -0.733814 -0.699421 -0.663805 -0.626863 -0.588483 -0.548538 -0.506885 -0.463364 -0.417795 -0.369975 -0.319679 -0.266658 -0.210644 -0.151361 -0.088542 -0.021981 0.048378 0.122275 0.198817 0.275950 0.349687 0.413335 0.457700 0.473789 0.457700 0.413335 0.349687 0.275950 0.198817 0.122275 0.048378 -0.021981 -0.088542 -0.151361 -0.210644 -0.266658 -0.319679 -0.369975 -0.417795 -0.463364 -0.506885 -0.548538 -0.588483 -0.626863 -0.663805 -0.699421 -0.733814 -0.767073 -0.799280 
-0.794178 -0.761586 -0.727894 -0.693013 -0.656842 -0.619267 -0.580161 -0.539377 -0.496748 -0.452082 -0.405158 -0.355720 -0.303471 -0.248069 -0.189114 -0.126150 -0.058663 0.013904 0.092098 0.176323 0.266534 0.361555 0.457700 0.546488 0.612692 0.637802 0.612692 0.546488 0.457700 0.361555 0.266534 0.176323 0.092098 0.013904 -0.058663 -0.126150 -0.189114 -0.248069 -0.303471 -0.355720 -0.405158 -0.452082 -0.496748 -0.539377 -0.580161 -0.619267 -0.656842 -0.693013 -0.727894 -0.761586 -0.794178 
-0.790313 -0.757426 -0.723401 -0.688144 -0.651545 -0.613481 -0.573811 -0.532373 -0.488979 -0.443412 -0.395414 -0.344685 -0.290866 -0.233525 -0.172145 -0.106095 -0.034607 0.043256 0.128616 0.222773 0.327055 0.442298 0.567223 0.694054 0.799803 0.843493 0.799803 0.694054 0.567223 0.442298 0.327055 0.222773 0.128616 0.043256 -0.034607 -0.106095 -0.172145 -0.233525 -0.290866 -0.344685 -0.395414 -0.443412 -0.488979 -0.532373 -0.573811 -0.613481 -0.651545 -0.688144 -0.723401 -0.757426 -0.790313 
-0.787718 -0.754630 -0.720380 -0.684867 -0.647976 -0.609579 -0.569523 -0.527637 -0.483717 -0.437527 -0.388786 -0.337156 -0.282234 -0.223521 -0.160406 -0.092118 -0.017678 0.064181 0.155121 0.257354 0.373823 0.508302 0.664816 0.843493 1.021454 1.108992 1.021454 0.843493 0.664816 0.508302 0.373823 0.257354 0.155121 0.064181 -0.017678 -0.092118 -0.160406 -0.223521 -0.282234 -0.337156 -0.388786 -0.437527 -0.483717 -0.527637 -0.569523 -0.609579 -0.647976 -0.684867 -0.720380 -0.754630 -0.787718 
-0.786414 -0.753226 -0.718862 -0.683219 -0.646181 -0.607614 -0.567363 -0.525248 -0.481061 -0.434553 -0.385430 -0.333338 -0.277846 -0.218421 -0.154399 -0.084933 -0.008921 0.075099 0.169120 0.275950 0.399680 0.546488 0.725918 0.951586 1.226559 1.407374 1.226559 0.951586 0.725918 0.546488 0.399680 0.275950 0.169120 0.075099 -0.008921 -0.084933 -0.154399 -0.218421 -0.277846 -0.333338 -0.385430 -0.434553 -0.481061 -0.525248 -0.567363 -0.607614 -0.646181 -0.683219 -0.718862 -0.753226 -0.786414 
-0.786251 -0.753050 -0.718671 -0.683013 -0.645956 -0.607368 -0.567092 -0.524949 -0.480728 -0.434180 -0.385009 -0.332858 -0.277294 -0.217779 -0.153642 -0.084025 -0.007812 0.076486 0.170907 0.278342 0.403045 0.551560 0.734351 0.967783 1.263542 1.473259 1.263542 0.967783 0.734351 0.551560 0.403045 0.278342 0.170907 0.076486 -0.007812 -0.084025 -0.153642 -0.217779 -0.277294 -0.332858 -0.385009 -0.434180 -0.480728 -0.524949 -0.567092 -0.607368 -0.645956 -0.683013 -0.718671 -0.753050 -0.786251 
-0.786422 -0.753233 -0.718870 -0.683228 -0.646191 -0.607625 -0.567375 -0.525262 -0.481076 -0.434569 -0.385449 -0.333359 -0.277870 -0.218449 -0.154432 -0.084972 -0.008969 0.075039 0.169042 0.275847 0.399534 0.546269 0.725556 0.950899 1.225040 1.404786 1.225040 0.950899 0.725556 0.546269 0.399534 0.275847 0.169042 0.075039 -0.008969 -0.084972 -0.154432 -0.218449 -0.277870 -0.333359 -0.385449 -0.434569 -0.481076 -0.525262 -0.567375 -0.607625 -0.646191 -0.683228 -0.718870 -0.753233 -0.786422 
-0.787739 -0.754653 -0.720405 -0.684893 -0.648005 -0.609610 -0.569558 -0.527675 -0.483760 -0.437575 -0.388840 -0.337218 -0.282304 -0.223603 -0.160502 -0.092233 -0.017818 0.064007 0.154899 0.257061 0.373419 0.507717 0.663909 0.841991 1.018960 1.105784 1.018960 0.841991 0.663909 0.507717 0.373419 0.257061 0.154899 0.064007 -0.017818 -0.092233 -0.160502 -0.223603 -0.282304 -0.337218 -0.388840 -0.437575 -0.483760 -0.527675 -0.569558 -0.609610 -0.648005 -0.684893 -0.720405 -0.754653 -0.787739 
-0.790348 -0.757463 -0.723442 -0.688188 -0.651592 -0.613533 -0.573868 -0.532436 -0.489050 -0.443490 -0.395503 -0.344786 -0.290981 -0.233658 -0.172301 -0.106280 -0.034830 0.042982 0.128272 0.222329 0.326464 0.441487 0.566076 0.692417 0.797597 0.840997 0.797597 0.692417 0.566076 0.441487 0.326464 0.222329 0.128272 0.042982 -0.034830 -0.106280 -0.172301 -0.233658 -0.290981 -0.344786 -0.395503 -0.443490 -0.489050 -0.532436 -0.573868 -0.613533 -0.651592 -0.688188 -0.723442 -0.757463 -0.790348 
-0.794227 -0.761638 -0.727950 -0.693074 -0.656908 -0.619340 -0.580240 -0.539465 -0.496845 -0.452190 -0.405279 -0.355856 -0.303627 -0.248248 -0.189322 -0.126396 -0.058956 0.013550 0.091662 0.175776 0.265835 0.360647 0.456516 0.544973 0.610870 0.635847 0.610870 0.544973 0.456516 0.360647 0.265835 0.175776 0.091662 0.013550 -0.058956 -0.126396 -0.189322 -0.248248 -0.303627 -0.355856 -0.405279 -0.452190 -0.496845 -0.539465 -0.580240 -0.619340 -0.656908 -0.693074 -0.727950 -0.761638 -0.794227 
-0.799341 -0.767139 -0.733885 -0.699498 -0.663888 -0.626954 -0.588582 -0.548647 -0.507006 -0.463499 -0.417945 -0.370144 -0.319871 -0.266878 -0.210898 -0.151656 -0.088890 -0.022396 0.047879 0.121667 0.198069 0.275028 0.348558 0.411990 0.456179 0.472200 0.456179 0.411990 0.348558 0.275028 0.198069 0.121667 0.047879 -0.022396 -0.088890 -0.151656 -0.210898 -0.266878 -0.319871 -0.370144 -0.417945 -0.463499 -0.507006 -0.548647 -0.588582 -0.626954 -0.663888 -0.699498 -0.733885 -0.767139 -0.799341 
-0.805651 -0.773918 -0.741189 -0.707394 -0.672453 -0.636280 -0.598778 -0.559844 -0.519361 -0.477203 -0.433235 -0.387310 -0.339276 -0.288979 -0.236277 -0.181057 -0.123268 -0.062983 -0.000492 0.063545 0.127860 0.190271 0.247353 0.294353 0.325759 0.336859 0.325759 0.294353 0.247353 0.190271 0.127860 0.063545 -0.000492 -0.062983 -0.123268 -0.181057 -0.236277 -0.288979 -0.339276 -0.387310 -0.433235 -0.477203 -0.519361 -0.559844 -0.598778 -0.636280 -0.672453 -0.707394 -0.741189 -0.773918 -0.805651 
-0.813104 -0.781915 -0.749794 -0.716681 -0.682508 -0.647205 -0.610694 -0.572892 -0.533712 -0.493063 -0.450850 -0.406982 -0.361375 -0.313960 -0.264701 -0.213617 -0.160822 -0.106575 -0.051366 0.003967 0.058098 0.109060 0.154162 0.190108 0.213486 0.221621 0.213486 0.190108 0.154162 0.109060 0.058098 0.003967 -0.051366 -0.106575 -0.160822 -0.213617 -0.264701 -0.313960 -0.361375 -0.406982 -0.450850 -0.493063 -0.533712 -0.572892 -0.610694 -0.647205 -0.682508 -0.716681 -0.749794 -0.781915 -0.813104 
-0.821643 -0.791064 -0.759623 -0.727269 -0.693949 -0.659607 -0.624183 -0.587618 -0.549851 -0.510823 -0.470482 -0.428783 -0.385702 -0.341242 -0.295453 -0.248452 -0.200462 -0.151853 -0.103206 -0.055391 -0.009634 0.032417 0.068720 0.096992 0.115045 0.121263 0.115045 0.096992 0.068720 0.032417 -0.009634 -0.055391 -0.103206 -0.151853 -0.200462 -0.248452 -0.295453 -0.341242 -0.385702 -0.428783 -0.470482 -0.510823 -0.549851 -0.587618 -0.624183 -0.659607 -0.693949 -0.727269 -0.759623 -0.791064 -0.821643 
-0.831206 -0.801294 -0.770592 -0.739062 -0.706663 -0.673353 -0.639091 -0.603839 -0.567561 -0.530228 -0.491822 -0.452343 -0.411814 -0.370295 -0.327897 -0.284806 -0.241307 -0.197823 -0.154952 -0.113513 -0.074577 -0.039471 -0.009729 0.013045 0.027401 0.032311 0.027401 0.013045 -0.009729 -0.039471 -0.074577 -0.113513 -0.154952 -0.197823 -0.241307 -0.284806 -0.327897 -0.370295 -0.411814 -0.452343 -0.491822 -0.530228 -0.567561 -0.603839 -0.639091 -0.673353 -0.706663 -0.739062 -0.770592 -0.801294 -0.831206 
-0.841727 -0.812528 -0.782616 -0.751961 -0.720535 -0.688310 -0.655263 -0.621374 -0.586629 -0.551027 -0.514579 -0.477319 -0.439308 -0.400647 -0.361490 -0.322062 -0.282679 -0.243772 -0.205914 -0.169838 -0.136447 -0.106796 -0.082036 -0.063313 -0.051622 -0.047643 -0.051622 -0.063313 -0.082036 -0.106796 -0.136447 -0.169838 -0.205914 -0.243772 -0.282679 -0.322062 -0.361490 -0.400647 -0.439308 -0.477319 -0.514579 -0.551027 -0.586629 -0.621374 -0.655263 -0.688310 -0.720535 -0.751961 -0.782616 -0.812528 -0.841727 
-0.853135 -0.824688 -0.795604 -0.765862 -0.735447 -0.704344 -0.672544 -0.640044 -0.606851 -0.572984 -0.538480 -0.503398 -0.467827 -0.431896 -0.395785 -0.359737 -0.324073 -0.289210 -0.255670 -0.224093 -0.195225 -0.169901 -0.148992 -0.133332 -0.123621 -0.120328 -0.123621 -0.133332 -0.148992 -0.169901 -0.195225 -0.224093 -0.255670 -0.289210 -0.324073 -0.359737 -0.395785 -0.431896 -0.467827 -0.503398 -0.538480 -0.572984 -0.606851 -0.640044 -0.672544 -0.704344 -0.735447 -0.765862 -0.795604 -0.824688 -0.853135 
-0.865361 -0.837694 -0.809466 -0.780665 -0.751285 -0.721324 -0.690786 -0.659682 -0.628035 -0.595882 -0.563279 -0.530304 -0.497065 -0.463708 -0.430424 -0.397459 -0.365127 -0.333812 -0.303982 -0.276182 -0.251025 -0.229173 -0.211291 -0.197997 -0.189798 -0.187025 -0.189798 -0.197997 -0.211291 -0.229173 -0.251025 -0.276182 -0.303982 -0.333812 -0.365127 -0.397459 -0.430424 -0.463708 -0.497065 -0.530304 -0.563279 -0.595882 -0.628035 -0.659682 -0.690786 -0.721324 -0.751285 -0.780665 -0.809466 -0.837694 -0.865361 
-0.878334 -0.851468 -0.824114 -0.796270 -0.767937 -0.739125 -0.709847 -0.680128 -0.650004 -0.619525 -0.588759 -0.557800 -0.526765 -0.495809 -0.465125 -0.434954 -0.405589 -0.377379 -0.350734 -0.326115 -0.304026 -0.284992 -0.269527 -0.258097 -0.251076 -0.248708 -0.251076 -0.258097 -0.269527 -0.284992 -0.304026 -0.326115 -0.350734 -0.377379 -0.405589 -0.434954 -0.465125 -0.495809 -0.526765 -0.557800 -0.588759 -0.619525 -0.650004 -0.680128 -0.709847 -0.739125 -0.767937 -0.796270 -0.824114 -0.851468 -0.878334 
-0.891984 -0.865932 -0.839463 -0.812581 -0.785297 -0.757628 -0.729597 -0.701239 -0.672599 -0.643737 -0.614732 -0.585682 -0.556714 -0.527982 -0.499676 -0.472022 -0.445292 -0.419797 -0.395891 -0.373964 -0.354430 -0.337708 -0.324199 -0.314263 -0.308179 -0.306130 -0.308179 -0.314263 -0.324199 -0.337708 -0.354430 -0.373964 -0.395891 -0.419797 -0.445292 -0.472022 -0.499676 -0.527982 -0.556714 -0.585682 -0.614732 -0.643737 -0.672599 -0.701239 -0.729597 -0.757628 -0.785297 -0.812581 -0.839463 -0.865932 -0.891984 
-0.906243 -0.881011 -0.855429 -0.829507 -0.803265 -0.776724 -0.749916 -0.722883 -0.695677 -0.668366 -0.641034 -0.613783 -0.586740 -0.560057 -0.533914 -0.508524 -0.484130 -0.461009 -0.439466 -0.419830 -0.402440 -0.387634 -0.375731 -0.367008 -0.361682 -0.359891 -0.361682 -0.367008 -0.375731 -0.387634 -0.402440 -0.419830 -0.439466 -0.461009 -0.484130 -0.508524 -0.533914 -0.560057 -0.586740 -0.613783 -0.641034 -0.668366 -0.695677 -0.722883 -0.749916 -0.776724 -0.803265 -0.829507 -0.855429 -0.881011 -0.906243 
-0.921047 -0.896634 -0.871934 -0.846964 -0.821747 -0.796311 -0.770694 -0.744943 -0.719115 -0.693282 -0.667530 -0.641963 -0.616705 -0.591902 -0.567724 -0.544364 -0.522043 -0.501002 -0.481505 -0.463827 -0.448251 -0.435050 -0.424479 -0.416757 -0.412052 -0.410471 -0.412052 -0.416757 -0.424479 -0.435050 -0.448251 -0.463827 -0.481505 -0.501002 -0.522043 -0.544364 -0.567724 -0.591902 -0.616705 -0.641963 -0.667530 -0.693282 -0.719115 -0.744943 -0.770694 -0.796311 -0.821747 -0.846964 -0.871934 -0.896634 -0.921047 
-0.936333 -0.912733 -0.888906 -0.864872 -0.840658 -0.816299 -0.791834 -0.767315 -0.742803 -0.718371 -0.694105 -0.670108 -0.646500 -0.623419 -0.601021 -0.579483 -0.559001 -0.539788 -0.522068 -0.506077 -0.492046 -0.480200 -0.470746 -0.463857 -0.459668 -0.458262 -0.459668 -0.463857 -0.470746 -0.480200 -0.492046 -0.506077 -0.522068 -0.539788 -0.559001 -0.579483 -0.601021 -0.623419 -0.646500 -0.670108 -0.694105 -0.718371 -0.742803 -0.767315 -0.791834 -0.816299 -0.840658 -0.864872 -0.888906 -0.912733 -0.936333 
-0.952042 -0.929245 -0.906275 -0.883157 -0.859921 -0.836604 -0.813249 -0.789909 -0.766648 -0.743538 -0.720665 -0.698128 -0.676041 -0.654533 -0.633748 -0.613846 -0.595000 -0.577396 -0.561228 -0.546695 -0.533990 -0.523299 -0.514790 -0.508604 -0.504847 -0.503588 -0.504847 -0.508604 -0.514790 -0.523299 -0.533990 -0.546695 -0.561228 -0.577396 -0.595000 -0.613846 -0.633748 -0.654533 -0.676041 -0.698128 -0.720665 -0.743538 -0.766648 -0.789909 -0.813249 -0.836604 -0.859921 -0.883157 -0.906275 -0.929245 -0.952042 
-0.968119 -0.946111 -0.923981 -0.901755 -0.879466 -0.857153 -0.834862 -0.812647 -0.790570 -0.768705 -0.747134 -0.725951 -0.705265 -0.685194 -0.665870 -0.647437 -0.630048 -0.613867 -0.599059 -0.585794 -0.574235 -0.564535 -0.556834 -0.551245 -0.547855 -0.546719 -0.547855 -0.551245 -0.556834 -0.564535 -0.574235 -0.585794 -0.599059 -0.613867 -0.630048 -0.647437 -0.665870 -0.685194 -0.705265 -0.725951 -0.747134 -0.768705 -0.790570 -0.812647 -0.834862 -0.857153 -0.879466 -0.901755 -0.923981 -0.946111 -0.968119 
-0.984513 -0.963277 -0.941964 -0.920603 -0.899229 -0.877881 -0.856607 -0.835460 -0.814503 -0.793806 -0.773448 -0.753520 -0.734122 -0.715364 -0.697364 -0.680253 -0.664166 -0.649246 -0.635636 -0.623480 -0.612916 -0.604074 -0.597067 -0.591990 -0.588914 -0.587884 -0.588914 -0.591990 -0.597067 -0.604074 -0.612916 -0.623480 -0.635636 -0.649246 -0.664166 -0.680253 -0.697364 -0.715364 -0.734122 -0.753520 -0.773448 -0.793806 -0.814503 -0.835460 -0.856607 -0.877881 -0.899229 -0.920603 -0.941964 -0.963277 -0.984513 
-1.001177 -0.980693 -0.960173 -0.939649 -0.919154 -0.898731 -0.878425 -0.858291 -0.838389 -0.818786 -0.799559 -0.780793 -0.762579 -0.745020 -0.728222 -0.712303 -0.697382 -0.683583 -0.671031 -0.659850 -0.650157 -0.642060 -0.635656 -0.631021 -0.628216 -0.627277 -0.628216 -0.631021 -0.635656 -0.642060 -0.650157 -0.659850 -0.671031 -0.683583 -0.697382 -0.712303 -0.728222 -0.745020 -0.762579 -0.780793 -0.799559 -0.818786 -0.838389 -0.858291 -0.878425 -0.898731 -0.919154 -0.939649 -0.960173 -0.980693 -1.001177 
-1.018066 -0.998313 -0.978561 -0.958842 -0.939192 -0.919652 -0.900267 -0.881091 -0.862181 -0.843603 -0.825428 -0.807736 -0.790612 -0.774148 -0.758443 -0.743600 -0.729725 -0.716927 -0.705315 -0.694995 -0.686068 -0.678624 -0.672744 -0.668495 -0.665925 -0.665065 -0.665925 -0.668495 -0.672744 -0.678624 -0.686068 -0.694995 -0.705315 -0.716927 -0.729725 -0.743600 -0.758443 -0.774148 -0.790612 -0.807736 -0.825428 -0.843603 -0.862181 -0.881091 -0.900267 -0.919652 -0.939192 -0.958842 -0.978561 -0.998313 -1.018066 
-1.035141 -1.016096 -0.997085 -0.978141 -0.959299 -0.940600 -0.922089 -0.903818 -0.885841 -0.868220 -0.851025 -0.834326 -0.818205 -0.802744 -0.788032 -0.774163 -0.761230 -0.749329 -0.738554 -0.728998 -0.720746 -0.713877 -0.708459 -0.704547 -0.702183 -0.701392 -0.702183 -0.704547 -0.708459 -0.713877 -0.720746 -0.728998 -0.738554 -0.749329 -0.761230 -0.774163 -0.788032 -0.802744 -0.818205 -0.834326 -0.851025 -0.868220 -0.885841 -0.903818 -0.922089 -0.940600 -0.959299 -0.978141 -0.997085 -1.016096 -1.035141 
-1.052366 -1.034005 -1.015708 -0.997507 -0.979437 -0.961539 -0.943856 -0.926437 -0.909336 -0.892611 -0.876325 -0.860547 -0.845348 -0.830806 -0.817000 -0.804014 -0.791931 -0.780836 -0.770810 -0.761935 -0.754283 -0.747923 -0.742911 -0.739297 -0.737113 -0.736383 -0.737113 -0.739297 -0.742911 -0.747923 -0.754283 -0.761935 -0.770810 -0.780836 -0.791931 -0.804014 -0.817000 -0.830806 -0.845348 -0.860547 -0.876325 -0.892611 -0.909336 -0.926437 -0.943856 -0.961539 -0.979437 -0.997507 -1.015708 -1.034005 -1.052366 
-1.069707 -1.052006 -1.034395 -1.016905 -0.999573 -0.982435 -0.965536 -0.948921 -0.932642 -0.916753 -0.901314 -0.886387 -0.872038 -0.858339 -0.845360 -0.833177 -0.821863 -0.811494 -0.802141 -0.793875 -0.786758 -0.780850 -0.776200 -0.772848 -0.770825 -0.770148 -0.770825 -0.772848 -0.776200 -0.780850 -0.786758 -0.793875 -0.802141 -0.811494 -0.821863 -0.833177 -0.845360 -0.858339 -0.872038 -0.886387 -0.901314 -0.916753 -0.932642 -0.948921 -0.965536 -0.982435 -0.999573 -1.016905 -1.034395 -1.052006 -1.069707 
