45 45
1.744258e-01 0 5
-1.711960 -1.691649 -1.671464 -1.651453 -1.631669 -1.612172 -1.593028 -1.574310 -1.556099 -1.538481 -1.521550 -1.505406 -1.490154 -1.475903 -1.462762 -1.450842 -1.440251 -1.431091 -1.423455 -1.417424 -1.413066 -1.410431 -1.409549 -1.410431 -1.413066 -1.417424 -1.423455 -1.431091 -1.440251 -1.450842 -1.462762 -1.475903 -1.490154 -1.505406 -1.521550 -1.538481 -1.556099 -1.574310 -1.593028 -1.612172 -1.631669 -1.651453 -1.671464 -1.691649 -1.711960 
-1.692131 -1.670961 -1.649879 -1.628932 -1.608175 -1.587670 -1.567486 -1.547699 -1.528397 -1.509673 -1.491629 -1.474376 -1.458032 -1.442717 -1.428560 -1.415686 -1.404221 -1.394283 -1.385984 -1.379420 -1.374671 -1.371797 -1.370834 -1.371797 -1.374671 -1.379420 -1.385984 -1.394283 -1.404221 -1.415686 -1.428560 -1.442717 -1.458032 -1.474376 -1.491629 -1.509673 -1.528397 -1.547699 -1.567486 -1.587670 -1.608175 -1.628932 -1.649879 -1.670961 -1.692131 
-1.672468 -1.650404 -1.628383 -1.606452 -1.584667 -1.563090 -1.541794 -1.520860 -1.500379 -1.480452 -1.461191 -1.442717 -1.425163 -1.408665 -1.393369 -1.379420 -1.366964 -1.356143 -1.347086 -1.339910 -1.334712 -1.331562 -1.330508 -1.331562 -1.334712 -1.339910 -1.347086 -1.356143 -1.366964 -1.379420 -1.393369 -1.408665 -1.425163 -1.442717 -1.461191 -1.480452 -1.500379 -1.520860 -1.541794 -1.563090 -1.584667 -1.606452 -1.628383 -1.650404 -1.672468 
-1.653022 -1.630029 -1.607027 -1.584064 -1.561194 -1.538481 -1.515999 -1.493832 -1.472077 -1.450842 -1.430249 -1.410431 -1.391534 -1.373715 -1.357138 -1.341973 -1.328390 -1.316557 -1.306630 -1.298748 -1.293029 -1.289561 -1.288399 -1.289561 -1.293029 -1.298748 -1.306630 -1.316557 -1.328390 -1.341973 -1.357138 -1.373715 -1.391534 -1.410431 -1.430249 -1.450842 -1.472077 -1.493832 -1.515999 -1.538481 -1.561194 -1.584064 -1.607027 -1.630029 -1.653022 
-1.633847 -1.609892 -1.585870 -1.561827 -1.537816 -1.513900 -1.490154 -1.466666 -1.443537 -1.420880 -1.398828 -1.377526 -1.357138 -1.337838 -1.319817 -1.303270 -1.288399 -1.275402 -1.264467 -1.255765 -1.249439 -1.245598 -1.244310 -1.245598 -1.249439 -1.255765 -1.264467 -1.275402 -1.288399 -1.303270 -1.319817 -1.337838 -1.357138 -1.377526 -1.398828 -1.420880 -1.443537 -1.466666 -1.490154 -1.513900 -1.537816 -1.561827 -1.585870 -1.609892 -1.633847 
-1.615007 -1.590059 -1.564979 -1.539809 -1.514601 -1.489415 -1.464328 -1.439426 -1.414814 -1.390614 -1.366964 -1.344025 -1.321976 -1.301015 -1.281358 -1.263235 -1.246882 -1.232538 -1.220429 -1.210766 -1.203726 -1.199444 -1.198007 -1.199444 -1.203726 -1.210766 -1.220429 -1.232538 -1.246882 -1.263235 -1.281358 -1.301015 -1.321976 -1.344025 -1.366964 -1.390614 -1.414814 -1.439426 -1.464328 -1.489415 -1.514601 -1.539809 -1.564979 -1.590059 -1.615007 
-1.596567 -1.570600 -1.544428 -1.518088 -1.491629 -1.465109 -1.438600 -1.412189 -1.385984 -1.360109 -1.334712 -1.309964 -1.286065 -1.263235 -1.241722 -1.221792 -1.203726 -1.187809 -1.174322 -1.163523 -1.155634 -1.150828 -1.149214 -1.150828 -1.155634 -1.163523 -1.174322 -1.187809 -1.203726 -1.221792 -1.241722 -1.263235 -1.286065 -1.309964 -1.334712 -1.360109 -1.385984 -1.412189 -1.438600 -1.465109 -1.491629 -1.518088 -1.544428 -1.570600 -1.596567 
-1.578602 -1.551595 -1.524301 -1.496753 -1.468993 -1.441075 -1.413066 -1.385052 -1.357138 -1.329450 -1.302144 -1.275402 -1.249439 -1.224504 -1.200876 -1.178866 -1.158807 -1.141046 -1.125926 -1.113771 -1.104864 -1.099425 -1.097596 -1.099425 -1.104864 -1.113771 -1.125926 -1.141046 -1.158807 -1.178866 -1.200876 -1.224504 -1.249439 -1.275402 -1.302144 -1.329450 -1.357138 -1.385052 -1.413066 -1.441075 -1.468993 -1.496753 -1.524301 -1.551595 -1.578602 
-1.561194 -1.533130 -1.504692 -1.475903 -1.446798 -1.417424 -1.387842 -1.358130 -1.328390 -1.298748 -1.269362 -1.240422 -1.212160 -1.184849 -1.158807 -1.134394 -1.112005 -1.092060 -1.074988 -1.061198 -1.051053 -1.044843 -1.042752 -1.044843 -1.051053 -1.061198 -1.074988 -1.092060 -1.112005 -1.134394 -1.158807 -1.184849 -1.212160 -1.240422 -1.269362 -1.298748 -1.328390 -1.358130 -1.387842 -1.417424 -1.446798 -1.475903 -1.504692 -1.533130 -1.561194 
-1.544428 -1.515300 -1.485702 -1.455648 -1.425163 -1.394283 -1.363060 -1.331562 -1.299883 -1.268143 -1.236498 -1.205143 -1.174322 -1.144332 -1.115529 -1.088327 -1.063196 -1.040649 -1.021220 -1.005435 -0.993768 -0.986601 -0.984183 -0.986601 -0.993768 -1.005435 -1.021220 -1.040649 -1.063196 -1.088327 -1.115529 -1.144332 -1.174322 -1.205143 -1.236498 -1.268143 -1.299883 -1.331562 -1.363060 -1.394283 -1.425163 -1.455648 -1.485702 -1.515300 -1.544428 
-1.528397 -1.498207 -1.467443 -1.436111 -1.404221 -1.371797 -1.338875 -1.305513 -1.271788 -1.237810 -1.203726 -1.169728 -1.136067 -1.103059 -1.071095 -1.040649 -1.012276 -0.986601 -0.964297 -0.946044 -0.932474 -0.924103 -0.921273 -0.924103 -0.932474 -0.946044 -0.964297 -0.986601 -1.012276 -1.040649 -1.071095 -1.103059 -1.136067 -1.169728 -1.203726 -1.237810 -1.271788 -1.305513 -1.338875 -1.371797 -1.404221 -1.436111 -1.467443 -1.498207 -1.528397 
-1.513198 -1.481958 -1.450036 -1.417424 -1.384118 -1.350126 -1.315465 -1.280174 -1.244310 -1.207964 -1.171265 -1.134394 -1.097596 -1.061198 -1.025619 -0.991393 -0.959167 -0.929703 -0.903853 -0.882506 -0.866515 -0.856598 -0.853236 -0.856598 -0.866515 -0.882506 -0.903853 -0.929703 -0.959167 -0.991393 -1.025619 -1.061198 -1.097596 -1.134394 -1.171265 -1.207964 -1.244310 -1.280174 -1.315465 -1.350126 -1.384118 -1.417424 -1.450036 -1.481958 -1.513198 
-1.498932 -1.466666 -1.433608 -1.399731 -1.365016 -1.329450 -1.293029 -1.255765 -1.217691 -1.178866 -1.139393 -1.099425 -1.059189 -1.019003 -0.979304 -0.940672 -0.903853 -0.869766 -0.839489 -0.814200 -0.795073 -0.783126 -0.779060 -0.783126 -0.795073 -0.814200 -0.839489 -0.869766 -0.903853 -0.940672 -0.979304 -1.019003 -1.059189 -1.099425 -1.139393 -1.178866 -1.217691 -1.255765 -1.293029 -1.329450 -1.365016 -1.399731 -1.433608 -1.466666 -1.498932 
-1.485702 -1.452450 -1.418291 -1.383183 -1.347086 -1.309964 -1.271788 -1.232538 -1.192210 -1.150828 -1.108450 -1.065185 -1.021220 -0.976841 -0.932474 -0.888724 -0.846423 -0.806662 -0.770798 -0.740399 -0.717113 -0.702429 -0.697407 -0.702429 -0.717113 -0.740399 -0.770798 -0.806662 -0.846423 -0.888724 -0.932474 -0.976841 -1.021220 -1.065185 -1.108450 -1.150828 -1.192210 -1.232538 -1.271788 -1.309964 -1.347086 -1.383183 -1.418291 -1.452450 -1.485702 
-1.473611 -1.439426 -1.404221 -1.367935 -1.330508 -1.291876 -1.251981 -1.210766 -1.168185 -1.124211 -1.078844 -1.032129 -0.984183 -0.935225 -0.885627 -0.835976 -0.787149 -0.740399 -0.697407 -0.660266 -0.631323 -0.612833 -0.606464 -0.612833 -0.631323 -0.660266 -0.697407 -0.740399 -0.787149 -0.835976 -0.885627 -0.935225 -0.984183 -1.032129 -1.078844 -1.124211 -1.168185 -1.210766 -1.251981 -1.291876 -1.330508 -1.367935 -1.404221 -1.439426 -1.473611 
-1.462762 -1.427713 -1.391534 -1.354146 -1.315465 -1.275402 -1.233862 -1.190748 -1.145966 -1.099425 -1.051053 -1.000808 -0.948704 -0.894845 -0.839489 -0.783126 -0.726598 -0.671252 -0.619098 -0.572895 -0.536036 -0.512048 -0.503697 -0.512048 -0.536036 -0.572895 -0.619098 -0.671252 -0.726598 -0.783126 -0.839489 -0.894845 -0.948704 -1.000808 -1.051053 -1.099425 -1.145966 -1.190748 -1.233862 -1.275402 -1.315465 -1.354146 -1.391534 -1.427713 -1.462762 
-1.453251 -1.417424 -1.380364 -1.341973 -1.302144 -1.260760 -1.217691 -1.172796 -1.125926 -1.076920 -1.025619 -0.971871 -0.915551 -0.856598 -0.795073 -0.731254 -0.665799 -0.599985 -0.536036 -0.477464 -0.429170 -0.396863 -0.385436 -0.396863 -0.429170 -0.477464 -0.536036 -0.599985 -0.665799 -0.731254 -0.795073 -0.856598 -0.915551 -0.971871 -1.025619 -1.076920 -1.125926 -1.172796 -1.217691 -1.260760 -1.302144 -1.341973 -1.380364 -1.417424 -1.453251 
-1.445170 -1.408665 -1.370834 -1.331562 -1.290720 -1.248163 -1.203726 -1.157224 -1.108450 -1.057170 -1.003128 -0.946044 -0.885627 -0.821595 -0.753722 -0.681930 -0.606464 -0.528210 -0.449245 -0.373646 -0.308296 -0.262690 -0.246138 -0.262690 -0.308296 -0.373646 -0.449245 -0.528210 -0.606464 -0.681930 -0.753722 -0.821595 -0.885627 -0.946044 -1.003128 -1.057170 -1.108450 -1.157224 -1.203726 -1.248163 -1.290720 -1.331562 -1.370834 -1.408665 -1.445170 
-1.438600 -1.401532 -1.363060 -1.323052 -1.281358 -1.237810 -1.192210 -1.144332 -1.093914 -1.040649 -0.984183 -0.924103 -0.859932 -0.791131 -0.717113 -0.637291 -0.551217 -0.458891 -0.361469 -0.262690 -0.171275 -0.102984 -0.077054 -0.102984 -0.171275 -0.262690 -0.361469 -0.458891 -0.551217 -0.637291 -0.717113 -0.791131 -0.859932 -0.924103 -0.984183 -1.040649 -1.093914 -1.144332 -1.192210 -1.237810 -1.281358 -1.323052 -1.363060 -1.401532 -1.438600 
-1.433608 -1.396107 -1.357138 -1.316557 -1.274201 -1.229876 -1.183362 -1.134394 -1.082664 -1.027801 -0.969362 -0.906810 -0.839489 -0.766599 -0.687159 -0.599985 -0.503697 -0.396863 -0.278528 -0.149897 -0.018906 0.090624 0.135958 0.090624 -0.018906 -0.149897 -0.278528 -0.396863 -0.503697 -0.599985 -0.687159 -0.766599 -0.839489 -0.906810 -0.969362 -1.027801 -1.082664 -1.134394 -1.183362 -1.229876 -1.274201 -1.316557 -1.357138 -1.396107 -1.433608 
-1.430249 -1.392452 -1.353145 -1.312173 -1.269362 -1.224504 -1.177357 -1.127633 -1.074988 -1.019003 -0.959167 -0.894845 -0.825240 -0.749332 -0.665799 -0.572895 -0.468293 -0.348876 -0.210614 -0.049139 0.135958 0.321074 0.412375 0.321074 0.135958 -0.049139 -0.210614 -0.348876 -0.468293 -0.572895 -0.665799 -0.749332 -0.825240 -0.894845 -0.959167 -1.019003 -1.074988 -1.127633 -1.177357 -1.224504 -1.269362 -1.312173 -1.353145 -1.392452 -1.430249 
-1.428560 -1.390614 -1.351134 -1.309964 -1.266922 -1.221792 -1.174322 -1.124211 -1.071095 -1.014531 -0.953970 -0.888724 -0.817915 -0.740399 -0.654651 -0.558583 -0.449245 -0.322325 -0.171275 0.014068 0.248312 0.535196 0.724349 0.535196 0.248312 0.014068 -0.171275 -0.322325 -0.449245 -0.558583 -0.654651 -0.740399 -0.817915 -0.888724 -0.953970 -1.014531 -1.071095 -1.124211 -1.174322 -1.221792 -1.266922 -1.309964 -1.351134 -1.390614 -1.428560 
-1.428348 -1.390384 -1.350882 -1.309688 -1.266616 -1.221452 -1.173941 -1.123781 -1.070606 -1.013968 -0.953315 -0.887952 -0.816990 -0.739268 -0.653234 -0.556755 -0.446794 -0.318868 -0.166047 0.022799 0.265171 0.573868 0.793273 0.573868 0.265171 0.022799 -0.166047 -0.318868 -0.446794 -0.556755 -0.653234 -0.739268 -0.816990 -0.887952 -0.953315 -1.013968 -1.070606 -1.123781 -1.173941 -1.221452 -1.266616 -1.309688 -1.350882 -1.390384 -1.428348 
-1.428569 -1.390624 -1.351145 -1.309977 -1.266935 -1.221806 -1.174339 -1.124230 -1.071116 -1.014555 -0.953998 -0.888758 -0.817955 -0.740448 -0.654712 -0.558662 -0.449351 -0.322474 -0.171500 0.013693 0.247597 0.533607 0.721641 0.533607 0.247597 0.013693 -0.171500 -0.322474 -0.449351 -0.558662 -0.654712 -0.740448 -0.817955 -0.888758 -0.953998 -1.014555 -1.071116 -1.124230 -1.174339 -1.221806 -1.266935 -1.309977 -1.351145 -1.390624 -1.428569 
-1.430276 -1.392482 -1.353177 -1.312209 -1.269401 -1.224548 -1.177406 -1.127688 -1.075050 -1.019075 -0.959250 -0.894944 -0.825358 -0.749475 -0.665976 -0.573122 -0.468593 -0.349290 -0.211217 -0.050076 0.134399 0.318475 0.409027 0.318475 0.134399 -0.050076 -0.211217 -0.349290 -0.468593 -0.573122 -0.665976 -0.749475 -0.825358 -0.894944 -0.959250 -1.019075 -1.075050 -1.127688 -1.177406 -1.224548 -1.269401 -1.312209 -1.353177 -1.392482 -1.430276 
-1.433653 -1.396156 -1.357191 -1.316616 -1.274265 -1.229948 -1.183442 -1.134484 -1.082766 -1.027918 -0.969498 -0.906968 -0.839678 -0.766826 -0.687439 -0.600336 -0.504151 -0.397468 -0.279362 -0.151081 -0.020599 0.088337 0.133367 0.088337 -0.020599 -0.151081 -0.279362 -0.397468 -0.504151 -0.600336 -0.687439 -0.766826 -0.839678 -0.906968 -0.969498 -1.027918 -1.082766 -1.134484 -1.183442 -1.229948 -1.274265 -1.316616 -1.357191 -1.396156 -1.433653 
-1.438662 -1.401600 -1.363134 -1.323132 -1.281448 -1.237909 -1.192320 -1.144456 -1.094053 -1.040808 -0.984366 -0.924315 -0.860182 -0.791430 -0.717474 -0.637737 -0.551777 -0.459607 -0.362400 -0.263907 -0.172836 -0.104864 -0.079073 -0.104864 -0.172836 -0.263907 -0.362400 -0.459607 -0.551777 -0.637737 -0.717474 -0.791430 -0.860182 -0.924315 -0.984366 -1.040808 -1.094053 -1.144456 -1.192320 -1.237909 -1.281448 -1.323132 -1.363134 -1.401600 -1.438662 
-1.445249 -1.408751 -1.370928 -1.331664 -1.290832 -1.248287 -1.203863 -1.157377 -1.108622 -1.057366 -1.003352 -0.946303 -0.885928 -0.821950 -0.754145 -0.682440 -0.607085 -0.528975 -0.450190 -0.374805 -0.309678 -0.264254 -0.247774 -0.264254 -0.309678 -0.374805 -0.450190 -0.528975 -0.607085 -0.682440 -0.754145 -0.821950 -0.885928 -0.946303 -1.003352 -1.057366 -1.108622 -1.157377 -1.203863 -1.248287 -1.290832 -1.331664 -1.370928 -1.408751 -1.445249 
-1.453346 -1.417527 -1.380475 -1.342094 -1.302277 -1.260907 -1.217853 -1.172977 -1.126128 -1.077148 -1.025878 -0.972167 -0.915892 -0.856994 -0.795536 -0.731801 -0.666448 -0.600757 -0.536952 -0.478534 -0.430388 -0.398192 -0.386807 -0.398192 -0.430388 -0.478534 -0.536952 -0.600757 -0.666448 -0.731801 -0.795536 -0.856994 -0.915892 -0.972167 -1.025878 -1.077148 -1.126128 -1.172977 -1.217853 -1.260907 -1.302277 -1.342094 -1.380475 -1.417527 -1.453346 
-1.462872 -1.427832 -1.391663 -1.354286 -1.315618 -1.275570 -1.234047 -1.190953 -1.146194 -1.099680 -1.051340 -1.001134 -0.949074 -0.895270 -0.839978 -0.783691 -0.727252 -0.672008 -0.619965 -0.573876 -0.537118 -0.513200 -0.504876 -0.513200 -0.537118 -0.573876 -0.619965 -0.672008 -0.727252 -0.783691 -0.839978 -0.895270 -0.949074 -1.001134 -1.051340 -1.099680 -1.146194 -1.190953 -1.234047 -1.275570 -1.315618 -1.354286 -1.391663 -1.427832 -1.462872 
-1.473735 -1.439559 -1.404365 -1.368091 -1.330678 -1.292063 -1.252185 -1.210991 -1.168435 -1.124488 -1.079153 -1.032476 -0.984574 -0.935667 -0.886128 -0.836545 -0.787794 -0.741128 -0.698222 -0.661164 -0.632292 -0.613851 -0.607499 -0.613851 -0.632292 -0.661164 -0.698222 -0.741128 -0.787794 -0.836545 -0.886128 -0.935667 -0.984574 -1.032476 -1.079153 -1.124488 -1.168435 -1.210991 -1.252185 -1.292063 -1.330678 -1.368091 -1.404365 -1.439559 -1.473735 
-1.485838 -1.452596 -1.418449 -1.383354 -1.347272 -1.310167 -1.272009 -1.232780 -1.192477 -1.151122 -1.108776 -1.065548 -1.021624 -0.977293 -0.932978 -0.889287 -0.847051 -0.807357 -0.771560 -0.741224 -0.717989 -0.703340 -0.698330 -0.703340 -0.717989 -0.741224 -0.771560 -0.807357 -0.847051 -0.889287 -0.932978 -0.977293 -1.021624 -1.065548 -1.108776 -1.151122 -1.192477 -1.232780 -1.272009 -1.310167 -1.347272 -1.383354 -1.418449 -1.452596 -1.485838 
-1.499080 -1.466825 -1.433779 -1.399915 -1.365216 -1.329666 -1.293265 -1.256022 -1.217971 -1.179174 -1.139731 -1.099798 -1.059600 -1.019457 -0.979805 -0.941224 -0.904459 -0.870427 -0.840203 -0.814962 -0.795873 -0.783951 -0.779894 -0.783951 -0.795873 -0.814962 -0.840203 -0.870427 -0.904459 -0.941224 -0.979805 -1.019457 -1.059600 -1.099798 -1.139731 -1.179174 -1.217971 -1.256022 -1.293265 -1.329666 -1.365216 -1.399915 -1.433779 -1.466825 -1.499080 
-1.513357 -1.482127 -1.450218 -1.417620 -1.384329 -1.350354 -1.315712 -1.280441 -1.244601 -1.208281 -1.171611 -1.134772 -1.098010 -1.061650 -1.026113 -0.991930 -0.959749 -0.930330 -0.904522 -0.883213 -0.867252 -0.857353 -0.853998 -0.857353 -0.867252 -0.883213 -0.904522 -0.930330 -0.959749 -0.991930 -1.026113 -1.061650 -1.098010 -1.134772 -1.171611 -1.208281 -1.244601 -1.280441 -1.315712 -1.350354 -1.384329 -1.417620 -1.450218 -1.482127 -1.513357 
-1.528565 -1.498386 -1.467635 -1.436316 -1.404441 -1.372034 -1.339132 -1.305789 -1.272087 -1.238134 -1.204076 -1.170109 -1.136480 -1.103506 -1.071578 -1.041170 -1.012835 -0.987196 -0.964927 -0.946704 -0.933156 -0.924800 -0.921974 -0.924800 -0.933156 -0.946704 -0.964927 -0.987196 -1.012835 -1.041170 -1.071578 -1.103506 -1.136480 -1.170109 -1.204076 -1.238134 -1.272087 -1.305789 -1.339132 -1.372034 -1.404441 -1.436316 -1.467635 -1.498386 -1.528565 
-1.544604 -1.515488 -1.485902 -1.455862 -1.425392 -1.394529 -1.363323 -1.331845 -1.300188 -1.268471 -1.236851 -1.205523 -1.174731 -1.144772 -1.116001 -1.088831 -1.063732 -1.041215 -1.021814 -1.006052 -0.994403 -0.987248 -0.984834 -0.987248 -0.994403 -1.006052 -1.021814 -1.041215 -1.063732 -1.088831 -1.116001 -1.144772 -1.174731 -1.205523 -1.236851 -1.268471 -1.300188 -1.331845 -1.363323 -1.394529 -1.425392 -1.455862 -1.485902 -1.515488 -1.544604 
-1.561378 -1.533325 -1.504899 -1.476124 -1.447034 -1.417676 -1.388111 -1.358418 -1.328698 -1.299078 -1.269715 -1.240800 -1.212564 -1.185280 -1.159266 -1.134880 -1.112518 -1.092599 -1.075550 -1.061779 -1.051649 -1.045448 -1.043360 -1.045448 -1.051649 -1.061779 -1.075550 -1.092599 -1.112518 -1.134880 -1.159266 -1.185280 -1.212564 -1.240800 -1.269715 -1.299078 -1.328698 -1.358418 -1.388111 -1.417676 -1.447034 -1.476124 -1.504899 -1.533325 -1.561378 
-1.578793 -1.551796 -1.524515 -1.496980 -1.469234 -1.441331 -1.413339 -1.385343 -1.357447 -1.329780 -1.302495 -1.275776 -1.249836 -1.224925 -1.201322 -1.179336 -1.159300 -1.141560 -1.126459 -1.114320 -1.105425 -1.099994 -1.098167 -1.099994 -1.105425 -1.114320 -1.126459 -1.141560 -1.159300 -1.179336 -1.201322 -1.224925 -1.249836 -1.275776 -1.302495 -1.329780 -1.357447 -1.385343 -1.413339 -1.441331 -1.469234 -1.496980 -1.524515 -1.551796 -1.578793 
-1.596763 -1.570807 -1.544647 -1.518320 -1.491874 -1.465369 -1.438875 -1.412482 -1.386294 -1.360438 -1.335060 -1.310333 -1.286455 -1.263646 -1.242154 -1.222245 -1.204198 -1.188300 -1.174829 -1.164043 -1.156164 -1.151365 -1.149752 -1.151365 -1.156164 -1.164043 -1.174829 -1.188300 -1.204198 -1.222245 -1.242154 -1.263646 -1.286455 -1.310333 -1.335060 -1.360438 -1.386294 -1.412482 -1.438875 -1.465369 -1.491874 -1.518320 -1.544647 -1.570807 -1.596763 
-1.615207 -1.590270 -1.565202 -1.540044 -1.514849 -1.489678 -1.464605 -1.439719 -1.415124 -1.390940 -1.367309 -1.344388 -1.322358 -1.301416 -1.281778 -1.263673 -1.247337 -1.233008 -1.220913 -1.211261 -1.204229 -1.199953 -1.198518 -1.199953 -1.204229 -1.211261 -1.220913 -1.233008 -1.247337 -1.263673 -1.281778 -1.301416 -1.322358 -1.344388 -1.367309 -1.390940 -1.415124 -1.439719 -1.464605 -1.489678 -1.514849 -1.540044 -1.565202 -1.590270 -1.615207 
-1.634052 -1.610107 -1.586096 -1.562065 -1.538066 -1.514164 -1.490432 -1.466959 -1.443844 -1.421204 -1.399168 -1.377883 -1.357511 -1.338229 -1.320224 -1.303693 -1.288837 -1.275853 -1.264930 -1.256238 -1.249919 -1.246082 -1.244795 -1.246082 -1.249919 -1.256238 -1.264930 -1.275853 -1.288837 -1.303693 -1.320224 -1.338229 -1.357511 -1.377883 -1.399168 -1.421204 -1.443844 -1.466959 -1.490432 -1.514164 -1.538066 -1.562065 -1.586096 -1.610107 -1.634052 
-1.653229 -1.630246 -1.607256 -1.584304 -1.561446 -1.538745 -1.516276 -1.494123 -1.472383 -1.451162 -1.430584 -1.410781 -1.391899 -1.374095 -1.357533 -1.342381 -1.328812 -1.316991 -1.307074 -1.299200 -1.293487 -1.290023 -1.288862 -1.290023 -1.293487 -1.299200 -1.307074 -1.316991 -1.328812 -1.342381 -1.357533 -1.374095 -1.391899 -1.410781 -1.430584 -1.451162 -1.472383 -1.494123 -1.516276 -1.538745 -1.561446 -1.584304 -1.607256 -1.630246 -1.653229 
-1.672678 -1.650624 -1.628613 -1.606693 -1.584919 -1.563355 -1.542071 -1.521149 -1.500681 -1.480768 -1.461520 -1.443061 -1.425520 -1.409036 -1.393752 -1.379816 -1.367371 -1.356560 -1.347512 -1.340343 -1.335150 -1.332004 -1.330950 -1.332004 -1.335150 -1.340343 -1.347512 -1.356560 -1.367371 -1.379816 -1.393752 -1.409036 -1.425520 -1.443061 -1.461520 -1.480768 -1.500681 -1.521149 -1.542071 -1.563355 -1.584919 -1.606693 -1.628613 -1.650624 -1.672678 
-1.692343 -1.671182 -1.650110 -1.629174 -1.608428 -1.587934 -1.567761 -1.547987 -1.528696 -1.509985 -1.491953 -1.474713 -1.458381 -1.443079 -1.428933 -1.416070 -1.404614 -1.394686 -1.386394 -1.379836 -1.375091 -1.372220 -1.371259 -1.372220 -1.375091 -1.379836 -1.386394 -1.394686 -1.404614 -1.416070 -1.428933 -1.443079 -1.458381 -1.474713 -1.491953 -1.509985 -1.528696 -1.547987 -1.567761 -1.587934 -1.608428 -1.629174 -1.650110 -1.671182 -1.692343 
-1.712174 -1.691872 -1.671696 -1.651695 -1.631921 -1.612435 -1.593302 -1.574595 -1.556395 -1.538788 -1.521869 -1.505737 -1.490496 -1.476255 -1.463124 -1.451214 -1.440632 -1.431480 -1.423850 -1.417825 -1.413471 -1.410838 -1.409957 -1.410838 -1.413471 -1.417825 -1.423850 -1.431480 -1.440632 -1.451214 -1.463124 -1.476255 -1.490496 -1.505737 -1.521869 -1.538788 -1.556395 -1.574595 -1.593302 -1.612435 -1.631921 -1.651695 -1.671696 -1.691872 -1.712174 
