43 43
1.280509e-01 0 5
-1.927851 -1.906562 -1.885414 -1.864464 -1.843771 -1.823407 -1.803448 -1.783981 -1.765101 -1.746910 -1.729520 -1.713047 -1.697615 -1.683351 -1.670381 -1.658831 -1.648822 -1.640463 -1.633852 -1.629069 -1.626175 -1.625206 -1.626175 -1.629069 -1.633852 -1.640463 -1.648822 -1.658831 -1.670381 -1.683351 -1.697615 -1.713047 -1.729520 -1.746910 -1.765101 -1.783981 -1.803448 -1.823407 -1.843771 -1.864464 -1.885414 -1.906562 -1.927851 
-1.907092 -1.884860 -1.862724 -1.840741 -1.818973 -1.797492 -1.776381 -1.755731 -1.735643 -1.716231 -1.697615 -1.679928 -1.663308 -1.647901 -1.633852 -1.621309 -1.610412 -1.601293 -1.594068 -1.588834 -1.585664 -1.584602 -1.585664 -1.588834 -1.594068 -1.601293 -1.610412 -1.621309 -1.633852 -1.647901 -1.663308 -1.679928 -1.697615 -1.716231 -1.735643 -1.755731 -1.776381 -1.797492 -1.818973 -1.840741 -1.862724 -1.884860 -1.907092 
-1.886522 -1.863305 -1.840132 -1.817060 -1.794151 -1.771480 -1.749131 -1.727202 -1.705802 -1.685052 -1.665087 -1.646053 -1.628107 -1.611414 -1.596144 -1.582470 -1.570559 -1.560566 -1.552633 -1.546877 -1.543386 -1.542216 -1.543386 -1.546877 -1.552633 -1.560566 -1.570559 -1.582470 -1.596144 -1.611414 -1.628107 -1.646053 -1.665087 -1.685052 -1.705802 -1.727202 -1.749131 -1.771480 -1.794151 -1.817060 -1.840132 -1.863305 -1.886522 
-1.866196 -1.841955 -1.817698 -1.793480 -1.769363 -1.745424 -1.721749 -1.698441 -1.675613 -1.653399 -1.631945 -1.611414 -1.591982 -1.573839 -1.557184 -1.542216 -1.529136 -1.518133 -1.509376 -1.503011 -1.499146 -1.497850 -1.499146 -1.503011 -1.509376 -1.518133 -1.529136 -1.542216 -1.557184 -1.573839 -1.591982 -1.611414 -1.631945 -1.653399 -1.675613 -1.698441 -1.721749 -1.745424 -1.769363 -1.793480 -1.817698 -1.841955 -1.866196 
-1.846182 -1.820878 -1.795490 -1.770070 -1.744679 -1.719392 -1.694299 -1.669503 -1.645126 -1.621309 -1.598211 -1.576013 -1.554914 -1.535131 -1.516893 -1.500438 -1.486005 -1.473823 -1.464102 -1.457020 -1.452713 -1.451268 -1.452713 -1.457020 -1.464102 -1.473823 -1.486005 -1.500438 -1.516893 -1.535131 -1.554914 -1.576013 -1.598211 -1.621309 -1.645126 -1.669503 -1.694299 -1.719392 -1.744679 -1.770070 -1.795490 -1.820878 -1.846182 
-1.826549 -1.800149 -1.773587 -1.746910 -1.720179 -1.693466 -1.666859 -1.640463 -1.614405 -1.588834 -1.563922 -1.539867 -1.516893 -1.495246 -1.475194 -1.457020 -1.441010 -1.427444 -1.416583 -1.408649 -1.403816 -1.402192 -1.403816 -1.408649 -1.416583 -1.427444 -1.441010 -1.457020 -1.475194 -1.495246 -1.516893 -1.539867 -1.563922 -1.588834 -1.614405 -1.640463 -1.666859 -1.693466 -1.720179 -1.746910 -1.773587 -1.800149 -1.826549 
-1.807377 -1.779851 -1.752076 -1.724094 -1.695960 -1.667742 -1.639525 -1.611414 -1.583537 -1.556050 -1.529136 -1.503011 -1.477923 -1.454154 -1.432015 -1.411840 -1.393978 -1.378773 -1.366551 -1.357595 -1.352127 -1.350288 -1.352127 -1.357595 -1.366551 -1.378773 -1.393978 -1.411840 -1.432015 -1.454154 -1.477923 -1.503011 -1.529136 -1.556050 -1.583537 -1.611414 -1.639525 -1.667742 -1.695960 -1.724094 -1.752076 -1.779851 -1.807377 
-1.788754 -1.760079 -1.731058 -1.701727 -1.672132 -1.642334 -1.612413 -1.582470 -1.552633 -1.523058 -1.493938 -1.465505 -1.438033 -1.411840 -1.387289 -1.364775 -1.344721 -1.327557 -1.313692 -1.303494 -1.297251 -1.295148 -1.297251 -1.303494 -1.313692 -1.327557 -1.344721 -1.364775 -1.387289 -1.411840 -1.438033 -1.465505 -1.493938 -1.523058 -1.552633 -1.582470 -1.612413 -1.642334 -1.672132 -1.701727 -1.731058 -1.760079 -1.788754 
-1.770775 -1.740935 -1.710645 -1.679928 -1.648822 -1.617377 -1.585664 -1.553775 -1.521832 -1.489990 -1.458446 -1.427444 -1.397283 -1.368319 -1.340968 -1.315702 -1.293035 -1.273504 -1.257636 -1.245909 -1.238705 -1.236275 -1.238705 -1.245909 -1.257636 -1.273504 -1.293035 -1.315702 -1.340968 -1.368319 -1.397283 -1.427444 -1.458446 -1.489990 -1.521832 -1.553775 -1.585664 -1.617377 -1.648822 -1.679928 -1.710645 -1.740935 -1.770775 
-1.753541 -1.722532 -1.690958 -1.658831 -1.626175 -1.593026 -1.559441 -1.525499 -1.491310 -1.457020 -1.422824 -1.388971 -1.355780 -1.323643 -1.293035 -1.264513 -1.238705 -1.216287 -1.197941 -1.184302 -1.175888 -1.173044 -1.175888 -1.184302 -1.197941 -1.216287 -1.238705 -1.264513 -1.293035 -1.323643 -1.355780 -1.388971 -1.422824 -1.457020 -1.491310 -1.525499 -1.559441 -1.593026 -1.626175 -1.658831 -1.690958 -1.722532 -1.753541 
-1.737161 -1.704990 -1.672132 -1.638584 -1.604354 -1.569459 -1.533938 -1.497850 -1.461283 -1.424369 -1.387289 -1.350288 -1.313692 -1.277926 -1.243522 -1.211130 -1.181517 -1.155536 -1.134082 -1.118011 -1.108044 -1.104665 -1.108044 -1.118011 -1.134082 -1.155536 -1.181517 -1.211130 -1.243522 -1.277926 -1.313692 -1.350288 -1.387289 -1.424369 -1.461283 -1.497850 -1.533938 -1.569459 -1.604354 -1.638584 -1.672132 -1.704990 -1.737161 
-1.721749 -1.688436 -1.654309 -1.619347 -1.583537 -1.546877 -1.509376 -1.471068 -1.432015 -1.392316 -1.352127 -1.311673 -1.271275 -1.231370 -1.192541 -1.155536 -1.121278 -1.090849 -1.065433 -1.046209 -1.034201 -1.030115 -1.034201 -1.046209 -1.065433 -1.090849 -1.121278 -1.155536 -1.192541 -1.231370 -1.271275 -1.311673 -1.352127 -1.392316 -1.432015 -1.471068 -1.509376 -1.546877 -1.583537 -1.619347 -1.654309 -1.688436 -1.721749 
-1.707422 -1.673005 -1.637642 -1.601293 -1.563922 -1.525499 -1.486005 -1.445437 -1.403816 -1.361200 -1.317702 -1.273504 -1.228895 -1.184302 -1.140331 -1.097818 -1.057857 -1.021811 -0.991258 -0.967852 -0.953093 -0.948045 -0.953093 -0.967852 -0.991258 -1.021811 -1.057857 -1.097818 -1.140331 -1.184302 -1.228895 -1.273504 -1.317702 -1.361200 -1.403816 -1.445437 -1.486005 -1.525499 -1.563922 -1.601293 -1.637642 -1.673005 -1.707422 
-1.694299 -1.658831 -1.622286 -1.584602 -1.545716 -1.505568 -1.464102 -1.421272 -1.377049 -1.331433 -1.284470 -1.236275 -1.187067 -1.137219 -1.087318 -1.038245 -0.991258 -0.948045 -0.910709 -0.881614 -0.863025 -0.856621 -0.863025 -0.881614 -0.910709 -0.948045 -0.991258 -1.038245 -1.087318 -1.137219 -1.187067 -1.236275 -1.284470 -1.331433 -1.377049 -1.421272 -1.464102 -1.505568 -1.545716 -1.584602 -1.622286 -1.658831 -1.694299 
-1.682497 -1.646053 -1.608402 -1.569459 -1.529136 -1.487337 -1.443966 -1.398926 -1.352127 -1.303494 -1.252986 -1.200614 -1.146483 -1.090849 -1.034201 -0.977386 -0.921754 -0.869323 -0.822869 -0.785805 -0.761680 -0.753282 -0.761680 -0.785805 -0.822869 -0.869323 -0.921754 -0.977386 -1.034201 -1.090849 -1.146483 -1.200614 -1.252986 -1.303494 -1.352127 -1.398926 -1.443966 -1.487337 -1.529136 -1.569459 -1.608402 -1.646053 -1.682497 
-1.672132 -1.634802 -1.596144 -1.556050 -1.514402 -1.471068 -1.425910 -1.378773 -1.329499 -1.277926 -1.223899 -1.167293 -1.108044 -1.046209 -0.982066 -0.916271 -0.850107 -0.785805 -0.726896 -0.678314 -0.645810 -0.634312 -0.645810 -0.678314 -0.726896 -0.785805 -0.850107 -0.916271 -0.982066 -1.046209 -1.108044 -1.167293 -1.223899 -1.277926 -1.329499 -1.378773 -1.425910 -1.471068 -1.514402 -1.556050 -1.596144 -1.634802 -1.672132 
-1.663308 -1.625206 -1.585664 -1.544553 -1.501726 -1.457020 -1.410248 -1.361200 -1.309644 -1.255318 -1.197941 -1.137219 -1.072865 -1.004649 -0.932488 -0.856621 -0.777934 -0.698511 -0.622448 -0.556676 -0.510763 -0.494098 -0.510763 -0.556676 -0.622448 -0.698511 -0.777934 -0.856621 -0.932488 -1.004649 -1.072865 -1.137219 -1.197941 -1.255318 -1.309644 -1.361200 -1.410248 -1.457020 -1.501726 -1.544553 -1.585664 -1.625206 -1.663308 
-1.656123 -1.617377 -1.577096 -1.535131 -1.491310 -1.445437 -1.397283 -1.346585 -1.293035 -1.236275 -1.175888 -1.111394 -1.042247 -0.967852 -0.887613 -0.801070 -0.708214 -0.610193 -0.510763 -0.418702 -0.349900 -0.323771 -0.349900 -0.418702 -0.510763 -0.610193 -0.708214 -0.801070 -0.887613 -0.967852 -1.042247 -1.111394 -1.175888 -1.236275 -1.293035 -1.346585 -1.397283 -1.445437 -1.491310 -1.535131 -1.577096 -1.617377 -1.656123 
-1.650658 -1.611414 -1.570559 -1.527927 -1.483328 -1.436536 -1.387289 -1.335274 -1.280119 -1.221378 -1.158508 -1.090849 -1.017591 -0.937744 -0.850107 -0.753282 -0.645810 -0.526709 -0.397167 -0.265162 -0.154721 -0.108996 -0.154721 -0.265162 -0.397167 -0.526709 -0.645810 -0.753282 -0.850107 -0.937744 -1.017591 -1.090849 -1.158508 -1.221378 -1.280119 -1.335274 -1.387289 -1.436536 -1.483328 -1.527927 -1.570559 -1.611414 -1.650658 
-1.646978 -1.607393 -1.566146 -1.523058 -1.477923 -1.430497 -1.380490 -1.327557 -1.271275 -1.211130 -1.146483 -1.076528 -1.000237 -0.916271 -0.822869 -0.717672 -0.597520 -0.458324 -0.295636 -0.108996 0.077795 0.169950 0.077795 -0.108996 -0.295636 -0.458324 -0.597520 -0.717672 -0.822869 -0.916271 -1.000237 -1.076528 -1.146483 -1.211130 -1.271275 -1.327557 -1.380490 -1.430497 -1.477923 -1.523058 -1.566146 -1.607393 -1.646978 
-1.645126 -1.605369 -1.563922 -1.520602 -1.475194 -1.427444 -1.377049 -1.323643 -1.266780 -1.205907 -1.140331 -1.069166 -0.991258 -0.905065 -0.808477 -0.698511 -0.570797 -0.418702 -0.231920 0.004363 0.293924 0.484769 0.293924 0.004363 -0.231920 -0.418702 -0.570797 -0.698511 -0.808477 -0.905065 -0.991258 -1.069166 -1.140331 -1.205907 -1.266780 -1.323643 -1.377049 -1.427444 -1.475194 -1.520602 -1.563922 -1.605369 -1.645126 
-1.644894 -1.605115 -1.563644 -1.520294 -1.474852 -1.427061 -1.376617 -1.323151 -1.266214 -1.205249 -1.139555 -1.068237 -0.990121 -0.903641 -0.806639 -0.696045 -0.567317 -0.413436 -0.223117 0.021375 0.332954 0.554247 0.332954 0.021375 -0.223117 -0.413436 -0.567317 -0.696045 -0.806639 -0.903641 -0.990121 -1.068237 -1.139555 -1.205249 -1.266214 -1.323151 -1.376617 -1.427061 -1.474852 -1.520294 -1.563644 -1.605115 -1.644894 
-1.645136 -1.605380 -1.563934 -1.520616 -1.475209 -1.427461 -1.377068 -1.323664 -1.266804 -1.205935 -1.140365 -1.069207 -0.991307 -0.905127 -0.808557 -0.698617 -0.570947 -0.418929 -0.232298 0.003641 0.292321 0.482038 0.292321 0.003641 -0.232298 -0.418929 -0.570947 -0.698617 -0.808557 -0.905127 -0.991307 -1.069207 -1.140365 -1.205935 -1.266804 -1.323664 -1.377068 -1.427461 -1.475209 -1.520616 -1.563934 -1.605380 -1.645136 
-1.647008 -1.607426 -1.566181 -1.523097 -1.477967 -1.430546 -1.380546 -1.327620 -1.271347 -1.211214 -1.146582 -1.076646 -1.000380 -0.916450 -0.823097 -0.717974 -0.597937 -0.458931 -0.296581 -0.110568 0.075171 0.166571 0.075171 -0.110568 -0.296581 -0.458931 -0.597937 -0.717974 -0.823097 -0.916450 -1.000380 -1.076646 -1.146582 -1.211214 -1.271347 -1.327620 -1.380546 -1.430546 -1.477967 -1.523097 -1.566181 -1.607426 -1.647008 
-1.650708 -1.611468 -1.570618 -1.527993 -1.483400 -1.436617 -1.387380 -1.335377 -1.280237 -1.221514 -1.158667 -1.091038 -1.017820 -0.938025 -0.850460 -0.753739 -0.646419 -0.527549 -0.398359 -0.266869 -0.157028 -0.111609 -0.157028 -0.266869 -0.398359 -0.527549 -0.646419 -0.753739 -0.850460 -0.938025 -1.017820 -1.091038 -1.158667 -1.221514 -1.280237 -1.335377 -1.387380 -1.436617 -1.483400 -1.527993 -1.570618 -1.611468 -1.650708 
-1.656192 -1.617451 -1.577177 -1.535220 -1.491409 -1.445547 -1.397407 -1.346725 -1.293195 -1.236459 -1.176102 -1.111646 -1.042547 -0.968216 -0.888062 -0.801634 -0.708935 -0.611131 -0.511989 -0.420274 -0.351795 -0.325805 -0.351795 -0.420274 -0.511989 -0.611131 -0.708935 -0.801634 -0.888062 -0.968216 -1.042547 -1.111646 -1.176102 -1.236459 -1.293195 -1.346725 -1.397407 -1.445547 -1.491409 -1.535220 -1.577177 -1.617451 -1.656192 
-1.663395 -1.625300 -1.585767 -1.544665 -1.501851 -1.457158 -1.410402 -1.361374 -1.309841 -1.255543 -1.198201 -1.137521 -1.073221 -1.005073 -0.933000 -0.857246 -0.778703 -0.699461 -0.623614 -0.558067 -0.512338 -0.495745 -0.512338 -0.558067 -0.623614 -0.699461 -0.778703 -0.857246 -0.933000 -1.005073 -1.073221 -1.137521 -1.198201 -1.255543 -1.309841 -1.361374 -1.410402 -1.457158 -1.501851 -1.544665 -1.585767 -1.625300 -1.663395 
-1.672235 -1.634915 -1.596267 -1.556185 -1.514549 -1.471232 -1.426092 -1.378977 -1.329729 -1.278186 -1.224197 -1.167636 -1.108442 -1.046675 -0.982616 -0.916924 -0.850883 -0.786726 -0.727973 -0.679540 -0.647147 -0.635691 -0.647147 -0.679540 -0.727973 -0.786726 -0.850883 -0.916924 -0.982616 -1.046675 -1.108442 -1.167636 -1.224197 -1.278186 -1.329729 -1.378977 -1.426092 -1.471232 -1.514549 -1.556185 -1.596267 -1.634915 -1.672235 
-1.682617 -1.646182 -1.608542 -1.569613 -1.529305 -1.487523 -1.444172 -1.399155 -1.352383 -1.303783 -1.253313 -1.200986 -1.146910 -1.091340 -1.034769 -0.978044 -0.922514 -0.870195 -0.823855 -0.786893 -0.762839 -0.754467 -0.762839 -0.786893 -0.823855 -0.870195 -0.922514 -0.978044 -1.034769 -1.091340 -1.146910 -1.200986 -1.253313 -1.303783 -1.352383 -1.399155 -1.444172 -1.487523 -1.529305 -1.569613 -1.608542 -1.646182 -1.682617 
-1.694433 -1.658976 -1.622444 -1.584773 -1.545904 -1.505774 -1.464329 -1.421523 -1.377328 -1.331744 -1.284819 -1.236668 -1.187511 -1.137722 -1.087889 -1.038894 -0.991990 -0.948863 -0.911612 -0.882588 -0.864048 -0.857661 -0.864048 -0.882588 -0.911612 -0.948863 -0.991990 -1.038894 -1.087889 -1.137722 -1.187511 -1.236668 -1.284819 -1.331744 -1.377328 -1.421523 -1.464329 -1.505774 -1.545904 -1.584773 -1.622444 -1.658976 -1.694433 
-1.707570 -1.673164 -1.637814 -1.601480 -1.564126 -1.525722 -1.486249 -1.445705 -1.404112 -1.361528 -1.318066 -1.273910 -1.229349 -1.184809 -1.140897 -1.098448 -1.058555 -1.022577 -0.992087 -0.968733 -0.954009 -0.948972 -0.954009 -0.968733 -0.992087 -1.022577 -1.058555 -1.098448 -1.140897 -1.184809 -1.229349 -1.273910 -1.318066 -1.361528 -1.404112 -1.445705 -1.486249 -1.525722 -1.564126 -1.601480 -1.637814 -1.673164 -1.707570 
-1.721909 -1.688609 -1.654495 -1.619548 -1.583755 -1.547113 -1.509634 -1.471351 -1.432324 -1.392656 -1.352501 -1.312086 -1.271731 -1.231874 -1.193096 -1.156145 -1.121942 -1.091566 -1.066199 -1.047013 -1.035031 -1.030953 -1.035031 -1.047013 -1.066199 -1.091566 -1.121942 -1.156145 -1.193096 -1.231874 -1.271731 -1.312086 -1.352501 -1.392656 -1.432324 -1.471351 -1.509634 -1.547113 -1.583755 -1.619548 -1.654495 -1.688609 -1.721909 
-1.737333 -1.705173 -1.672329 -1.638797 -1.604583 -1.569708 -1.534208 -1.498143 -1.461603 -1.424718 -1.387669 -1.350704 -1.314147 -1.278422 -1.244062 -1.211716 -1.182147 -1.156209 -1.134792 -1.118751 -1.108803 -1.105430 -1.108803 -1.118751 -1.134792 -1.156209 -1.182147 -1.211716 -1.244062 -1.278422 -1.314147 -1.350704 -1.387669 -1.424718 -1.461603 -1.498143 -1.534208 -1.569708 -1.604583 -1.638797 -1.672329 -1.705173 -1.737333 
-1.753722 -1.722726 -1.691165 -1.659054 -1.626414 -1.593284 -1.559720 -1.525800 -1.491636 -1.457373 -1.423206 -1.389386 -1.356229 -1.324129 -1.293559 -1.265075 -1.239304 -1.216920 -1.198604 -1.184987 -1.176589 -1.173749 -1.176589 -1.184987 -1.198604 -1.216920 -1.239304 -1.265075 -1.293559 -1.324129 -1.356229 -1.389386 -1.423206 -1.457373 -1.491636 -1.525800 -1.559720 -1.593284 -1.626414 -1.659054 -1.691165 -1.722726 -1.753722 
-1.770965 -1.741137 -1.710861 -1.680159 -1.649069 -1.617642 -1.585949 -1.554081 -1.522162 -1.490345 -1.458828 -1.427856 -1.397725 -1.368793 -1.341475 -1.316240 -1.293604 -1.274101 -1.258257 -1.246548 -1.239356 -1.236930 -1.239356 -1.246548 -1.258257 -1.274101 -1.293604 -1.316240 -1.341475 -1.368793 -1.397725 -1.427856 -1.458828 -1.490345 -1.522162 -1.554081 -1.585949 -1.617642 -1.649069 -1.680159 -1.710861 -1.741137 -1.770965 
-1.788951 -1.760288 -1.731281 -1.701965 -1.672385 -1.642605 -1.612703 -1.582780 -1.552965 -1.523413 -1.494318 -1.465911 -1.438466 -1.412302 -1.387778 -1.365291 -1.345263 -1.328121 -1.314277 -1.304093 -1.297859 -1.295760 -1.297859 -1.304093 -1.314277 -1.328121 -1.345263 -1.365291 -1.387778 -1.412302 -1.438466 -1.465911 -1.494318 -1.523413 -1.552965 -1.582780 -1.612703 -1.642605 -1.672385 -1.701965 -1.731281 -1.760288 -1.788951 
-1.807580 -1.780067 -1.752305 -1.724337 -1.696218 -1.668017 -1.639817 -1.611726 -1.583870 -1.556404 -1.529512 -1.503410 -1.478346 -1.454602 -1.432487 -1.412336 -1.394495 -1.379309 -1.367103 -1.358159 -1.352698 -1.350862 -1.352698 -1.358159 -1.367103 -1.379309 -1.394495 -1.412336 -1.432487 -1.454602 -1.478346 -1.503410 -1.529512 -1.556404 -1.583870 -1.611726 -1.639817 -1.668017 -1.696218 -1.724337 -1.752305 -1.780067 -1.807580 
-1.826757 -1.800369 -1.773820 -1.747158 -1.720441 -1.693744 -1.667153 -1.640775 -1.614736 -1.589185 -1.564293 -1.540259 -1.517306 -1.495681 -1.475650 -1.457496 -1.441504 -1.427954 -1.417106 -1.409182 -1.404355 -1.402734 -1.404355 -1.409182 -1.417106 -1.427954 -1.441504 -1.457496 -1.475650 -1.495681 -1.517306 -1.540259 -1.564293 -1.589185 -1.614736 -1.640775 -1.667153 -1.693744 -1.720441 -1.747158 -1.773820 -1.800369 -1.826757 
-1.846395 -1.821103 -1.795727 -1.770320 -1.744943 -1.719672 -1.694594 -1.669814 -1.645455 -1.621656 -1.598577 -1.576398 -1.555318 -1.535553 -1.517333 -1.500895 -1.486478 -1.474310 -1.464600 -1.457526 -1.453225 -1.451781 -1.453225 -1.457526 -1.464600 -1.474310 -1.486478 -1.500895 -1.517333 -1.535553 -1.555318 -1.576398 -1.598577 -1.621656 -1.645455 -1.669814 -1.694594 -1.719672 -1.744943 -1.770320 -1.795727 -1.821103 -1.846395 
-1.866413 -1.842183 -1.817938 -1.793732 -1.769629 -1.745704 -1.722044 -1.698751 -1.675940 -1.653742 -1.632304 -1.611790 -1.592375 -1.574249 -1.557609 -1.542657 -1.529590 -1.518598 -1.509851 -1.503493 -1.499632 -1.498338 -1.499632 -1.503493 -1.509851 -1.518598 -1.529590 -1.542657 -1.557609 -1.574249 -1.592375 -1.611790 -1.632304 -1.653742 -1.675940 -1.698751 -1.722044 -1.745704 -1.769629 -1.793732 -1.817938 -1.842183 -1.866413 
-1.886741 -1.863535 -1.840375 -1.817314 -1.794417 -1.771759 -1.749425 -1.727510 -1.706125 -1.685390 -1.665440 -1.646421 -1.628490 -1.611811 -1.596556 -1.582895 -1.570995 -1.561012 -1.553087 -1.547337 -1.543850 -1.542682 -1.543850 -1.547337 -1.553087 -1.561012 -1.570995 -1.582895 -1.596556 -1.611811 -1.628490 -1.646421 -1.665440 -1.685390 -1.706125 -1.727510 -1.749425 -1.771759 -1.794417 -1.817314 -1.840375 -1.863535 -1.886741 
-1.907314 -1.885092 -1.862968 -1.840996 -1.819239 -1.797771 -1.776673 -1.756036 -1.735962 -1.716563 -1.697961 -1.680288 -1.663682 -1.648287 -1.634251 -1.621719 -1.610832 -1.601722 -1.594504 -1.589275 -1.586108 -1.585047 -1.586108 -1.589275 -1.594504 -1.601722 -1.610832 -1.621719 -1.634251 -1.648287 -1.663682 -1.680288 -1.697961 -1.716563 -1.735962 -1.756036 -1.776673 -1.797771 -1.819239 -1.840996 -1.862968 -1.885092 -1.907314 
-1.928075 -1.906796 -1.885659 -1.864719 -1.844037 -1.823684 -1.803738 -1.784283 -1.765415 -1.747237 -1.729859 -1.713399 -1.697979 -1.683726 -1.670767 -1.659228 -1.649227 -1.640876 -1.634271 -1.629493 -1.626601 -1.625633 -1.626601 -1.629493 -1.634271 -1.640876 -1.649227 -1.659228 -1.670767 -1.683726 -1.697979 -1.713399 -1.729859 -1.747237 -1.765415 -1.784283 -1.803738 -1.823684 -1.844037 -1.864719 -1.885659 -1.906796 -1.928075 
