81 81
3.895866e+01 0 5
0.552825 0.563241 0.573660 0.584072 0.594472 0.604852 0.615203 0.625516 0.635781 0.645989 0.656128 0.666187 0.676152 0.686011 0.695749 0.705352 0.714803 0.724086 0.733184 0.742080 0.750753 0.759186 0.767357 0.775248 0.782836 0.790102 0.797025 0.803582 0.809755 0.815521 0.820862 0.825759 0.830194 0.834150 0.837611 0.840565 0.842998 0.844901 0.846266 0.847088 0.847362 0.847088 0.846266 0.844901 0.842998 0.840565 0.837611 0.834150 0.830194 0.825759 0.820862 0.815521 0.809755 0.803582 0.797025 0.790102 0.782836 0.775248 0.767357 0.759186 0.750753 0.742080 0.733184 0.724086 0.714803 0.705352 0.695749 0.686011 0.676152 0.666187 0.656128 0.645989 0.635781 0.625516 0.615203 0.604852 0.594472 0.584072 0.573660 0.563241 0.552825 
0.562174 0.572838 0.583510 0.594184 0.604852 0.615507 0.626140 0.636742 0.647304 0.657815 0.668264 0.678638 0.688926 0.699112 0.709182 0.719121 0.728912 0.738539 0.747982 0.757223 0.766243 0.775020 0.783534 0.791762 0.799683 0.807274 0.814512 0.821375 0.827840 0.833885 0.839488 0.844629 0.849287 0.853445 0.857085 0.860192 0.862753 0.864757 0.866195 0.867060 0.867349 0.867060 0.866195 0.864757 0.862753 0.860192 0.857085 0.853445 0.849287 0.844629 0.839488 0.833885 0.827840 0.821375 0.814512 0.807274 0.799683 0.791762 0.783534 0.775020 0.766243 0.757223 0.747982 0.738539 0.728912 0.719121 0.709182 0.699112 0.688926 0.678638 0.668264 0.657815 0.647304 0.636742 0.626140 0.615507 0.604852 0.594184 0.583510 0.572838 0.562174 
0.571473 0.582388 0.593319 0.604260 0.615203 0.626140 0.637063 0.647964 0.658831 0.669655 0.680424 0.691126 0.701747 0.712273 0.722689 0.732980 0.743127 0.753113 0.762919 0.772524 0.781909 0.791050 0.799925 0.808512 0.816786 0.824723 0.832299 0.839488 0.846266 0.852610 0.858494 0.863897 0.868796 0.873172 0.877005 0.880279 0.882978 0.885091 0.886607 0.887520 0.887825 0.887520 0.886607 0.885091 0.882978 0.880279 0.877005 0.873172 0.868796 0.863897 0.858494 0.852610 0.846266 0.839488 0.832299 0.824723 0.816786 0.808512 0.799925 0.791050 0.781909 0.772524 0.762919 0.753113 0.743127 0.732980 0.722689 0.712273 0.701747 0.691126 0.680424 0.669655 0.658831 0.647964 0.637063 0.626140 0.615203 0.604260 0.593319 0.582388 0.571473 
0.580711 0.591883 0.603079 0.614292 0.625516 0.636742 0.647964 0.659170 0.670352 0.681499 0.692599 0.703640 0.714608 0.725488 0.736265 0.746922 0.757441 0.767804 0.777990 0.787979 0.797748 0.807274 0.816533 0.825500 0.834150 0.842456 0.850391 0.857930 0.865044 0.871708 0.877895 0.883581 0.888740 0.893352 0.897394 0.900847 0.903697 0.905928 0.907530 0.908494 0.908816 0.908494 0.907530 0.905928 0.903697 0.900847 0.897394 0.893352 0.888740 0.883581 0.877895 0.871708 0.865044 0.857930 0.850391 0.842456 0.834150 0.825500 0.816533 0.807274 0.797748 0.787979 0.777990 0.767804 0.757441 0.746922 0.736265 0.725488 0.714608 0.703640 0.692599 0.681499 0.670352 0.659170 0.647964 0.636742 0.625516 0.614292 0.603079 0.591883 0.580711 
0.589880 0.601313 0.612778 0.624270 0.635781 0.647304 0.658831 0.670352 0.681858 0.693338 0.704780 0.716172 0.727499 0.738746 0.749898 0.760938 0.771846 0.782604 0.793190 0.803582 0.813757 0.823690 0.833355 0.842727 0.851776 0.860476 0.868796 0.876709 0.884184 0.891193 0.897706 0.903697 0.909138 0.914004 0.918273 0.921923 0.924935 0.927295 0.928989 0.930010 0.930350 0.930010 0.928989 0.927295 0.924935 0.921923 0.918273 0.914004 0.909138 0.903697 0.897706 0.891193 0.884184 0.876709 0.868796 0.860476 0.851776 0.842727 0.833355 0.823690 0.813757 0.803582 0.793190 0.782604 0.771846 0.760938 0.749898 0.738746 0.727499 0.716172 0.704780 0.693338 0.681858 0.670352 0.658831 0.647304 0.635781 0.624270 0.612778 0.601313 0.589880 
0.598971 0.610669 0.622409 0.634185 0.645989 0.657815 0.669655 0.681499 0.693338 0.705161 0.716956 0.728710 0.740409 0.752039 0.763581 0.775020 0.786335 0.797507 0.808512 0.819329 0.829932 0.840295 0.850391 0.860192 0.869668 0.878787 0.887520 0.895834 0.903697 0.911077 0.917943 0.924264 0.930010 0.935153 0.939668 0.943531 0.946721 0.949221 0.951017 0.952098 0.952460 0.952098 0.951017 0.949221 0.946721 0.943531 0.939668 0.935153 0.930010 0.924264 0.917943 0.911077 0.903697 0.895834 0.887520 0.878787 0.869668 0.860192 0.850391 0.840295 0.829932 0.819329 0.808512 0.797507 0.786335 0.775020 0.763581 0.752039 0.740409 0.728710 0.716956 0.705161 0.693338 0.681499 0.669655 0.657815 0.645989 0.634185 0.622409 0.610669 0.598971 
0.607974 0.619941 0.631960 0.644025 0.656128 0.668264 0.680424 0.692599 0.704780 0.716956 0.729115 0.741244 0.753328 0.765354 0.777303 0.789157 0.800897 0.812502 0.823948 0.835212 0.846266 0.857085 0.867638 0.877895 0.887825 0.897394 0.906568 0.915313 0.923593 0.931374 0.938621 0.945300 0.951377 0.956822 0.961605 0.965700 0.969085 0.971738 0.973645 0.974794 0.975177 0.974794 0.973645 0.971738 0.969085 0.965700 0.961605 0.956822 0.951377 0.945300 0.938621 0.931374 0.923593 0.915313 0.906568 0.897394 0.887825 0.877895 0.867638 0.857085 0.846266 0.835212 0.823948 0.812502 0.800897 0.789157 0.777303 0.765354 0.753328 0.741244 0.729115 0.716956 0.704780 0.692599 0.680424 0.668264 0.656128 0.644025 0.631960 0.619941 0.607974 
0.616878 0.629118 0.641420 0.653778 0.666187 0.678638 0.691126 0.703640 0.716172 0.728710 0.741244 0.753759 0.766243 0.778679 0.791050 0.803337 0.815521 0.827579 0.839488 0.851222 0.862753 0.874053 0.885091 0.895834 0.906248 0.916297 0.925945 0.935153 0.943884 0.952098 0.959758 0.966825 0.973263 0.979036 0.984112 0.988462 0.992059 0.994881 0.996909 0.998132 0.998540 0.998132 0.996909 0.994881 0.992059 0.988462 0.984112 0.979036 0.973263 0.966825 0.959758 0.952098 0.943884 0.935153 0.925945 0.916297 0.906248 0.895834 0.885091 0.874053 0.862753 0.851222 0.839488 0.827579 0.815521 0.803337 0.791050 0.778679 0.766243 0.753759 0.741244 0.728710 0.716172 0.703640 0.691126 0.678638 0.666187 0.653778 0.641420 0.629118 0.616878 
0.625672 0.638188 0.650777 0.663434 0.676152 0.688926 0.701747 0.714608 0.727499 0.740409 0.753328 0.766243 0.779139 0.792000 0.804809 0.817547 0.830194 0.842727 0.855121 0.867349 0.879383 0.891193 0.902745 0.914004 0.924935 0.935499 0.945655 0.955362 0.964579 0.973263 0.981370 0.988860 0.995691 1.001823 1.007220 1.011849 1.015680 1.018686 1.020849 1.022153 1.022588 1.022153 1.020849 1.018686 1.015680 1.011849 1.007220 1.001823 0.995691 0.988860 0.981370 0.973263 0.964579 0.955362 0.945655 0.935499 0.924935 0.914004 0.902745 0.891193 0.879383 0.867349 0.855121 0.842727 0.830194 0.817547 0.804809 0.792000 0.779139 0.766243 0.753328 0.740409 0.727499 0.714608 0.701747 0.688926 0.676152 0.663434 0.650777 0.638188 0.625672 
0.634344 0.647140 0.660019 0.672978 0.686011 0.699112 0.712273 0.725488 0.738746 0.752039 0.765354 0.778679 0.792000 0.805301 0.818564 0.831772 0.844901 0.857930 0.870832 0.883581 0.896145 0.908494 0.920591 0.932401 0.943884 0.954998 0.965700 0.975946 0.985688 0.994881 1.003476 1.011426 1.018686 1.025212 1.030962 1.035898 1.039986 1.043197 1.045507 1.046901 1.047366 1.046901 1.045507 1.043197 1.039986 1.035898 1.030962 1.025212 1.018686 1.011426 1.003476 0.994881 0.985688 0.975946 0.965700 0.954998 0.943884 0.932401 0.920591 0.908494 0.896145 0.883581 0.870832 0.857930 0.844901 0.831772 0.818564 0.805301 0.792000 0.778679 0.765354 0.752039 0.738746 0.725488 0.712273 0.699112 0.686011 0.672978 0.660019 0.647140 0.634344 
0.642883 0.655960 0.669133 0.682397 0.695749 0.709182 0.722689 0.736265 0.749898 0.763581 0.777303 0.791050 0.804809 0.818564 0.832299 0.845993 0.859625 0.873172 0.886607 0.899902 0.913026 0.925945 0.938621 0.951017 0.963089 0.974794 0.986083 0.996909 1.007220 1.016965 1.026091 1.034545 1.042277 1.049235 1.055373 1.060648 1.065020 1.068457 1.070932 1.072425 1.072924 1.072425 1.070932 1.068457 1.065020 1.060648 1.055373 1.049235 1.042277 1.034545 1.026091 1.016965 1.007220 0.996909 0.986083 0.974794 0.963089 0.951017 0.938621 0.925945 0.913026 0.899902 0.886607 0.873172 0.859625 0.845993 0.832299 0.818564 0.804809 0.791050 0.777303 0.763581 0.749898 0.736265 0.722689 0.709182 0.695749 0.682397 0.669133 0.655960 0.642883 
0.651276 0.664636 0.678104 0.691678 0.705352 0.719121 0.732980 0.746922 0.760938 0.775020 0.789157 0.803337 0.817547 0.831772 0.845993 0.860192 0.874347 0.888435 0.902428 0.916297 0.930010 0.943531 0.956822 0.969841 0.982543 0.994881 1.006803 1.018255 1.029184 1.039529 1.049235 1.058241 1.066489 1.073924 1.080491 1.086140 1.090829 1.094517 1.097174 1.098778 1.099314 1.098778 1.097174 1.094517 1.090829 1.086140 1.080491 1.073924 1.066489 1.058241 1.049235 1.039529 1.029184 1.018255 1.006803 0.994881 0.982543 0.969841 0.956822 0.943531 0.930010 0.916297 0.902428 0.888435 0.874347 0.860192 0.845993 0.831772 0.817547 0.803337 0.789157 0.775020 0.760938 0.746922 0.732980 0.719121 0.705352 0.691678 0.678104 0.664636 0.651276 
0.659510 0.673154 0.686919 0.700804 0.714803 0.728912 0.743127 0.757441 0.771846 0.786335 0.800897 0.815521 0.830194 0.844901 0.859625 0.874347 0.889046 0.903697 0.918273 0.932744 0.947077 0.961235 0.975177 0.988860 1.002236 1.015252 1.027855 1.039986 1.051584 1.062585 1.072924 1.082535 1.091353 1.099314 1.106356 1.112423 1.117463 1.121431 1.124293 1.126020 1.126598 1.126020 1.124293 1.121431 1.117463 1.112423 1.106356 1.099314 1.091353 1.082535 1.072924 1.062585 1.051584 1.039986 1.027855 1.015252 1.002236 0.988860 0.975177 0.961235 0.947077 0.932744 0.918273 0.903697 0.889046 0.874347 0.859625 0.844901 0.830194 0.815521 0.800897 0.786335 0.771846 0.757441 0.743127 0.728912 0.714803 0.700804 0.686919 0.673154 0.659510 
0.667570 0.681499 0.695563 0.709760 0.724086 0.738539 0.753113 0.767804 0.782604 0.797507 0.812502 0.827579 0.842727 0.857930 0.873172 0.888435 0.903697 0.918934 0.934119 0.949221 0.964206 0.979036 0.993669 1.008058 1.022153 1.035898 1.049235 1.062099 1.074425 1.086140 1.097174 1.107452 1.116899 1.125444 1.133014 1.139546 1.144979 1.149261 1.152352 1.154219 1.154843 1.154219 1.152352 1.149261 1.144979 1.139546 1.133014 1.125444 1.116899 1.107452 1.097174 1.086140 1.074425 1.062099 1.049235 1.035898 1.022153 1.008058 0.993669 0.979036 0.964206 0.949221 0.934119 0.918934 0.903697 0.888435 0.873172 0.857930 0.842727 0.827579 0.812502 0.797507 0.782604 0.767804 0.753113 0.738539 0.724086 0.709760 0.695563 0.681499 0.667570 
0.675445 0.689658 0.704020 0.718529 0.733184 0.747982 0.762919 0.777990 0.793190 0.808512 0.823948 0.839488 0.855121 0.870832 0.886607 0.902428 0.918273 0.934119 0.949938 0.965700 0.981370 0.996909 1.012273 1.027413 1.042277 1.056804 1.070932 1.084591 1.097708 1.110205 1.122002 1.133014 1.143159 1.152352 1.160512 1.167564 1.173439 1.178075 1.181423 1.183447 1.184124 1.183447 1.181423 1.178075 1.173439 1.167564 1.160512 1.152352 1.143159 1.133014 1.122002 1.110205 1.097708 1.084591 1.070932 1.056804 1.042277 1.027413 1.012273 0.996909 0.981370 0.965700 0.949938 0.934119 0.918273 0.902428 0.886607 0.870832 0.855121 0.839488 0.823948 0.808512 0.793190 0.777990 0.762919 0.747982 0.733184 0.718529 0.704020 0.689658 0.675445 
0.683118 0.697614 0.712273 0.727096 0.742080 0.757223 0.772524 0.787979 0.803582 0.819329 0.835212 0.851222 0.867349 0.883581 0.899902 0.916297 0.932744 0.949221 0.965700 0.982152 0.998540 1.014825 1.030962 1.046901 1.062585 1.077951 1.092932 1.107452 1.121431 1.134784 1.147420 1.159245 1.170163 1.180080 1.188901 1.196539 1.202911 1.207946 1.211587 1.213790 1.214527 1.213790 1.211587 1.207946 1.202911 1.196539 1.188901 1.180080 1.170163 1.159245 1.147420 1.134784 1.121431 1.107452 1.092932 1.077951 1.062585 1.046901 1.030962 1.014825 0.998540 0.982152 0.965700 0.949221 0.932744 0.916297 0.899902 0.883581 0.867349 0.851222 0.835212 0.819329 0.803582 0.787979 0.772524 0.757223 0.742080 0.727096 0.712273 0.697614 0.683118 
0.690575 0.705352 0.720307 0.735441 0.750753 0.766243 0.781909 0.797748 0.813757 0.829932 0.846266 0.862753 0.879383 0.896145 0.913026 0.930010 0.947077 0.964206 0.981370 0.998540 1.015680 1.032750 1.049703 1.066489 1.083048 1.099314 1.115214 1.130668 1.145588 1.159878 1.173439 1.186164 1.197945 1.208672 1.218236 1.226534 1.233471 1.238961 1.242935 1.245341 1.246147 1.245341 1.242935 1.238961 1.233471 1.226534 1.218236 1.208672 1.197945 1.186164 1.173439 1.159878 1.145588 1.130668 1.115214 1.099314 1.083048 1.066489 1.049703 1.032750 1.015680 0.998540 0.981370 0.964206 0.947077 0.930010 0.913026 0.896145 0.879383 0.862753 0.846266 0.829932 0.813757 0.797748 0.781909 0.766243 0.750753 0.735441 0.720307 0.705352 0.690575 
0.697800 0.712855 0.728104 0.743547 0.759186 0.775020 0.791050 0.807274 0.823690 0.840295 0.857085 0.874053 0.891193 0.908494 0.925945 0.943531 0.961235 0.979036 0.996909 1.014825 1.032750 1.050642 1.068457 1.086140 1.103632 1.120862 1.137753 1.154219 1.170163 1.185483 1.200065 1.213790 1.226534 1.238171 1.248575 1.257624 1.265203 1.271213 1.275570 1.278210 1.279094 1.278210 1.275570 1.271213 1.265203 1.257624 1.248575 1.238171 1.226534 1.213790 1.200065 1.185483 1.170163 1.154219 1.137753 1.120862 1.103632 1.086140 1.068457 1.050642 1.032750 1.014825 0.996909 0.979036 0.961235 0.943531 0.925945 0.908494 0.891193 0.874053 0.857085 0.840295 0.823690 0.807274 0.791050 0.775020 0.759186 0.743547 0.728104 0.712855 0.697800 
0.704780 0.720109 0.735647 0.751395 0.767357 0.783534 0.799925 0.816533 0.833355 0.850391 0.867638 0.885091 0.902745 0.920591 0.938621 0.956822 0.975177 0.993669 1.012273 1.030962 1.049703 1.068457 1.087177 1.105810 1.124293 1.142554 1.160512 1.178075 1.195138 1.211587 1.227298 1.242137 1.255961 1.268625 1.279981 1.289885 1.298201 1.304809 1.309607 1.312518 1.313493 1.312518 1.309607 1.304809 1.298201 1.289885 1.279981 1.268625 1.255961 1.242137 1.227298 1.211587 1.195138 1.178075 1.160512 1.142554 1.124293 1.105810 1.087177 1.068457 1.049703 1.030962 1.012273 0.993669 0.975177 0.956822 0.938621 0.920591 0.902745 0.885091 0.867638 0.850391 0.833355 0.816533 0.799925 0.783534 0.767357 0.751395 0.735647 0.720109 0.704780 
0.711498 0.727096 0.742917 0.758967 0.775248 0.791762 0.808512 0.825500 0.842727 0.860192 0.877895 0.895834 0.914004 0.932401 0.951017 0.969841 0.988860 1.008058 1.027413 1.046901 1.066489 1.086140 1.105810 1.125444 1.144979 1.164342 1.183447 1.202197 1.220480 1.238171 1.255133 1.271213 1.286251 1.300077 1.312518 1.323403 1.332570 1.339871 1.345181 1.348408 1.349490 1.348408 1.345181 1.339871 1.332570 1.323403 1.312518 1.300077 1.286251 1.271213 1.255133 1.238171 1.220480 1.202197 1.183447 1.164342 1.144979 1.125444 1.105810 1.086140 1.066489 1.046901 1.027413 1.008058 0.988860 0.969841 0.951017 0.932401 0.914004 0.895834 0.877895 0.860192 0.842727 0.825500 0.808512 0.791762 0.775248 0.758967 0.742917 0.727096 0.711498 
0.717939 0.733798 0.749898 0.766243 0.782836 0.799683 0.816786 0.834150 0.851776 0.869668 0.887825 0.906248 0.924935 0.943884 0.963089 0.982543 1.002236 1.022153 1.042277 1.062585 1.083048 1.103632 1.124293 1.144979 1.165627 1.186164 1.206500 1.226534 1.246147 1.265203 1.283550 1.301018 1.317423 1.332570 1.346253 1.358271 1.368424 1.376534 1.382446 1.386043 1.387251 1.386043 1.382446 1.376534 1.368424 1.358271 1.346253 1.332570 1.317423 1.301018 1.283550 1.265203 1.246147 1.226534 1.206500 1.186164 1.165627 1.144979 1.124293 1.103632 1.083048 1.062585 1.042277 1.022153 1.002236 0.982543 0.963089 0.943884 0.924935 0.906248 0.887825 0.869668 0.851776 0.834150 0.816786 0.799683 0.782836 0.766243 0.749898 0.733798 0.717939 
0.724086 0.740201 0.756572 0.773203 0.790102 0.807274 0.824723 0.842456 0.860476 0.878787 0.897394 0.916297 0.935499 0.954998 0.974794 0.994881 1.015252 1.035898 1.056804 1.077951 1.099314 1.120862 1.142554 1.164342 1.186164 1.207946 1.229600 1.251020 1.272080 1.292635 1.312518 1.331539 1.349490 1.366142 1.381256 1.394586 1.405894 1.414956 1.421580 1.425617 1.426974 1.425617 1.421580 1.414956 1.405894 1.394586 1.381256 1.366142 1.349490 1.331539 1.312518 1.292635 1.272080 1.251020 1.229600 1.207946 1.186164 1.164342 1.142554 1.120862 1.099314 1.077951 1.056804 1.035898 1.015252 0.994881 0.974794 0.954998 0.935499 0.916297 0.897394 0.878787 0.860476 0.842456 0.824723 0.807274 0.790102 0.773203 0.756572 0.740201 0.724086 
0.729925 0.746287 0.762919 0.779829 0.797025 0.814512 0.832299 0.850391 0.868796 0.887520 0.906568 0.925945 0.945655 0.965700 0.986083 1.006803 1.027855 1.049235 1.070932 1.092932 1.115214 1.137753 1.160512 1.183447 1.206500 1.229600 1.252659 1.275570 1.298201 1.320400 1.341985 1.362746 1.382446 1.400822 1.417590 1.432455 1.445123 1.455315 1.462790 1.467355 1.468891 1.467355 1.462790 1.455315 1.445123 1.432455 1.417590 1.400822 1.382446 1.362746 1.341985 1.320400 1.298201 1.275570 1.252659 1.229600 1.206500 1.183447 1.160512 1.137753 1.115214 1.092932 1.070932 1.049235 1.027855 1.006803 0.986083 0.965700 0.945655 0.925945 0.906568 0.887520 0.868796 0.850391 0.832299 0.814512 0.797025 0.779829 0.762919 0.746287 0.729925 
0.735441 0.752039 0.768923 0.786101 0.803582 0.821375 0.839488 0.857930 0.876709 0.895834 0.915313 0.935153 0.955362 0.975946 0.996909 1.018255 1.039986 1.062099 1.084591 1.107452 1.130668 1.154219 1.178075 1.202197 1.226534 1.251020 1.275570 1.300077 1.324410 1.348408 1.371876 1.394586 1.416270 1.436625 1.455315 1.471984 1.486268 1.497817 1.506319 1.511527 1.513281 1.511527 1.506319 1.497817 1.486268 1.471984 1.455315 1.436625 1.416270 1.394586 1.371876 1.348408 1.324410 1.300077 1.275570 1.251020 1.226534 1.202197 1.178075 1.154219 1.130668 1.107452 1.084591 1.062099 1.039986 1.018255 0.996909 0.975946 0.955362 0.935153 0.915313 0.895834 0.876709 0.857930 0.839488 0.821375 0.803582 0.786101 0.768923 0.752039 0.735441 
0.740618 0.757441 0.774565 0.792000 0.809755 0.827840 0.846266 0.865044 0.884184 0.903697 0.923593 0.943884 0.964579 0.985688 1.007220 1.029184 1.051584 1.074425 1.097708 1.121431 1.145588 1.170163 1.195138 1.220480 1.246147 1.272080 1.298201 1.324410 1.350575 1.376534 1.402083 1.426974 1.450909 1.473542 1.494477 1.513281 1.529504 1.542698 1.552457 1.558456 1.560480 1.558456 1.552457 1.542698 1.529504 1.513281 1.494477 1.473542 1.450909 1.426974 1.402083 1.376534 1.350575 1.324410 1.298201 1.272080 1.246147 1.220480 1.195138 1.170163 1.145588 1.121431 1.097708 1.074425 1.051584 1.029184 1.007220 0.985688 0.964579 0.943884 0.923593 0.903697 0.884184 0.865044 0.846266 0.827840 0.809755 0.792000 0.774565 0.757441 0.740618 
0.745442 0.762478 0.779829 0.797507 0.815521 0.833885 0.852610 0.871708 0.891193 0.911077 0.931374 0.952098 0.973263 0.994881 1.016965 1.039529 1.062585 1.086140 1.110205 1.134784 1.159878 1.185483 1.211587 1.238171 1.265203 1.292635 1.320400 1.348408 1.376534 1.404619 1.432455 1.459780 1.486268 1.511527 1.535094 1.556444 1.575013 1.590226 1.601547 1.608536 1.610899 1.608536 1.601547 1.590226 1.575013 1.556444 1.535094 1.511527 1.486268 1.459780 1.432455 1.404619 1.376534 1.348408 1.320400 1.292635 1.265203 1.238171 1.211587 1.185483 1.159878 1.134784 1.110205 1.086140 1.062585 1.039529 1.016965 0.994881 0.973263 0.952098 0.931374 0.911077 0.891193 0.871708 0.852610 0.833885 0.815521 0.797507 0.779829 0.762478 0.745442 
0.749898 0.767134 0.784698 0.802604 0.820862 0.839488 0.858494 0.877895 0.897706 0.917943 0.938621 0.959758 0.981370 1.003476 1.026091 1.049235 1.072924 1.097174 1.122002 1.147420 1.173439 1.200065 1.227298 1.255133 1.283550 1.312518 1.341985 1.371876 1.402083 1.432455 1.462790 1.492819 1.522195 1.550482 1.577143 1.601547 1.622985 1.640710 1.654002 1.662252 1.665051 1.662252 1.654002 1.640710 1.622985 1.601547 1.577143 1.550482 1.522195 1.492819 1.462790 1.432455 1.402083 1.371876 1.341985 1.312518 1.283550 1.255133 1.227298 1.200065 1.173439 1.147420 1.122002 1.097174 1.072924 1.049235 1.026091 1.003476 0.981370 0.959758 0.938621 0.917943 0.897706 0.877895 0.858494 0.839488 0.820862 0.802604 0.784698 0.767134 0.749898 
0.753975 0.771395 0.789157 0.807274 0.825759 0.844629 0.863897 0.883581 0.903697 0.924264 0.945300 0.966825 0.988860 1.011426 1.034545 1.058241 1.082535 1.107452 1.133014 1.159245 1.186164 1.213790 1.242137 1.271213 1.301018 1.331539 1.362746 1.394586 1.426974 1.459780 1.492819 1.525829 1.558456 1.590226 1.620531 1.648618 1.673599 1.694493 1.710318 1.720214 1.723583 1.720214 1.710318 1.694493 1.673599 1.648618 1.620531 1.590226 1.558456 1.525829 1.492819 1.459780 1.426974 1.394586 1.362746 1.331539 1.301018 1.271213 1.242137 1.213790 1.186164 1.159245 1.133014 1.107452 1.082535 1.058241 1.034545 1.011426 0.988860 0.966825 0.945300 0.924264 0.903697 0.883581 0.863897 0.844629 0.825759 0.807274 0.789157 0.771395 0.753975 
0.757659 0.775248 0.793190 0.811501 0.830194 0.849287 0.868796 0.888740 0.909138 0.930010 0.951377 0.973263 0.995691 1.018686 1.042277 1.066489 1.091353 1.116899 1.143159 1.170163 1.197945 1.226534 1.255961 1.286251 1.317423 1.349490 1.382446 1.416270 1.450909 1.486268 1.522195 1.558456 1.594707 1.630462 1.665051 1.697595 1.726990 1.751946 1.771098 1.783192 1.787333 1.783192 1.771098 1.751946 1.726990 1.697595 1.665051 1.630462 1.594707 1.558456 1.522195 1.486268 1.450909 1.416270 1.382446 1.349490 1.317423 1.286251 1.255961 1.226534 1.197945 1.170163 1.143159 1.116899 1.091353 1.066489 1.042277 1.018686 0.995691 0.973263 0.951377 0.930010 0.909138 0.888740 0.868796 0.849287 0.830194 0.811501 0.793190 0.775248 0.757659 
0.760938 0.778679 0.796784 0.815269 0.834150 0.853445 0.873172 0.893352 0.914004 0.935153 0.956822 0.979036 1.001823 1.025212 1.049235 1.073924 1.099314 1.125444 1.152352 1.180080 1.208672 1.238171 1.268625 1.300077 1.332570 1.366142 1.400822 1.436625 1.473542 1.511527 1.550482 1.590226 1.630462 1.670724 1.710318 1.748255 1.783192 1.813437 1.837062 1.852188 1.857406 1.852188 1.837062 1.813437 1.783192 1.748255 1.710318 1.670724 1.630462 1.590226 1.550482 1.511527 1.473542 1.436625 1.400822 1.366142 1.332570 1.300077 1.268625 1.238171 1.208672 1.180080 1.152352 1.125444 1.099314 1.073924 1.049235 1.025212 1.001823 0.979036 0.956822 0.935153 0.914004 0.893352 0.873172 0.853445 0.834150 0.815269 0.796784 0.778679 0.760938 
0.763803 0.781677 0.799925 0.818564 0.837611 0.857085 0.877005 0.897394 0.918273 0.939668 0.961605 0.984112 1.007220 1.030962 1.055373 1.080491 1.106356 1.133014 1.160512 1.188901 1.218236 1.248575 1.279981 1.312518 1.346253 1.381256 1.417590 1.455315 1.494477 1.535094 1.577143 1.620531 1.665051 1.710318 1.755682 1.800104 1.842019 1.879248 1.909051 1.928514 1.935304 1.928514 1.909051 1.879248 1.842019 1.800104 1.755682 1.710318 1.665051 1.620531 1.577143 1.535094 1.494477 1.455315 1.417590 1.381256 1.346253 1.312518 1.279981 1.248575 1.218236 1.188901 1.160512 1.133014 1.106356 1.080491 1.055373 1.030962 1.007220 0.984112 0.961605 0.939668 0.918273 0.897394 0.877005 0.857085 0.837611 0.818564 0.799925 0.781677 0.763803 
0.766243 0.784232 0.802604 0.821375 0.840565 0.860192 0.880279 0.900847 0.921923 0.943531 0.965700 0.988462 1.011849 1.035898 1.060648 1.086140 1.112423 1.139546 1.167564 1.196539 1.226534 1.257624 1.289885 1.323403 1.358271 1.394586 1.432455 1.471984 1.513281 1.556444 1.601547 1.648618 1.697595 1.748255 1.800104 1.852188 1.902842 1.949385 1.987960 2.013915 2.023131 2.013915 1.987960 1.949385 1.902842 1.852188 1.800104 1.748255 1.697595 1.648618 1.601547 1.556444 1.513281 1.471984 1.432455 1.394586 1.358271 1.323403 1.289885 1.257624 1.226534 1.196539 1.167564 1.139546 1.112423 1.086140 1.060648 1.035898 1.011849 0.988462 0.965700 0.943531 0.921923 0.900847 0.880279 0.860192 0.840565 0.821375 0.802604 0.784232 0.766243 
0.768251 0.786335 0.804809 0.823690 0.842998 0.862753 0.882978 0.903697 0.924935 0.946721 0.969085 0.992059 1.015680 1.039986 1.065020 1.090829 1.117463 1.144979 1.173439 1.202911 1.233471 1.265203 1.298201 1.332570 1.368424 1.405894 1.445123 1.486268 1.529504 1.575013 1.622985 1.673599 1.726990 1.783192 1.842019 1.902842 1.964193 2.023131 2.074475 2.110677 2.123917 2.110677 2.074475 2.023131 1.964193 1.902842 1.842019 1.783192 1.726990 1.673599 1.622985 1.575013 1.529504 1.486268 1.445123 1.405894 1.368424 1.332570 1.298201 1.265203 1.233471 1.202911 1.173439 1.144979 1.117463 1.090829 1.065020 1.039986 1.015680 0.992059 0.969085 0.946721 0.924935 0.903697 0.882978 0.862753 0.842998 0.823690 0.804809 0.786335 0.768251 
0.769820 0.787979 0.806533 0.825500 0.844901 0.864757 0.885091 0.905928 0.927295 0.949221 0.971738 0.994881 1.018686 1.043197 1.068457 1.094517 1.121431 1.149261 1.178075 1.207946 1.238961 1.271213 1.304809 1.339871 1.376534 1.414956 1.455315 1.497817 1.542698 1.590226 1.640710 1.694493 1.751946 1.813437 1.879248 1.949385 2.023131 2.098061 2.168150 2.221492 2.242083 2.221492 2.168150 2.098061 2.023131 1.949385 1.879248 1.813437 1.751946 1.694493 1.640710 1.590226 1.542698 1.497817 1.455315 1.414956 1.376534 1.339871 1.304809 1.271213 1.238961 1.207946 1.178075 1.149261 1.121431 1.094517 1.068457 1.043197 1.018686 0.994881 0.971738 0.949221 0.927295 0.905928 0.885091 0.864757 0.844901 0.825500 0.806533 0.787979 0.769820 
0.770944 0.789157 0.807769 0.826798 0.846266 0.866195 0.886607 0.907530 0.928989 0.951017 0.973645 0.996909 1.020849 1.045507 1.070932 1.097174 1.124293 1.152352 1.181423 1.211587 1.242935 1.275570 1.309607 1.345181 1.382446 1.421580 1.462790 1.506319 1.552457 1.601547 1.654002 1.710318 1.771098 1.837062 1.909051 1.987960 2.074475 2.168150 2.264521 2.347688 2.383431 2.347688 2.264521 2.168150 2.074475 1.987960 1.909051 1.837062 1.771098 1.710318 1.654002 1.601547 1.552457 1.506319 1.462790 1.421580 1.382446 1.345181 1.309607 1.275570 1.242935 1.211587 1.181423 1.152352 1.124293 1.097174 1.070932 1.045507 1.020849 0.996909 0.973645 0.951017 0.928989 0.907530 0.886607 0.866195 0.846266 0.826798 0.807769 0.789157 0.770944 
0.771621 0.789866 0.808512 0.827579 0.847088 0.867060 0.887520 0.908494 0.930010 0.952098 0.974794 0.998132 1.022153 1.046901 1.072425 1.098778 1.126020 1.154219 1.183447 1.213790 1.245341 1.278210 1.312518 1.348408 1.386043 1.425617 1.467355 1.511527 1.558456 1.608536 1.662252 1.720214 1.783192 1.852188 1.928514 2.013915 2.110677 2.221492 2.347688 2.478087 2.547433 2.478087 2.347688 2.221492 2.110677 2.013915 1.928514 1.852188 1.783192 1.720214 1.662252 1.608536 1.558456 1.511527 1.467355 1.425617 1.386043 1.348408 1.312518 1.278210 1.245341 1.213790 1.183447 1.154219 1.126020 1.098778 1.072425 1.046901 1.022153 0.998132 0.974794 0.952098 0.930010 0.908494 0.887520 0.867060 0.847088 0.827579 0.808512 0.789866 0.771621 
0.771846 0.790102 0.808760 0.827840 0.847362 0.867349 0.887825 0.908816 0.930350 0.952460 0.975177 0.998540 1.022588 1.047366 1.072924 1.099314 1.126598 1.154843 1.184124 1.214527 1.246147 1.279094 1.313493 1.349490 1.387251 1.426974 1.468891 1.513281 1.560480 1.610899 1.665051 1.723583 1.787333 1.857406 1.935304 2.023131 2.123917 2.242083 2.383431 2.547433 2.654049 2.547433 2.383431 2.242083 2.123917 2.023131 1.935304 1.857406 1.787333 1.723583 1.665051 1.610899 1.560480 1.513281 1.468891 1.426974 1.387251 1.349490 1.313493 1.279094 1.246147 1.214527 1.184124 1.154843 1.126598 1.099314 1.072924 1.047366 1.022588 0.998540 0.975177 0.952460 0.930350 0.908816 0.887825 0.867349 0.847362 0.827840 0.808760 0.790102 0.771846 
0.771846 0.790102 0.808760 0.827840 0.847362 0.867349 0.887825 0.908816 0.930350 0.952460 0.975177 0.998540 1.022588 1.047366 1.072924 1.099314 1.126598 1.154843 1.184124 1.214527 1.246147 1.279094 1.313493 1.349489 1.387251 1.426974 1.468891 1.513281 1.560480 1.610899 1.665051 1.723583 1.787332 1.857405 1.935304 2.023130 2.123915 2.242080 2.383427 2.547423 2.654033 2.547423 2.383427 2.242080 2.123915 2.023130 1.935304 1.857405 1.787332 1.723583 1.665051 1.610899 1.560480 1.513281 1.468891 1.426974 1.387251 1.349489 1.313493 1.279094 1.246147 1.214527 1.184124 1.154843 1.126598 1.099314 1.072924 1.047366 1.022588 0.998540 0.975177 0.952460 0.930350 0.908816 0.887825 0.867349 0.847362 0.827840 0.808760 0.790102 0.771846 
0.771846 0.790102 0.808760 0.827840 0.847362 0.867349 0.887825 0.908816 0.930350 0.952460 0.975177 0.998540 1.022588 1.047366 1.072923 1.099314 1.126598 1.154843 1.184124 1.214527 1.246147 1.279094 1.313493 1.349489 1.387250 1.426973 1.468891 1.513281 1.560479 1.610898 1.665050 1.723582 1.787331 1.857403 1.935301 2.023127 2.123911 2.242073 2.383414 2.547395 2.653983 2.547395 2.383414 2.242073 2.123911 2.023127 1.935301 1.857403 1.787331 1.723582 1.665050 1.610898 1.560479 1.513281 1.468891 1.426973 1.387250 1.349489 1.313493 1.279094 1.246147 1.214527 1.184124 1.154843 1.126598 1.099314 1.072923 1.047366 1.022588 0.998540 0.975177 0.952460 0.930350 0.908816 0.887825 0.867349 0.847362 0.827840 0.808760 0.790102 0.771846 
0.771846 0.790102 0.808760 0.827840 0.847362 0.867349 0.887825 0.908816 0.930350 0.952460 0.975177 0.998540 1.022588 1.047366 1.072924 1.099314 1.126598 1.154843 1.184124 1.214527 1.246147 1.279094 1.313493 1.349489 1.387251 1.426974 1.468891 1.513281 1.560480 1.610899 1.665051 1.723583 1.787332 1.857405 1.935303 2.023130 2.123915 2.242079 2.383425 2.547420 2.654026 2.547420 2.383425 2.242079 2.123915 2.023130 1.935303 1.857405 1.787332 1.723583 1.665051 1.610899 1.560480 1.513281 1.468891 1.426974 1.387251 1.349489 1.313493 1.279094 1.246147 1.214527 1.184124 1.154843 1.126598 1.099314 1.072924 1.047366 1.022588 0.998540 0.975177 0.952460 0.930350 0.908816 0.887825 0.867349 0.847362 0.827840 0.808760 0.790102 0.771846 
0.771846 0.790102 0.808760 0.827840 0.847362 0.867349 0.887825 0.908816 0.930350 0.952460 0.975177 0.998540 1.022588 1.047366 1.072924 1.099314 1.126598 1.154843 1.184124 1.214527 1.246147 1.279094 1.313493 1.349490 1.387251 1.426974 1.468891 1.513281 1.560480 1.610899 1.665051 1.723583 1.787333 1.857406 1.935304 2.023131 2.123917 2.242083 2.383431 2.547433 2.654049 2.547433 2.383431 2.242083 2.123917 2.023131 1.935304 1.857406 1.787333 1.723583 1.665051 1.610899 1.560480 1.513281 1.468891 1.426974 1.387251 1.349490 1.313493 1.279094 1.246147 1.214527 1.184124 1.154843 1.126598 1.099314 1.072924 1.047366 1.022588 0.998540 0.975177 0.952460 0.930350 0.908816 0.887825 0.867349 0.847362 0.827840 0.808760 0.790102 0.771846 
0.771846 0.790102 0.808760 0.827840 0.847362 0.867349 0.887825 0.908816 0.930350 0.952460 0.975177 0.998540 1.022588 1.047366 1.072924 1.099314 1.126598 1.154843 1.184124 1.214527 1.246147 1.279094 1.313493 1.349490 1.387251 1.426974 1.468891 1.513281 1.560480 1.610899 1.665051 1.723583 1.787332 1.857405 1.935304 2.023131 2.123916 2.242081 2.383428 2.547427 2.654038 2.547427 2.383428 2.242081 2.123916 2.023131 1.935304 1.857405 1.787332 1.723583 1.665051 1.610899 1.560480 1.513281 1.468891 1.426974 1.387251 1.349490 1.313493 1.279094 1.246147 1.214527 1.184124 1.154843 1.126598 1.099314 1.072924 1.047366 1.022588 0.998540 0.975177 0.952460 0.930350 0.908816 0.887825 0.867349 0.847362 0.827840 0.808760 0.790102 0.771846 
0.771846 0.790102 0.808760 0.827840 0.847362 0.867349 0.887825 0.908816 0.930350 0.952460 0.975177 0.998540 1.022588 1.047366 1.072923 1.099314 1.126598 1.154843 1.184124 1.214527 1.246147 1.279094 1.313493 1.349489 1.387250 1.426973 1.468891 1.513281 1.560479 1.610899 1.665050 1.723582 1.787331 1.857404 1.935302 2.023128 2.123912 2.242075 2.383417 2.547402 2.653995 2.547402 2.383417 2.242075 2.123912 2.023128 1.935302 1.857404 1.787331 1.723582 1.665050 1.610899 1.560479 1.513281 1.468891 1.426973 1.387250 1.349489 1.313493 1.279094 1.246147 1.214527 1.184124 1.154843 1.126598 1.099314 1.072923 1.047366 1.022588 0.998540 0.975177 0.952460 0.930350 0.908816 0.887825 0.867349 0.847362 0.827840 0.808760 0.790102 0.771846 
0.771846 0.790102 0.808760 0.827840 0.847362 0.867349 0.887825 0.908816 0.930350 0.952460 0.975177 0.998540 1.022588 1.047366 1.072924 1.099314 1.126598 1.154843 1.184124 1.214527 1.246147 1.279094 1.313493 1.349489 1.387251 1.426974 1.468891 1.513281 1.560480 1.610899 1.665050 1.723582 1.787332 1.857404 1.935303 2.023129 2.123914 2.242078 2.383423 2.547415 2.654018 2.547415 2.383423 2.242078 2.123914 2.023129 1.935303 1.857404 1.787332 1.723582 1.665050 1.610899 1.560480 1.513281 1.468891 1.426974 1.387251 1.349489 1.313493 1.279094 1.246147 1.214527 1.184124 1.154843 1.126598 1.099314 1.072924 1.047366 1.022588 0.998540 0.975177 0.952460 0.930350 0.908816 0.887825 0.867349 0.847362 0.827840 0.808760 0.790102 0.771846 
0.771846 0.790102 0.808760 0.827840 0.847362 0.867348 0.887824 0.908815 0.930350 0.952459 0.975177 0.998539 1.022587 1.047366 1.072923 1.099313 1.126597 1.154842 1.184123 1.214526 1.246146 1.279093 1.313492 1.349488 1.387249 1.426972 1.468889 1.513278 1.560477 1.610895 1.665046 1.723577 1.787326 1.857397 1.935293 2.023115 2.123894 2.242047 2.383366 2.547295 2.653809 2.547295 2.383366 2.242047 2.123894 2.023115 1.935293 1.857397 1.787326 1.723577 1.665046 1.610895 1.560477 1.513278 1.468889 1.426972 1.387249 1.349488 1.313492 1.279093 1.246146 1.214526 1.184123 1.154842 1.126597 1.099313 1.072923 1.047366 1.022587 0.998539 0.975177 0.952459 0.930350 0.908815 0.887824 0.867348 0.847362 0.827840 0.808760 0.790102 0.771846 
0.771602 0.789846 0.808491 0.827558 0.847065 0.867036 0.887494 0.908467 0.929981 0.952068 0.974761 0.998097 1.022116 1.046862 1.072383 1.098733 1.125972 1.154166 1.183391 1.213728 1.245274 1.278136 1.312436 1.348317 1.385943 1.425504 1.467227 1.511381 1.558287 1.608339 1.662019 1.719933 1.782848 1.851755 1.927953 2.013158 2.109598 2.219842 2.344930 2.473196 2.540656 2.473196 2.344930 2.219842 2.109598 2.013158 1.927953 1.851755 1.782848 1.719933 1.662019 1.608339 1.558287 1.511381 1.467227 1.425504 1.385943 1.348317 1.312436 1.278136 1.245274 1.213728 1.183391 1.154166 1.125972 1.098733 1.072383 1.046862 1.022116 0.998097 0.974761 0.952068 0.929981 0.908467 0.887494 0.867036 0.847065 0.827558 0.808491 0.789846 0.771602 
0.770907 0.789118 0.807728 0.826755 0.846221 0.866147 0.886557 0.907476 0.928933 0.950957 0.973581 0.996842 1.020777 1.045431 1.070850 1.097086 1.124198 1.152249 1.181312 1.211466 1.242803 1.275424 1.309447 1.345004 1.382249 1.421358 1.462539 1.506034 1.552129 1.601166 1.653552 1.709781 1.770444 1.836249 1.908013 1.986594 2.072610 2.165502 2.260660 2.342259 2.377115 2.342259 2.260660 2.165502 2.072610 1.986594 1.908013 1.836249 1.770444 1.709781 1.653552 1.601166 1.552129 1.506034 1.462539 1.421358 1.382249 1.345004 1.309447 1.275424 1.242803 1.211466 1.181312 1.152249 1.124198 1.097086 1.070850 1.045431 1.020777 0.996842 0.973581 0.950957 0.928933 0.907476 0.886557 0.866147 0.846221 0.826755 0.807728 0.789118 0.770907 
0.769764 0.787921 0.806472 0.825436 0.844834 0.864686 0.885016 0.905849 0.927211 0.949132 0.971644 0.994780 1.018580 1.043083 1.068335 1.094386 1.121290 1.149109 1.177910 1.207767 1.238765 1.270999 1.304573 1.339610 1.376244 1.414631 1.454949 1.497402 1.542222 1.589675 1.640066 1.693730 1.751028 1.812313 1.877847 1.947603 2.020820 2.095026 2.164201 2.216641 2.236823 2.216641 2.164201 2.095026 2.020820 1.947603 1.877847 1.812313 1.751028 1.693730 1.640066 1.589675 1.542222 1.497402 1.454949 1.414631 1.376244 1.339610 1.304573 1.270999 1.238765 1.207767 1.177910 1.149109 1.121290 1.094386 1.068335 1.043083 1.018580 0.994780 0.971644 0.949132 0.927211 0.905849 0.885016 0.864686 0.844834 0.825436 0.806472 0.787921 0.769764 
0.768177 0.786258 0.804728 0.823605 0.842908 0.862659 0.882879 0.903592 0.924824 0.946604 0.968960 0.991927 1.015539 1.039835 1.064859 1.090656 1.117277 1.144778 1.173222 1.202675 1.233214 1.264923 1.297893 1.332230 1.368047 1.405473 1.444650 1.485734 1.528895 1.574314 1.622174 1.672648 1.725862 1.781839 1.840376 1.900824 1.961699 2.020059 2.070777 2.106451 2.119478 2.106451 2.070777 2.020059 1.961699 1.900824 1.840376 1.781839 1.725862 1.672648 1.622174 1.574314 1.528895 1.485734 1.444650 1.405473 1.368047 1.332230 1.297893 1.264923 1.233214 1.202675 1.173222 1.144778 1.117277 1.090656 1.064859 1.039835 1.015539 0.991927 0.968960 0.946604 0.924824 0.903592 0.882879 0.862659 0.842908 0.823605 0.804728 0.786258 0.768177 
0.766151 0.784136 0.802503 0.821269 0.840454 0.860075 0.880156 0.900718 0.921785 0.943386 0.965546 0.988298 1.011675 1.035712 1.060449 1.085927 1.112194 1.139299 1.167298 1.196250 1.226220 1.257281 1.289509 1.322989 1.357813 1.394078 1.431887 1.471345 1.512558 1.555619 1.600600 1.647521 1.696314 1.746748 1.798319 1.850066 1.900324 1.946429 1.984578 2.010208 2.019300 2.010208 1.984578 1.946429 1.900324 1.850066 1.798319 1.746748 1.696314 1.647521 1.600600 1.555619 1.512558 1.471345 1.431887 1.394078 1.357813 1.322989 1.289509 1.257281 1.226220 1.196250 1.167298 1.139299 1.112194 1.085927 1.060449 1.035712 1.011675 0.988298 0.965546 0.943386 0.921785 0.900718 0.880156 0.860075 0.840454 0.821269 0.802503 0.784136 0.766151 
0.763693 0.781563 0.799806 0.818439 0.837479 0.856946 0.876859 0.897239 0.918110 0.939496 0.961422 0.983918 1.007014 1.030742 1.055138 1.080239 1.106086 1.132724 1.160199 1.188562 1.217868 1.248174 1.279543 1.312037 1.345724 1.380669 1.416938 1.454586 1.493657 1.534167 1.576090 1.619327 1.663666 1.708720 1.753832 1.797964 1.839561 1.876463 1.905969 1.925220 1.931932 1.925220 1.905969 1.876463 1.839561 1.797964 1.753832 1.708720 1.663666 1.619327 1.576090 1.534167 1.493657 1.454586 1.416938 1.380669 1.345724 1.312037 1.279543 1.248174 1.217868 1.188562 1.160199 1.132724 1.106086 1.080239 1.055138 1.030742 1.007014 0.983918 0.961422 0.939496 0.918110 0.897239 0.876859 0.856946 0.837479 0.818439 0.799806 0.781563 0.763693 
0.760812 0.778546 0.796645 0.815123 0.833997 0.853284 0.873003 0.893174 0.913816 0.934954 0.956611 0.978813 1.001586 1.024960 1.048965 1.073635 1.099005 1.125112 1.151995 1.179694 1.208254 1.237718 1.268130 1.299536 1.331976 1.365488 1.400098 1.435821 1.472644 1.510521 1.549350 1.588948 1.629013 1.669080 1.708455 1.746150 1.780834 1.810832 1.834245 1.849225 1.854390 1.849225 1.834245 1.810832 1.780834 1.746150 1.708455 1.669080 1.629013 1.588948 1.549350 1.510521 1.472644 1.435821 1.400098 1.365488 1.331976 1.299536 1.268130 1.237718 1.208254 1.179694 1.151995 1.125112 1.099005 1.073635 1.048965 1.024960 1.001586 0.978813 0.956611 0.934954 0.913816 0.893174 0.873003 0.853284 0.833997 0.815123 0.796645 0.778546 0.760812 
0.757515 0.775098 0.793033 0.811336 0.830022 0.849106 0.868606 0.888539 0.908926 0.929786 0.951140 0.973012 0.995424 1.018403 1.041974 1.066167 1.091008 1.116529 1.142761 1.169735 1.197482 1.226033 1.255416 1.285657 1.316774 1.348777 1.381663 1.415405 1.449951 1.485204 1.521009 1.557131 1.593227 1.628807 1.663208 1.695551 1.724745 1.749514 1.768509 1.780499 1.784603 1.780499 1.768509 1.749514 1.724745 1.695551 1.663208 1.628807 1.593227 1.557131 1.521009 1.485204 1.449951 1.415405 1.381663 1.348777 1.316774 1.285657 1.255416 1.226033 1.197482 1.169735 1.142761 1.116529 1.091008 1.066167 1.041974 1.018403 0.995424 0.973012 0.951140 0.929786 0.908926 0.888539 0.868606 0.849106 0.830022 0.811336 0.793033 0.775098 0.757515 
0.753815 0.771228 0.788983 0.807091 0.825568 0.844427 0.863685 0.883358 0.903462 0.924016 0.945038 0.966547 0.988566 1.011113 1.034213 1.057886 1.082156 1.107046 1.132579 1.158777 1.185660 1.213245 1.241547 1.270573 1.300321 1.330779 1.361914 1.393673 1.425970 1.458673 1.491598 1.524480 1.556967 1.588584 1.618728 1.646650 1.671469 1.692218 1.707926 1.717744 1.721087 1.717744 1.707926 1.692218 1.671469 1.646650 1.618728 1.588584 1.556967 1.524480 1.491598 1.458673 1.425970 1.393673 1.361914 1.330779 1.300321 1.270573 1.241547 1.213245 1.185660 1.158777 1.132579 1.107046 1.082156 1.057886 1.034213 1.011113 0.988566 0.966547 0.945038 0.924016 0.903462 0.883358 0.863685 0.844427 0.825568 0.807091 0.788983 0.771228 0.753815 
0.749723 0.766951 0.784507 0.802403 0.820652 0.839267 0.858262 0.877651 0.897449 0.917672 0.938335 0.959455 0.981050 1.003135 1.025730 1.048850 1.072514 1.096736 1.121533 1.146917 1.172898 1.199483 1.226670 1.254454 1.282814 1.311718 1.341115 1.370927 1.401046 1.431322 1.461550 1.491462 1.520714 1.548868 1.575392 1.599659 1.620967 1.638578 1.651779 1.659971 1.662749 1.659971 1.651779 1.638578 1.620967 1.599659 1.575392 1.548868 1.520714 1.491462 1.461550 1.431322 1.401046 1.370927 1.341115 1.311718 1.282814 1.254454 1.226670 1.199483 1.172898 1.146917 1.121533 1.096736 1.072514 1.048850 1.025730 1.003135 0.981050 0.959455 0.938335 0.917672 0.897449 0.877651 0.858262 0.839267 0.820652 0.802403 0.784507 0.766951 0.749723 
0.745251 0.762279 0.779621 0.797289 0.815293 0.833646 0.852358 0.871444 0.890915 0.910784 0.931066 0.951772 0.972918 0.994515 1.016578 1.039117 1.062146 1.085673 1.109706 1.134250 1.159306 1.184868 1.210926 1.237459 1.264435 1.291804 1.319501 1.347432 1.375476 1.403471 1.431209 1.458429 1.484806 1.509950 1.533400 1.554637 1.573100 1.588221 1.599471 1.606415 1.608763 1.606415 1.599471 1.588221 1.573100 1.554637 1.533400 1.509950 1.484806 1.458429 1.431209 1.403471 1.375476 1.347432 1.319501 1.291804 1.264435 1.237459 1.210926 1.184868 1.159306 1.134250 1.109706 1.085673 1.062146 1.039117 1.016578 0.994515 0.972918 0.951772 0.931066 0.910784 0.890915 0.871444 0.852358 0.833646 0.815293 0.797289 0.779621 0.762279 0.745251 
0.740412 0.757226 0.774341 0.791765 0.809509 0.827583 0.845997 0.864761 0.883887 0.903384 0.923263 0.943536 0.964211 0.985299 1.006808 1.028746 1.051119 1.073931 1.097182 1.120870 1.144988 1.169521 1.194449 1.219741 1.245353 1.271225 1.297281 1.323417 1.349505 1.375380 1.400840 1.425637 1.449474 1.472006 1.492842 1.511552 1.527688 1.540807 1.550510 1.556473 1.558485 1.556473 1.550510 1.540807 1.527688 1.511552 1.492842 1.472006 1.449474 1.425637 1.400840 1.375380 1.349505 1.323417 1.297281 1.271225 1.245353 1.219741 1.194449 1.169521 1.144988 1.120870 1.097182 1.073931 1.051119 1.028746 1.006808 0.985299 0.964211 0.943536 0.923263 0.903384 0.883887 0.864761 0.845997 0.827583 0.809509 0.791765 0.774341 0.757226 0.740412 
0.735221 0.751810 0.768683 0.785851 0.803321 0.821101 0.839201 0.857629 0.876393 0.895502 0.914963 0.934785 0.954973 0.975535 0.996475 1.017796 1.039499 1.061582 1.084041 1.106867 1.130044 1.153553 1.177364 1.201437 1.225720 1.250148 1.274635 1.299074 1.323335 1.347256 1.370644 1.393269 1.414867 1.435135 1.453740 1.470329 1.484541 1.496030 1.504485 1.509664 1.511409 1.509664 1.504485 1.496030 1.484541 1.470329 1.453740 1.435135 1.414867 1.393269 1.370644 1.347256 1.323335 1.299074 1.274635 1.250148 1.225720 1.201437 1.177364 1.153553 1.130044 1.106867 1.084041 1.061582 1.039499 1.017796 0.996475 0.975535 0.954973 0.934785 0.914963 0.895502 0.876393 0.857629 0.839201 0.821101 0.803321 0.785851 0.768683 0.751810 0.735221 
0.729692 0.746043 0.762665 0.779564 0.796748 0.814223 0.831996 0.850074 0.868463 0.887170 0.906200 0.925557 0.945247 0.965270 0.985629 1.006323 1.027347 1.048697 1.070361 1.092326 1.114571 1.137068 1.159783 1.182670 1.205672 1.228716 1.251716 1.274563 1.297128 1.319256 1.340768 1.361454 1.381078 1.399378 1.416073 1.430870 1.443478 1.453620 1.461056 1.465598 1.467126 1.465598 1.461056 1.453620 1.443478 1.430870 1.416073 1.399378 1.381078 1.361454 1.340768 1.319256 1.297128 1.274563 1.251716 1.228716 1.205672 1.182670 1.159783 1.137068 1.114571 1.092326 1.070361 1.048697 1.027347 1.006323 0.985629 0.965270 0.945247 0.925557 0.906200 0.887170 0.868463 0.850074 0.831996 0.814223 0.796748 0.779564 0.762665 0.746043 0.729692 
0.723840 0.739945 0.756304 0.772924 0.789811 0.806969 0.824405 0.842122 0.860126 0.878421 0.897009 0.915892 0.935073 0.954550 0.974321 0.994383 1.014726 1.035342 1.056216 1.077328 1.098654 1.120161 1.141811 1.163552 1.185325 1.207055 1.228653 1.250014 1.271012 1.291503 1.311320 1.330274 1.348157 1.364744 1.379795 1.393068 1.404324 1.413344 1.419936 1.423954 1.425304 1.423954 1.419936 1.413344 1.404324 1.393068 1.379795 1.364744 1.348157 1.330274 1.311320 1.291503 1.271012 1.250014 1.228653 1.207055 1.185325 1.163552 1.141811 1.120161 1.098654 1.077328 1.056216 1.035342 1.014726 0.994383 0.974321 0.954550 0.935073 0.915892 0.897009 0.878421 0.860126 0.842122 0.824405 0.806969 0.789811 0.772924 0.756304 0.739945 0.723840 
0.717680 0.733529 0.749618 0.765951 0.782531 0.799364 0.816453 0.833802 0.851412 0.869286 0.887424 0.905828 0.924494 0.943420 0.962601 0.982029 1.001694 1.021581 1.041673 1.061947 1.082374 1.102919 1.123539 1.144181 1.164782 1.185269 1.205554 1.225533 1.245089 1.264086 1.282374 1.299782 1.316128 1.331216 1.344846 1.356813 1.366923 1.374997 1.380883 1.384463 1.385665 1.384463 1.380883 1.374997 1.366923 1.356813 1.344846 1.331216 1.316128 1.299782 1.282374 1.264086 1.245089 1.225533 1.205554 1.185269 1.164782 1.144181 1.123539 1.102919 1.082374 1.061947 1.041673 1.021581 1.001694 0.982029 0.962601 0.943420 0.924494 0.905828 0.887424 0.869286 0.851412 0.833802 0.816453 0.799364 0.782531 0.765951 0.749618 0.733529 0.717680 
0.711228 0.726814 0.742625 0.758662 0.774930 0.791430 0.808166 0.825139 0.842349 0.859796 0.877481 0.895400 0.913549 0.931923 0.950515 0.969313 0.988305 1.007473 1.026798 1.046252 1.065805 1.085419 1.105048 1.124640 1.144131 1.163447 1.182504 1.201203 1.219434 1.237072 1.253980 1.270006 1.284992 1.298767 1.311160 1.322003 1.331132 1.338402 1.343691 1.346903 1.347980 1.346903 1.343691 1.338402 1.331132 1.322003 1.311160 1.298767 1.284992 1.270006 1.253980 1.237072 1.219434 1.201203 1.182504 1.163447 1.144131 1.124640 1.105048 1.085419 1.065805 1.046252 1.026798 1.007473 0.988305 0.969313 0.950515 0.931923 0.913549 0.895400 0.877481 0.859796 0.842349 0.825139 0.808166 0.791430 0.774930 0.758662 0.742625 0.726814 0.711228 
0.704499 0.719817 0.735342 0.751079 0.767027 0.783190 0.799567 0.816159 0.832965 0.849983 0.867211 0.884644 0.902277 0.920101 0.938107 0.956282 0.974610 0.993073 1.011647 1.030304 1.049011 1.067729 1.086411 1.105004 1.123445 1.141662 1.159575 1.177091 1.194106 1.210507 1.226170 1.240960 1.254738 1.267357 1.278671 1.288538 1.296822 1.303404 1.308182 1.311081 1.312053 1.311081 1.308182 1.303404 1.296822 1.288538 1.278671 1.267357 1.254738 1.240960 1.226170 1.210507 1.194106 1.177091 1.159575 1.141662 1.123445 1.105004 1.086411 1.067729 1.049011 1.030304 1.011647 0.993073 0.974610 0.956282 0.938107 0.920101 0.902277 0.884644 0.867211 0.849983 0.832965 0.816159 0.799567 0.783190 0.767027 0.751079 0.735342 0.719817 0.704499 
0.697509 0.712553 0.727789 0.743219 0.758845 0.774665 0.790680 0.806888 0.823288 0.839875 0.856646 0.873595 0.890713 0.907992 0.925419 0.942981 0.960658 0.978431 0.996275 1.014160 1.032052 1.049910 1.067688 1.085334 1.102786 1.119975 1.136824 1.153247 1.169148 1.184423 1.198961 1.212643 1.225346 1.236943 1.247311 1.256326 1.263878 1.269865 1.274205 1.276834 1.277715 1.276834 1.274205 1.269865 1.263878 1.256326 1.247311 1.236943 1.225346 1.212643 1.198961 1.184423 1.169148 1.153247 1.136824 1.119975 1.102786 1.085334 1.067688 1.049910 1.032052 1.014160 0.996275 0.978431 0.960658 0.942981 0.925419 0.907992 0.890713 0.873595 0.856646 0.839875 0.823288 0.806888 0.790680 0.774665 0.758845 0.743219 0.727789 0.712553 0.697509 
0.690273 0.705039 0.719982 0.735103 0.750402 0.765878 0.781528 0.797352 0.813344 0.829502 0.845818 0.862285 0.878894 0.895634 0.912492 0.929451 0.946493 0.963594 0.980730 0.997870 1.014978 1.032015 1.048934 1.065684 1.082206 1.098434 1.114295 1.129709 1.144589 1.158839 1.172360 1.185046 1.196790 1.207482 1.217014 1.225283 1.232195 1.237666 1.241625 1.244023 1.244825 1.244023 1.241625 1.237666 1.232195 1.225283 1.217014 1.207482 1.196790 1.185046 1.172360 1.158839 1.144589 1.129709 1.114295 1.098434 1.082206 1.065684 1.048934 1.032015 1.014978 0.997870 0.980730 0.963594 0.946493 0.929451 0.912492 0.895634 0.878894 0.862285 0.845818 0.829502 0.813344 0.797352 0.781528 0.765878 0.750402 0.735103 0.719982 0.705039 0.690273 
0.682807 0.697292 0.711939 0.726748 0.741719 0.756849 0.772135 0.787573 0.803160 0.818889 0.834754 0.850744 0.866851 0.883061 0.899360 0.915731 0.932153 0.948604 0.965056 0.981478 0.997836 1.014090 1.030195 1.046100 1.061749 1.077079 1.092024 1.106507 1.120450 1.133766 1.146366 1.158156 1.169041 1.178926 1.187719 1.195331 1.201681 1.206700 1.210328 1.212523 1.213257 1.212523 1.210328 1.206700 1.201681 1.195331 1.187719 1.178926 1.169041 1.158156 1.146366 1.133766 1.120450 1.106507 1.092024 1.077079 1.061749 1.046100 1.030195 1.014090 0.997836 0.981478 0.965056 0.948604 0.932153 0.915731 0.899360 0.883061 0.866851 0.850744 0.834754 0.818889 0.803160 0.787573 0.772135 0.756849 0.741719 0.726748 0.711939 0.697292 0.682807 
0.675126 0.689327 0.703677 0.718174 0.732815 0.747599 0.762521 0.777576 0.792760 0.808065 0.823482 0.839003 0.854615 0.870306 0.886059 0.901856 0.917677 0.933498 0.949291 0.965025 0.980666 0.996175 1.011508 1.026617 1.041448 1.055942 1.070036 1.083661 1.096745 1.109209 1.120972 1.131953 1.142068 1.151233 1.159368 1.166397 1.172252 1.176873 1.180210 1.182227 1.182902 1.182227 1.180210 1.176873 1.172252 1.166397 1.159368 1.151233 1.142068 1.131953 1.120972 1.109209 1.096745 1.083661 1.070036 1.055942 1.041448 1.026617 1.011508 0.996175 0.980666 0.965025 0.949291 0.933498 0.917677 0.901856 0.886059 0.870306 0.854615 0.839003 0.823482 0.808065 0.792760 0.777576 0.762521 0.747599 0.732815 0.718174 0.703677 0.689327 0.675126 
0.667244 0.681161 0.695212 0.709396 0.723709 0.738147 0.752707 0.767382 0.782166 0.797052 0.812029 0.827088 0.842215 0.857398 0.872619 0.887859 0.903097 0.918310 0.933469 0.948545 0.963503 0.978304 0.992908 1.007267 1.021332 1.035046 1.048352 1.061185 1.073479 1.085165 1.096169 1.106418 1.115838 1.124357 1.131905 1.138417 1.143832 1.148101 1.151182 1.153043 1.153665 1.153043 1.151182 1.148101 1.143832 1.138417 1.131905 1.124357 1.115838 1.106418 1.096169 1.085165 1.073479 1.061185 1.048352 1.035046 1.021332 1.007267 0.992908 0.978304 0.963503 0.948545 0.933469 0.918310 0.903097 0.887859 0.872619 0.857398 0.842215 0.827088 0.812029 0.797052 0.782166 0.767382 0.752707 0.738147 0.723709 0.709396 0.695212 0.681161 0.667244 
0.659175 0.672808 0.686561 0.700433 0.714418 0.728514 0.742714 0.757013 0.771402 0.785874 0.800418 0.815024 0.829678 0.844365 0.859068 0.873768 0.888444 0.903071 0.917623 0.932069 0.946376 0.960507 0.974422 0.988077 1.001424 1.014411 1.026985 1.039087 1.050656 1.061629 1.071941 1.081527 1.090321 1.098259 1.105281 1.111329 1.116354 1.120310 1.123163 1.124885 1.125461 1.124885 1.123163 1.120310 1.116354 1.111329 1.105281 1.098259 1.090321 1.081527 1.071941 1.061629 1.050656 1.039087 1.026985 1.014411 1.001424 0.988077 0.974422 0.960507 0.946376 0.932069 0.917623 0.903071 0.888444 0.873768 0.859068 0.844365 0.829678 0.815024 0.800418 0.785874 0.771402 0.757013 0.742714 0.728514 0.714418 0.700433 0.686561 0.672808 0.659175 
0.650935 0.664283 0.677739 0.691300 0.704961 0.718716 0.732561 0.746487 0.760488 0.774553 0.788673 0.802835 0.817027 0.831231 0.845432 0.859611 0.873744 0.887809 0.901778 0.915623 0.929312 0.942807 0.956072 0.969065 0.981741 0.994051 1.005946 1.017373 1.028274 1.038595 1.048275 1.057257 1.065484 1.072898 1.079446 1.085080 1.089755 1.093432 1.096081 1.097680 1.098215 1.097680 1.096081 1.093432 1.089755 1.085080 1.079446 1.072898 1.065484 1.057257 1.048275 1.038595 1.028274 1.017373 1.005946 0.994051 0.981741 0.969065 0.956072 0.942807 0.929312 0.915623 0.901778 0.887809 0.873744 0.859611 0.845432 0.831231 0.817027 0.802835 0.788673 0.774553 0.760488 0.746487 0.732561 0.718716 0.704961 0.691300 0.677739 0.664283 0.650935 
0.642536 0.655601 0.668762 0.682014 0.695352 0.708771 0.722265 0.735825 0.749443 0.763110 0.776814 0.790544 0.804285 0.818021 0.831736 0.845410 0.859021 0.872547 0.885959 0.899232 0.912332 0.925226 0.937879 0.950249 0.962297 0.973976 0.985241 0.996042 1.006329 1.016050 1.025154 1.033586 1.041297 1.048237 1.054358 1.059618 1.063979 1.067406 1.069874 1.071362 1.071860 1.071362 1.069874 1.067406 1.063979 1.059618 1.054358 1.048237 1.041297 1.033586 1.025154 1.016050 1.006329 0.996042 0.985241 0.973976 0.962297 0.950249 0.937879 0.925226 0.912332 0.899232 0.885959 0.872547 0.859021 0.845410 0.831736 0.818021 0.804285 0.790544 0.776814 0.763110 0.749443 0.735825 0.722265 0.708771 0.695352 0.682014 0.668762 0.655601 0.642536 
0.633991 0.646775 0.659643 0.672589 0.685609 0.698696 0.711844 0.725043 0.738287 0.751563 0.764862 0.778170 0.791473 0.804756 0.818001 0.831188 0.844298 0.857305 0.870187 0.882913 0.895456 0.907781 0.919856 0.931643 0.943102 0.954193 0.964872 0.975094 0.984814 0.993985 1.002559 1.010490 1.017732 1.024241 1.029976 1.034898 1.038975 1.042177 1.044482 1.045871 1.046335 1.045871 1.044482 1.042177 1.038975 1.034898 1.029976 1.024241 1.017732 1.010490 1.002559 0.993985 0.984814 0.975094 0.964872 0.954193 0.943102 0.931643 0.919856 0.907781 0.895456 0.882913 0.870187 0.857305 0.844298 0.831188 0.818001 0.804756 0.791473 0.778170 0.764862 0.751563 0.738287 0.725043 0.711844 0.698696 0.685609 0.672589 0.659643 0.646775 0.633991 
0.625313 0.637819 0.650396 0.663040 0.675746 0.688506 0.701313 0.714159 0.727036 0.739931 0.752834 0.765732 0.778610 0.791454 0.804245 0.816964 0.829592 0.842104 0.854478 0.866685 0.878699 0.890487 0.902017 0.913255 0.924164 0.934705 0.944840 0.954526 0.963722 0.972386 0.980475 0.987946 0.994760 1.000877 1.006261 1.010878 1.014698 1.017697 1.019854 1.021154 1.021588 1.021154 1.019854 1.017697 1.014698 1.010878 1.006261 1.000877 0.994760 0.987946 0.980475 0.972386 0.963722 0.954526 0.944840 0.934705 0.924164 0.913255 0.902017 0.890487 0.878699 0.866685 0.854478 0.842104 0.829592 0.816964 0.804245 0.791454 0.778610 0.765732 0.752834 0.739931 0.727036 0.714159 0.701313 0.688506 0.675746 0.663040 0.650396 0.637819 0.625313 
0.616515 0.628744 0.641034 0.653380 0.665776 0.678215 0.690688 0.703189 0.715706 0.728229 0.740747 0.753247 0.765714 0.778132 0.790486 0.802755 0.814921 0.826960 0.838849 0.850563 0.862074 0.873354 0.884371 0.895094 0.905487 0.915516 0.925144 0.934332 0.943044 0.951240 0.958882 0.965933 0.972355 0.978114 0.983178 0.987517 0.991104 0.993919 0.995942 0.997162 0.997569 0.997162 0.995942 0.993919 0.991104 0.987517 0.983178 0.978114 0.972355 0.965933 0.958882 0.951240 0.943044 0.934332 0.925144 0.915516 0.905487 0.895094 0.884371 0.873354 0.862074 0.850563 0.838849 0.826960 0.814921 0.802755 0.790486 0.778132 0.765714 0.753247 0.740747 0.728229 0.715706 0.703189 0.690688 0.678215 0.665776 0.653380 0.641034 0.628744 0.616515 
0.607607 0.619563 0.631570 0.643623 0.655714 0.667837 0.679984 0.692145 0.704312 0.716473 0.728617 0.740730 0.752799 0.764807 0.776739 0.788576 0.800299 0.811885 0.823313 0.834558 0.845594 0.856393 0.866927 0.877165 0.887075 0.896625 0.905780 0.914507 0.922770 0.930534 0.937765 0.944428 0.950491 0.955923 0.960695 0.964780 0.968156 0.970803 0.972705 0.973851 0.974233 0.973851 0.972705 0.970803 0.968156 0.964780 0.960695 0.955923 0.950491 0.944428 0.937765 0.930534 0.922770 0.914507 0.905780 0.896625 0.887075 0.877165 0.866927 0.856393 0.845594 0.834558 0.823313 0.811885 0.800299 0.788576 0.776739 0.764807 0.752799 0.740730 0.728617 0.716473 0.704312 0.692145 0.679984 0.667837 0.655714 0.643623 0.631570 0.619563 0.607607 
0.598600 0.610287 0.622016 0.633780 0.645572 0.657386 0.669212 0.681043 0.692868 0.704677 0.716457 0.728196 0.739880 0.751493 0.763020 0.774441 0.785740 0.796894 0.807882 0.818680 0.829265 0.839611 0.849689 0.859471 0.868929 0.878031 0.886746 0.895043 0.902889 0.910254 0.917105 0.923411 0.929144 0.934276 0.938780 0.942634 0.945817 0.948310 0.950102 0.951181 0.951541 0.951181 0.950102 0.948310 0.945817 0.942634 0.938780 0.934276 0.929144 0.923411 0.917105 0.910254 0.902889 0.895043 0.886746 0.878031 0.868929 0.859471 0.849689 0.839611 0.829265 0.818680 0.807882 0.796894 0.785740 0.774441 0.763020 0.751493 0.739880 0.728196 0.716457 0.704677 0.692868 0.681043 0.669212 0.657386 0.645572 0.633780 0.622016 0.610287 0.598600 
0.589506 0.600928 0.612382 0.623862 0.635361 0.646872 0.658386 0.669894 0.681387 0.692853 0.704281 0.715657 0.726969 0.738202 0.749338 0.760362 0.771254 0.781995 0.792564 0.802940 0.813097 0.823013 0.832661 0.842016 0.851048 0.859731 0.868035 0.875932 0.883392 0.890386 0.896886 0.902863 0.908292 0.913148 0.917407 0.921048 0.924054 0.926408 0.928098 0.929116 0.929456 0.929116 0.928098 0.926408 0.924054 0.921048 0.917407 0.913148 0.908292 0.902863 0.896886 0.890386 0.883392 0.875932 0.868035 0.859731 0.851048 0.842016 0.832661 0.823013 0.813097 0.802940 0.792564 0.781995 0.771254 0.760362 0.749338 0.738202 0.726969 0.715657 0.704281 0.692853 0.681387 0.669894 0.658386 0.646872 0.635361 0.623862 0.612382 0.600928 0.589506 
0.580333 0.591495 0.602679 0.613881 0.625094 0.636308 0.647517 0.658711 0.669880 0.681014 0.692100 0.703126 0.714080 0.724945 0.735707 0.746348 0.756852 0.767199 0.777370 0.787342 0.797095 0.806605 0.815848 0.824799 0.833433 0.841723 0.849643 0.857167 0.864267 0.870917 0.877092 0.882765 0.887914 0.892515 0.896548 0.899994 0.902837 0.905063 0.906661 0.907623 0.907945 0.907623 0.906661 0.905063 0.902837 0.899994 0.896548 0.892515 0.887914 0.882765 0.877092 0.870917 0.864267 0.857167 0.849643 0.841723 0.833433 0.824799 0.815848 0.806605 0.797095 0.787342 0.777370 0.767199 0.756852 0.746348 0.735707 0.724945 0.714080 0.703126 0.692100 0.681014 0.669880 0.658711 0.647517 0.636308 0.625094 0.613881 0.602679 0.591495 0.580333 
0.571092 0.581997 0.592918 0.603847 0.614779 0.625704 0.636616 0.647504 0.658358 0.669169 0.679925 0.690613 0.701220 0.711732 0.722134 0.732410 0.742542 0.752513 0.762304 0.771894 0.781263 0.790389 0.799249 0.807821 0.816080 0.824002 0.831564 0.838739 0.845504 0.851835 0.857707 0.863099 0.867988 0.872354 0.876179 0.879446 0.882139 0.884247 0.885760 0.886671 0.886975 0.886671 0.885760 0.884247 0.882139 0.879446 0.876179 0.872354 0.867988 0.863099 0.857707 0.851835 0.845504 0.838739 0.831564 0.824002 0.816080 0.807821 0.799249 0.790389 0.781263 0.771894 0.762304 0.752513 0.742542 0.732410 0.722134 0.711732 0.701220 0.690613 0.679925 0.669169 0.658358 0.647504 0.636616 0.625704 0.614779 0.603847 0.592918 0.581997 0.571092 
0.561792 0.572445 0.583107 0.593770 0.604427 0.615070 0.625692 0.636282 0.646832 0.657330 0.667766 0.678127 0.688401 0.698573 0.708630 0.718554 0.728332 0.737944 0.747373 0.756599 0.765604 0.774367 0.782866 0.791080 0.798987 0.806564 0.813789 0.820639 0.827092 0.833125 0.838717 0.843847 0.848496 0.852645 0.856278 0.859378 0.861934 0.863934 0.865368 0.866232 0.866520 0.866232 0.865368 0.863934 0.861934 0.859378 0.856278 0.852645 0.848496 0.843847 0.838717 0.833125 0.827092 0.820639 0.813789 0.806564 0.798987 0.791080 0.782866 0.774367 0.765604 0.756599 0.747373 0.737944 0.728332 0.718554 0.708630 0.698573 0.688401 0.678127 0.667766 0.657330 0.646832 0.636282 0.625692 0.615070 0.604427 0.593770 0.583107 0.572445 0.561792 
0.552440 0.562847 0.573255 0.583657 0.594046 0.604415 0.614754 0.625055 0.635309 0.645505 0.655631 0.665677 0.675629 0.685475 0.695200 0.704789 0.714226 0.723496 0.732581 0.741462 0.750122 0.758540 0.766698 0.774576 0.782151 0.789404 0.796314 0.802859 0.809020 0.814776 0.820107 0.824994 0.829420 0.833368 0.836822 0.839769 0.842198 0.844097 0.845459 0.846279 0.846553 0.846279 0.845459 0.844097 0.842198 0.839769 0.836822 0.833368 0.829420 0.824994 0.820107 0.814776 0.809020 0.802859 0.796314 0.789404 0.782151 0.774576 0.766698 0.758540 0.750122 0.741462 0.732581 0.723496 0.714226 0.704789 0.695200 0.685475 0.675629 0.665677 0.655631 0.645505 0.635309 0.625055 0.614754 0.604415 0.594046 0.583657 0.573255 0.562847 0.552440 
