81 81
4.546928e+01 0 5
0.607613 0.618221 0.628836 0.639452 0.650062 0.660658 0.671233 0.681775 0.692277 0.702728 0.713116 0.723429 0.733655 0.743780 0.753789 0.763667 0.773397 0.782963 0.792346 0.801528 0.810489 0.819209 0.827666 0.835840 0.843707 0.851247 0.858436 0.865251 0.871671 0.877674 0.883238 0.888342 0.892967 0.897095 0.900709 0.903794 0.906336 0.908326 0.909753 0.910612 0.910899 0.910612 0.909753 0.908326 0.906336 0.903794 0.900709 0.897095 0.892967 0.888342 0.883238 0.877674 0.871671 0.865251 0.858436 0.851247 0.843707 0.835840 0.827666 0.819209 0.810489 0.801528 0.792346 0.782963 0.773397 0.763667 0.753789 0.743780 0.733655 0.723429 0.713116 0.702728 0.692277 0.681775 0.671233 0.660658 0.650062 0.639452 0.628836 0.618221 0.607613 
0.616862 0.627720 0.638592 0.649474 0.660356 0.671233 0.682094 0.692933 0.703738 0.714499 0.725204 0.735842 0.746399 0.756861 0.767213 0.777439 0.787522 0.797444 0.807187 0.816730 0.826052 0.835132 0.843948 0.852477 0.860694 0.868576 0.876099 0.883238 0.889968 0.896266 0.902108 0.907472 0.912336 0.916679 0.920484 0.923734 0.926413 0.928510 0.930015 0.930921 0.931224 0.930921 0.930015 0.928510 0.926413 0.923734 0.920484 0.916679 0.912336 0.907472 0.902108 0.896266 0.889968 0.883238 0.876099 0.868576 0.860694 0.852477 0.843948 0.835132 0.826052 0.816730 0.807187 0.797444 0.787522 0.777439 0.767213 0.756861 0.746399 0.735842 0.725204 0.714499 0.703738 0.692933 0.682094 0.671233 0.660356 0.649474 0.638592 0.627720 0.616862 
0.626052 0.637164 0.648299 0.659450 0.670612 0.681775 0.692933 0.704075 0.715192 0.726273 0.737307 0.748281 0.759181 0.769994 0.780703 0.791293 0.801744 0.812040 0.822159 0.832082 0.841785 0.851247 0.860443 0.869348 0.877937 0.886184 0.894063 0.901548 0.908611 0.915226 0.921368 0.927011 0.932133 0.936709 0.940721 0.944149 0.946977 0.949191 0.950780 0.951737 0.952057 0.951737 0.950780 0.949191 0.946977 0.944149 0.940721 0.936709 0.932133 0.927011 0.921368 0.915226 0.908611 0.901548 0.894063 0.886184 0.877937 0.869348 0.860443 0.851247 0.841785 0.832082 0.822159 0.812040 0.801744 0.791293 0.780703 0.769994 0.759181 0.748281 0.737307 0.726273 0.715192 0.704075 0.692933 0.681775 0.670612 0.659450 0.648299 0.637164 0.626052 
0.635172 0.646543 0.657945 0.669373 0.680820 0.692277 0.703738 0.715192 0.726630 0.738041 0.749414 0.760735 0.771992 0.783169 0.794250 0.805219 0.816056 0.826743 0.837258 0.847580 0.857686 0.867550 0.877148 0.886453 0.895438 0.904075 0.912336 0.920190 0.927610 0.934567 0.941031 0.946977 0.952376 0.957206 0.961442 0.965063 0.968052 0.970394 0.972075 0.973087 0.973425 0.973087 0.972075 0.970394 0.968052 0.965063 0.961442 0.957206 0.952376 0.946977 0.941031 0.934567 0.927610 0.920190 0.912336 0.904075 0.895438 0.886453 0.877148 0.867550 0.857686 0.847580 0.837258 0.826743 0.816056 0.805219 0.794250 0.783169 0.771992 0.760735 0.749414 0.738041 0.726630 0.715192 0.703738 0.692277 0.680820 0.669373 0.657945 0.646543 0.635172 
0.644214 0.655848 0.667523 0.679232 0.690970 0.702728 0.714499 0.726273 0.738041 0.749792 0.761515 0.773196 0.784822 0.796377 0.807845 0.819209 0.830449 0.841546 0.852477 0.863219 0.873749 0.884039 0.894063 0.903794 0.913200 0.922253 0.930921 0.939173 0.946977 0.954301 0.961114 0.967386 0.973087 0.978191 0.982670 0.986502 0.989667 0.992147 0.993929 0.995002 0.995360 0.995002 0.993929 0.992147 0.989667 0.986502 0.982670 0.978191 0.973087 0.967386 0.961114 0.954301 0.946977 0.939173 0.930921 0.922253 0.913200 0.903794 0.894063 0.884039 0.873749 0.863219 0.852477 0.841546 0.830449 0.819209 0.807845 0.796377 0.784822 0.773196 0.761515 0.749792 0.738041 0.726273 0.714499 0.702728 0.690970 0.679232 0.667523 0.655848 0.644214 
0.653167 0.665069 0.677020 0.689016 0.701051 0.713116 0.725204 0.737307 0.749414 0.761515 0.773598 0.785651 0.797658 0.809606 0.821477 0.833252 0.844914 0.856439 0.867806 0.878991 0.889968 0.900709 0.911186 0.921368 0.931224 0.940721 0.949826 0.958504 0.966721 0.974441 0.981632 0.988257 0.994286 0.999687 1.004432 1.008494 1.011851 1.014483 1.016374 1.017513 1.017894 1.017513 1.016374 1.014483 1.011851 1.008494 1.004432 0.999687 0.994286 0.988257 0.981632 0.974441 0.966721 0.958504 0.949826 0.940721 0.931224 0.921368 0.911186 0.900709 0.889968 0.878991 0.867806 0.856439 0.844914 0.833252 0.821477 0.809606 0.797658 0.785651 0.773598 0.761515 0.749414 0.737307 0.725204 0.713116 0.701051 0.689016 0.677020 0.665069 0.653167 
0.662022 0.674194 0.686427 0.698714 0.711051 0.723429 0.735842 0.748281 0.760735 0.773196 0.785651 0.798086 0.810489 0.822844 0.835132 0.847337 0.859438 0.871412 0.883238 0.894888 0.906336 0.917554 0.928510 0.939173 0.949508 0.959481 0.969054 0.978191 0.986853 0.995002 1.002600 1.009610 1.015995 1.021721 1.026755 1.031069 1.034636 1.037434 1.039446 1.040658 1.041063 1.040658 1.039446 1.037434 1.034636 1.031069 1.026755 1.021721 1.015995 1.009610 1.002600 0.995002 0.986853 0.978191 0.969054 0.959481 0.949508 0.939173 0.928510 0.917554 0.906336 0.894888 0.883238 0.871412 0.859438 0.847337 0.835132 0.822844 0.810489 0.798086 0.785651 0.773196 0.760735 0.748281 0.735842 0.723429 0.711051 0.698714 0.686427 0.674194 0.662022 
0.670767 0.683213 0.695730 0.708314 0.720957 0.733655 0.746399 0.759181 0.771992 0.784822 0.797658 0.810489 0.823300 0.836076 0.848799 0.861450 0.874009 0.886453 0.898759 0.910899 0.922845 0.934567 0.946032 0.957206 0.968052 0.978533 0.988609 0.998239 1.007382 1.015995 1.024036 1.031464 1.038237 1.044318 1.049670 1.054260 1.058057 1.061038 1.063182 1.064475 1.064906 1.064475 1.063182 1.061038 1.058057 1.054260 1.049670 1.044318 1.038237 1.031464 1.024036 1.015995 1.007382 0.998239 0.988609 0.978533 0.968052 0.957206 0.946032 0.934567 0.922845 0.910899 0.898759 0.886453 0.874009 0.861450 0.848799 0.836076 0.823300 0.810489 0.797658 0.784822 0.771992 0.759181 0.746399 0.733655 0.720957 0.708314 0.695730 0.683213 0.670767 
0.679391 0.692114 0.704919 0.717802 0.730758 0.743780 0.756861 0.769994 0.783169 0.796377 0.809606 0.822844 0.836076 0.849287 0.862460 0.875575 0.888612 0.901548 0.914357 0.927011 0.939482 0.951737 0.963742 0.975460 0.986853 0.997878 1.008494 1.018656 1.028318 1.037434 1.045957 1.053840 1.061038 1.067508 1.073208 1.078101 1.082153 1.085335 1.087625 1.089006 1.089468 1.089006 1.087625 1.085335 1.082153 1.078101 1.073208 1.067508 1.061038 1.053840 1.045957 1.037434 1.028318 1.018656 1.008494 0.997878 0.986853 0.975460 0.963742 0.951737 0.939482 0.927011 0.914357 0.901548 0.888612 0.875575 0.862460 0.849287 0.836076 0.822844 0.809606 0.796377 0.783169 0.769994 0.756861 0.743780 0.730758 0.717802 0.704919 0.692114 0.679391 
0.687881 0.700883 0.713980 0.727166 0.740437 0.753789 0.767213 0.780703 0.794250 0.807845 0.821477 0.835132 0.848799 0.862460 0.876099 0.889696 0.903231 0.916679 0.930015 0.943211 0.956235 0.969054 0.981632 0.993929 1.005904 1.017513 1.028710 1.039446 1.049670 1.059332 1.068379 1.076760 1.084423 1.091320 1.097403 1.102631 1.106964 1.110370 1.112822 1.114301 1.114796 1.114301 1.112822 1.110370 1.106964 1.102631 1.097403 1.091320 1.084423 1.076760 1.068379 1.059332 1.049670 1.039446 1.028710 1.017513 1.005904 0.993929 0.981632 0.969054 0.956235 0.943211 0.930015 0.916679 0.903231 0.889696 0.876099 0.862460 0.848799 0.835132 0.821477 0.807845 0.794250 0.780703 0.767213 0.753789 0.740437 0.727166 0.713980 0.700883 0.687881 
0.696226 0.709509 0.722898 0.736391 0.749982 0.763667 0.777439 0.791293 0.805219 0.819209 0.833252 0.847337 0.861450 0.875575 0.889696 0.903794 0.917846 0.931829 0.945717 0.959481 0.973087 0.986502 0.999687 1.012601 1.025199 1.037434 1.049256 1.060611 1.071445 1.081700 1.091320 1.100245 1.108419 1.115786 1.122293 1.127891 1.132536 1.136190 1.138822 1.140411 1.140942 1.140411 1.138822 1.136190 1.132536 1.127891 1.122293 1.115786 1.108419 1.100245 1.091320 1.081700 1.071445 1.060611 1.049256 1.037434 1.025199 1.012601 0.999687 0.986502 0.973087 0.959481 0.945717 0.931829 0.917846 0.903794 0.889696 0.875575 0.861450 0.847337 0.833252 0.819209 0.805219 0.791293 0.777439 0.763667 0.749982 0.736391 0.722898 0.709509 0.696226 
0.704412 0.717977 0.731661 0.745461 0.759375 0.773397 0.787522 0.801744 0.816056 0.830449 0.844914 0.859438 0.874009 0.888612 0.903231 0.917846 0.932436 0.946977 0.961442 0.975800 0.990020 1.004065 1.017894 1.031464 1.044727 1.057633 1.070128 1.082153 1.093648 1.104550 1.114796 1.124319 1.133056 1.140942 1.147918 1.153928 1.158919 1.162850 1.165684 1.167395 1.167967 1.167395 1.165684 1.162850 1.158919 1.153928 1.147918 1.140942 1.133056 1.124319 1.114796 1.104550 1.093648 1.082153 1.070128 1.057633 1.044727 1.031464 1.017894 1.004065 0.990020 0.975800 0.961442 0.946977 0.932436 0.917846 0.903231 0.888612 0.874009 0.859438 0.844914 0.830449 0.816056 0.801744 0.787522 0.773397 0.759375 0.745461 0.731661 0.717977 0.704412 
0.712426 0.726273 0.740253 0.754363 0.768601 0.782963 0.797444 0.812040 0.826743 0.841546 0.856439 0.871412 0.886453 0.901548 0.916679 0.931829 0.946977 0.962097 0.977164 0.992147 1.007012 1.021721 1.036232 1.050500 1.064475 1.078101 1.091320 1.104069 1.116283 1.127891 1.138822 1.149003 1.158361 1.166823 1.174321 1.180789 1.186168 1.190409 1.193468 1.195317 1.195935 1.195317 1.193468 1.190409 1.186168 1.180789 1.174321 1.166823 1.158361 1.149003 1.138822 1.127891 1.116283 1.104069 1.091320 1.078101 1.064475 1.050500 1.036232 1.021721 1.007012 0.992147 0.977164 0.962097 0.946977 0.931829 0.916679 0.901548 0.886453 0.871412 0.856439 0.841546 0.826743 0.812040 0.797444 0.782963 0.768601 0.754363 0.740253 0.726273 0.712426 
0.720254 0.734383 0.748658 0.763079 0.777642 0.792346 0.807187 0.822159 0.837258 0.852477 0.867806 0.883238 0.898759 0.914357 0.930015 0.945717 0.961442 0.977164 0.992859 1.008494 1.024036 1.039446 1.054680 1.069690 1.084423 1.098822 1.112822 1.126356 1.139351 1.151731 1.163415 1.174321 1.184366 1.193468 1.201548 1.208529 1.214344 1.218933 1.222247 1.224250 1.224920 1.224250 1.222247 1.218933 1.214344 1.208529 1.201548 1.193468 1.184366 1.174321 1.163415 1.151731 1.139351 1.126356 1.112822 1.098822 1.084423 1.069690 1.054680 1.039446 1.024036 1.008494 0.992859 0.977164 0.961442 0.945717 0.930015 0.914357 0.898759 0.883238 0.867806 0.852477 0.837258 0.822159 0.807187 0.792346 0.777642 0.763079 0.748658 0.734383 0.720254 
0.727882 0.742291 0.756861 0.771592 0.786481 0.801528 0.816730 0.832082 0.847580 0.863219 0.878991 0.894888 0.910899 0.927011 0.943211 0.959481 0.975800 0.992147 1.008494 1.024811 1.041063 1.057210 1.073208 1.089006 1.104550 1.119777 1.134619 1.149003 1.162850 1.176073 1.188585 1.200293 1.211102 1.220917 1.229648 1.237206 1.243512 1.248495 1.252097 1.254277 1.255006 1.254277 1.252097 1.248495 1.243512 1.237206 1.229648 1.220917 1.211102 1.200293 1.188585 1.176073 1.162850 1.149003 1.134619 1.119777 1.104550 1.089006 1.073208 1.057210 1.041063 1.024811 1.008494 0.992147 0.975800 0.959481 0.943211 0.927011 0.910899 0.894888 0.878991 0.863219 0.847580 0.832082 0.816730 0.801528 0.786481 0.771592 0.756861 0.742291 0.727882 
0.735294 0.749982 0.764845 0.779885 0.795100 0.810489 0.826052 0.841785 0.857686 0.873749 0.889968 0.906336 0.922845 0.939482 0.956235 0.973087 0.990020 1.007012 1.024036 1.041063 1.058057 1.074980 1.091784 1.108419 1.124827 1.140942 1.156692 1.171997 1.186771 1.200920 1.214344 1.226939 1.238598 1.249212 1.258676 1.266885 1.273747 1.279177 1.283108 1.285488 1.286285 1.285488 1.283108 1.279177 1.273747 1.266885 1.258676 1.249212 1.238598 1.226939 1.214344 1.200920 1.186771 1.171997 1.156692 1.140942 1.124827 1.108419 1.091784 1.074980 1.058057 1.041063 1.024036 1.007012 0.990020 0.973087 0.956235 0.939482 0.922845 0.906336 0.889968 0.873749 0.857686 0.841785 0.826052 0.810489 0.795100 0.779885 0.764845 0.749982 0.735294 
0.742477 0.757440 0.772594 0.787939 0.803478 0.819209 0.835132 0.851247 0.867550 0.884039 0.900709 0.917554 0.934567 0.951737 0.969054 0.986502 1.004065 1.021721 1.039446 1.057210 1.074980 1.092715 1.110370 1.127891 1.145219 1.162286 1.179013 1.195317 1.211102 1.226265 1.240696 1.254277 1.266885 1.278397 1.288687 1.297635 1.305130 1.311073 1.315380 1.317990 1.318865 1.317990 1.315380 1.311073 1.305130 1.297635 1.288687 1.278397 1.266885 1.254277 1.240696 1.226265 1.211102 1.195317 1.179013 1.162286 1.145219 1.127891 1.110370 1.092715 1.074980 1.057210 1.039446 1.021721 1.004065 0.986502 0.969054 0.951737 0.934567 0.917554 0.900709 0.884039 0.867550 0.851247 0.835132 0.819209 0.803478 0.787939 0.772594 0.757440 0.742477 
0.749414 0.764648 0.780089 0.795738 0.811596 0.827666 0.843948 0.860443 0.877148 0.894063 0.911186 0.928510 0.946032 0.963742 0.981632 0.999687 1.017894 1.036232 1.054680 1.073208 1.091784 1.110370 1.128918 1.147377 1.165684 1.183768 1.201548 1.218933 1.235820 1.252097 1.267641 1.282319 1.295991 1.308513 1.319741 1.329532 1.337753 1.344284 1.349026 1.351902 1.352866 1.351902 1.349026 1.344284 1.337753 1.329532 1.319741 1.308513 1.295991 1.282319 1.267641 1.252097 1.235820 1.218933 1.201548 1.183768 1.165684 1.147377 1.128918 1.110370 1.091784 1.073208 1.054680 1.036232 1.017894 0.999687 0.981632 0.963742 0.946032 0.928510 0.911186 0.894063 0.877148 0.860443 0.843948 0.827666 0.811596 0.795738 0.780089 0.764648 0.749414 
0.756091 0.771592 0.787314 0.803261 0.819435 0.835840 0.852477 0.869348 0.886453 0.903794 0.921368 0.939173 0.957206 0.975460 0.993929 1.012601 1.031464 1.050500 1.069690 1.089006 1.108419 1.127891 1.147377 1.166823 1.186168 1.205339 1.224250 1.242806 1.260896 1.278397 1.295172 1.311073 1.325940 1.339606 1.351902 1.362659 1.371716 1.378929 1.384175 1.387362 1.388431 1.387362 1.384175 1.378929 1.371716 1.362659 1.351902 1.339606 1.325940 1.311073 1.295172 1.278397 1.260896 1.242806 1.224250 1.205339 1.186168 1.166823 1.147377 1.127891 1.108419 1.089006 1.069690 1.050500 1.031464 1.012601 0.993929 0.975460 0.957206 0.939173 0.921368 0.903794 0.886453 0.869348 0.852477 0.835840 0.819435 0.803261 0.787314 0.771592 0.756091 
0.762491 0.778253 0.794250 0.810489 0.826974 0.843707 0.860694 0.877937 0.895438 0.913200 0.931224 0.949508 0.968052 0.986853 1.005904 1.025199 1.044727 1.064475 1.084423 1.104550 1.124827 1.145219 1.165684 1.186168 1.206611 1.226939 1.247064 1.266885 1.286285 1.305130 1.323270 1.340537 1.356750 1.371716 1.385234 1.397104 1.407132 1.415140 1.420978 1.424529 1.425721 1.424529 1.420978 1.415140 1.407132 1.397104 1.385234 1.371716 1.356750 1.340537 1.323270 1.305130 1.286285 1.266885 1.247064 1.226939 1.206611 1.186168 1.165684 1.145219 1.124827 1.104550 1.084423 1.064475 1.044727 1.025199 1.005904 0.986853 0.968052 0.949508 0.931224 0.913200 0.895438 0.877937 0.860694 0.843707 0.826974 0.810489 0.794250 0.778253 0.762491 
0.768601 0.784615 0.800881 0.817404 0.834191 0.851247 0.868576 0.886184 0.904075 0.922253 0.940721 0.959481 0.978533 0.997878 1.017513 1.037434 1.057633 1.078101 1.098822 1.119777 1.140942 1.162286 1.183768 1.205339 1.226939 1.248495 1.269918 1.291104 1.311930 1.332251 1.351902 1.370698 1.388431 1.404878 1.419802 1.432963 1.444125 1.453069 1.459606 1.463590 1.464929 1.463590 1.459606 1.453069 1.444125 1.432963 1.419802 1.404878 1.388431 1.370698 1.351902 1.332251 1.311930 1.291104 1.269918 1.248495 1.226939 1.205339 1.183768 1.162286 1.140942 1.119777 1.098822 1.078101 1.057633 1.037434 1.017513 0.997878 0.978533 0.959481 0.940721 0.922253 0.904075 0.886184 0.868576 0.851247 0.834191 0.817404 0.800881 0.784615 0.768601 
0.774404 0.790662 0.807187 0.823986 0.841067 0.858436 0.876099 0.894063 0.912336 0.930921 0.949826 0.969054 0.988609 1.008494 1.028710 1.049256 1.070128 1.091320 1.112822 1.134619 1.156692 1.179013 1.201548 1.224250 1.247064 1.269918 1.292726 1.315380 1.337753 1.359692 1.381018 1.401524 1.420978 1.439119 1.455669 1.470337 1.482835 1.492890 1.500262 1.504765 1.506279 1.504765 1.500262 1.492890 1.482835 1.470337 1.455669 1.439119 1.420978 1.401524 1.381018 1.359692 1.337753 1.315380 1.292726 1.269918 1.247064 1.224250 1.201548 1.179013 1.156692 1.134619 1.112822 1.091320 1.070128 1.049256 1.028710 1.008494 0.988609 0.969054 0.949826 0.930921 0.912336 0.894063 0.876099 0.858436 0.841067 0.823986 0.807187 0.790662 0.774404 
0.779885 0.796377 0.813151 0.830217 0.847580 0.865251 0.883238 0.901548 0.920190 0.939173 0.958504 0.978191 0.998239 1.018656 1.039446 1.060611 1.082153 1.104069 1.126356 1.149003 1.171997 1.195317 1.218933 1.242806 1.266885 1.291104 1.315380 1.339606 1.363653 1.387362 1.410541 1.432963 1.454367 1.474452 1.492890 1.509330 1.523414 1.534799 1.543180 1.548313 1.550042 1.548313 1.543180 1.534799 1.523414 1.509330 1.492890 1.474452 1.454367 1.432963 1.410541 1.387362 1.363653 1.339606 1.315380 1.291104 1.266885 1.242806 1.218933 1.195317 1.171997 1.149003 1.126356 1.104069 1.082153 1.060611 1.039446 1.018656 0.998239 0.978191 0.958504 0.939173 0.920190 0.901548 0.883238 0.865251 0.847580 0.830217 0.813151 0.796377 0.779885 
0.785029 0.801744 0.818757 0.836076 0.853711 0.871671 0.889968 0.908611 0.927610 0.946977 0.966721 0.986853 1.007382 1.028318 1.049670 1.071445 1.093648 1.116283 1.139351 1.162850 1.186771 1.211102 1.235820 1.260896 1.286285 1.311930 1.337753 1.363653 1.389503 1.415140 1.440364 1.464929 1.488543 1.510865 1.531506 1.550042 1.566027 1.579026 1.588639 1.594547 1.596541 1.594547 1.588639 1.579026 1.566027 1.550042 1.531506 1.510865 1.488543 1.464929 1.440364 1.415140 1.389503 1.363653 1.337753 1.311930 1.286285 1.260896 1.235820 1.211102 1.186771 1.162850 1.139351 1.116283 1.093648 1.071445 1.049670 1.028318 1.007382 0.986853 0.966721 0.946977 0.927610 0.908611 0.889968 0.871671 0.853711 0.836076 0.818757 0.801744 0.785029 
0.789822 0.806749 0.823986 0.841546 0.859438 0.877674 0.896266 0.915226 0.934567 0.954301 0.974441 0.995002 1.015995 1.037434 1.059332 1.081700 1.104550 1.127891 1.151731 1.176073 1.200920 1.226265 1.252097 1.278397 1.305130 1.332251 1.359692 1.387362 1.415140 1.442867 1.470337 1.497293 1.523414 1.548313 1.571535 1.592566 1.610852 1.625828 1.636972 1.643849 1.646175 1.643849 1.636972 1.625828 1.610852 1.592566 1.571535 1.548313 1.523414 1.497293 1.470337 1.442867 1.415140 1.387362 1.359692 1.332251 1.305130 1.278397 1.252097 1.226265 1.200920 1.176073 1.151731 1.127891 1.104550 1.081700 1.059332 1.037434 1.015995 0.995002 0.974441 0.954301 0.934567 0.915226 0.896266 0.877674 0.859438 0.841546 0.823986 0.806749 0.789822 
0.794250 0.811375 0.828823 0.846608 0.864742 0.883238 0.902108 0.921368 0.941031 0.961114 0.981632 1.002600 1.024036 1.045957 1.068379 1.091320 1.114796 1.138822 1.163415 1.188585 1.214344 1.240696 1.267641 1.295172 1.323270 1.351902 1.381018 1.410541 1.440364 1.470337 1.500262 1.529872 1.558826 1.586694 1.612949 1.636972 1.658067 1.675502 1.688574 1.696687 1.699438 1.696687 1.688574 1.675502 1.658067 1.636972 1.612949 1.586694 1.558826 1.529872 1.500262 1.470337 1.440364 1.410541 1.381018 1.351902 1.323270 1.295172 1.267641 1.240696 1.214344 1.188585 1.163415 1.138822 1.114796 1.091320 1.068379 1.045957 1.024036 1.002600 0.981632 0.961114 0.941031 0.921368 0.902108 0.883238 0.864742 0.846608 0.828823 0.811375 0.794250 
0.798301 0.815608 0.833252 0.851247 0.869605 0.888342 0.907472 0.927011 0.946977 0.967386 0.988257 1.009610 1.031464 1.053840 1.076760 1.100245 1.124319 1.149003 1.174321 1.200293 1.226939 1.254277 1.282319 1.311073 1.340537 1.370698 1.401524 1.432963 1.464929 1.497293 1.529872 1.562407 1.594547 1.625828 1.655652 1.683280 1.707841 1.728376 1.743925 1.753645 1.756954 1.753645 1.743925 1.728376 1.707841 1.683280 1.655652 1.625828 1.594547 1.562407 1.529872 1.497293 1.464929 1.432963 1.401524 1.370698 1.340537 1.311073 1.282319 1.254277 1.226939 1.200293 1.174321 1.149003 1.124319 1.100245 1.076760 1.053840 1.031464 1.009610 0.988257 0.967386 0.946977 0.927011 0.907472 0.888342 0.869605 0.851247 0.833252 0.815608 0.798301 
0.801961 0.819435 0.837258 0.855445 0.874009 0.892967 0.912336 0.932133 0.952376 0.973087 0.994286 1.015995 1.038237 1.061038 1.084423 1.108419 1.133056 1.158361 1.184366 1.211102 1.238598 1.266885 1.295991 1.325940 1.356750 1.388431 1.420978 1.454367 1.488543 1.523414 1.558826 1.594547 1.630239 1.665422 1.699438 1.731424 1.760300 1.784803 1.803600 1.815466 1.819528 1.815466 1.803600 1.784803 1.760300 1.731424 1.699438 1.665422 1.630239 1.594547 1.558826 1.523414 1.488543 1.454367 1.420978 1.388431 1.356750 1.325940 1.295991 1.266885 1.238598 1.211102 1.184366 1.158361 1.133056 1.108419 1.084423 1.061038 1.038237 1.015995 0.994286 0.973087 0.952376 0.932133 0.912336 0.892967 0.874009 0.855445 0.837258 0.819435 0.801961 
0.805219 0.822844 0.840828 0.859187 0.877937 0.897095 0.916679 0.936709 0.957206 0.978191 0.999687 1.021721 1.044318 1.067508 1.091320 1.115786 1.140942 1.166823 1.193468 1.220917 1.249212 1.278397 1.308513 1.339606 1.371716 1.404878 1.439119 1.474452 1.510865 1.548313 1.586694 1.625828 1.665422 1.705015 1.743925 1.781180 1.815466 1.845129 1.868287 1.883109 1.888220 1.883109 1.868287 1.845129 1.815466 1.781180 1.743925 1.705015 1.665422 1.625828 1.586694 1.548313 1.510865 1.474452 1.439119 1.404878 1.371716 1.339606 1.308513 1.278397 1.249212 1.220917 1.193468 1.166823 1.140942 1.115786 1.091320 1.067508 1.044318 1.021721 0.999687 0.978191 0.957206 0.936709 0.916679 0.897095 0.877937 0.859187 0.840828 0.822844 0.805219 
0.808065 0.825822 0.843948 0.862460 0.881374 0.900709 0.920484 0.940721 0.961442 0.982670 1.004432 1.026755 1.049670 1.073208 1.097403 1.122293 1.147918 1.174321 1.201548 1.229648 1.258676 1.288687 1.319741 1.351902 1.385234 1.419802 1.455669 1.492890 1.531506 1.571535 1.612949 1.655652 1.699438 1.743925 1.788470 1.832054 1.873145 1.909612 1.938786 1.957828 1.964470 1.957828 1.938786 1.909612 1.873145 1.832054 1.788470 1.743925 1.699438 1.655652 1.612949 1.571535 1.531506 1.492890 1.455669 1.419802 1.385234 1.351902 1.319741 1.288687 1.258676 1.229648 1.201548 1.174321 1.147918 1.122293 1.097403 1.073208 1.049670 1.026755 1.004432 0.982670 0.961442 0.940721 0.920484 0.900709 0.881374 0.862460 0.843948 0.825822 0.808065 
0.810489 0.828360 0.846608 0.865251 0.884306 0.903794 0.923734 0.944149 0.965063 0.986502 1.008494 1.031069 1.054260 1.078101 1.102631 1.127891 1.153928 1.180789 1.208529 1.237206 1.266885 1.297635 1.329532 1.362659 1.397104 1.432963 1.470337 1.509330 1.550042 1.592566 1.636972 1.683280 1.731424 1.781180 1.832054 1.883109 1.932710 1.978239 2.015938 2.041285 2.050282 2.041285 2.015938 1.978239 1.932710 1.883109 1.832054 1.781180 1.731424 1.683280 1.636972 1.592566 1.550042 1.509330 1.470337 1.432963 1.397104 1.362659 1.329532 1.297635 1.266885 1.237206 1.208529 1.180789 1.153928 1.127891 1.102631 1.078101 1.054260 1.031069 1.008494 0.986502 0.965063 0.944149 0.923734 0.903794 0.884306 0.865251 0.846608 0.828360 0.810489 
0.812484 0.830449 0.848799 0.867550 0.886723 0.906336 0.926413 0.946977 0.968052 0.989667 1.011851 1.034636 1.058057 1.082153 1.106964 1.132536 1.158919 1.186168 1.214344 1.243512 1.273747 1.305130 1.337753 1.371716 1.407132 1.444125 1.482835 1.523414 1.566027 1.610852 1.658067 1.707841 1.760300 1.815466 1.873145 1.932710 1.992715 2.050282 2.100366 2.135642 2.148536 2.135642 2.100366 2.050282 1.992715 1.932710 1.873145 1.815466 1.760300 1.707841 1.658067 1.610852 1.566027 1.523414 1.482835 1.444125 1.407132 1.371716 1.337753 1.305130 1.273747 1.243512 1.214344 1.186168 1.158919 1.132536 1.106964 1.082153 1.058057 1.034636 1.011851 0.989667 0.968052 0.946977 0.926413 0.906336 0.886723 0.867550 0.848799 0.830449 0.812484 
0.814043 0.832082 0.850511 0.869348 0.888612 0.908326 0.928510 0.949191 0.970394 0.992147 1.014483 1.037434 1.061038 1.085335 1.110370 1.136190 1.162850 1.190409 1.218933 1.248495 1.279177 1.311073 1.344284 1.378929 1.415140 1.453069 1.492890 1.534799 1.579026 1.625828 1.675502 1.728376 1.784803 1.845129 1.909612 1.978239 2.050282 2.123353 2.191578 2.243416 2.263406 2.243416 2.191578 2.123353 2.050282 1.978239 1.909612 1.845129 1.784803 1.728376 1.675502 1.625828 1.579026 1.534799 1.492890 1.453069 1.415140 1.378929 1.344284 1.311073 1.279177 1.248495 1.218933 1.190409 1.162850 1.136190 1.110370 1.085335 1.061038 1.037434 1.014483 0.992147 0.970394 0.949191 0.928510 0.908326 0.888612 0.869348 0.850511 0.832082 0.814043 
0.815160 0.833252 0.851738 0.870637 0.889968 0.909753 0.930015 0.950780 0.972075 0.993929 1.016374 1.039446 1.063182 1.087625 1.112822 1.138822 1.165684 1.193468 1.222247 1.252097 1.283108 1.315380 1.349026 1.384175 1.420978 1.459606 1.500262 1.543180 1.588639 1.636972 1.688574 1.743925 1.803600 1.868287 1.938786 2.015938 2.100366 2.191578 2.285176 2.365737 2.400296 2.365737 2.285176 2.191578 2.100366 2.015938 1.938786 1.868287 1.803600 1.743925 1.688574 1.636972 1.588639 1.543180 1.500262 1.459606 1.420978 1.384175 1.349026 1.315380 1.283108 1.252097 1.222247 1.193468 1.165684 1.138822 1.112822 1.087625 1.063182 1.039446 1.016374 0.993929 0.972075 0.950780 0.930015 0.909753 0.889968 0.870637 0.851738 0.833252 0.815160 
0.815832 0.833956 0.852477 0.871412 0.890783 0.910612 0.930921 0.951737 0.973087 0.995002 1.017513 1.040658 1.064475 1.089006 1.114301 1.140411 1.167395 1.195317 1.224250 1.254277 1.285488 1.317990 1.351902 1.387362 1.424529 1.463590 1.504765 1.548313 1.594547 1.643849 1.696687 1.753645 1.815466 1.883109 1.957828 2.041285 2.135642 2.243416 2.365737 2.491618 2.558329 2.491618 2.365737 2.243416 2.135642 2.041285 1.957828 1.883109 1.815466 1.753645 1.696687 1.643849 1.594547 1.548313 1.504765 1.463590 1.424529 1.387362 1.351902 1.317990 1.285488 1.254277 1.224250 1.195317 1.167395 1.140411 1.114301 1.089006 1.064475 1.040658 1.017513 0.995002 0.973087 0.951737 0.930921 0.910612 0.890783 0.871412 0.852477 0.833956 0.815832 
0.816056 0.834191 0.852723 0.871671 0.891056 0.910899 0.931224 0.952057 0.973425 0.995360 1.017894 1.041063 1.064906 1.089468 1.114796 1.140942 1.167967 1.195935 1.224920 1.255006 1.286285 1.318865 1.352866 1.388431 1.425721 1.464929 1.506279 1.550042 1.596541 1.646175 1.699438 1.756954 1.819528 1.888220 1.964470 2.050282 2.148536 2.263406 2.400296 2.558329 2.660556 2.558329 2.400296 2.263406 2.148536 2.050282 1.964470 1.888220 1.819528 1.756954 1.699438 1.646175 1.596541 1.550042 1.506279 1.464929 1.425721 1.388431 1.352866 1.318865 1.286285 1.255006 1.224920 1.195935 1.167967 1.140942 1.114796 1.089468 1.064906 1.041063 1.017894 0.995360 0.973425 0.952057 0.931224 0.910899 0.891056 0.871671 0.852723 0.834191 0.816056 
0.816056 0.834191 0.852723 0.871671 0.891056 0.910899 0.931224 0.952057 0.973425 0.995360 1.017894 1.041063 1.064906 1.089468 1.114796 1.140942 1.167967 1.195935 1.224920 1.255006 1.286285 1.318864 1.352866 1.388431 1.425721 1.464929 1.506279 1.550041 1.596541 1.646175 1.699438 1.756954 1.819527 1.888220 1.964469 2.050281 2.148534 2.263403 2.400292 2.558319 2.660540 2.558319 2.400292 2.263403 2.148534 2.050281 1.964469 1.888220 1.819527 1.756954 1.699438 1.646175 1.596541 1.550041 1.506279 1.464929 1.425721 1.388431 1.352866 1.318864 1.286285 1.255006 1.224920 1.195935 1.167967 1.140942 1.114796 1.089468 1.064906 1.041063 1.017894 0.995360 0.973425 0.952057 0.931224 0.910899 0.891056 0.871671 0.852723 0.834191 0.816056 
0.816056 0.834191 0.852723 0.871671 0.891056 0.910899 0.931224 0.952057 0.973425 0.995360 1.017894 1.041063 1.064906 1.089468 1.114795 1.140942 1.167967 1.195935 1.224920 1.255006 1.286285 1.318864 1.352866 1.388430 1.425721 1.464928 1.506279 1.550041 1.596540 1.646174 1.699437 1.756953 1.819526 1.888218 1.964467 2.050277 2.148529 2.263396 2.400279 2.558292 2.660493 2.558292 2.400279 2.263396 2.148529 2.050277 1.964467 1.888218 1.819526 1.756953 1.699437 1.646174 1.596540 1.550041 1.506279 1.464928 1.425721 1.388430 1.352866 1.318864 1.286285 1.255006 1.224920 1.195935 1.167967 1.140942 1.114795 1.089468 1.064906 1.041063 1.017894 0.995360 0.973425 0.952057 0.931224 0.910899 0.891056 0.871671 0.852723 0.834191 0.816056 
0.816056 0.834191 0.852723 0.871671 0.891056 0.910899 0.931224 0.952057 0.973425 0.995360 1.017894 1.041063 1.064906 1.089468 1.114796 1.140942 1.167967 1.195935 1.224920 1.255006 1.286285 1.318864 1.352866 1.388431 1.425721 1.464929 1.506279 1.550041 1.596541 1.646175 1.699438 1.756954 1.819527 1.888219 1.964469 2.050280 2.148533 2.263402 2.400290 2.558316 2.660534 2.558316 2.400290 2.263402 2.148533 2.050280 1.964469 1.888219 1.819527 1.756954 1.699438 1.646175 1.596541 1.550041 1.506279 1.464929 1.425721 1.388431 1.352866 1.318864 1.286285 1.255006 1.224920 1.195935 1.167967 1.140942 1.114796 1.089468 1.064906 1.041063 1.017894 0.995360 0.973425 0.952057 0.931224 0.910899 0.891056 0.871671 0.852723 0.834191 0.816056 
0.816056 0.834191 0.852723 0.871671 0.891056 0.910899 0.931224 0.952057 0.973425 0.995360 1.017894 1.041063 1.064906 1.089468 1.114796 1.140942 1.167967 1.195935 1.224920 1.255006 1.286285 1.318864 1.352866 1.388431 1.425721 1.464929 1.506279 1.550042 1.596541 1.646175 1.699438 1.756954 1.819528 1.888220 1.964470 2.050282 2.148535 2.263406 2.400296 2.558328 2.660555 2.558328 2.400296 2.263406 2.148535 2.050282 1.964470 1.888220 1.819528 1.756954 1.699438 1.646175 1.596541 1.550042 1.506279 1.464929 1.425721 1.388431 1.352866 1.318864 1.286285 1.255006 1.224920 1.195935 1.167967 1.140942 1.114796 1.089468 1.064906 1.041063 1.017894 0.995360 0.973425 0.952057 0.931224 0.910899 0.891056 0.871671 0.852723 0.834191 0.816056 
0.816056 0.834191 0.852723 0.871671 0.891056 0.910899 0.931224 0.952057 0.973425 0.995360 1.017894 1.041063 1.064906 1.089468 1.114796 1.140942 1.167967 1.195935 1.224920 1.255006 1.286285 1.318864 1.352866 1.388431 1.425721 1.464929 1.506279 1.550041 1.596541 1.646175 1.699438 1.756954 1.819527 1.888220 1.964469 2.050281 2.148534 2.263404 2.400294 2.558322 2.660545 2.558322 2.400294 2.263404 2.148534 2.050281 1.964469 1.888220 1.819527 1.756954 1.699438 1.646175 1.596541 1.550041 1.506279 1.464929 1.425721 1.388431 1.352866 1.318864 1.286285 1.255006 1.224920 1.195935 1.167967 1.140942 1.114796 1.089468 1.064906 1.041063 1.017894 0.995360 0.973425 0.952057 0.931224 0.910899 0.891056 0.871671 0.852723 0.834191 0.816056 
0.816056 0.834191 0.852723 0.871671 0.891056 0.910899 0.931224 0.952057 0.973425 0.995360 1.017894 1.041063 1.064906 1.089468 1.114795 1.140942 1.167967 1.195935 1.224920 1.255006 1.286285 1.318864 1.352866 1.388430 1.425721 1.464928 1.506279 1.550041 1.596540 1.646174 1.699437 1.756953 1.819526 1.888218 1.964467 2.050278 2.148530 2.263398 2.400282 2.558298 2.660504 2.558298 2.400282 2.263398 2.148530 2.050278 1.964467 1.888218 1.819526 1.756953 1.699437 1.646174 1.596540 1.550041 1.506279 1.464928 1.425721 1.388430 1.352866 1.318864 1.286285 1.255006 1.224920 1.195935 1.167967 1.140942 1.114795 1.089468 1.064906 1.041063 1.017894 0.995360 0.973425 0.952057 0.931224 0.910899 0.891056 0.871671 0.852723 0.834191 0.816056 
0.816056 0.834191 0.852723 0.871671 0.891056 0.910899 0.931224 0.952057 0.973425 0.995360 1.017894 1.041063 1.064906 1.089468 1.114795 1.140942 1.167967 1.195935 1.224920 1.255006 1.286285 1.318864 1.352866 1.388431 1.425721 1.464929 1.506279 1.550041 1.596540 1.646175 1.699437 1.756953 1.819527 1.888219 1.964468 2.050280 2.148533 2.263401 2.400288 2.558311 2.660526 2.558311 2.400288 2.263401 2.148533 2.050280 1.964468 1.888219 1.819527 1.756953 1.699437 1.646175 1.596540 1.550041 1.506279 1.464929 1.425721 1.388431 1.352866 1.318864 1.286285 1.255006 1.224920 1.195935 1.167967 1.140942 1.114795 1.089468 1.064906 1.041063 1.017894 0.995360 0.973425 0.952057 0.931224 0.910899 0.891056 0.871671 0.852723 0.834191 0.816056 
0.816056 0.834191 0.852723 0.871671 0.891056 0.910899 0.931224 0.952057 0.973425 0.995360 1.017894 1.041063 1.064906 1.089468 1.114796 1.140942 1.167967 1.195935 1.224920 1.255006 1.286285 1.318864 1.352866 1.388431 1.425721 1.464929 1.506279 1.550042 1.596541 1.646175 1.699438 1.756954 1.819528 1.888220 1.964470 2.050281 2.148535 2.263406 2.400296 2.558327 2.660554 2.558327 2.400296 2.263406 2.148535 2.050281 1.964470 1.888220 1.819528 1.756954 1.699438 1.646175 1.596541 1.550042 1.506279 1.464929 1.425721 1.388431 1.352866 1.318864 1.286285 1.255006 1.224920 1.195935 1.167967 1.140942 1.114796 1.089468 1.064906 1.041063 1.017894 0.995360 0.973425 0.952057 0.931224 0.910899 0.891056 0.871671 0.852723 0.834191 0.816056 
0.816056 0.834191 0.852723 0.871671 0.891056 0.910899 0.931224 0.952057 0.973425 0.995360 1.017894 1.041063 1.064906 1.089468 1.114796 1.140942 1.167967 1.195935 1.224920 1.255006 1.286285 1.318864 1.352866 1.388431 1.425721 1.464929 1.506279 1.550041 1.596541 1.646175 1.699438 1.756954 1.819527 1.888220 1.964469 2.050281 2.148535 2.263405 2.400295 2.558325 2.660550 2.558325 2.400295 2.263405 2.148535 2.050281 1.964469 1.888220 1.819527 1.756954 1.699438 1.646175 1.596541 1.550041 1.506279 1.464929 1.425721 1.388431 1.352866 1.318864 1.286285 1.255006 1.224920 1.195935 1.167967 1.140942 1.114796 1.089468 1.064906 1.041063 1.017894 0.995360 0.973425 0.952057 0.931224 0.910899 0.891056 0.871671 0.852723 0.834191 0.816056 
0.816056 0.834191 0.852723 0.871671 0.891056 0.910899 0.931224 0.952057 0.973425 0.995360 1.017894 1.041063 1.064906 1.089468 1.114795 1.140942 1.167967 1.195935 1.224920 1.255006 1.286285 1.318864 1.352866 1.388430 1.425721 1.464929 1.506279 1.550041 1.596540 1.646174 1.699437 1.756953 1.819526 1.888219 1.964468 2.050279 2.148531 2.263399 2.400285 2.558304 2.660514 2.558304 2.400285 2.263399 2.148531 2.050279 1.964468 1.888219 1.819526 1.756953 1.699437 1.646174 1.596540 1.550041 1.506279 1.464929 1.425721 1.388430 1.352866 1.318864 1.286285 1.255006 1.224920 1.195935 1.167967 1.140942 1.114795 1.089468 1.064906 1.041063 1.017894 0.995360 0.973425 0.952057 0.931224 0.910899 0.891056 0.871671 0.852723 0.834191 0.816056 
0.815824 0.833948 0.852468 0.871403 0.890774 0.910602 0.930911 0.951726 0.973075 0.994989 1.017500 1.040644 1.064459 1.088990 1.114284 1.140392 1.167374 1.195295 1.224226 1.254251 1.285460 1.317959 1.351868 1.387324 1.424487 1.463543 1.504711 1.548252 1.594477 1.643767 1.696590 1.753528 1.815323 1.882930 1.957596 2.040972 2.135197 2.242738 2.364606 2.489614 2.555550 2.489614 2.364606 2.242738 2.135197 2.040972 1.957596 1.882930 1.815323 1.753528 1.696590 1.643767 1.594477 1.548252 1.504711 1.463543 1.424487 1.387324 1.351868 1.317959 1.285460 1.254251 1.224226 1.195295 1.167374 1.140392 1.114284 1.088990 1.064459 1.040644 1.017500 0.994989 0.973075 0.951726 0.930911 0.910602 0.890774 0.871403 0.852468 0.833948 0.815824 
0.815144 0.833236 0.851721 0.870619 0.889949 0.909733 0.929994 0.950758 0.972051 0.993904 1.016347 1.039417 1.063152 1.087593 1.112787 1.138785 1.165644 1.193425 1.222200 1.252046 1.283053 1.315319 1.348958 1.384101 1.420895 1.459513 1.500157 1.543060 1.588502 1.636812 1.688386 1.743700 1.803327 1.867948 1.938354 2.015370 2.099592 2.190480 2.283577 2.363490 2.397682 2.363490 2.283577 2.190480 2.099592 2.015370 1.938354 1.867948 1.803327 1.743700 1.688386 1.636812 1.588502 1.543060 1.500157 1.459513 1.420895 1.384101 1.348958 1.315319 1.283053 1.252046 1.222200 1.193425 1.165644 1.138785 1.112787 1.087593 1.063152 1.039417 1.016347 0.993904 0.972051 0.950758 0.929994 0.909733 0.889949 0.870619 0.851721 0.833236 0.815144 
0.814019 0.832057 0.850485 0.869321 0.888584 0.908296 0.928479 0.949157 0.970358 0.992110 1.014443 1.037392 1.060993 1.085287 1.110318 1.136135 1.162790 1.190344 1.218863 1.248419 1.279095 1.310982 1.344185 1.378819 1.415018 1.452933 1.492736 1.534625 1.578826 1.625597 1.675232 1.728057 1.784419 1.844659 1.909028 1.977495 2.049319 2.122089 2.189935 2.241399 2.261219 2.241399 2.189935 2.122089 2.049319 1.977495 1.909028 1.844659 1.784419 1.728057 1.675232 1.625597 1.578826 1.534625 1.492736 1.452933 1.415018 1.378819 1.344185 1.310982 1.279095 1.248419 1.218863 1.190344 1.162790 1.136135 1.110318 1.085287 1.060993 1.037392 1.014443 0.992110 0.970358 0.949157 0.928479 0.908296 0.888584 0.869321 0.850485 0.832057 0.814019 
0.812453 0.830417 0.848764 0.867514 0.886685 0.906296 0.926371 0.946932 0.968005 0.989617 1.011798 1.034580 1.057998 1.082089 1.106896 1.132463 1.158841 1.186084 1.214252 1.243413 1.273639 1.305012 1.337623 1.371573 1.406973 1.443948 1.482636 1.523189 1.565772 1.610558 1.657726 1.707442 1.759827 1.814899 1.872458 1.931866 1.991673 2.048999 2.098823 2.133880 2.146684 2.133880 2.098823 2.048999 1.991673 1.931866 1.872458 1.814899 1.759827 1.707442 1.657726 1.610558 1.565772 1.523189 1.482636 1.443948 1.406973 1.371573 1.337623 1.305012 1.273639 1.243413 1.214252 1.186084 1.158841 1.132463 1.106896 1.082089 1.057998 1.034580 1.011798 0.989617 0.968005 0.946932 0.926371 0.906296 0.886685 0.867514 0.848764 0.830417 0.812453 
0.810450 0.828320 0.846566 0.865206 0.884259 0.903744 0.923682 0.944094 0.965005 0.986441 1.008429 1.031000 1.054186 1.078022 1.102547 1.127801 1.153831 1.180685 1.208416 1.237084 1.266753 1.297490 1.329373 1.362484 1.396911 1.432749 1.470098 1.509061 1.549737 1.592219 1.636574 1.682819 1.730887 1.780548 1.831306 1.882220 1.931656 1.977002 2.014524 2.039735 2.048680 2.039735 2.014524 1.977002 1.931656 1.882220 1.831306 1.780548 1.730887 1.682819 1.636574 1.592219 1.549737 1.509061 1.470098 1.432749 1.396911 1.362484 1.329373 1.297490 1.266753 1.237084 1.208416 1.180685 1.153831 1.127801 1.102547 1.078022 1.054186 1.031000 1.008429 0.986441 0.965005 0.944094 0.923682 0.903744 0.884259 0.865206 0.846566 0.828320 0.810450 
0.808019 0.825774 0.843898 0.862407 0.881318 0.900650 0.920422 0.940656 0.961373 0.982597 1.004355 1.026673 1.049583 1.073115 1.097304 1.122187 1.147804 1.174198 1.201415 1.229505 1.258520 1.288517 1.319556 1.351699 1.385011 1.419555 1.455394 1.492583 1.531161 1.571145 1.612506 1.655146 1.698856 1.743254 1.787694 1.831157 1.872115 1.908446 1.937495 1.956449 1.963058 1.956449 1.937495 1.908446 1.872115 1.831157 1.787694 1.743254 1.698856 1.655146 1.612506 1.571145 1.531161 1.492583 1.455394 1.419555 1.385011 1.351699 1.319556 1.288517 1.258520 1.229505 1.201415 1.174198 1.147804 1.122187 1.097304 1.073115 1.049583 1.026673 1.004355 0.982597 0.961373 0.940656 0.920422 0.900650 0.881318 0.862407 0.843898 0.825774 0.808019 
0.805165 0.822788 0.840769 0.859125 0.877872 0.897027 0.916608 0.936634 0.957126 0.978106 0.999598 1.021626 1.044218 1.067401 1.091206 1.115665 1.140812 1.166683 1.193317 1.220754 1.249036 1.278205 1.308305 1.339378 1.371465 1.404602 1.438814 1.474113 1.510487 1.547889 1.586217 1.625291 1.664813 1.704324 1.743142 1.780296 1.814476 1.844036 1.867106 1.881866 1.886956 1.881866 1.867106 1.844036 1.814476 1.780296 1.743142 1.704324 1.664813 1.625291 1.586217 1.547889 1.510487 1.474113 1.438814 1.404602 1.371465 1.339378 1.308305 1.278205 1.249036 1.220754 1.193317 1.166683 1.140812 1.115665 1.091206 1.067401 1.044218 1.021626 0.999598 0.978106 0.957126 0.936634 0.916608 0.897027 0.877872 0.859125 0.840769 0.822788 0.805165 
0.801900 0.819372 0.837192 0.855375 0.873936 0.892890 0.912255 0.932047 0.952287 0.972992 0.994186 1.015889 1.038125 1.060918 1.084295 1.108283 1.132910 1.158205 1.184198 1.210920 1.238402 1.266673 1.295761 1.325689 1.356476 1.388130 1.420647 1.454002 1.488140 1.522965 1.558326 1.593990 1.629616 1.664726 1.698663 1.730565 1.759356 1.783781 1.802513 1.814335 1.818382 1.814335 1.802513 1.783781 1.759356 1.730565 1.698663 1.664726 1.629616 1.593990 1.558326 1.522965 1.488140 1.454002 1.420647 1.388130 1.356476 1.325689 1.295761 1.266673 1.238402 1.210920 1.184198 1.158205 1.132910 1.108283 1.084295 1.060918 1.038125 1.015889 0.994186 0.972992 0.952287 0.932047 0.912255 0.892890 0.873936 0.855375 0.837192 0.819372 0.801900 
0.798233 0.815537 0.833178 0.851169 0.869524 0.888256 0.907382 0.926917 0.946877 0.967281 0.988146 1.009492 1.031339 1.053708 1.076619 1.100095 1.124159 1.148832 1.174137 1.200095 1.226726 1.254046 1.282070 1.310802 1.340243 1.370377 1.401173 1.432578 1.464506 1.496827 1.529357 1.561839 1.593920 1.625137 1.654894 1.682452 1.706945 1.727420 1.742919 1.752607 1.755905 1.752607 1.742919 1.727420 1.706945 1.682452 1.654894 1.625137 1.593920 1.561839 1.529357 1.496827 1.464506 1.432578 1.401173 1.370377 1.340243 1.310802 1.282070 1.254046 1.226726 1.200095 1.174137 1.148832 1.124159 1.100095 1.076619 1.053708 1.031339 1.009492 0.988146 0.967281 0.946877 0.926917 0.907382 0.888256 0.869524 0.851169 0.833178 0.815537 0.798233 
0.794176 0.811297 0.828742 0.846523 0.864653 0.883144 0.902010 0.921264 0.940922 0.960999 0.981510 1.002472 1.023900 1.045813 1.068226 1.091157 1.114622 1.138637 1.163216 1.188373 1.214115 1.240450 1.267376 1.294885 1.322959 1.351564 1.380650 1.410140 1.439926 1.469859 1.499739 1.529300 1.558202 1.586014 1.612211 1.636177 1.657217 1.674605 1.687639 1.695727 1.698470 1.695727 1.687639 1.674605 1.657217 1.636177 1.612211 1.586014 1.558202 1.529300 1.499739 1.469859 1.439926 1.410140 1.380650 1.351564 1.322959 1.294885 1.267376 1.240450 1.214115 1.188373 1.163216 1.138637 1.114622 1.091157 1.068226 1.045813 1.023900 1.002472 0.981510 0.960999 0.940922 0.921264 0.902010 0.883144 0.864653 0.846523 0.828742 0.811297 0.794176 
0.789741 0.806664 0.823898 0.841453 0.859341 0.877572 0.896159 0.915114 0.934449 0.954177 0.974311 0.994864 1.015849 1.037279 1.059168 1.081526 1.104364 1.127693 1.151520 1.175848 1.200678 1.226005 1.251818 1.278096 1.304805 1.331900 1.359312 1.386950 1.414694 1.442382 1.469812 1.496723 1.522798 1.547648 1.570821 1.591804 1.610046 1.624984 1.636097 1.642956 1.645275 1.642956 1.636097 1.624984 1.610046 1.591804 1.570821 1.547648 1.522798 1.496723 1.469812 1.442382 1.414694 1.386950 1.359312 1.331900 1.304805 1.278096 1.251818 1.226005 1.200678 1.175848 1.151520 1.127693 1.104364 1.081526 1.059168 1.037279 1.015849 0.994864 0.974311 0.954177 0.934449 0.915114 0.896159 0.877572 0.859341 0.841453 0.823898 0.806664 0.789741 
0.784942 0.801653 0.818662 0.835976 0.853607 0.871562 0.889854 0.908491 0.927484 0.946844 0.966581 0.986705 1.007226 1.028154 1.049496 1.071259 1.093451 1.116074 1.139128 1.162612 1.186517 1.210830 1.235529 1.260583 1.285949 1.311569 1.337364 1.363234 1.389051 1.414653 1.439839 1.464365 1.487938 1.510218 1.530817 1.549312 1.565262 1.578229 1.587819 1.593712 1.595700 1.593712 1.587819 1.578229 1.565262 1.549312 1.530817 1.510218 1.487938 1.464365 1.439839 1.414653 1.389051 1.363234 1.337364 1.311569 1.285949 1.260583 1.235529 1.210830 1.186517 1.162612 1.139128 1.116074 1.093451 1.071259 1.049496 1.028154 1.007226 0.986705 0.966581 0.946844 0.927484 0.908491 0.889854 0.871562 0.853607 0.835976 0.818662 0.801653 0.784942 
0.779791 0.796280 0.813050 0.830110 0.847469 0.865135 0.883116 0.901420 0.920056 0.939032 0.958356 0.978034 0.998075 1.018482 1.039262 1.060416 1.081946 1.103850 1.126123 1.148756 1.171733 1.195035 1.218632 1.242484 1.266541 1.290736 1.314985 1.339183 1.363199 1.386876 1.410020 1.432407 1.453774 1.473823 1.492225 1.508631 1.522686 1.534045 1.542406 1.547527 1.549252 1.547527 1.542406 1.534045 1.522686 1.508631 1.492225 1.473823 1.453774 1.432407 1.410020 1.386876 1.363199 1.339183 1.314985 1.290736 1.266541 1.242484 1.218632 1.195035 1.171733 1.148756 1.126123 1.103850 1.081946 1.060416 1.039262 1.018482 0.998075 0.978034 0.958356 0.939032 0.920056 0.901420 0.883116 0.865135 0.847469 0.830110 0.813050 0.796280 0.779791 
0.774305 0.790558 0.807079 0.823874 0.840950 0.858313 0.875970 0.893929 0.912194 0.930773 0.949670 0.968890 0.988436 1.008312 1.028518 1.049052 1.069913 1.091092 1.112580 1.134363 1.156420 1.178723 1.201239 1.223921 1.246714 1.269544 1.292327 1.314954 1.337299 1.359208 1.380504 1.400979 1.420400 1.438509 1.455029 1.469669 1.482141 1.492174 1.499530 1.504023 1.505535 1.504023 1.499530 1.492174 1.482141 1.469669 1.455029 1.438509 1.420400 1.400979 1.380504 1.359208 1.337299 1.314954 1.292327 1.269544 1.246714 1.223921 1.201239 1.178723 1.156420 1.134363 1.112580 1.091092 1.069913 1.049052 1.028518 1.008312 0.988436 0.968890 0.949670 0.930773 0.912194 0.893929 0.875970 0.858313 0.840950 0.823874 0.807079 0.790558 0.774305 
0.768496 0.784506 0.800767 0.817286 0.834068 0.851118 0.868441 0.886043 0.903927 0.922098 0.940558 0.959309 0.978353 0.997688 1.017313 1.037223 1.057410 1.077865 1.098572 1.119513 1.140663 1.161989 1.183453 1.205005 1.226584 1.248118 1.269518 1.290679 1.311479 1.331772 1.351396 1.370163 1.387868 1.404287 1.419185 1.432322 1.443462 1.452389 1.458912 1.462888 1.464224 1.462888 1.458912 1.452389 1.443462 1.432322 1.419185 1.404287 1.387868 1.370163 1.351396 1.331772 1.311479 1.290679 1.269518 1.248118 1.226584 1.205005 1.183453 1.161989 1.140663 1.119513 1.098572 1.077865 1.057410 1.037223 1.017313 0.997688 0.978353 0.959309 0.940558 0.922098 0.903927 0.886043 0.868441 0.851118 0.834068 0.817286 0.800767 0.784506 0.768496 
0.762382 0.778138 0.794131 0.810365 0.826844 0.843572 0.860553 0.877789 0.895284 0.913038 0.931054 0.949330 0.967865 0.986656 1.005697 1.024981 1.044498 1.064232 1.084168 1.104280 1.124542 1.144918 1.165364 1.185831 1.206254 1.226560 1.246663 1.266462 1.285838 1.304658 1.322772 1.340014 1.356202 1.371144 1.384639 1.396488 1.406498 1.414491 1.420317 1.423862 1.425052 1.423862 1.420317 1.414491 1.406498 1.396488 1.384639 1.371144 1.356202 1.340014 1.322772 1.304658 1.285838 1.266462 1.246663 1.226560 1.206254 1.185831 1.165364 1.144918 1.124542 1.104280 1.084168 1.064232 1.044498 1.024981 1.005697 0.986656 0.967865 0.949330 0.931054 0.913038 0.895284 0.877789 0.860553 0.843572 0.826844 0.810365 0.794131 0.778138 0.762382 
0.755976 0.771472 0.787190 0.803131 0.819300 0.835699 0.852330 0.869194 0.886293 0.903626 0.921192 0.938989 0.957013 0.975258 0.993716 1.012377 1.031228 1.050253 1.069429 1.088732 1.108130 1.127586 1.147054 1.166483 1.185809 1.204960 1.223851 1.242385 1.260453 1.277932 1.294684 1.310562 1.325407 1.339053 1.351328 1.362067 1.371108 1.378308 1.383545 1.386726 1.387793 1.386726 1.383545 1.378308 1.371108 1.362067 1.351328 1.339053 1.325407 1.310562 1.294684 1.277932 1.260453 1.242385 1.223851 1.204960 1.185809 1.166483 1.147054 1.127586 1.108130 1.088732 1.069429 1.050253 1.031228 1.012377 0.993716 0.975258 0.957013 0.938989 0.921192 0.903626 0.886293 0.869194 0.852330 0.835699 0.819300 0.803131 0.787190 0.771472 0.755976 
0.749294 0.764524 0.779960 0.795603 0.811456 0.827520 0.843796 0.860284 0.876982 0.893890 0.911004 0.928321 0.945833 0.963534 0.981413 0.999458 1.017654 1.035980 1.054414 1.072929 1.091491 1.110061 1.128594 1.147035 1.165325 1.183390 1.201151 1.218516 1.235384 1.251640 1.267164 1.281821 1.295474 1.307977 1.319187 1.328962 1.337170 1.343690 1.348423 1.351295 1.352257 1.351295 1.348423 1.343690 1.337170 1.328962 1.319187 1.307977 1.295474 1.281821 1.267164 1.251640 1.235384 1.218516 1.201151 1.183390 1.165325 1.147035 1.128594 1.110061 1.091491 1.072929 1.054414 1.035980 1.017654 0.999458 0.981413 0.963534 0.945833 0.928321 0.911004 0.893890 0.876982 0.860284 0.843796 0.827520 0.811456 0.795603 0.779960 0.764524 0.749294 
0.742353 0.757311 0.772460 0.787800 0.803333 0.819058 0.834975 0.851083 0.867379 0.883861 0.900523 0.917360 0.934363 0.951524 0.968831 0.986269 1.003820 1.021465 1.039177 1.056928 1.074684 1.092404 1.110044 1.127550 1.144861 1.161910 1.178620 1.194905 1.210672 1.225816 1.240229 1.253791 1.266382 1.277877 1.288152 1.297086 1.304570 1.310502 1.314803 1.317409 1.318282 1.317409 1.314803 1.310502 1.304570 1.297086 1.288152 1.277877 1.266382 1.253791 1.240229 1.225816 1.210672 1.194905 1.178620 1.161910 1.144861 1.127550 1.110044 1.092404 1.074684 1.056928 1.039177 1.021465 1.003820 0.986269 0.968831 0.951524 0.934363 0.917360 0.900523 0.883861 0.867379 0.851083 0.834975 0.819058 0.803333 0.787800 0.772460 0.757311 0.742353 
0.735166 0.749849 0.764707 0.779741 0.794950 0.810334 0.825891 0.841617 0.857511 0.873566 0.889777 0.906138 0.922637 0.939265 0.956008 0.972850 0.989773 1.006753 1.023765 1.040779 1.057760 1.074668 1.091458 1.108079 1.124471 1.140570 1.156303 1.171591 1.186348 1.200480 1.213887 1.226466 1.238109 1.248709 1.258158 1.266356 1.273207 1.278629 1.282554 1.284930 1.285726 1.284930 1.282554 1.278629 1.273207 1.266356 1.258158 1.248709 1.238109 1.226466 1.213887 1.200480 1.186348 1.171591 1.156303 1.140570 1.124471 1.108079 1.091458 1.074668 1.057760 1.040779 1.023765 1.006753 0.989773 0.972850 0.956008 0.939265 0.922637 0.906138 0.889777 0.873566 0.857511 0.841617 0.825891 0.810334 0.794950 0.779741 0.764707 0.749849 0.735166 
0.727750 0.742154 0.756719 0.771444 0.786328 0.801369 0.816564 0.831910 0.847401 0.863033 0.878797 0.894685 0.910687 0.926791 0.942981 0.959241 0.975550 0.991885 1.008221 1.024526 1.040765 1.056898 1.072883 1.088667 1.104196 1.119408 1.134235 1.148603 1.162434 1.175642 1.188139 1.199832 1.210626 1.220429 1.229148 1.236695 1.242992 1.247967 1.251564 1.253740 1.254469 1.253740 1.251564 1.247967 1.242992 1.236695 1.229148 1.220429 1.210626 1.199832 1.188139 1.175642 1.162434 1.148603 1.134235 1.119408 1.104196 1.088667 1.072883 1.056898 1.040765 1.024526 1.008221 0.991885 0.975550 0.959241 0.942981 0.926791 0.910687 0.894685 0.878797 0.863033 0.847401 0.831910 0.816564 0.801369 0.786328 0.771444 0.756719 0.742154 0.727750 
0.720119 0.734242 0.748512 0.762927 0.777485 0.792183 0.807018 0.821984 0.837076 0.852287 0.867609 0.883032 0.898544 0.914133 0.929783 0.945475 0.961189 0.976901 0.992584 1.008208 1.023738 1.039135 1.054355 1.069352 1.084072 1.098456 1.112442 1.125962 1.138943 1.151309 1.162979 1.173872 1.183904 1.192995 1.201063 1.208035 1.213841 1.218424 1.221733 1.223734 1.224403 1.223734 1.221733 1.218424 1.213841 1.208035 1.201063 1.192995 1.183904 1.173872 1.162979 1.151309 1.138943 1.125962 1.112442 1.098456 1.084072 1.069352 1.054355 1.039135 1.023738 1.008208 0.992584 0.976901 0.961189 0.945475 0.929783 0.914133 0.898544 0.883032 0.867609 0.852287 0.837076 0.821984 0.807018 0.792183 0.777485 0.762927 0.748512 0.734242 0.720119 
0.712287 0.726129 0.740104 0.754208 0.768441 0.782797 0.797272 0.811861 0.826557 0.841353 0.856238 0.871204 0.886236 0.901322 0.916444 0.931585 0.946722 0.961833 0.976889 0.991861 1.006714 1.021411 1.035910 1.050165 1.064127 1.077740 1.090946 1.103682 1.115882 1.127478 1.138396 1.148565 1.157912 1.166363 1.173851 1.180311 1.185683 1.189918 1.192973 1.194819 1.195436 1.194819 1.192973 1.189918 1.185683 1.180311 1.173851 1.166363 1.157912 1.148565 1.138396 1.127478 1.115882 1.103682 1.090946 1.077740 1.064127 1.050165 1.035910 1.021411 1.006714 0.991861 0.976889 0.961833 0.946722 0.931585 0.916444 0.901322 0.886236 0.871204 0.856238 0.841353 0.826557 0.811861 0.797272 0.782797 0.768441 0.754208 0.740104 0.726129 0.712287 
0.704270 0.717830 0.731509 0.745304 0.759212 0.773228 0.787347 0.801562 0.815868 0.830253 0.844710 0.859227 0.873790 0.888385 0.902994 0.917600 0.932181 0.946711 0.961166 0.975514 0.989723 1.003756 1.017574 1.031132 1.044383 1.057277 1.069759 1.081772 1.093255 1.104145 1.114379 1.123892 1.132618 1.140495 1.147463 1.153464 1.158449 1.162375 1.165205 1.166914 1.167485 1.166914 1.165205 1.162375 1.158449 1.153464 1.147463 1.140495 1.132618 1.123892 1.114379 1.104145 1.093255 1.081772 1.069759 1.057277 1.044383 1.031132 1.017574 1.003756 0.989723 0.975514 0.961166 0.946711 0.932181 0.917600 0.902994 0.888385 0.873790 0.859227 0.844710 0.830253 0.815868 0.801562 0.787347 0.773228 0.759212 0.745304 0.731509 0.717830 0.704270 
0.696081 0.709359 0.722743 0.736230 0.749816 0.763495 0.777261 0.791108 0.805028 0.819011 0.833047 0.847124 0.861229 0.875346 0.889458 0.903547 0.917590 0.931564 0.945442 0.959195 0.972791 0.986195 0.999369 1.012272 1.024859 1.037082 1.048893 1.060237 1.071059 1.081304 1.090913 1.099829 1.107993 1.115352 1.121851 1.127442 1.132081 1.135730 1.138359 1.139946 1.140477 1.139946 1.138359 1.135730 1.132081 1.127442 1.121851 1.115352 1.107993 1.099829 1.090913 1.081304 1.071059 1.060237 1.048893 1.037082 1.024859 1.012272 0.999369 0.986195 0.972791 0.959195 0.945442 0.931564 0.917590 0.903547 0.889458 0.875346 0.861229 0.847124 0.833047 0.819011 0.805028 0.791108 0.777261 0.763495 0.749816 0.736230 0.722743 0.709359 0.696081 
0.687734 0.700731 0.713822 0.727003 0.740269 0.753614 0.767033 0.780516 0.794057 0.807645 0.821269 0.834918 0.848576 0.862229 0.875860 0.889449 0.902975 0.916414 0.929740 0.942926 0.955940 0.968749 0.981316 0.993603 1.005568 1.017167 1.028353 1.039078 1.049292 1.058944 1.067982 1.076353 1.084008 1.090897 1.096973 1.102194 1.106522 1.109924 1.112373 1.113851 1.114345 1.113851 1.112373 1.109924 1.106522 1.102194 1.096973 1.090897 1.084008 1.076353 1.067982 1.058944 1.049292 1.039078 1.028353 1.017167 1.005568 0.993603 0.981316 0.968749 0.955940 0.942926 0.929740 0.916414 0.902975 0.889449 0.875860 0.862229 0.848576 0.834918 0.821269 0.807645 0.794057 0.780516 0.767033 0.753614 0.740269 0.727003 0.713822 0.700731 0.687734 
0.679241 0.691959 0.704759 0.717637 0.730587 0.743603 0.756678 0.769805 0.782974 0.796175 0.809397 0.822628 0.835852 0.849056 0.862221 0.875328 0.888356 0.901283 0.914083 0.926728 0.939189 0.951435 0.963430 0.975138 0.986521 0.997537 1.008143 1.018295 1.027948 1.037054 1.045568 1.053443 1.060633 1.067096 1.072790 1.077677 1.081724 1.084903 1.087191 1.088570 1.089031 1.088570 1.087191 1.084903 1.081724 1.077677 1.072790 1.067096 1.060633 1.053443 1.045568 1.037054 1.027948 1.018295 1.008143 0.997537 0.986521 0.975138 0.963430 0.951435 0.939189 0.926728 0.914083 0.901283 0.888356 0.875328 0.862221 0.849056 0.835852 0.822628 0.809397 0.796175 0.782974 0.769805 0.756678 0.743603 0.730587 0.717637 0.704759 0.691959 0.679241 
0.670615 0.683056 0.695568 0.708146 0.720785 0.733477 0.746215 0.758991 0.771795 0.784618 0.797448 0.810272 0.823076 0.835844 0.848559 0.861202 0.873753 0.886189 0.898486 0.910617 0.922554 0.934267 0.945723 0.956888 0.967725 0.978197 0.988264 0.997885 1.007019 1.015623 1.023656 1.031076 1.037843 1.043917 1.049263 1.053847 1.057641 1.060619 1.062760 1.064051 1.064482 1.064051 1.062760 1.060619 1.057641 1.053847 1.049263 1.043917 1.037843 1.031076 1.023656 1.015623 1.007019 0.997885 0.988264 0.978197 0.967725 0.956888 0.945723 0.934267 0.922554 0.910617 0.898486 0.886189 0.873753 0.861202 0.848559 0.835844 0.823076 0.810272 0.797448 0.784618 0.771795 0.758991 0.746215 0.733477 0.720785 0.708146 0.695568 0.683056 0.670615 
0.661868 0.674035 0.686263 0.698545 0.710876 0.723249 0.735656 0.748089 0.760537 0.772992 0.785440 0.797869 0.810264 0.822612 0.834893 0.847090 0.859183 0.871149 0.882966 0.894608 0.906048 0.917257 0.928205 0.938859 0.949185 0.959149 0.968714 0.977842 0.986496 0.994638 1.002228 1.009231 1.015610 1.021330 1.026359 1.030668 1.034231 1.037026 1.039036 1.040246 1.040651 1.040246 1.039036 1.037026 1.034231 1.030668 1.026359 1.021330 1.015610 1.009231 1.002228 0.994638 0.986496 0.977842 0.968714 0.959149 0.949185 0.938859 0.928205 0.917257 0.906048 0.894608 0.882966 0.871149 0.859183 0.847090 0.834893 0.822612 0.810264 0.797869 0.785440 0.772992 0.760537 0.748089 0.735656 0.723249 0.710876 0.698545 0.686263 0.674035 0.661868 
0.653011 0.664908 0.676855 0.688846 0.700875 0.712934 0.725017 0.737114 0.749215 0.761310 0.773387 0.785432 0.797433 0.809374 0.821237 0.833006 0.844659 0.856177 0.867537 0.878714 0.889682 0.900415 0.910884 0.921058 0.930906 0.940395 0.949492 0.958162 0.966371 0.974085 0.981268 0.987887 0.993910 0.999306 1.004046 1.008104 1.011457 1.014086 1.015975 1.017113 1.017494 1.017113 1.015975 1.014086 1.011457 1.008104 1.004046 0.999306 0.993910 0.987887 0.981268 0.974085 0.966371 0.958162 0.949492 0.940395 0.930906 0.921058 0.910884 0.900415 0.889682 0.878714 0.867537 0.856177 0.844659 0.833006 0.821237 0.809374 0.797433 0.785432 0.773387 0.761310 0.749215 0.737114 0.725017 0.712934 0.700875 0.688846 0.676855 0.664908 0.653011 
0.644056 0.655686 0.667356 0.679060 0.690792 0.702545 0.714310 0.726079 0.737841 0.749587 0.761303 0.772978 0.784597 0.796145 0.807606 0.818963 0.830196 0.841285 0.852209 0.862944 0.873466 0.883748 0.893765 0.903488 0.912887 0.921932 0.930593 0.938837 0.946634 0.953951 0.960758 0.967024 0.972720 0.977818 0.982293 0.986122 0.989283 0.991761 0.993541 0.994613 0.994971 0.994613 0.993541 0.991761 0.989283 0.986122 0.982293 0.977818 0.972720 0.967024 0.960758 0.953951 0.946634 0.938837 0.930593 0.921932 0.912887 0.903488 0.893765 0.883748 0.873466 0.862944 0.852209 0.841285 0.830196 0.818963 0.807606 0.796145 0.784597 0.772978 0.761303 0.749587 0.737841 0.726079 0.714310 0.702545 0.690792 0.679060 0.667356 0.655686 0.644056 
0.635013 0.646379 0.657777 0.669200 0.680641 0.692094 0.703549 0.714997 0.726430 0.737835 0.749202 0.760517 0.771767 0.782938 0.794012 0.804974 0.815805 0.826484 0.836993 0.847307 0.857406 0.867263 0.876853 0.886151 0.895129 0.903759 0.912013 0.919860 0.927274 0.934224 0.940683 0.946623 0.952018 0.956842 0.961074 0.964692 0.967678 0.970017 0.971697 0.972708 0.973046 0.972708 0.971697 0.970017 0.967678 0.964692 0.961074 0.956842 0.952018 0.946623 0.940683 0.934224 0.927274 0.919860 0.912013 0.903759 0.895129 0.886151 0.876853 0.867263 0.857406 0.847307 0.836993 0.826484 0.815805 0.804974 0.794012 0.782938 0.771767 0.760517 0.749202 0.737835 0.726430 0.714997 0.703549 0.692094 0.680641 0.669200 0.657777 0.646379 0.635013 
0.625891 0.636999 0.648129 0.659276 0.670432 0.681591 0.692743 0.703880 0.714991 0.726067 0.737094 0.748062 0.758957 0.769763 0.780466 0.791049 0.801494 0.811783 0.821896 0.831812 0.841508 0.850963 0.860152 0.869050 0.877632 0.885873 0.893746 0.901224 0.908281 0.914890 0.921027 0.926665 0.931782 0.936354 0.940362 0.943787 0.946612 0.948824 0.950412 0.951368 0.951687 0.951368 0.950412 0.948824 0.946612 0.943787 0.940362 0.936354 0.931782 0.926665 0.921027 0.914890 0.908281 0.901224 0.893746 0.885873 0.877632 0.869050 0.860152 0.850963 0.841508 0.831812 0.821896 0.811783 0.801494 0.791049 0.780466 0.769763 0.758957 0.748062 0.737094 0.726067 0.714991 0.703880 0.692743 0.681591 0.670432 0.659276 0.648129 0.636999 0.625891 
0.616701 0.627554 0.638422 0.649298 0.660176 0.671047 0.681904 0.692737 0.703537 0.714292 0.724992 0.735624 0.746175 0.756631 0.766977 0.777197 0.787274 0.797190 0.806926 0.816462 0.825778 0.834852 0.843661 0.852183 0.860394 0.868270 0.875787 0.882919 0.889644 0.895937 0.901774 0.907133 0.911992 0.916332 0.920134 0.923380 0.926057 0.928152 0.929656 0.930561 0.930863 0.930561 0.929656 0.928152 0.926057 0.923380 0.920134 0.916332 0.911992 0.907133 0.901774 0.895937 0.889644 0.882919 0.875787 0.868270 0.860394 0.852183 0.843661 0.834852 0.825778 0.816462 0.806926 0.797190 0.787274 0.777197 0.766977 0.756631 0.746175 0.735624 0.724992 0.714292 0.703537 0.692737 0.681904 0.671047 0.660176 0.649298 0.638422 0.627554 0.616701 
0.607450 0.618054 0.628664 0.639276 0.649881 0.660473 0.671042 0.681580 0.692076 0.702522 0.712904 0.723212 0.733432 0.743551 0.753554 0.763426 0.773150 0.782710 0.792087 0.801263 0.810218 0.818932 0.827383 0.835550 0.843412 0.850946 0.858129 0.864939 0.871354 0.877351 0.882910 0.888010 0.892631 0.896756 0.900366 0.903448 0.905989 0.907976 0.909402 0.910260 0.910547 0.910260 0.909402 0.907976 0.905989 0.903448 0.900366 0.896756 0.892631 0.888010 0.882910 0.877351 0.871354 0.864939 0.858129 0.850946 0.843412 0.835550 0.827383 0.818932 0.810218 0.801263 0.792087 0.782710 0.773150 0.763426 0.753554 0.743551 0.733432 0.723212 0.712904 0.702522 0.692076 0.681580 0.671042 0.660473 0.649881 0.639276 0.628664 0.618054 0.607450 
