57 57
9.546975e-01 0 5
-0.610753 -0.595151 -0.579613 -0.564163 -0.548824 -0.533622 -0.518586 -0.503749 -0.489143 -0.474805 -0.460774 -0.447093 -0.433804 -0.420956 -0.408596 -0.396775 -0.385545 -0.374958 -0.365066 -0.355924 -0.347580 -0.340086 -0.333486 -0.327823 -0.323135 -0.319454 -0.316806 -0.315210 -0.314676 -0.315210 -0.316806 -0.319454 -0.323135 -0.327823 -0.333486 -0.340086 -0.347580 -0.355924 -0.365066 -0.374958 -0.385545 -0.396775 -0.408596 -0.420956 -0.433804 -0.447093 -0.460774 -0.474805 -0.489143 -0.503749 -0.518586 -0.533622 -0.548824 -0.564163 -0.579613 -0.595151 -0.610753 
-0.595439 -0.579315 -0.563238 -0.547230 -0.531315 -0.515520 -0.499875 -0.484413 -0.469168 -0.454180 -0.439489 -0.425141 -0.411181 -0.397662 -0.384634 -0.372154 -0.360278 -0.349064 -0.338571 -0.328858 -0.319982 -0.311999 -0.304960 -0.298915 -0.293905 -0.289969 -0.287136 -0.285427 -0.284856 -0.285427 -0.287136 -0.289969 -0.293905 -0.298915 -0.304960 -0.311999 -0.319982 -0.328858 -0.338571 -0.349064 -0.360278 -0.372154 -0.384634 -0.397662 -0.411181 -0.425141 -0.439489 -0.454180 -0.469168 -0.484413 -0.499875 -0.515520 -0.531315 -0.547230 -0.563238 -0.579315 -0.595439 
-0.580209 -0.563547 -0.546910 -0.530322 -0.513808 -0.497393 -0.481110 -0.464990 -0.449072 -0.433396 -0.418003 -0.402943 -0.388266 -0.374025 -0.360278 -0.347085 -0.334508 -0.322611 -0.311461 -0.301123 -0.291660 -0.283138 -0.275614 -0.269144 -0.263778 -0.259558 -0.256518 -0.254684 -0.254071 -0.254684 -0.256518 -0.259558 -0.263778 -0.269144 -0.275614 -0.283138 -0.291660 -0.301123 -0.311461 -0.322611 -0.334508 -0.347085 -0.360278 -0.374025 -0.388266 -0.402943 -0.418003 -0.433396 -0.449072 -0.464990 -0.481110 -0.497393 -0.513808 -0.530322 -0.546910 -0.563547 -0.580209 
-0.565086 -0.547868 -0.530653 -0.513464 -0.496325 -0.479264 -0.462312 -0.445502 -0.428874 -0.412468 -0.396331 -0.380513 -0.365066 -0.350051 -0.335527 -0.321562 -0.308223 -0.295582 -0.283711 -0.272685 -0.262576 -0.253457 -0.245394 -0.238453 -0.232689 -0.228151 -0.224881 -0.222907 -0.222247 -0.222907 -0.224881 -0.228151 -0.232689 -0.238453 -0.245394 -0.253457 -0.262576 -0.272685 -0.283711 -0.295582 -0.308223 -0.321562 -0.335527 -0.350051 -0.365066 -0.380513 -0.396331 -0.412468 -0.428874 -0.445502 -0.462312 -0.479264 -0.496325 -0.513464 -0.530653 -0.547868 -0.565086 
-0.550095 -0.532305 -0.514493 -0.496682 -0.478894 -0.461159 -0.443507 -0.425973 -0.408596 -0.391420 -0.374491 -0.357864 -0.341595 -0.325746 -0.310384 -0.295582 -0.281413 -0.267957 -0.255296 -0.243512 -0.232689 -0.222907 -0.214245 -0.206776 -0.200566 -0.195673 -0.192143 -0.190011 -0.189298 -0.190011 -0.192143 -0.195673 -0.200566 -0.206776 -0.214245 -0.222907 -0.232689 -0.243512 -0.255296 -0.267957 -0.281413 -0.295582 -0.310384 -0.325746 -0.341595 -0.357864 -0.374491 -0.391420 -0.408596 -0.425973 -0.443507 -0.461159 -0.478894 -0.496682 -0.514493 -0.532305 -0.550095 
-0.535263 -0.516885 -0.498459 -0.480003 -0.461544 -0.443107 -0.424724 -0.406430 -0.388266 -0.370275 -0.352507 -0.335018 -0.317867 -0.301123 -0.284856 -0.269144 -0.254071 -0.239723 -0.226192 -0.213571 -0.201954 -0.191434 -0.182102 -0.174041 -0.167331 -0.162037 -0.158215 -0.155904 -0.155132 -0.155904 -0.158215 -0.162037 -0.167331 -0.174041 -0.182102 -0.191434 -0.201954 -0.213571 -0.226192 -0.239723 -0.254071 -0.269144 -0.284856 -0.301123 -0.317867 -0.335018 -0.352507 -0.370275 -0.388266 -0.406430 -0.424724 -0.443107 -0.461544 -0.480003 -0.498459 -0.516885 -0.535263 
-0.520620 -0.501640 -0.482581 -0.463462 -0.444306 -0.425141 -0.405996 -0.386907 -0.367915 -0.349064 -0.330406 -0.311999 -0.293905 -0.276197 -0.258952 -0.242253 -0.226192 -0.210866 -0.196376 -0.182827 -0.170327 -0.158982 -0.148897 -0.140171 -0.132894 -0.127146 -0.122992 -0.120479 -0.119638 -0.120479 -0.122992 -0.127146 -0.132894 -0.140171 -0.148897 -0.158982 -0.170327 -0.182827 -0.196376 -0.210866 -0.226192 -0.242253 -0.258952 -0.276197 -0.293905 -0.311999 -0.330406 -0.349064 -0.367915 -0.386907 -0.405996 -0.425141 -0.444306 -0.463462 -0.482581 -0.501640 -0.520620 
-0.506197 -0.486602 -0.466894 -0.447093 -0.427219 -0.407298 -0.387361 -0.367441 -0.347580 -0.327823 -0.308223 -0.288838 -0.269736 -0.250992 -0.232689 -0.214917 -0.197777 -0.181375 -0.165825 -0.151246 -0.137759 -0.125489 -0.114557 -0.105077 -0.097157 -0.090892 -0.086358 -0.083613 -0.082695 -0.083613 -0.086358 -0.090892 -0.097157 -0.105077 -0.114557 -0.125489 -0.137759 -0.151246 -0.165825 -0.181375 -0.197777 -0.214917 -0.232689 -0.250992 -0.269736 -0.288838 -0.308223 -0.327823 -0.347580 -0.367441 -0.387361 -0.407298 -0.427219 -0.447093 -0.466894 -0.486602 -0.506197 
-0.492029 -0.471807 -0.451437 -0.430935 -0.410321 -0.389620 -0.368860 -0.348075 -0.327305 -0.306594 -0.285997 -0.265574 -0.245394 -0.225537 -0.206090 -0.187152 -0.168831 -0.151246 -0.134522 -0.118795 -0.104204 -0.090892 -0.078999 -0.068662 -0.060008 -0.053149 -0.048180 -0.045169 -0.044160 -0.045169 -0.048180 -0.053149 -0.060008 -0.068662 -0.078999 -0.090892 -0.104204 -0.118795 -0.134522 -0.151246 -0.168831 -0.187152 -0.206090 -0.225537 -0.245394 -0.265574 -0.285997 -0.306594 -0.327305 -0.348075 -0.368860 -0.389620 -0.410321 -0.430935 -0.451437 -0.471807 -0.492029 
-0.478153 -0.457295 -0.436250 -0.415031 -0.393659 -0.372154 -0.350543 -0.328858 -0.307138 -0.285427 -0.263778 -0.242253 -0.220923 -0.199871 -0.179188 -0.158982 -0.139369 -0.120479 -0.102454 -0.085445 -0.069612 -0.055121 -0.042136 -0.030818 -0.021321 -0.013778 -0.008304 -0.004984 -0.003872 -0.004984 -0.008304 -0.013778 -0.021321 -0.030818 -0.042136 -0.055121 -0.069612 -0.085445 -0.102454 -0.120479 -0.139369 -0.158982 -0.179188 -0.199871 -0.220923 -0.242253 -0.263778 -0.285427 -0.307138 -0.328858 -0.350543 -0.372154 -0.393659 -0.415031 -0.436250 -0.457295 -0.478153 
-0.464609 -0.443107 -0.421376 -0.399429 -0.377281 -0.354950 -0.332462 -0.309845 -0.287136 -0.264377 -0.241622 -0.218931 -0.196376 -0.174041 -0.152026 -0.130441 -0.109413 -0.089084 -0.069612 -0.051169 -0.033936 -0.018105 -0.003872 0.008573 0.019046 0.027383 0.033445 0.037126 0.038360 0.037126 0.033445 0.027383 0.019046 0.008573 -0.003872 -0.018105 -0.033936 -0.051169 -0.069612 -0.089084 -0.109413 -0.130441 -0.152026 -0.174041 -0.196376 -0.218931 -0.241622 -0.264377 -0.287136 -0.309845 -0.332462 -0.354950 -0.377281 -0.399429 -0.421376 -0.443107 -0.464609 
-0.451437 -0.429287 -0.406864 -0.384178 -0.361240 -0.338065 -0.314676 -0.291097 -0.267363 -0.243512 -0.219596 -0.195673 -0.171816 -0.148111 -0.124658 -0.101576 -0.078999 -0.057083 -0.036001 -0.015948 0.002869 0.020227 0.035895 0.049645 0.061254 0.070521 0.077274 0.081381 0.082759 0.081381 0.077274 0.070521 0.061254 0.049645 0.035895 0.020227 0.002869 -0.015948 -0.036001 -0.057083 -0.078999 -0.101576 -0.124658 -0.148111 -0.171816 -0.195673 -0.219596 -0.243512 -0.267363 -0.291097 -0.314676 -0.338065 -0.361240 -0.384178 -0.406864 -0.429287 -0.451437 
-0.438682 -0.415883 -0.392765 -0.369332 -0.345594 -0.321562 -0.297251 -0.272685 -0.247891 -0.222907 -0.197777 -0.172559 -0.147324 -0.122156 -0.097157 -0.072451 -0.048180 -0.024511 -0.001637 0.020227 0.040841 0.059947 0.077274 0.092543 0.105485 0.115851 0.123423 0.128037 0.129587 0.128037 0.123423 0.115851 0.105485 0.092543 0.077274 0.059947 0.040841 0.020227 -0.001637 -0.024511 -0.048180 -0.072451 -0.097157 -0.122156 -0.147324 -0.172559 -0.197777 -0.222907 -0.247891 -0.272685 -0.297251 -0.321562 -0.345594 -0.369332 -0.392765 -0.415883 -0.438682 
-0.426389 -0.402943 -0.379130 -0.354950 -0.330406 -0.305506 -0.280259 -0.254684 -0.228803 -0.202646 -0.176255 -0.149681 -0.122992 -0.096268 -0.069612 -0.043149 -0.017028 0.008573 0.033445 0.057347 0.080007 0.101124 0.120377 0.137429 0.151948 0.163622 0.172178 0.177402 0.179159 0.177402 0.172178 0.163622 0.151948 0.137429 0.120377 0.101124 0.080007 0.057347 0.033445 0.008573 -0.017028 -0.043149 -0.069612 -0.096268 -0.122992 -0.149681 -0.176255 -0.202646 -0.228803 -0.254684 -0.280259 -0.305506 -0.330406 -0.354950 -0.379130 -0.402943 -0.426389 
-0.414605 -0.390521 -0.366018 -0.341092 -0.315742 -0.289969 -0.263778 -0.237178 -0.210187 -0.182827 -0.155132 -0.127146 -0.098930 -0.070561 -0.042136 -0.013778 0.014358 0.042087 0.069184 0.095383 0.120377 0.143816 0.165319 0.184477 0.200879 0.214130 0.223877 0.229845 0.231855 0.229845 0.223877 0.214130 0.200879 0.184477 0.165319 0.143816 0.120377 0.095383 0.069184 0.042087 0.014358 -0.013778 -0.042136 -0.070561 -0.098930 -0.127146 -0.155132 -0.182827 -0.210187 -0.237178 -0.263778 -0.289969 -0.315742 -0.341092 -0.366018 -0.390521 -0.414605 
-0.403381 -0.378669 -0.353486 -0.327823 -0.301673 -0.275030 -0.247891 -0.220260 -0.192143 -0.163556 -0.134522 -0.105077 -0.075270 -0.045169 -0.014865 0.015525 0.045848 0.075914 0.105485 0.134274 0.161933 0.188063 0.212209 0.233875 0.252546 0.267716 0.278929 0.285816 0.288139 0.285816 0.278929 0.267716 0.252546 0.233875 0.212209 0.188063 0.161933 0.134274 0.105485 0.075914 0.045848 0.015525 -0.014865 -0.045169 -0.075270 -0.105077 -0.134522 -0.163556 -0.192143 -0.220260 -0.247891 -0.275030 -0.301673 -0.327823 -0.353486 -0.378669 -0.403381 
-0.392765 -0.367441 -0.341595 -0.315210 -0.288271 -0.260768 -0.232689 -0.204027 -0.174781 -0.144953 -0.114557 -0.083613 -0.052160 -0.020252 0.012034 0.044590 0.077274 0.109895 0.142210 0.173912 0.204620 0.233875 0.261142 0.285816 0.307249 0.324789 0.337827 0.345870 0.348589 0.345870 0.337827 0.324789 0.307249 0.285816 0.261142 0.233875 0.204620 0.173912 0.142210 0.109895 0.077274 0.044590 0.012034 -0.020252 -0.052160 -0.083613 -0.114557 -0.144953 -0.174781 -0.204027 -0.232689 -0.260768 -0.288271 -0.315210 -0.341595 -0.367441 -0.392765 
-0.382807 -0.356895 -0.330406 -0.303320 -0.275614 -0.247268 -0.218264 -0.188584 -0.158215 -0.127146 -0.095377 -0.062913 -0.029774 0.004003 0.038360 0.073208 0.108419 0.143816 0.179159 0.214130 0.248319 0.281211 0.312179 0.340489 0.365323 0.385826 0.401181 0.410702 0.413930 0.410702 0.401181 0.385826 0.365323 0.340489 0.312179 0.281211 0.248319 0.214130 0.179159 0.143816 0.108419 0.073208 0.038360 0.004003 -0.029774 -0.062913 -0.095377 -0.127146 -0.158215 -0.188584 -0.218264 -0.247268 -0.275614 -0.303320 -0.330406 -0.356895 -0.382807 
-0.373558 -0.347085 -0.319982 -0.292223 -0.263778 -0.234619 -0.204716 -0.174041 -0.142569 -0.110274 -0.077138 -0.043149 -0.008304 0.027383 0.063880 0.101124 0.139016 0.177402 0.216060 0.254677 0.292829 0.329951 0.365323 0.398059 0.427125 0.451392 0.469740 0.481197 0.485096 0.481197 0.469740 0.451392 0.427125 0.398059 0.365323 0.329951 0.292829 0.254677 0.216060 0.177402 0.139016 0.101124 0.063880 0.027383 -0.008304 -0.043149 -0.077138 -0.110274 -0.142569 -0.174041 -0.204716 -0.234619 -0.263778 -0.292223 -0.319982 -0.347085 -0.373558 
-0.365066 -0.338065 -0.310384 -0.281989 -0.252842 -0.222907 -0.192143 -0.160512 -0.127972 -0.094484 -0.060008 -0.024511 0.012034 0.049645 0.088321 0.128037 0.168733 0.210298 0.252546 0.295195 0.337827 0.379854 0.420470 0.458624 0.493017 0.522147 0.544448 0.558504 0.563310 0.558504 0.544448 0.522147 0.493017 0.458624 0.420470 0.379854 0.337827 0.295195 0.252546 0.210298 0.168733 0.128037 0.088321 0.049645 0.012034 -0.024511 -0.060008 -0.094484 -0.127972 -0.160512 -0.192143 -0.222907 -0.252842 -0.281989 -0.310384 -0.338065 -0.365066 
-0.357380 -0.329891 -0.301673 -0.272685 -0.242883 -0.212221 -0.180647 -0.148111 -0.114557 -0.079926 -0.044160 -0.007201 0.031009 0.070521 0.111375 0.153595 0.197175 0.242063 0.288139 0.335184 0.382828 0.430497 0.477339 0.522147 0.563310 0.598834 0.626489 0.644143 0.650223 0.644143 0.626489 0.598834 0.563310 0.522147 0.477339 0.430497 0.382828 0.335184 0.288139 0.242063 0.197175 0.153595 0.111375 0.070521 0.031009 -0.007201 -0.044160 -0.079926 -0.114557 -0.148111 -0.180647 -0.212221 -0.242883 -0.272685 -0.301673 -0.329891 -0.357380 
-0.350543 -0.322611 -0.293905 -0.264377 -0.233976 -0.202646 -0.170327 -0.136953 -0.102454 -0.066754 -0.029774 0.008573 0.048375 0.089723 0.132705 0.177402 0.223877 0.272162 0.322233 0.373975 0.427125 0.481197 0.535366 0.588330 0.638163 0.682240 0.717352 0.740178 0.748118 0.740178 0.717352 0.682240 0.638163 0.588330 0.535366 0.481197 0.427125 0.373975 0.322233 0.272162 0.223877 0.177402 0.132705 0.089723 0.048375 0.008573 -0.029774 -0.066754 -0.102454 -0.136953 -0.170327 -0.202646 -0.233976 -0.264377 -0.293905 -0.322611 -0.350543 
-0.344598 -0.316275 -0.287136 -0.257128 -0.226192 -0.194265 -0.161275 -0.127146 -0.091793 -0.055121 -0.017028 0.022598 0.063880 0.106950 0.151948 0.199023 0.248319 0.299971 0.354086 0.410702 0.469740 0.530907 0.593544 0.656405 0.717352 0.773047 0.818869 0.849470 0.860282 0.849470 0.818869 0.773047 0.717352 0.656405 0.593544 0.530907 0.469740 0.410702 0.354086 0.299971 0.248319 0.199023 0.151948 0.106950 0.063880 0.022598 -0.017028 -0.055121 -0.091793 -0.127146 -0.161275 -0.194265 -0.226192 -0.257128 -0.287136 -0.316275 -0.344598 
-0.339581 -0.310923 -0.281413 -0.250992 -0.219596 -0.187152 -0.153582 -0.118795 -0.082695 -0.045169 -0.006094 0.034668 0.077274 0.121897 0.168733 0.217999 0.269933 0.324789 0.382828 0.444298 0.509382 0.578117 0.650223 0.724802 0.799833 0.871432 0.933126 0.976067 0.991627 0.976067 0.933126 0.871432 0.799833 0.724802 0.650223 0.578117 0.509382 0.444298 0.382828 0.324789 0.269933 0.217999 0.168733 0.121897 0.077274 0.034668 -0.006094 -0.045169 -0.082695 -0.118795 -0.153582 -0.187152 -0.219596 -0.250992 -0.281413 -0.310923 -0.339581 
-0.335527 -0.306594 -0.276780 -0.246020 -0.214245 -0.181375 -0.147324 -0.111992 -0.075270 -0.037030 0.002869 0.044590 0.088321 0.134274 0.182697 0.233875 0.288139 0.345870 0.407501 0.473521 0.544448 0.620789 0.702897 0.790680 0.882943 0.976067 1.061844 1.125659 1.149829 1.125659 1.061844 0.976067 0.882943 0.790680 0.702897 0.620789 0.544448 0.473521 0.407501 0.345870 0.288139 0.233875 0.182697 0.134274 0.088321 0.044590 0.002869 -0.037030 -0.075270 -0.111992 -0.147324 -0.181375 -0.214245 -0.246020 -0.276780 -0.306594 -0.335527 
-0.332462 -0.303320 -0.273272 -0.242253 -0.210187 -0.176990 -0.142569 -0.106817 -0.069612 -0.030818 0.009723 0.052196 0.096811 0.143816 0.193505 0.246222 0.302382 0.362482 0.427125 0.497041 0.573115 0.656405 0.748118 0.849470 0.961165 1.081844 1.203909 1.305322 1.347124 1.305322 1.203909 1.081844 0.961165 0.849470 0.748118 0.656405 0.573115 0.497041 0.427125 0.362482 0.302382 0.246222 0.193505 0.143816 0.096811 0.052196 0.009723 -0.030818 -0.069612 -0.106817 -0.142569 -0.176990 -0.210187 -0.242253 -0.273272 -0.303320 -0.332462 
-0.330406 -0.301123 -0.270918 -0.239723 -0.207460 -0.174041 -0.139369 -0.103330 -0.065797 -0.026624 0.014358 0.057347 0.102573 0.150309 0.200879 0.254677 0.312179 0.373975 0.440800 0.513589 0.593544 0.682240 0.781756 0.894839 1.024980 1.175812 1.347124 1.516806 1.599936 1.516806 1.347124 1.175812 1.024980 0.894839 0.781756 0.682240 0.593544 0.513589 0.440800 0.373975 0.312179 0.254677 0.200879 0.150309 0.102573 0.057347 0.014358 -0.026624 -0.065797 -0.103330 -0.139369 -0.174041 -0.207460 -0.239723 -0.270918 -0.301123 -0.330406 
-0.329375 -0.300020 -0.269736 -0.238453 -0.206090 -0.172559 -0.137759 -0.101576 -0.063877 -0.024511 0.016695 0.059947 0.105485 0.153595 0.204620 0.258975 0.317173 0.379854 0.447828 0.522147 0.604201 0.695880 0.799833 0.919899 1.061844 1.234502 1.450299 1.711254 1.881801 1.711254 1.450299 1.234502 1.061844 0.919899 0.799833 0.695880 0.604201 0.522147 0.447828 0.379854 0.317173 0.258975 0.204620 0.153595 0.105485 0.059947 0.016695 -0.024511 -0.063877 -0.101576 -0.137759 -0.172559 -0.206090 -0.238453 -0.269736 -0.300020 -0.329375 
-0.329246 -0.299882 -0.269588 -0.238294 -0.205919 -0.172374 -0.137558 -0.101356 -0.063636 -0.024246 0.016988 0.060274 0.105851 0.154008 0.205090 0.259515 0.317802 0.380595 0.448716 0.523231 0.605555 0.697621 0.802158 0.923159 1.066737 1.242594 1.465730 1.746198 1.943778 1.746198 1.465730 1.242594 1.066737 0.923159 0.802158 0.697621 0.605555 0.523231 0.448716 0.380595 0.317802 0.259515 0.205090 0.154008 0.105851 0.060274 0.016988 -0.024246 -0.063636 -0.101356 -0.137558 -0.172374 -0.205919 -0.238294 -0.269588 -0.299882 -0.329246 
-0.329380 -0.300026 -0.269743 -0.238460 -0.206098 -0.172567 -0.137768 -0.101585 -0.063887 -0.024523 0.016683 0.059933 0.105470 0.153577 0.204599 0.258951 0.317146 0.379822 0.447790 0.522100 0.604142 0.695804 0.799732 0.919758 1.061633 1.234154 1.449645 1.709818 1.879365 1.709818 1.449645 1.234154 1.061633 0.919758 0.799732 0.695804 0.604142 0.522100 0.447790 0.379822 0.317146 0.258951 0.204599 0.153577 0.105470 0.059933 0.016683 -0.024523 -0.063887 -0.101585 -0.137768 -0.172567 -0.206098 -0.238460 -0.269743 -0.300026 -0.329380 
-0.330423 -0.301140 -0.270937 -0.239744 -0.207482 -0.174065 -0.139395 -0.103358 -0.065828 -0.026659 0.014320 0.057305 0.102526 0.150256 0.200819 0.254608 0.312099 0.373880 0.440687 0.513452 0.593375 0.682024 0.781471 0.894448 1.024415 1.174940 1.345688 1.514434 1.596894 1.514434 1.345688 1.174940 1.024415 0.894448 0.781471 0.682024 0.593375 0.513452 0.440687 0.373880 0.312099 0.254608 0.200819 0.150256 0.102526 0.057305 0.014320 -0.026659 -0.065828 -0.103358 -0.139395 -0.174065 -0.207482 -0.239744 -0.270937 -0.301140 -0.330423 
-0.332489 -0.303349 -0.273304 -0.242287 -0.210223 -0.177030 -0.142612 -0.106863 -0.069663 -0.030875 0.009661 0.052127 0.096734 0.143730 0.193406 0.246109 0.302252 0.362330 0.426944 0.496823 0.572848 0.656070 0.747686 0.848897 0.960380 1.080738 1.202337 1.303211 1.344737 1.303211 1.202337 1.080738 0.960380 0.848897 0.747686 0.656070 0.572848 0.496823 0.426944 0.362330 0.302252 0.246109 0.193406 0.143730 0.096734 0.052127 0.009661 -0.030875 -0.069663 -0.106863 -0.142612 -0.177030 -0.210223 -0.242287 -0.273304 -0.303349 -0.332489 
-0.335565 -0.306635 -0.276824 -0.246067 -0.214295 -0.181430 -0.147383 -0.112057 -0.075340 -0.037107 0.002784 0.044496 0.088215 0.134155 0.182563 0.233723 0.287964 0.345666 0.407261 0.473234 0.544102 0.620363 0.702363 0.790000 0.882063 0.974922 1.060383 1.123904 1.147948 1.123904 1.060383 0.974922 0.882063 0.790000 0.702363 0.620363 0.544102 0.473234 0.407261 0.345666 0.287964 0.233723 0.182563 0.134155 0.088215 0.044496 0.002784 -0.037107 -0.075340 -0.112057 -0.147383 -0.181430 -0.214295 -0.246067 -0.276824 -0.306635 -0.335565 
-0.339630 -0.310975 -0.281469 -0.251052 -0.219660 -0.187222 -0.153657 -0.118877 -0.082784 -0.045266 -0.006201 0.034549 0.077142 0.121750 0.168567 0.217811 0.269718 0.324540 0.382539 0.443957 0.508977 0.577630 0.649630 0.724073 0.798936 0.870337 0.931824 0.974596 0.990090 0.974596 0.931824 0.870337 0.798936 0.724073 0.649630 0.577630 0.508977 0.443957 0.382539 0.324540 0.269718 0.217811 0.168567 0.121750 0.077142 0.034549 -0.006201 -0.045266 -0.082784 -0.118877 -0.153657 -0.187222 -0.219660 -0.251052 -0.281469 -0.310975 -0.339630 
-0.344657 -0.316338 -0.287203 -0.257200 -0.226270 -0.194348 -0.161365 -0.127244 -0.091899 -0.055237 -0.017156 0.022457 0.063724 0.106776 0.151754 0.198804 0.248070 0.299687 0.353758 0.410322 0.469296 0.530383 0.592924 0.655668 0.716480 0.772031 0.817715 0.848212 0.858985 0.848212 0.817715 0.772031 0.716480 0.655668 0.592924 0.530383 0.469296 0.410322 0.353758 0.299687 0.248070 0.198804 0.151754 0.106776 0.063724 0.022457 -0.017156 -0.055237 -0.091899 -0.127244 -0.161365 -0.194348 -0.226270 -0.257200 -0.287203 -0.316338 -0.344657 
-0.350612 -0.322685 -0.293984 -0.264461 -0.234066 -0.202743 -0.170431 -0.137065 -0.102576 -0.066888 -0.029920 0.008412 0.048198 0.089527 0.132486 0.177157 0.223601 0.271850 0.321877 0.373567 0.426656 0.480655 0.534740 0.587607 0.637335 0.681306 0.716322 0.739081 0.746998 0.739081 0.716322 0.681306 0.637335 0.587607 0.534740 0.480655 0.426656 0.373567 0.321877 0.271850 0.223601 0.177157 0.132486 0.089527 0.048198 0.008412 -0.029920 -0.066888 -0.102576 -0.137065 -0.170431 -0.202743 -0.234066 -0.264461 -0.293984 -0.322685 -0.350612 
-0.357458 -0.329974 -0.301762 -0.272780 -0.242985 -0.212330 -0.180765 -0.148238 -0.114694 -0.080075 -0.044323 -0.007379 0.030813 0.070305 0.111136 0.153329 0.196877 0.241729 0.287764 0.334759 0.382347 0.429951 0.476721 0.521449 0.562531 0.597976 0.625564 0.643172 0.649235 0.643172 0.625564 0.597976 0.562531 0.521449 0.476721 0.429951 0.382347 0.334759 0.287764 0.241729 0.196877 0.153329 0.111136 0.070305 0.030813 -0.007379 -0.044323 -0.080075 -0.114694 -0.148238 -0.180765 -0.212330 -0.242985 -0.272780 -0.301762 -0.329974 -0.357458 
-0.365153 -0.338158 -0.310483 -0.282094 -0.252954 -0.223027 -0.192273 -0.160652 -0.128123 -0.094647 -0.060186 -0.024705 0.011822 0.049412 0.088065 0.127754 0.168420 0.209949 0.252158 0.294761 0.337343 0.379313 0.419867 0.457957 0.492286 0.521356 0.543609 0.557632 0.562427 0.557632 0.543609 0.521356 0.492286 0.457957 0.419867 0.379313 0.337343 0.294761 0.252158 0.209949 0.168420 0.127754 0.088065 0.049412 0.011822 -0.024705 -0.060186 -0.094647 -0.128123 -0.160652 -0.192273 -0.223027 -0.252954 -0.282094 -0.310483 -0.338158 -0.365153 
-0.373653 -0.347186 -0.320090 -0.292338 -0.263900 -0.234750 -0.204856 -0.174193 -0.142732 -0.110450 -0.077329 -0.043356 -0.008530 0.027137 0.063611 0.100829 0.138691 0.177044 0.215665 0.254241 0.292347 0.329420 0.364741 0.397425 0.426440 0.450662 0.468973 0.480406 0.484296 0.480406 0.468973 0.450662 0.426440 0.397425 0.364741 0.329420 0.292347 0.254241 0.215665 0.177044 0.138691 0.100829 0.063611 0.027137 -0.008530 -0.043356 -0.077329 -0.110450 -0.142732 -0.174193 -0.204856 -0.234750 -0.263900 -0.292338 -0.320090 -0.347186 -0.373653 
-0.382910 -0.357004 -0.330522 -0.303443 -0.275746 -0.247409 -0.218415 -0.188746 -0.158388 -0.127333 -0.095578 -0.063131 -0.030010 0.003747 0.038081 0.072904 0.108087 0.143453 0.178762 0.213695 0.247844 0.280694 0.311620 0.339887 0.364680 0.385147 0.400474 0.409977 0.413199 0.409977 0.400474 0.385147 0.364680 0.339887 0.311620 0.280694 0.247844 0.213695 0.178762 0.143453 0.108087 0.072904 0.038081 0.003747 -0.030010 -0.063131 -0.095578 -0.127333 -0.158388 -0.188746 -0.218415 -0.247409 -0.275746 -0.303443 -0.330522 -0.357004 -0.382910 
-0.392875 -0.367559 -0.341719 -0.315341 -0.288412 -0.260917 -0.232848 -0.204197 -0.174963 -0.145149 -0.114767 -0.083840 -0.052405 -0.020516 0.011748 0.044280 0.076937 0.109529 0.141814 0.173482 0.204155 0.233375 0.260605 0.285244 0.306644 0.324155 0.337172 0.345201 0.347915 0.345201 0.337172 0.324155 0.306644 0.285244 0.260605 0.233375 0.204155 0.173482 0.141814 0.109529 0.076937 0.044280 0.011748 -0.020516 -0.052405 -0.083840 -0.114767 -0.145149 -0.174963 -0.204197 -0.232848 -0.260917 -0.288412 -0.315341 -0.341719 -0.367559 -0.392875 
-0.403498 -0.378793 -0.353617 -0.327962 -0.301821 -0.275187 -0.248058 -0.220438 -0.192334 -0.163760 -0.134741 -0.105311 -0.075521 -0.045439 -0.015156 0.015211 0.045510 0.075549 0.105093 0.133851 0.161481 0.187580 0.211694 0.233331 0.251975 0.267123 0.278318 0.285194 0.287514 0.285194 0.278318 0.267123 0.251975 0.233331 0.211694 0.187580 0.161481 0.133851 0.105093 0.075549 0.045510 0.015211 -0.015156 -0.045439 -0.075521 -0.105311 -0.134741 -0.163760 -0.192334 -0.220438 -0.248058 -0.275187 -0.301821 -0.327962 -0.353617 -0.378793 -0.403498 
-0.414729 -0.390651 -0.366156 -0.341238 -0.315897 -0.290133 -0.263952 -0.237364 -0.210384 -0.183037 -0.155356 -0.127386 -0.099187 -0.070835 -0.042430 -0.014094 0.014020 0.041725 0.068797 0.094970 0.119937 0.143349 0.164826 0.183960 0.200340 0.213571 0.223305 0.229264 0.231270 0.229264 0.223305 0.213571 0.200340 0.183960 0.164826 0.143349 0.119937 0.094970 0.068797 0.041725 0.014020 -0.014094 -0.042430 -0.070835 -0.099187 -0.127386 -0.155356 -0.183037 -0.210384 -0.237364 -0.263952 -0.290133 -0.315897 -0.341238 -0.366156 -0.390651 -0.414729 
-0.426518 -0.403080 -0.379274 -0.355102 -0.330567 -0.305675 -0.280439 -0.254875 -0.229005 -0.202862 -0.176484 -0.149926 -0.123252 -0.096545 -0.069908 -0.043465 -0.017364 0.008215 0.033064 0.056943 0.079580 0.100674 0.119904 0.136935 0.151436 0.163095 0.171639 0.176856 0.178610 0.176856 0.171639 0.163095 0.151436 0.136935 0.119904 0.100674 0.079580 0.056943 0.033064 0.008215 -0.017364 -0.043465 -0.069908 -0.096545 -0.123252 -0.149926 -0.176484 -0.202862 -0.229005 -0.254875 -0.280439 -0.305675 -0.330567 -0.355102 -0.379274 -0.403080 -0.426518 
-0.438816 -0.416024 -0.392914 -0.369490 -0.345760 -0.321737 -0.297436 -0.272881 -0.248099 -0.223126 -0.198010 -0.172807 -0.147586 -0.122434 -0.097453 -0.072765 -0.048513 -0.024864 -0.002010 0.019833 0.040427 0.059513 0.076820 0.092072 0.104999 0.115351 0.122914 0.127522 0.129070 0.127522 0.122914 0.115351 0.104999 0.092072 0.076820 0.059513 0.040427 0.019833 -0.002010 -0.024864 -0.048513 -0.072765 -0.097453 -0.122434 -0.147586 -0.172807 -0.198010 -0.223126 -0.248099 -0.272881 -0.297436 -0.321737 -0.345760 -0.369490 -0.392914 -0.416024 -0.438816 
-0.451576 -0.429433 -0.407018 -0.384340 -0.361410 -0.338245 -0.314865 -0.291297 -0.267574 -0.243735 -0.219832 -0.195922 -0.172080 -0.148390 -0.124953 -0.101887 -0.079328 -0.057430 -0.036367 -0.016331 0.002467 0.019807 0.035459 0.049194 0.060790 0.070046 0.076791 0.080893 0.082269 0.080893 0.076791 0.070046 0.060790 0.049194 0.035459 0.019807 0.002467 -0.016331 -0.036367 -0.057430 -0.079328 -0.101887 -0.124953 -0.148390 -0.172080 -0.195922 -0.219832 -0.243735 -0.267574 -0.291297 -0.314865 -0.338245 -0.361410 -0.384340 -0.407018 -0.429433 -0.451576 
-0.464752 -0.443257 -0.421534 -0.399595 -0.377455 -0.355133 -0.332655 -0.310048 -0.287350 -0.264603 -0.241859 -0.219181 -0.196640 -0.174320 -0.152319 -0.130749 -0.109737 -0.089425 -0.069969 -0.051542 -0.034325 -0.018510 -0.004291 0.008141 0.018603 0.026930 0.032985 0.036662 0.037896 0.036662 0.032985 0.026930 0.018603 0.008141 -0.004291 -0.018510 -0.034325 -0.051542 -0.069969 -0.089425 -0.109737 -0.130749 -0.152319 -0.174320 -0.196640 -0.219181 -0.241859 -0.264603 -0.287350 -0.310048 -0.332655 -0.355133 -0.377455 -0.399595 -0.421534 -0.443257 -0.464752 
-0.478301 -0.457449 -0.436411 -0.415201 -0.393837 -0.372340 -0.350739 -0.329064 -0.307354 -0.285654 -0.264016 -0.242504 -0.221187 -0.200147 -0.179479 -0.159287 -0.139688 -0.120813 -0.102802 -0.085808 -0.069990 -0.055512 -0.042539 -0.031233 -0.021745 -0.014211 -0.008743 -0.005426 -0.004315 -0.005426 -0.008743 -0.014211 -0.021745 -0.031233 -0.042539 -0.055512 -0.069990 -0.085808 -0.102802 -0.120813 -0.139688 -0.159287 -0.179479 -0.200147 -0.221187 -0.242504 -0.264016 -0.285654 -0.307354 -0.329064 -0.350739 -0.372340 -0.393837 -0.415201 -0.436411 -0.457449 -0.478301 
-0.492180 -0.471965 -0.451602 -0.431107 -0.410502 -0.389809 -0.369058 -0.348283 -0.327522 -0.306822 -0.286236 -0.265824 -0.245657 -0.225812 -0.206378 -0.187453 -0.169145 -0.151573 -0.134863 -0.119149 -0.104570 -0.091270 -0.079388 -0.069061 -0.060415 -0.053563 -0.048599 -0.045591 -0.044583 -0.045591 -0.048599 -0.053563 -0.060415 -0.069061 -0.079388 -0.091270 -0.104570 -0.119149 -0.134863 -0.151573 -0.169145 -0.187453 -0.206378 -0.225812 -0.245657 -0.265824 -0.286236 -0.306822 -0.327522 -0.348283 -0.369058 -0.389809 -0.410502 -0.431107 -0.451602 -0.471965 -0.492180 
-0.506351 -0.486762 -0.467062 -0.447267 -0.427401 -0.407489 -0.387560 -0.367650 -0.347799 -0.328052 -0.308461 -0.289088 -0.269997 -0.251264 -0.232973 -0.215213 -0.198085 -0.181695 -0.166157 -0.151590 -0.138115 -0.125855 -0.114932 -0.105461 -0.097549 -0.091289 -0.086759 -0.084018 -0.083100 -0.084018 -0.086759 -0.091289 -0.097549 -0.105461 -0.114932 -0.125855 -0.138115 -0.151590 -0.166157 -0.181695 -0.198085 -0.215213 -0.232973 -0.251264 -0.269997 -0.289088 -0.308461 -0.328052 -0.347799 -0.367650 -0.387560 -0.407489 -0.427401 -0.447267 -0.467062 -0.486762 -0.506351 
-0.520776 -0.501803 -0.482750 -0.463639 -0.444491 -0.425333 -0.406197 -0.387117 -0.368134 -0.349292 -0.330644 -0.312247 -0.294164 -0.276467 -0.259232 -0.242544 -0.226495 -0.211179 -0.196700 -0.183162 -0.170671 -0.159336 -0.149260 -0.140541 -0.133271 -0.127528 -0.123377 -0.120867 -0.120027 -0.120867 -0.123377 -0.127528 -0.133271 -0.140541 -0.149260 -0.159336 -0.170671 -0.183162 -0.196700 -0.211179 -0.226495 -0.242544 -0.259232 -0.276467 -0.294164 -0.312247 -0.330644 -0.349292 -0.368134 -0.387117 -0.406197 -0.425333 -0.444491 -0.463639 -0.482750 -0.501803 -0.520776 
-0.535421 -0.517050 -0.498630 -0.480182 -0.461729 -0.443300 -0.424926 -0.406640 -0.388484 -0.370502 -0.352744 -0.335264 -0.318124 -0.301389 -0.285132 -0.269431 -0.254367 -0.240030 -0.226509 -0.213897 -0.202289 -0.191777 -0.182453 -0.174399 -0.167694 -0.162405 -0.158586 -0.156278 -0.155506 -0.156278 -0.158586 -0.162405 -0.167694 -0.174399 -0.182453 -0.191777 -0.202289 -0.213897 -0.226509 -0.240030 -0.254367 -0.269431 -0.285132 -0.301389 -0.318124 -0.335264 -0.352744 -0.370502 -0.388484 -0.406640 -0.424926 -0.443300 -0.461729 -0.480182 -0.498630 -0.517050 -0.535421 
-0.550255 -0.532471 -0.514666 -0.496861 -0.479081 -0.461353 -0.443709 -0.426183 -0.408814 -0.391646 -0.374727 -0.358109 -0.341848 -0.326009 -0.310657 -0.295863 -0.281704 -0.268257 -0.255605 -0.243830 -0.233014 -0.223240 -0.214584 -0.207122 -0.200917 -0.196028 -0.192501 -0.190371 -0.189659 -0.190371 -0.192501 -0.196028 -0.200917 -0.207122 -0.214584 -0.223240 -0.233014 -0.243830 -0.255605 -0.268257 -0.281704 -0.295863 -0.310657 -0.326009 -0.341848 -0.358109 -0.374727 -0.391646 -0.408814 -0.426183 -0.443709 -0.461353 -0.479081 -0.496861 -0.514666 -0.532471 -0.550255 
-0.565248 -0.548036 -0.530828 -0.513645 -0.496513 -0.479459 -0.462514 -0.445712 -0.429092 -0.412694 -0.396565 -0.380755 -0.365317 -0.350310 -0.335795 -0.321838 -0.308508 -0.295875 -0.284013 -0.272994 -0.262893 -0.253780 -0.245724 -0.238788 -0.233028 -0.228494 -0.225227 -0.223254 -0.222594 -0.223254 -0.225227 -0.228494 -0.233028 -0.238788 -0.245724 -0.253780 -0.262893 -0.272994 -0.284013 -0.295875 -0.308508 -0.321838 -0.335795 -0.350310 -0.365317 -0.380755 -0.396565 -0.412694 -0.429092 -0.445712 -0.462514 -0.479459 -0.496513 -0.513645 -0.530828 -0.548036 -0.565248 
-0.580372 -0.563716 -0.547086 -0.530504 -0.513996 -0.497588 -0.481312 -0.465200 -0.449289 -0.433620 -0.418235 -0.403183 -0.388514 -0.374281 -0.360542 -0.347356 -0.334787 -0.322899 -0.311756 -0.301424 -0.291969 -0.283452 -0.275934 -0.269469 -0.264107 -0.259890 -0.256852 -0.255020 -0.254407 -0.255020 -0.256852 -0.259890 -0.264107 -0.269469 -0.275934 -0.283452 -0.291969 -0.301424 -0.311756 -0.322899 -0.334787 -0.347356 -0.360542 -0.374281 -0.388514 -0.403183 -0.418235 -0.433620 -0.449289 -0.465200 -0.481312 -0.497588 -0.513996 -0.530504 -0.547086 -0.563716 -0.580372 
-0.595603 -0.579485 -0.563414 -0.547412 -0.531503 -0.515715 -0.500077 -0.484621 -0.469384 -0.454403 -0.439719 -0.425378 -0.411426 -0.397914 -0.384894 -0.372421 -0.360552 -0.349345 -0.338859 -0.329153 -0.320283 -0.312305 -0.305271 -0.299230 -0.294224 -0.290291 -0.287459 -0.285752 -0.285181 -0.285752 -0.287459 -0.290291 -0.294224 -0.299230 -0.305271 -0.312305 -0.320283 -0.329153 -0.338859 -0.349345 -0.360552 -0.372421 -0.384894 -0.397914 -0.411426 -0.425378 -0.439719 -0.454403 -0.469384 -0.484621 -0.500077 -0.515715 -0.531503 -0.547412 -0.563414 -0.579485 -0.595603 
-0.610918 -0.595321 -0.579790 -0.564345 -0.549012 -0.533816 -0.518787 -0.503956 -0.489356 -0.475025 -0.461002 -0.447327 -0.434046 -0.421204 -0.408851 -0.397037 -0.385814 -0.375233 -0.365348 -0.356211 -0.347873 -0.340383 -0.333788 -0.328129 -0.323445 -0.319766 -0.317120 -0.315525 -0.314991 -0.315525 -0.317120 -0.319766 -0.323445 -0.328129 -0.333788 -0.340383 -0.347873 -0.356211 -0.365348 -0.375233 -0.385814 -0.397037 -0.408851 -0.421204 -0.434046 -0.447327 -0.461002 -0.475025 -0.489356 -0.503956 -0.518787 -0.533816 -0.549012 -0.564345 -0.579790 -0.595321 -0.610918 
