67 67
4.477202e+00 0 5
0.038917 0.051478 0.064004 0.076481 0.088896 0.101235 0.113480 0.125616 0.137622 0.149479 0.161167 0.172662 0.183941 0.194979 0.205749 0.216224 0.226376 0.236174 0.245590 0.254591 0.263147 0.271228 0.278801 0.285837 0.292305 0.298179 0.303430 0.308036 0.311973 0.315222 0.317766 0.319593 0.320693 0.321061 0.320693 0.319593 0.317766 0.315222 0.311973 0.308036 0.303430 0.298179 0.292305 0.285837 0.278801 0.271228 0.263147 0.254591 0.245590 0.236174 0.226376 0.216224 0.205749 0.194979 0.183941 0.172662 0.161167 0.149479 0.137622 0.125616 0.113480 0.101235 0.088896 0.076481 0.064004 0.051478 0.038917 
0.051282 0.064205 0.077104 0.089965 0.102774 0.115517 0.128177 0.140736 0.153175 0.165474 0.177610 0.189559 0.201298 0.212799 0.224034 0.234975 0.245590 0.255848 0.265716 0.275162 0.284151 0.292648 0.300621 0.308036 0.314859 0.321061 0.326610 0.331479 0.335645 0.339084 0.341779 0.343715 0.344881 0.345270 0.344881 0.343715 0.341779 0.339084 0.335645 0.331479 0.326610 0.321061 0.314859 0.308036 0.300621 0.292648 0.284151 0.275162 0.265716 0.255848 0.245590 0.234975 0.224034 0.212799 0.201298 0.189559 0.177610 0.165474 0.153175 0.140736 0.128177 0.115517 0.102774 0.089965 0.077104 0.064205 0.051282 
0.063600 0.076896 0.090179 0.103436 0.116653 0.129815 0.142906 0.155906 0.168796 0.181556 0.194162 0.206589 0.218812 0.230802 0.242530 0.253964 0.265073 0.275821 0.286175 0.296096 0.305550 0.314497 0.322902 0.330727 0.337935 0.344492 0.350365 0.355523 0.359938 0.363586 0.366445 0.368500 0.369738 0.370151 0.369738 0.368500 0.366445 0.363586 0.359938 0.355523 0.350365 0.344492 0.337935 0.330727 0.322902 0.314497 0.305550 0.296096 0.286175 0.275821 0.265073 0.253964 0.242530 0.230802 0.218812 0.206589 0.194162 0.181556 0.168796 0.155906 0.142906 0.129815 0.116653 0.103436 0.090179 0.076896 0.063600 
0.075859 0.089537 0.103215 0.116881 0.130519 0.144115 0.157653 0.171112 0.184473 0.197715 0.210813 0.223742 0.236475 0.248982 0.261231 0.273190 0.284824 0.296096 0.306969 0.317402 0.327355 0.336788 0.345660 0.353929 0.361555 0.368500 0.374726 0.380199 0.384888 0.388764 0.391804 0.393989 0.395306 0.395746 0.395306 0.393989 0.391804 0.388764 0.384888 0.380199 0.374726 0.368500 0.361555 0.353929 0.345660 0.336788 0.327355 0.317402 0.306969 0.296096 0.284824 0.273190 0.261231 0.248982 0.236475 0.223742 0.210813 0.197715 0.184473 0.171112 0.157653 0.144115 0.130519 0.116881 0.103215 0.089537 0.075859 
0.088043 0.102114 0.116198 0.130284 0.144358 0.158403 0.172404 0.186340 0.200192 0.213938 0.227552 0.241008 0.254278 0.267330 0.280132 0.292648 0.304842 0.316674 0.328102 0.339084 0.349577 0.359535 0.368912 0.377664 0.385746 0.393114 0.399726 0.405544 0.410533 0.414660 0.417899 0.420228 0.421632 0.422101 0.421632 0.420228 0.417899 0.414660 0.410533 0.405544 0.399726 0.393114 0.385746 0.377664 0.368912 0.359535 0.349577 0.339084 0.328102 0.316674 0.304842 0.292648 0.280132 0.267330 0.254278 0.241008 0.227552 0.213938 0.200192 0.186340 0.172404 0.158403 0.144358 0.130284 0.116198 0.102114 0.088043 
0.100138 0.114611 0.129112 0.143631 0.158153 0.172662 0.187143 0.201575 0.215938 0.230209 0.244363 0.258373 0.272208 0.285837 0.299224 0.312332 0.325123 0.337552 0.349577 0.361150 0.372225 0.382750 0.392677 0.401954 0.410533 0.418363 0.425400 0.431597 0.436916 0.441319 0.444778 0.447266 0.448766 0.449268 0.448766 0.447266 0.444778 0.441319 0.436916 0.431597 0.425400 0.418363 0.410533 0.401954 0.392677 0.382750 0.372225 0.361150 0.349577 0.337552 0.325123 0.312332 0.299224 0.285837 0.272208 0.258373 0.244363 0.230209 0.215938 0.201575 0.187143 0.172662 0.158153 0.143631 0.129112 0.114611 0.100138 
0.112128 0.127011 0.141940 0.156903 0.171886 0.186875 0.201852 0.216798 0.231692 0.246512 0.261231 0.275821 0.290252 0.304489 0.318496 0.332234 0.345660 0.358729 0.371394 0.383604 0.395306 0.406447 0.416971 0.426821 0.435943 0.444282 0.451784 0.458399 0.464082 0.468792 0.472494 0.475158 0.476766 0.477303 0.476766 0.475158 0.472494 0.468792 0.464082 0.458399 0.451784 0.444282 0.435943 0.426821 0.416971 0.406447 0.395306 0.383604 0.371394 0.358729 0.345660 0.332234 0.318496 0.304489 0.290252 0.275821 0.261231 0.246512 0.231692 0.216798 0.201852 0.186875 0.171886 0.156903 0.141940 0.127011 0.112128 
0.123993 0.139296 0.154663 0.170081 0.185539 0.201021 0.216511 0.231990 0.247436 0.262827 0.278137 0.293336 0.308392 0.323271 0.337935 0.352341 0.366445 0.380199 0.393551 0.406447 0.418829 0.430637 0.441812 0.452289 0.462007 0.470903 0.478919 0.485996 0.492084 0.497133 0.501105 0.503966 0.505693 0.506270 0.505693 0.503966 0.501105 0.497133 0.492084 0.485996 0.478919 0.470903 0.462007 0.452289 0.441812 0.430637 0.418829 0.406447 0.393551 0.380199 0.366445 0.352341 0.337935 0.323271 0.308392 0.293336 0.278137 0.262827 0.247436 0.231990 0.216511 0.201021 0.185539 0.170081 0.154663 0.139296 0.123993 
0.135716 0.151447 0.167260 0.183145 0.199089 0.215079 0.231098 0.247128 0.263147 0.279133 0.295059 0.310895 0.326610 0.342166 0.357524 0.372640 0.387468 0.401954 0.416045 0.429680 0.442798 0.455333 0.467216 0.478379 0.488752 0.498264 0.506848 0.514438 0.520975 0.526403 0.530677 0.533757 0.535617 0.536239 0.535617 0.533757 0.530677 0.526403 0.520975 0.514438 0.506848 0.498264 0.488752 0.478379 0.467216 0.455333 0.442798 0.429680 0.416045 0.401954 0.387468 0.372640 0.357524 0.342166 0.326610 0.310895 0.295059 0.279133 0.263147 0.247128 0.231098 0.215079 0.199089 0.183145 0.167260 0.151447 0.135716 
0.147277 0.163442 0.179710 0.196071 0.212515 0.229026 0.245590 0.262188 0.278801 0.295404 0.311973 0.328476 0.344881 0.361150 0.377243 0.393114 0.408712 0.423983 0.438867 0.453301 0.467216 0.480541 0.493200 0.505116 0.516210 0.526403 0.535617 0.543778 0.550816 0.556669 0.561280 0.564608 0.566617 0.567290 0.566617 0.564608 0.561280 0.556669 0.550816 0.543778 0.535617 0.526403 0.516210 0.505116 0.493200 0.480541 0.467216 0.453301 0.438867 0.423983 0.408712 0.393114 0.377243 0.361150 0.344881 0.328476 0.311973 0.295404 0.278801 0.262188 0.245590 0.229026 0.212515 0.196071 0.179710 0.163442 0.147277 
0.158654 0.175259 0.191990 0.208837 0.225789 0.242835 0.259958 0.277143 0.294369 0.311613 0.328850 0.346050 0.363179 0.380199 0.397068 0.413739 0.430159 0.446269 0.462007 0.477303 0.492084 0.506270 0.519778 0.532522 0.544413 0.555361 0.565277 0.574075 0.581675 0.588003 0.592997 0.596602 0.598781 0.599510 0.598781 0.596602 0.592997 0.588003 0.581675 0.574075 0.565277 0.555361 0.544413 0.532522 0.519778 0.506270 0.492084 0.477303 0.462007 0.446269 0.430159 0.413739 0.397068 0.380199 0.363179 0.346050 0.328850 0.311613 0.294369 0.277143 0.259958 0.242835 0.225789 0.208837 0.191990 0.175259 0.158654 
0.169824 0.186875 0.204075 0.221415 0.238886 0.256478 0.274175 0.291962 0.309821 0.327728 0.345660 0.363586 0.381473 0.399282 0.416971 0.434490 0.451784 0.468792 0.485448 0.501676 0.517396 0.532522 0.546962 0.560618 0.573391 0.585178 0.595878 0.605392 0.613624 0.620491 0.625915 0.629836 0.632207 0.633001 0.632207 0.629836 0.625915 0.620491 0.613624 0.605392 0.595878 0.585178 0.573391 0.560618 0.546962 0.532522 0.517396 0.501676 0.485448 0.468792 0.451784 0.434490 0.416971 0.399282 0.381473 0.363586 0.345660 0.327728 0.309821 0.291962 0.274175 0.256478 0.238886 0.221415 0.204075 0.186875 0.169824 
0.180764 0.198264 0.215938 0.233778 0.251777 0.269924 0.288208 0.306613 0.325123 0.343715 0.362366 0.381048 0.399726 0.418363 0.436916 0.455333 0.473557 0.491527 0.509168 0.526403 0.543145 0.559297 0.574760 0.589424 0.603176 0.615900 0.627479 0.637797 0.646745 0.654222 0.660137 0.664418 0.667009 0.667876 0.667009 0.664418 0.660137 0.654222 0.646745 0.637797 0.627479 0.615900 0.603176 0.589424 0.574760 0.559297 0.543145 0.526403 0.509168 0.491527 0.473557 0.455333 0.436916 0.418363 0.399726 0.381048 0.362366 0.343715 0.325123 0.306613 0.288208 0.269924 0.251777 0.233778 0.215938 0.198264 0.180764 
0.191449 0.209400 0.227552 0.245897 0.264430 0.283142 0.302024 0.321061 0.340237 0.359535 0.378930 0.398395 0.417899 0.437403 0.456863 0.476229 0.495443 0.514438 0.533139 0.551462 0.569313 0.586588 0.603176 0.618954 0.633796 0.647569 0.660137 0.671366 0.681127 0.689299 0.695777 0.700470 0.703314 0.704267 0.703314 0.700470 0.695777 0.689299 0.681127 0.671366 0.660137 0.647569 0.633796 0.618954 0.603176 0.586588 0.569313 0.551462 0.533139 0.514438 0.495443 0.476229 0.456863 0.437403 0.417899 0.398395 0.378930 0.359535 0.340237 0.321061 0.302024 0.283142 0.264430 0.245897 0.227552 0.209400 0.191449 
0.201852 0.220256 0.238886 0.257740 0.276812 0.296096 0.315584 0.335265 0.355124 0.375145 0.395306 0.415583 0.435943 0.456352 0.476766 0.497133 0.517396 0.537486 0.557324 0.576822 0.595878 0.614381 0.632207 0.649221 0.665279 0.680229 0.693915 0.706179 0.716868 0.725839 0.732964 0.738135 0.741271 0.742322 0.741271 0.738135 0.732964 0.725839 0.716868 0.706179 0.693915 0.680229 0.665279 0.649221 0.632207 0.614381 0.595878 0.576822 0.557324 0.537486 0.517396 0.497133 0.476766 0.456352 0.435943 0.415583 0.395306 0.375145 0.355124 0.335265 0.315584 0.296096 0.276812 0.257740 0.238886 0.220256 0.201852 
0.211947 0.230802 0.249911 0.269274 0.288888 0.308749 0.328850 0.349184 0.369738 0.390498 0.411446 0.432559 0.453808 0.475158 0.496569 0.517990 0.539363 0.560618 0.581675 0.602440 0.622806 0.642653 0.661844 0.680229 0.697647 0.713924 0.728877 0.742322 0.754078 0.763971 0.771847 0.777573 0.781050 0.782216 0.781050 0.777573 0.771847 0.763971 0.754078 0.742322 0.728877 0.713924 0.697647 0.680229 0.661844 0.642653 0.622806 0.602440 0.581675 0.560618 0.539363 0.517990 0.496569 0.475158 0.453808 0.432559 0.411446 0.390498 0.369738 0.349184 0.328850 0.308749 0.288888 0.269274 0.249911 0.230802 0.211947 
0.221705 0.241008 0.260594 0.280465 0.300621 0.321061 0.341779 0.362772 0.384031 0.405544 0.427297 0.449268 0.471433 0.493760 0.516210 0.538736 0.561280 0.583773 0.606133 0.628263 0.650050 0.671366 0.692062 0.711973 0.730915 0.748690 0.765086 0.779887 0.792875 0.803841 0.812594 0.818972 0.822851 0.824152 0.822851 0.818972 0.812594 0.803841 0.792875 0.779887 0.765086 0.748690 0.730915 0.711973 0.692062 0.671366 0.650050 0.628263 0.606133 0.583773 0.561280 0.538736 0.516210 0.493760 0.471433 0.449268 0.427297 0.405544 0.384031 0.362772 0.341779 0.321061 0.300621 0.280465 0.260594 0.241008 0.221705 
0.231098 0.250843 0.270902 0.291277 0.311973 0.332989 0.354327 0.375983 0.397952 0.420228 0.442798 0.465646 0.488752 0.512087 0.535617 0.559297 0.583073 0.606876 0.630625 0.654222 0.677549 0.700470 0.722826 0.744433 0.765086 0.784559 0.802607 0.818972 0.833392 0.845614 0.855401 0.862550 0.866906 0.868369 0.866906 0.862550 0.855401 0.845614 0.833392 0.818972 0.802607 0.784559 0.765086 0.744433 0.722826 0.700470 0.677549 0.654222 0.630625 0.606876 0.583073 0.559297 0.535617 0.512087 0.488752 0.465646 0.442798 0.420228 0.397952 0.375983 0.354327 0.332989 0.311973 0.291277 0.270902 0.250843 0.231098 
0.240097 0.260276 0.280799 0.301673 0.322902 0.344492 0.366445 0.388764 0.411446 0.434490 0.457887 0.481626 0.505693 0.530063 0.554708 0.579588 0.604652 0.629836 0.655061 0.680229 0.705222 0.729894 0.754078 0.777573 0.800151 0.821553 0.841496 0.859674 0.875772 0.889476 0.900493 0.908565 0.913494 0.915151 0.913494 0.908565 0.900493 0.889476 0.875772 0.859674 0.841496 0.821553 0.800151 0.777573 0.754078 0.729894 0.705222 0.680229 0.655061 0.629836 0.604652 0.579588 0.554708 0.530063 0.505693 0.481626 0.457887 0.434490 0.411446 0.388764 0.366445 0.344492 0.322902 0.301673 0.280799 0.260276 0.240097 
0.248672 0.269274 0.290252 0.311613 0.333368 0.355523 0.378086 0.401062 0.424454 0.448266 0.472494 0.497133 0.522175 0.547602 0.573391 0.599510 0.625915 0.652548 0.679334 0.706179 0.732964 0.759543 0.785736 0.811331 0.836074 0.859674 0.881801 0.902093 0.920168 0.935638 0.948131 0.957320 0.962945 0.964839 0.962945 0.957320 0.948131 0.935638 0.920168 0.902093 0.881801 0.859674 0.836074 0.811331 0.785736 0.759543 0.732964 0.706179 0.679334 0.652548 0.625915 0.599510 0.573391 0.547602 0.522175 0.497133 0.472494 0.448266 0.424454 0.401062 0.378086 0.355523 0.333368 0.311613 0.290252 0.269274 0.248672 
0.256793 0.277805 0.299224 0.321061 0.343327 0.366036 0.389197 0.412820 0.436916 0.461489 0.486546 0.512087 0.538111 0.564608 0.591564 0.618954 0.646745 0.674887 0.703314 0.731938 0.760645 0.789289 0.817688 0.845614 0.872793 0.898899 0.923551 0.946320 0.966743 0.984334 0.998622 1.009178 1.015661 1.017848 1.015661 1.009178 0.998622 0.984334 0.966743 0.946320 0.923551 0.898899 0.872793 0.845614 0.817688 0.789289 0.760645 0.731938 0.703314 0.674887 0.646745 0.618954 0.591564 0.564608 0.538111 0.512087 0.486546 0.461489 0.436916 0.412820 0.389197 0.366036 0.343327 0.321061 0.299224 0.277805 0.256793 
0.264430 0.285837 0.307680 0.329975 0.352738 0.375983 0.399726 0.423983 0.448766 0.474090 0.499966 0.526403 0.553407 0.580978 0.609112 0.637797 0.667009 0.696711 0.726849 0.757347 0.788101 0.818972 0.849777 0.880285 0.910201 0.939165 0.966743 0.992431 1.015661 1.035828 1.052322 1.064578 1.072135 1.074689 1.072135 1.064578 1.052322 1.035828 1.015661 0.992431 0.966743 0.939165 0.910201 0.880285 0.849777 0.818972 0.788101 0.757347 0.726849 0.696711 0.667009 0.637797 0.609112 0.580978 0.553407 0.526403 0.499966 0.474090 0.448766 0.423983 0.399726 0.375983 0.352738 0.329975 0.307680 0.285837 0.264430 
0.271554 0.293336 0.315584 0.338318 0.361555 0.385317 0.409621 0.434490 0.459941 0.485996 0.512674 0.539991 0.567963 0.596602 0.625915 0.655903 0.686556 0.717855 0.749761 0.782216 0.815132 0.848384 0.881801 0.915151 0.948131 0.980352 1.011327 1.040465 1.067079 1.090405 1.109648 1.124050 1.132977 1.136002 1.132977 1.124050 1.109648 1.090405 1.067079 1.040465 1.011327 0.980352 0.948131 0.915151 0.881801 0.848384 0.815132 0.782216 0.749761 0.717855 0.686556 0.655903 0.625915 0.596602 0.567963 0.539991 0.512674 0.485996 0.459941 0.434490 0.409621 0.385317 0.361555 0.338318 0.315584 0.293336 0.271554 
0.278137 0.300272 0.322902 0.346050 0.369738 0.393989 0.418829 0.444282 0.470374 0.497133 0.524586 0.552758 0.581675 0.611362 0.641839 0.673123 0.705222 0.738135 0.771847 0.806321 0.841496 0.877270 0.913494 0.949951 0.986342 1.022261 1.057175 1.090405 1.121123 1.148366 1.171086 1.188250 1.198960 1.202603 1.198960 1.188250 1.171086 1.148366 1.121123 1.090405 1.057175 1.022261 0.986342 0.949951 0.913494 0.877270 0.841496 0.806321 0.771847 0.738135 0.705222 0.673123 0.641839 0.611362 0.581675 0.552758 0.524586 0.497133 0.470374 0.444282 0.418829 0.393989 0.369738 0.346050 0.322902 0.300272 0.278137 
0.284151 0.306613 0.329600 0.353134 0.377243 0.401954 0.427297 0.453301 0.480000 0.507427 0.535617 0.564608 0.594435 0.625135 0.656746 0.689299 0.722826 0.757347 0.792875 0.829405 0.866906 0.905315 0.944519 0.984334 1.024487 1.064578 1.104045 1.142131 1.177853 1.210003 1.237194 1.257985 1.271076 1.275551 1.271076 1.257985 1.237194 1.210003 1.177853 1.142131 1.104045 1.064578 1.024487 0.984334 0.944519 0.905315 0.866906 0.829405 0.792875 0.757347 0.722826 0.689299 0.656746 0.625135 0.594435 0.564608 0.535617 0.507427 0.480000 0.453301 0.427297 0.401954 0.377243 0.353134 0.329600 0.306613 0.284151 
0.289569 0.312332 0.335645 0.359535 0.384031 0.409166 0.434974 0.461489 0.488752 0.516803 0.545685 0.575446 0.606133 0.637797 0.670491 0.704267 0.739177 0.775272 0.812594 0.851175 0.891030 0.932144 0.974458 1.017848 1.062093 1.106835 1.151524 1.195354 1.237194 1.275551 1.308587 1.334261 1.350629 1.356262 1.350629 1.334261 1.308587 1.275551 1.237194 1.195354 1.151524 1.106835 1.062093 1.017848 0.974458 0.932144 0.891030 0.851175 0.812594 0.775272 0.739177 0.704267 0.670491 0.637797 0.606133 0.575446 0.545685 0.516803 0.488752 0.461489 0.434974 0.409166 0.384031 0.359535 0.335645 0.312332 0.289569 
0.294369 0.317402 0.341008 0.365217 0.390064 0.415583 0.441812 0.468792 0.496569 0.525191 0.554708 0.585178 0.616661 0.649221 0.682928 0.717855 0.754078 0.791676 0.830729 0.871313 0.913494 0.957320 1.002808 1.049919 1.098527 1.148366 1.198960 1.249521 1.298825 1.345087 1.385893 1.418320 1.439361 1.446674 1.439361 1.418320 1.385893 1.345087 1.298825 1.249521 1.198960 1.148366 1.098527 1.049919 1.002808 0.957320 0.913494 0.871313 0.830729 0.791676 0.754078 0.717855 0.682928 0.649221 0.616661 0.585178 0.554708 0.525191 0.496569 0.468792 0.441812 0.415583 0.390064 0.365217 0.341008 0.317402 0.294369 
0.298527 0.321796 0.345660 0.370151 0.395306 0.421163 0.447765 0.475158 0.503392 0.532522 0.562608 0.593715 0.625915 0.659286 0.693915 0.729894 0.767327 0.806321 0.846997 0.889476 0.933887 0.980352 1.028982 1.079852 1.132977 1.188250 1.245364 1.303672 1.361988 1.418320 1.469606 1.511654 1.539658 1.549538 1.539658 1.511654 1.469606 1.418320 1.361988 1.303672 1.245364 1.188250 1.132977 1.079852 1.028982 0.980352 0.933887 0.889476 0.846997 0.806321 0.767327 0.729894 0.693915 0.659286 0.625915 0.593715 0.562608 0.532522 0.503392 0.475158 0.447765 0.421163 0.395306 0.370151 0.345660 0.321796 0.298527 
0.302024 0.325494 0.349577 0.374308 0.399726 0.425873 0.452795 0.480541 0.509168 0.538736 0.569313 0.600972 0.633796 0.667876 0.703314 0.740223 0.778728 0.818972 0.861109 0.905315 0.951779 1.000709 1.052322 1.106835 1.164446 1.225284 1.289329 1.356262 1.425191 1.494202 1.559719 1.615891 1.654829 1.668906 1.654829 1.615891 1.559719 1.494202 1.425191 1.356262 1.289329 1.225284 1.164446 1.106835 1.052322 1.000709 0.951779 0.905315 0.861109 0.818972 0.778728 0.740223 0.703314 0.667876 0.633796 0.600972 0.569313 0.538736 0.509168 0.480541 0.452795 0.425873 0.399726 0.374308 0.349577 0.325494 0.302024 
0.304842 0.328476 0.352738 0.377664 0.403297 0.429680 0.456863 0.484900 0.513849 0.543778 0.574760 0.606876 0.640217 0.674887 0.711001 0.748690 0.788101 0.829405 0.872793 0.918488 0.966743 1.017848 1.072135 1.129976 1.191784 1.257985 1.328972 1.404979 1.485803 1.570219 1.654829 1.732202 1.789400 1.810980 1.789400 1.732202 1.654829 1.570219 1.485803 1.404979 1.328972 1.257985 1.191784 1.129976 1.072135 1.017848 0.966743 0.918488 0.872793 0.829405 0.788101 0.748690 0.711001 0.674887 0.640217 0.606876 0.574760 0.543778 0.513849 0.484900 0.456863 0.429680 0.403297 0.377664 0.352738 0.328476 0.304842 
0.306969 0.330727 0.355124 0.380199 0.405995 0.432559 0.459941 0.488199 0.517396 0.547602 0.578894 0.611362 0.645103 0.680229 0.716868 0.755164 0.795285 0.837422 0.881801 0.928683 0.978377 1.031250 1.087738 1.148366 1.213761 1.284676 1.361988 1.446674 1.539658 1.641332 1.750163 1.859096 1.948682 1.985359 1.948682 1.859096 1.750163 1.641332 1.539658 1.446674 1.361988 1.284676 1.213761 1.148366 1.087738 1.031250 0.978377 0.928683 0.881801 0.837422 0.795285 0.755164 0.716868 0.680229 0.645103 0.611362 0.578894 0.547602 0.517396 0.488199 0.459941 0.432559 0.405995 0.380199 0.355124 0.330727 0.306969 
0.308392 0.332234 0.356722 0.381898 0.407804 0.434490 0.462007 0.490414 0.519778 0.550171 0.581675 0.614381 0.648394 0.683832 0.720830 0.759543 0.800151 0.842864 0.887928 0.935638 0.986342 1.040465 1.098527 1.161172 1.229209 1.303672 1.385893 1.477607 1.581062 1.699018 1.834127 1.985359 2.132723 2.204019 2.132723 1.985359 1.834127 1.699018 1.581062 1.477607 1.385893 1.303672 1.229209 1.161172 1.098527 1.040465 0.986342 0.935638 0.887928 0.842864 0.800151 0.759543 0.720830 0.683832 0.648394 0.614381 0.581675 0.550171 0.519778 0.490414 0.462007 0.434490 0.407804 0.381898 0.356722 0.332234 0.308392 
0.309106 0.332989 0.357524 0.382750 0.408712 0.435458 0.463043 0.491527 0.520975 0.551462 0.583073 0.615900 0.650050 0.685646 0.722826 0.761750 0.802607 0.845614 0.891030 0.939165 0.990390 1.045161 1.104045 1.167751 1.237194 1.313572 1.398498 1.494202 1.603870 1.732202 1.886210 2.075256 2.298562 2.441367 2.298562 2.075256 1.886210 1.732202 1.603870 1.494202 1.398498 1.313572 1.237194 1.167751 1.104045 1.045161 0.990390 0.939165 0.891030 0.845614 0.802607 0.761750 0.722826 0.685646 0.650050 0.615900 0.583073 0.551462 0.520975 0.491527 0.463043 0.435458 0.408712 0.382750 0.357524 0.332989 0.309106 
0.309195 0.333084 0.357624 0.382857 0.408825 0.435579 0.463173 0.491666 0.521125 0.551624 0.583248 0.616090 0.650258 0.685873 0.723076 0.762027 0.802915 0.845959 0.891420 0.939608 0.990899 1.045753 1.104740 1.168582 1.238205 1.314830 1.400107 1.496334 1.606835 1.736599 1.893369 2.088623 2.328021 2.492665 2.328021 2.088623 1.893369 1.736599 1.606835 1.496334 1.400107 1.314830 1.238205 1.168582 1.104740 1.045753 0.990899 0.939608 0.891420 0.845959 0.802915 0.762027 0.723076 0.685873 0.650258 0.616090 0.583248 0.551624 0.521125 0.491666 0.463173 0.435579 0.408825 0.382857 0.357624 0.333084 0.309195 
0.309102 0.332985 0.357520 0.382745 0.408707 0.435453 0.463038 0.491520 0.520968 0.551455 0.583065 0.615892 0.650041 0.685636 0.722815 0.761738 0.802594 0.845599 0.891013 0.939145 0.990368 1.045136 1.104014 1.167715 1.237150 1.313518 1.398428 1.494109 1.603742 1.732013 1.885902 2.074689 2.297348 2.439344 2.297348 2.074689 1.885902 1.732013 1.603742 1.494109 1.398428 1.313518 1.237150 1.167715 1.104014 1.045136 0.990368 0.939145 0.891013 0.845599 0.802594 0.761738 0.722815 0.685636 0.650041 0.615892 0.583065 0.551455 0.520968 0.491520 0.463038 0.435453 0.408707 0.382745 0.357520 0.332985 0.309102 
0.308381 0.332222 0.356709 0.381884 0.407790 0.434474 0.461990 0.490396 0.519759 0.550150 0.581652 0.614357 0.648368 0.683803 0.720797 0.759507 0.800111 0.842819 0.887879 0.935581 0.986277 1.040390 1.098438 1.161066 1.229081 1.303514 1.385693 1.477345 1.580706 1.698508 1.833351 1.984102 2.130680 2.201420 2.130680 1.984102 1.833351 1.698508 1.580706 1.477345 1.385693 1.303514 1.229081 1.161066 1.098438 1.040390 0.986277 0.935581 0.887879 0.842819 0.800111 0.759507 0.720797 0.683803 0.648368 0.614357 0.581652 0.550150 0.519759 0.490396 0.461990 0.434474 0.407790 0.381884 0.356709 0.332222 0.308381 
0.306949 0.330706 0.355102 0.380176 0.405971 0.432533 0.459914 0.488170 0.517364 0.547567 0.578857 0.611321 0.645059 0.680181 0.716815 0.755106 0.795220 0.837350 0.881719 0.928590 0.978271 1.031127 1.087595 1.148196 1.213558 1.284427 1.361677 1.446276 1.539134 1.640621 1.749170 1.857700 1.946825 1.983269 1.946825 1.857700 1.749170 1.640621 1.539134 1.446276 1.361677 1.284427 1.213558 1.148196 1.087595 1.031127 0.978271 0.928590 0.881719 0.837350 0.795220 0.755106 0.716815 0.680181 0.645059 0.611321 0.578857 0.547567 0.517364 0.488170 0.459914 0.432533 0.405971 0.380176 0.355102 0.330706 0.306949 
0.304816 0.328448 0.352708 0.377633 0.403263 0.429644 0.456824 0.484858 0.513805 0.543730 0.574708 0.606820 0.640156 0.674821 0.710928 0.748609 0.788012 0.829305 0.872682 0.918362 0.966599 1.017683 1.071943 1.129751 1.191516 1.257662 1.328577 1.404486 1.485178 1.569417 1.653793 1.730889 1.787832 1.809302 1.787832 1.730889 1.653793 1.569417 1.485178 1.404486 1.328577 1.257662 1.191516 1.129751 1.071943 1.017683 0.966599 0.918362 0.872682 0.829305 0.788012 0.748609 0.710928 0.674821 0.640156 0.606820 0.574708 0.543730 0.513805 0.484858 0.456824 0.429644 0.403263 0.377633 0.352708 0.328448 0.304816 
0.301990 0.325458 0.349539 0.374268 0.399683 0.425827 0.452746 0.480489 0.509112 0.538676 0.569248 0.600901 0.633719 0.667792 0.703222 0.740121 0.778616 0.818847 0.860970 0.905158 0.951602 1.000506 1.052088 1.106564 1.164128 1.224906 1.288876 1.355712 1.424519 1.493379 1.558719 1.614708 1.653498 1.667516 1.653498 1.614708 1.558719 1.493379 1.424519 1.355712 1.288876 1.224906 1.164128 1.106564 1.052088 1.000506 0.951602 0.905158 0.860970 0.818847 0.778616 0.740121 0.703222 0.667792 0.633719 0.600901 0.569248 0.538676 0.509112 0.480489 0.452746 0.425827 0.399683 0.374268 0.349539 0.325458 0.301990 
0.298486 0.321753 0.345614 0.370102 0.395254 0.421108 0.447706 0.475095 0.503325 0.532449 0.562529 0.593630 0.625823 0.659186 0.693805 0.729774 0.767194 0.806174 0.846833 0.889293 0.933680 0.980118 1.028714 1.079545 1.132620 1.187834 1.244875 1.303095 1.361305 1.417516 1.468671 1.510596 1.538508 1.548354 1.538508 1.510596 1.468671 1.417516 1.361305 1.303095 1.244875 1.187834 1.132620 1.079545 1.028714 0.980118 0.933680 0.889293 0.846833 0.806174 0.767194 0.729774 0.693805 0.659186 0.625823 0.593630 0.562529 0.532449 0.503325 0.475095 0.447706 0.421108 0.395254 0.370102 0.345614 0.321753 0.298486 
0.294321 0.317351 0.340954 0.365160 0.390003 0.415518 0.441743 0.468719 0.496490 0.525106 0.554617 0.585080 0.616555 0.649106 0.682802 0.717717 0.753926 0.791509 0.830544 0.871106 0.913262 0.957060 1.002514 1.049585 1.098144 1.147926 1.198453 1.248936 1.298153 1.344319 1.385029 1.417370 1.438351 1.445642 1.438351 1.417370 1.385029 1.344319 1.298153 1.248936 1.198453 1.147926 1.098144 1.049585 1.002514 0.957060 0.913262 0.871106 0.830544 0.791509 0.753926 0.717717 0.682802 0.649106 0.616555 0.585080 0.554617 0.525106 0.496490 0.468719 0.441743 0.415518 0.390003 0.365160 0.340954 0.317351 0.294321 
0.289514 0.312274 0.335584 0.359470 0.383962 0.409093 0.434895 0.461406 0.488663 0.516707 0.545583 0.575335 0.606013 0.637667 0.670350 0.704113 0.739009 0.775087 0.812390 0.850949 0.890779 0.931864 0.974144 1.017494 1.061694 1.106384 1.151013 1.194775 1.236543 1.274826 1.307789 1.333402 1.349729 1.355347 1.349729 1.333402 1.307789 1.274826 1.236543 1.194775 1.151013 1.106384 1.061694 1.017494 0.974144 0.931864 0.890779 0.850949 0.812390 0.775087 0.739009 0.704113 0.670350 0.637667 0.606013 0.575335 0.545583 0.516707 0.488663 0.461406 0.434895 0.409093 0.383962 0.359470 0.335584 0.312274 0.289514 
0.284089 0.306549 0.329531 0.353062 0.377166 0.401873 0.427210 0.453208 0.479901 0.507321 0.535504 0.564486 0.594303 0.624993 0.656591 0.689132 0.722643 0.757147 0.792656 0.829163 0.866639 0.905019 0.944190 0.983969 1.024079 1.064122 1.103537 1.141566 1.177229 1.209320 1.236457 1.257203 1.270265 1.274729 1.270265 1.257203 1.236457 1.209320 1.177229 1.141566 1.103537 1.064122 1.024079 0.983969 0.944190 0.905019 0.866639 0.829163 0.792656 0.757147 0.722643 0.689132 0.656591 0.624993 0.594303 0.564486 0.535504 0.507321 0.479901 0.453208 0.427210 0.401873 0.377166 0.353062 0.329531 0.306549 0.284089 
0.278069 0.300200 0.322827 0.345970 0.369653 0.393900 0.418734 0.444181 0.470267 0.497018 0.524462 0.552625 0.581533 0.611208 0.641673 0.672943 0.705026 0.737922 0.771614 0.806067 0.841217 0.876964 0.913156 0.949578 0.985931 1.021808 1.056676 1.089859 1.120528 1.147724 1.170402 1.187532 1.198220 1.201855 1.198220 1.187532 1.170402 1.147724 1.120528 1.089859 1.056676 1.021808 0.985931 0.949578 0.913156 0.876964 0.841217 0.806067 0.771614 0.737922 0.705026 0.672943 0.641673 0.611208 0.581533 0.552625 0.524462 0.497018 0.470267 0.444181 0.418734 0.393900 0.369653 0.345970 0.322827 0.300200 0.278069 
0.271480 0.293258 0.315502 0.338231 0.361464 0.385220 0.409519 0.434380 0.459825 0.485872 0.512541 0.539849 0.567811 0.596438 0.625739 0.655712 0.686350 0.717632 0.749519 0.781953 0.814845 0.848071 0.881458 0.914776 0.947722 0.979905 1.010840 1.039939 1.066513 1.089801 1.109011 1.123387 1.132297 1.135317 1.132297 1.123387 1.109011 1.089801 1.066513 1.039939 1.010840 0.979905 0.947722 0.914776 0.881458 0.848071 0.814845 0.781953 0.749519 0.717632 0.686350 0.655712 0.625739 0.596438 0.567811 0.539849 0.512541 0.485872 0.459825 0.434380 0.409519 0.385220 0.361464 0.338231 0.315502 0.293258 0.271480 
0.264351 0.285753 0.307592 0.329882 0.352640 0.375879 0.399616 0.423866 0.448642 0.473959 0.499826 0.526253 0.553246 0.580806 0.608928 0.637598 0.666795 0.696480 0.726599 0.757077 0.787808 0.818654 0.849432 0.879911 0.909796 0.938727 0.966271 0.991925 1.015122 1.035259 1.051726 1.063962 1.071506 1.074056 1.071506 1.063962 1.051726 1.035259 1.015122 0.991925 0.966271 0.938727 0.909796 0.879911 0.849432 0.818654 0.787808 0.757077 0.726599 0.696480 0.666795 0.637598 0.608928 0.580806 0.553246 0.526253 0.499826 0.473959 0.448642 0.423866 0.399616 0.375879 0.352640 0.329882 0.307592 0.285753 0.264351 
0.256708 0.277716 0.299130 0.320962 0.343223 0.365926 0.389080 0.412697 0.436785 0.461350 0.486398 0.511930 0.537943 0.564428 0.591371 0.618748 0.646524 0.674650 0.703058 0.731663 0.760348 0.788969 0.817343 0.845243 0.872395 0.898472 0.923094 0.945835 0.966230 0.983797 0.998063 1.008603 1.015076 1.017259 1.015076 1.008603 0.998063 0.983797 0.966230 0.945835 0.923094 0.898472 0.872395 0.845243 0.817343 0.788969 0.760348 0.731663 0.703058 0.674650 0.646524 0.618748 0.591371 0.564428 0.537943 0.511930 0.486398 0.461350 0.436785 0.412697 0.389080 0.365926 0.343223 0.320962 0.299130 0.277716 0.256708 
0.248582 0.269180 0.290153 0.311509 0.333258 0.355407 0.377963 0.400932 0.424317 0.448120 0.472340 0.496970 0.522000 0.547416 0.573193 0.599298 0.625689 0.652305 0.679074 0.705901 0.732666 0.759223 0.785394 0.810965 0.835684 0.859259 0.881360 0.901628 0.919680 0.935129 0.947605 0.956780 0.962397 0.964288 0.962397 0.956780 0.947605 0.935129 0.919680 0.901628 0.881360 0.859259 0.835684 0.810965 0.785394 0.759223 0.732666 0.705901 0.679074 0.652305 0.625689 0.599298 0.573193 0.547416 0.522000 0.496970 0.472340 0.448120 0.424317 0.400932 0.377963 0.355407 0.333258 0.311509 0.290153 0.269180 0.248582 
0.240003 0.260177 0.280695 0.301563 0.322787 0.344371 0.366318 0.388629 0.411304 0.434339 0.457727 0.481457 0.505513 0.529872 0.554505 0.579371 0.604421 0.629590 0.654799 0.679950 0.704924 0.729577 0.753740 0.777213 0.799769 0.821150 0.841071 0.859228 0.875306 0.888993 0.899995 0.908057 0.912978 0.914634 0.912978 0.908057 0.899995 0.888993 0.875306 0.859228 0.841071 0.821150 0.799769 0.777213 0.753740 0.729577 0.704924 0.679950 0.654799 0.629590 0.604421 0.579371 0.554505 0.529872 0.505513 0.481457 0.457727 0.434339 0.411304 0.388629 0.366318 0.344371 0.322787 0.301563 0.280695 0.260177 0.240003 
0.231000 0.250740 0.270793 0.291163 0.311853 0.332863 0.354194 0.375843 0.397805 0.420072 0.442633 0.465472 0.488568 0.511892 0.535410 0.559078 0.582839 0.606628 0.630362 0.653942 0.677253 0.700156 0.722492 0.744080 0.764714 0.784168 0.802197 0.818543 0.832947 0.845154 0.854929 0.862070 0.866420 0.867881 0.866420 0.862070 0.854929 0.845154 0.832947 0.818543 0.802197 0.784168 0.764714 0.744080 0.722492 0.700156 0.677253 0.653942 0.630362 0.606628 0.582839 0.559078 0.535410 0.511892 0.488568 0.465472 0.442633 0.420072 0.397805 0.375843 0.354194 0.332863 0.311853 0.291163 0.270793 0.250740 0.231000 
0.221602 0.240900 0.260481 0.280347 0.300497 0.320930 0.341642 0.362628 0.383880 0.405385 0.427128 0.449090 0.471245 0.493561 0.516000 0.538514 0.561045 0.583525 0.605870 0.627984 0.649756 0.671055 0.691734 0.711628 0.730553 0.748310 0.764690 0.779476 0.792450 0.803403 0.812145 0.818516 0.822390 0.823690 0.822390 0.818516 0.812145 0.803403 0.792450 0.779476 0.764690 0.748310 0.730553 0.711628 0.691734 0.671055 0.649756 0.627984 0.605870 0.583525 0.561045 0.538514 0.516000 0.493561 0.471245 0.449090 0.427128 0.405385 0.383880 0.362628 0.341642 0.320930 0.300497 0.280347 0.260481 0.240900 0.221602 
0.211840 0.230690 0.249795 0.269152 0.288760 0.308615 0.328709 0.349036 0.369582 0.390335 0.411274 0.432378 0.453617 0.474957 0.496357 0.517767 0.539127 0.560370 0.581413 0.602163 0.622515 0.642346 0.661522 0.679892 0.697295 0.713556 0.728494 0.741926 0.753670 0.763552 0.771419 0.777139 0.780612 0.781777 0.780612 0.777139 0.771419 0.763552 0.753670 0.741926 0.728494 0.713556 0.697295 0.679892 0.661522 0.642346 0.622515 0.602163 0.581413 0.560370 0.539127 0.517767 0.496357 0.474957 0.453617 0.432378 0.411274 0.390335 0.369582 0.349036 0.328709 0.308615 0.288760 0.269152 0.249795 0.230690 0.211840 
0.201742 0.220141 0.238766 0.257614 0.276681 0.295959 0.315440 0.335113 0.354965 0.374978 0.395131 0.415399 0.435750 0.456149 0.476552 0.496909 0.517160 0.537238 0.557063 0.576548 0.595591 0.614080 0.631892 0.648892 0.664936 0.679873 0.693546 0.705798 0.716477 0.725438 0.732556 0.737721 0.740854 0.741904 0.740854 0.737721 0.732556 0.725438 0.716477 0.705798 0.693546 0.679873 0.664936 0.648892 0.631892 0.614080 0.595591 0.576548 0.557063 0.537238 0.517160 0.496909 0.476552 0.456149 0.435750 0.415399 0.395131 0.374978 0.354965 0.335113 0.315440 0.295959 0.276681 0.257614 0.238766 0.220141 0.201742 
0.191335 0.209282 0.227428 0.245768 0.264295 0.283002 0.301876 0.320906 0.340076 0.359366 0.378753 0.398210 0.417704 0.437198 0.456649 0.476005 0.495208 0.514191 0.532881 0.551191 0.569030 0.586292 0.602867 0.618633 0.633463 0.647223 0.659780 0.670999 0.680750 0.688915 0.695386 0.700075 0.702915 0.703867 0.702915 0.700075 0.695386 0.688915 0.680750 0.670999 0.659780 0.647223 0.633463 0.618633 0.602867 0.586292 0.569030 0.551191 0.532881 0.514191 0.495208 0.476005 0.456649 0.437198 0.417704 0.398210 0.378753 0.359366 0.340076 0.320906 0.301876 0.283002 0.264295 0.245768 0.227428 0.209282 0.191335 
0.180648 0.198143 0.215812 0.233647 0.251640 0.269781 0.288058 0.306457 0.324959 0.343544 0.362188 0.380861 0.399530 0.418159 0.436701 0.455108 0.473323 0.491281 0.508912 0.526136 0.542866 0.559007 0.574458 0.589110 0.602851 0.615565 0.627134 0.637443 0.646383 0.653852 0.659762 0.664038 0.666627 0.667494 0.666627 0.664038 0.659762 0.653852 0.646383 0.637443 0.627134 0.615565 0.602851 0.589110 0.574458 0.559007 0.542866 0.526136 0.508912 0.491281 0.473323 0.455108 0.436701 0.418159 0.399530 0.380861 0.362188 0.343544 0.324959 0.306457 0.288058 0.269781 0.251640 0.233647 0.215812 0.198143 0.180648 
0.169705 0.186751 0.203946 0.221281 0.238747 0.256332 0.274023 0.291804 0.309655 0.327556 0.345480 0.363398 0.381276 0.399077 0.416757 0.434266 0.451550 0.468549 0.485194 0.501412 0.517122 0.532237 0.546667 0.560313 0.573075 0.584853 0.595544 0.605049 0.613275 0.620135 0.625554 0.629472 0.631841 0.632634 0.631841 0.629472 0.625554 0.620135 0.613275 0.605049 0.595544 0.584853 0.573075 0.560313 0.546667 0.532237 0.517122 0.501412 0.485194 0.468549 0.451550 0.434266 0.416757 0.399077 0.381276 0.363398 0.345480 0.327556 0.309655 0.291804 0.274023 0.256332 0.238747 0.221281 0.203946 0.186751 0.169705 
0.158533 0.175133 0.191859 0.208701 0.225647 0.242687 0.259805 0.276983 0.294202 0.311440 0.328669 0.345861 0.362982 0.379994 0.396855 0.413517 0.429927 0.446028 0.461756 0.477043 0.491814 0.505991 0.519490 0.532224 0.544106 0.555045 0.564953 0.573744 0.581338 0.587661 0.592649 0.596252 0.598429 0.599157 0.598429 0.596252 0.592649 0.587661 0.581338 0.573744 0.564953 0.555045 0.544106 0.532224 0.519490 0.505991 0.491814 0.477043 0.461756 0.446028 0.429927 0.413517 0.396855 0.379994 0.362982 0.345861 0.328669 0.311440 0.294202 0.276983 0.259805 0.242687 0.225647 0.208701 0.191859 0.175133 0.158533 
0.147154 0.163314 0.179577 0.195933 0.212371 0.228877 0.245435 0.262027 0.278633 0.295230 0.311791 0.328287 0.344684 0.360946 0.377031 0.392893 0.408482 0.423745 0.438620 0.453045 0.466951 0.480267 0.492918 0.504826 0.515911 0.526097 0.535304 0.543458 0.550490 0.556338 0.560946 0.564270 0.566278 0.566950 0.566278 0.564270 0.560946 0.556338 0.550490 0.543458 0.535304 0.526097 0.515911 0.504826 0.492918 0.480267 0.466951 0.453045 0.438620 0.423745 0.408482 0.392893 0.377031 0.360946 0.344684 0.328287 0.311791 0.295230 0.278633 0.262027 0.245435 0.228877 0.212371 0.195933 0.179577 0.163314 0.147154 
0.135591 0.151317 0.167125 0.183005 0.198945 0.214929 0.230942 0.246966 0.262979 0.278958 0.294877 0.310707 0.326414 0.341962 0.357313 0.372421 0.387241 0.401719 0.415801 0.429428 0.442538 0.455064 0.466940 0.478096 0.488461 0.497966 0.506543 0.514128 0.520659 0.526084 0.530354 0.533432 0.535290 0.535912 0.535290 0.533432 0.530354 0.526084 0.520659 0.514128 0.506543 0.497966 0.488461 0.478096 0.466940 0.455064 0.442538 0.429428 0.415801 0.401719 0.387241 0.372421 0.357313 0.341962 0.326414 0.310707 0.294877 0.278958 0.262979 0.246966 0.230942 0.214929 0.198945 0.183005 0.167125 0.151317 0.135591 
0.123866 0.139165 0.154526 0.169940 0.185393 0.200870 0.216354 0.231827 0.247267 0.262652 0.277955 0.293147 0.308197 0.323069 0.337725 0.352124 0.366221 0.379967 0.393311 0.406199 0.418574 0.430375 0.441542 0.452012 0.461723 0.470613 0.478623 0.485696 0.491778 0.496824 0.500793 0.503652 0.505377 0.505953 0.505377 0.503652 0.500793 0.496824 0.491778 0.485696 0.478623 0.470613 0.461723 0.452012 0.441542 0.430375 0.418574 0.406199 0.393311 0.379967 0.366221 0.352124 0.337725 0.323069 0.308197 0.293147 0.277955 0.262652 0.247267 0.231827 0.216354 0.200870 0.185393 0.169940 0.154526 0.139165 0.123866 
0.111999 0.126878 0.141803 0.156761 0.171739 0.186723 0.201694 0.216635 0.231523 0.246337 0.261050 0.275633 0.290057 0.304288 0.318288 0.332019 0.345438 0.358500 0.371158 0.383360 0.395056 0.406190 0.416707 0.426551 0.435667 0.444000 0.451496 0.458107 0.463786 0.468493 0.472191 0.474854 0.476460 0.476997 0.476460 0.474854 0.472191 0.468493 0.463786 0.458107 0.451496 0.444000 0.435667 0.426551 0.416707 0.406190 0.395056 0.383360 0.371158 0.358500 0.345438 0.332019 0.318288 0.304288 0.290057 0.275633 0.261050 0.246337 0.231523 0.216635 0.201694 0.186723 0.171739 0.156761 0.141803 0.126878 0.111999 
0.100009 0.114477 0.128974 0.143488 0.158005 0.172509 0.186984 0.201411 0.215769 0.230034 0.244182 0.258185 0.272015 0.285637 0.299018 0.312120 0.324903 0.337326 0.349344 0.360911 0.371979 0.382498 0.392419 0.401690 0.410263 0.418089 0.425120 0.431313 0.436628 0.441029 0.444484 0.446971 0.448470 0.448971 0.448470 0.446971 0.444484 0.441029 0.436628 0.431313 0.425120 0.418089 0.410263 0.401690 0.392419 0.382498 0.371979 0.360911 0.349344 0.337326 0.324903 0.312120 0.299018 0.285637 0.272015 0.258185 0.244182 0.230034 0.215769 0.201411 0.186984 0.172509 0.158005 0.143488 0.128974 0.114477 0.100009 
0.087913 0.101979 0.116059 0.130141 0.144209 0.158250 0.172245 0.186176 0.200023 0.213763 0.227371 0.240822 0.254085 0.267132 0.279928 0.292438 0.304626 0.316451 0.327873 0.338849 0.349336 0.359288 0.368660 0.377406 0.385483 0.392846 0.399454 0.405268 0.410253 0.414378 0.417614 0.419942 0.421345 0.421814 0.421345 0.419942 0.417614 0.414378 0.410253 0.405268 0.399454 0.392846 0.385483 0.377406 0.368660 0.359288 0.349336 0.338849 0.327873 0.316451 0.304626 0.292438 0.279928 0.267132 0.254085 0.240822 0.227371 0.213763 0.200023 0.186176 0.172245 0.158250 0.144209 0.130141 0.116059 0.101979 0.087913 
0.075728 0.089402 0.103075 0.116736 0.130370 0.143962 0.157494 0.170948 0.184305 0.197541 0.210634 0.223557 0.236284 0.248785 0.261029 0.272982 0.284611 0.295877 0.306743 0.317171 0.327119 0.336546 0.345413 0.353677 0.361299 0.368239 0.374461 0.379931 0.384616 0.388489 0.391528 0.393712 0.395027 0.395467 0.395027 0.393712 0.391528 0.388489 0.384616 0.379931 0.374461 0.368239 0.361299 0.353677 0.345413 0.336546 0.327119 0.317171 0.306743 0.295877 0.284611 0.272982 0.261029 0.248785 0.236284 0.223557 0.210634 0.197541 0.184305 0.170948 0.157494 0.143962 0.130370 0.116736 0.103075 0.089402 0.075728 
0.063468 0.076760 0.090038 0.103291 0.116504 0.129662 0.142747 0.155743 0.168628 0.181383 0.193983 0.206405 0.218623 0.230607 0.242330 0.253759 0.264862 0.275605 0.285953 0.295869 0.305318 0.314260 0.322660 0.330480 0.337684 0.344237 0.350106 0.355261 0.359674 0.363319 0.366177 0.368230 0.369467 0.369880 0.369467 0.368230 0.366177 0.363319 0.359674 0.355261 0.350106 0.344237 0.337684 0.330480 0.322660 0.314260 0.305318 0.295869 0.285953 0.275605 0.264862 0.253759 0.242330 0.230607 0.218623 0.206405 0.193983 0.181383 0.168628 0.155743 0.142747 0.129662 0.116504 0.103291 0.090038 0.076760 0.063468 
0.051149 0.064069 0.076963 0.089820 0.102625 0.115364 0.128019 0.140573 0.153008 0.165301 0.177432 0.189377 0.201111 0.212606 0.223836 0.234772 0.245382 0.255635 0.265498 0.274939 0.283923 0.292416 0.300384 0.307795 0.314614 0.320812 0.326358 0.331224 0.335387 0.338825 0.341518 0.343452 0.344618 0.345007 0.344618 0.343452 0.341518 0.338825 0.335387 0.331224 0.326358 0.320812 0.314614 0.307795 0.300384 0.292416 0.283923 0.274939 0.265498 0.255635 0.245382 0.234772 0.223836 0.212606 0.201111 0.189377 0.177432 0.165301 0.153008 0.140573 0.128019 0.115364 0.102625 0.089820 0.076963 0.064069 0.051149 
0.038784 0.051341 0.063863 0.076336 0.088747 0.101081 0.113323 0.125453 0.137455 0.149308 0.160991 0.172482 0.183756 0.194789 0.205554 0.216024 0.226171 0.235965 0.245375 0.254372 0.262924 0.271000 0.278569 0.285601 0.292066 0.297936 0.303184 0.307787 0.311722 0.314969 0.317511 0.319337 0.320437 0.320804 0.320437 0.319337 0.317511 0.314969 0.311722 0.307787 0.303184 0.297936 0.292066 0.285601 0.278569 0.271000 0.262924 0.254372 0.245375 0.235965 0.226171 0.216024 0.205554 0.194789 0.183756 0.172482 0.160991 0.149308 0.137455 0.125453 0.113323 0.101081 0.088747 0.076336 0.063863 0.051341 0.038784 
