45 45
1.494502e-01 0 5
-1.840782 -1.820365 -1.800078 -1.779968 -1.760089 -1.740500 -1.721267 -1.702465 -1.684173 -1.666479 -1.649476 -1.633265 -1.617950 -1.603641 -1.590448 -1.578482 -1.567850 -1.558655 -1.550990 -1.544937 -1.540562 -1.537917 -1.537032 -1.537917 -1.540562 -1.544937 -1.550990 -1.558655 -1.567850 -1.578482 -1.590448 -1.603641 -1.617950 -1.633265 -1.649476 -1.666479 -1.684173 -1.702465 -1.721267 -1.740500 -1.760089 -1.779968 -1.800078 -1.820365 -1.840782 
-1.820850 -1.799573 -1.778386 -1.757339 -1.736484 -1.715885 -1.695610 -1.675737 -1.656351 -1.637549 -1.619431 -1.602109 -1.585699 -1.570326 -1.556114 -1.543192 -1.531684 -1.521710 -1.513381 -1.506793 -1.502027 -1.499143 -1.498177 -1.499143 -1.502027 -1.506793 -1.513381 -1.521710 -1.531684 -1.543192 -1.556114 -1.570326 -1.585699 -1.602109 -1.619431 -1.637549 -1.656351 -1.675737 -1.695610 -1.715885 -1.736484 -1.757339 -1.778386 -1.799573 -1.820850 
-1.801087 -1.778914 -1.756787 -1.734753 -1.712868 -1.691195 -1.669806 -1.648783 -1.628216 -1.608208 -1.588871 -1.570326 -1.552704 -1.536145 -1.520792 -1.506793 -1.494293 -1.483434 -1.474345 -1.467145 -1.461928 -1.458768 -1.457710 -1.458768 -1.461928 -1.467145 -1.474345 -1.483434 -1.494293 -1.506793 -1.520792 -1.536145 -1.552704 -1.570326 -1.588871 -1.608208 -1.628216 -1.648783 -1.669806 -1.691195 -1.712868 -1.734753 -1.756787 -1.778914 -1.801087 
-1.781545 -1.758441 -1.735331 -1.712262 -1.689290 -1.666479 -1.643901 -1.621643 -1.599800 -1.578482 -1.557810 -1.537917 -1.518951 -1.501068 -1.484432 -1.469214 -1.455586 -1.443713 -1.433752 -1.425845 -1.420107 -1.416627 -1.415461 -1.416627 -1.420107 -1.425845 -1.433752 -1.443713 -1.455586 -1.469214 -1.484432 -1.501068 -1.518951 -1.537917 -1.557810 -1.578482 -1.599800 -1.621643 -1.643901 -1.666479 -1.689290 -1.712262 -1.735331 -1.758441 -1.781545 
-1.762278 -1.738209 -1.714077 -1.689926 -1.665810 -1.641793 -1.617950 -1.594368 -1.571148 -1.548405 -1.526271 -1.504893 -1.484432 -1.465066 -1.446983 -1.430381 -1.415461 -1.402422 -1.391453 -1.382723 -1.376377 -1.372524 -1.371231 -1.372524 -1.376377 -1.382723 -1.391453 -1.402422 -1.415461 -1.430381 -1.446983 -1.465066 -1.484432 -1.504893 -1.526271 -1.548405 -1.571148 -1.594368 -1.617950 -1.641793 -1.665810 -1.689926 -1.714077 -1.738209 -1.762278 
-1.743347 -1.718285 -1.693092 -1.667812 -1.642497 -1.617208 -1.592020 -1.567022 -1.542317 -1.518028 -1.494293 -1.471274 -1.449149 -1.428119 -1.408398 -1.390216 -1.373812 -1.359422 -1.347277 -1.337584 -1.330523 -1.326228 -1.324787 -1.326228 -1.330523 -1.337584 -1.347277 -1.359422 -1.373812 -1.390216 -1.408398 -1.428119 -1.449149 -1.471274 -1.494293 -1.518028 -1.542317 -1.567022 -1.592020 -1.617208 -1.642497 -1.667812 -1.693092 -1.718285 -1.743347 
-1.724822 -1.698738 -1.672451 -1.646000 -1.619431 -1.592804 -1.566192 -1.539682 -1.513381 -1.487414 -1.461928 -1.437098 -1.413119 -1.390216 -1.368635 -1.348644 -1.330523 -1.314559 -1.301032 -1.290201 -1.282289 -1.277469 -1.275850 -1.277469 -1.282289 -1.290201 -1.301032 -1.314559 -1.330523 -1.348644 -1.368635 -1.390216 -1.413119 -1.437098 -1.461928 -1.487414 -1.513381 -1.539682 -1.566192 -1.592804 -1.619431 -1.646000 -1.672451 -1.698738 -1.724822 
-1.706776 -1.679649 -1.652238 -1.624576 -1.596704 -1.568677 -1.540562 -1.512446 -1.484432 -1.456649 -1.429251 -1.402422 -1.376377 -1.351364 -1.327665 -1.305589 -1.285472 -1.267659 -1.252496 -1.240306 -1.231374 -1.225921 -1.224087 -1.225921 -1.231374 -1.240306 -1.252496 -1.267659 -1.285472 -1.305589 -1.327665 -1.351364 -1.376377 -1.402422 -1.429251 -1.456649 -1.484432 -1.512446 -1.540562 -1.568677 -1.596704 -1.624576 -1.652238 -1.679649 -1.706776 
-1.689290 -1.661105 -1.632547 -1.603641 -1.574422 -1.544937 -1.515245 -1.485428 -1.455586 -1.425845 -1.396363 -1.367331 -1.338983 -1.311590 -1.285472 -1.260988 -1.238535 -1.218535 -1.201416 -1.187588 -1.177416 -1.171189 -1.169092 -1.171189 -1.177416 -1.187588 -1.201416 -1.218535 -1.238535 -1.260988 -1.285472 -1.311590 -1.338983 -1.367331 -1.396363 -1.425845 -1.455586 -1.485428 -1.515245 -1.544937 -1.574422 -1.603641 -1.632547 -1.661105 -1.689290 
-1.672451 -1.643200 -1.613480 -1.583306 -1.552704 -1.521710 -1.490375 -1.458768 -1.426983 -1.395140 -1.363395 -1.331944 -1.301032 -1.270955 -1.242070 -1.214792 -1.189592 -1.166984 -1.147503 -1.131675 -1.119977 -1.112791 -1.110367 -1.112791 -1.119977 -1.131675 -1.147503 -1.166984 -1.189592 -1.214792 -1.242070 -1.270955 -1.301032 -1.331944 -1.363395 -1.395140 -1.426983 -1.458768 -1.490375 -1.521710 -1.552704 -1.583306 -1.613480 -1.643200 -1.672451 
-1.656351 -1.626035 -1.595148 -1.563694 -1.531684 -1.499143 -1.466107 -1.432631 -1.398797 -1.364711 -1.330523 -1.296424 -1.262666 -1.229564 -1.197512 -1.166984 -1.138534 -1.112791 -1.090429 -1.072128 -1.058523 -1.050130 -1.047292 -1.050130 -1.058523 -1.072128 -1.090429 -1.112791 -1.138534 -1.166984 -1.197512 -1.229564 -1.262666 -1.296424 -1.330523 -1.364711 -1.398797 -1.432631 -1.466107 -1.499143 -1.531684 -1.563694 -1.595148 -1.626035 -1.656351 
-1.641089 -1.609720 -1.577673 -1.544937 -1.511509 -1.477396 -1.442617 -1.407209 -1.371231 -1.334774 -1.297965 -1.260988 -1.224087 -1.187588 -1.151913 -1.117596 -1.085285 -1.055745 -1.029827 -1.008425 -0.992393 -0.982451 -0.979080 -0.982451 -0.992393 -1.008425 -1.029827 -1.055745 -1.085285 -1.117596 -1.151913 -1.187588 -1.224087 -1.260988 -1.297965 -1.334774 -1.371231 -1.407209 -1.442617 -1.477396 -1.511509 -1.544937 -1.577673 -1.609720 -1.641089 
-1.626763 -1.594368 -1.561181 -1.527178 -1.492338 -1.456649 -1.420107 -1.382723 -1.344530 -1.305589 -1.266001 -1.225921 -1.185573 -1.145279 -1.105475 -1.066742 -1.029827 -0.995652 -0.965297 -0.939943 -0.920766 -0.908788 -0.904711 -0.908788 -0.920766 -0.939943 -0.965297 -0.995652 -1.029827 -1.066742 -1.105475 -1.145279 -1.185573 -1.225921 -1.266001 -1.305589 -1.344530 -1.382723 -1.420107 -1.456649 -1.492338 -1.527178 -1.561181 -1.594368 -1.626763 
-1.613480 -1.580096 -1.545806 -1.510569 -1.474345 -1.437098 -1.398797 -1.359422 -1.318973 -1.277469 -1.234970 -1.191586 -1.147503 -1.103006 -1.058523 -1.014659 -0.972249 -0.932385 -0.896427 -0.865949 -0.842601 -0.827879 -0.822843 -0.827879 -0.842601 -0.865949 -0.896427 -0.932385 -0.972249 -1.014659 -1.058523 -1.103006 -1.147503 -1.191586 -1.234970 -1.277469 -1.318973 -1.359422 -1.398797 -1.437098 -1.474345 -1.510569 -1.545806 -1.580096 -1.613480 
-1.601340 -1.567022 -1.531684 -1.495267 -1.457710 -1.418950 -1.378927 -1.337584 -1.294877 -1.250776 -1.205282 -1.158441 -1.110367 -1.061281 -1.011555 -0.961775 -0.912822 -0.865949 -0.822843 -0.785601 -0.756579 -0.738038 -0.731651 -0.738038 -0.756579 -0.785601 -0.822843 -0.865949 -0.912822 -0.961775 -1.011555 -1.061281 -1.110367 -1.158441 -1.205282 -1.250776 -1.294877 -1.337584 -1.378927 -1.418950 -1.457710 -1.495267 -1.531684 -1.567022 -1.601340 
-1.590448 -1.555264 -1.518951 -1.481430 -1.442617 -1.402422 -1.360751 -1.317506 -1.272593 -1.225921 -1.177416 -1.127036 -1.074795 -1.020797 -0.965297 -0.908788 -0.852111 -0.796617 -0.744320 -0.697987 -0.661022 -0.636962 -0.628587 -0.636962 -0.661022 -0.697987 -0.744320 -0.796617 -0.852111 -0.908788 -0.965297 -1.020797 -1.074795 -1.127036 -1.177416 -1.225921 -1.272593 -1.317506 -1.360751 -1.402422 -1.442617 -1.481430 -1.518951 -1.555264 -1.590448 
-1.580900 -1.544937 -1.507740 -1.469214 -1.429251 -1.387733 -1.344530 -1.299501 -1.252496 -1.203353 -1.151913 -1.098022 -1.041556 -0.982451 -0.920766 -0.856779 -0.791149 -0.725154 -0.661022 -0.602275 -0.553831 -0.521421 -0.509958 -0.521421 -0.553831 -0.602275 -0.661022 -0.725154 -0.791149 -0.856779 -0.920766 -0.982451 -1.041556 -1.098022 -1.151913 -1.203353 -1.252496 -1.299501 -1.344530 -1.387733 -1.429251 -1.469214 -1.507740 -1.544937 -1.580900 
-1.572788 -1.536145 -1.498177 -1.458768 -1.417790 -1.375096 -1.330523 -1.283883 -1.234970 -1.183549 -1.129362 -1.072128 -1.011555 -0.947357 -0.879307 -0.807324 -0.731651 -0.653172 -0.573969 -0.498129 -0.432560 -0.386793 -0.370182 -0.386793 -0.432560 -0.498129 -0.573969 -0.653172 -0.731651 -0.807324 -0.879307 -0.947357 -1.011555 -1.072128 -1.129362 -1.183549 -1.234970 -1.283883 -1.330523 -1.375096 -1.417790 -1.458768 -1.498177 -1.536145 -1.572788 
-1.566192 -1.528986 -1.490375 -1.450229 -1.408398 -1.364711 -1.318973 -1.270955 -1.220394 -1.166984 -1.110367 -1.050130 -0.985793 -0.916814 -0.842601 -0.762564 -0.676246 -0.583645 -0.485911 -0.386793 -0.295041 -0.226483 -0.200449 -0.226483 -0.295041 -0.386793 -0.485911 -0.583645 -0.676246 -0.762564 -0.842601 -0.916814 -0.985793 -1.050130 -1.110367 -1.166984 -1.220394 -1.270955 -1.318973 -1.364711 -1.408398 -1.450229 -1.490375 -1.528986 -1.566192 
-1.561181 -1.523540 -1.484432 -1.443713 -1.401217 -1.356753 -1.310098 -1.260988 -1.209112 -1.154101 -1.095507 -1.032792 -0.965297 -0.892218 -0.812567 -0.725154 -0.628587 -0.521421 -0.402688 -0.273582 -0.142060 -0.032053 0.013487 -0.032053 -0.142060 -0.273582 -0.402688 -0.521421 -0.628587 -0.725154 -0.812567 -0.892218 -0.965297 -1.032792 -1.095507 -1.154101 -1.209112 -1.260988 -1.310098 -1.356753 -1.401217 -1.443713 -1.484432 -1.523540 -1.561181 
-1.557810 -1.519873 -1.480425 -1.439314 -1.396363 -1.351364 -1.304075 -1.254208 -1.201416 -1.145279 -1.085285 -1.020797 -0.951012 -0.874906 -0.791149 -0.697987 -0.593076 -0.473277 -0.334528 -0.172419 0.013487 0.199486 0.291240 0.199486 0.013487 -0.172419 -0.334528 -0.473277 -0.593076 -0.697987 -0.791149 -0.874906 -0.951012 -1.020797 -1.085285 -1.145279 -1.201416 -1.254208 -1.304075 -1.351364 -1.396363 -1.439314 -1.480425 -1.519873 -1.557810 
-1.556114 -1.518028 -1.478408 -1.437098 -1.393915 -1.348644 -1.301032 -1.250776 -1.197512 -1.140795 -1.080074 -1.014659 -0.943668 -0.865949 -0.779971 -0.683634 -0.573969 -0.446636 -0.295041 -0.108946 0.126370 0.414677 0.604748 0.414677 0.126370 -0.108946 -0.295041 -0.446636 -0.573969 -0.683634 -0.779971 -0.865949 -0.943668 -1.014659 -1.080074 -1.140795 -1.197512 -1.250776 -1.301032 -1.348644 -1.393915 -1.437098 -1.478408 -1.518028 -1.556114 
-1.555902 -1.517796 -1.478155 -1.436820 -1.393608 -1.348302 -1.300650 -1.250345 -1.197022 -1.140231 -1.079418 -1.013886 -0.942740 -0.864815 -0.778551 -0.681800 -0.571511 -0.443167 -0.289793 -0.100177 0.143310 0.453541 0.673980 0.453541 0.143310 -0.100177 -0.289793 -0.443167 -0.571511 -0.681800 -0.778551 -0.864815 -0.942740 -1.013886 -1.079418 -1.140231 -1.197022 -1.250345 -1.300650 -1.348302 -1.393608 -1.436820 -1.478155 -1.517796 -1.555902 
-1.556123 -1.518038 -1.478419 -1.437110 -1.393928 -1.348658 -1.301048 -1.250795 -1.197533 -1.140820 -1.080103 -1.014693 -0.943708 -0.865998 -0.780033 -0.683713 -0.574076 -0.446786 -0.295267 -0.109322 0.125652 0.413080 0.602027 0.413080 0.125652 -0.109322 -0.295267 -0.446786 -0.574076 -0.683713 -0.780033 -0.865998 -0.943708 -1.014693 -1.080103 -1.140820 -1.197533 -1.250795 -1.301048 -1.348658 -1.393928 -1.437110 -1.478419 -1.518038 -1.556123 
-1.557837 -1.519902 -1.480458 -1.439350 -1.396402 -1.351408 -1.304125 -1.254263 -1.201478 -1.145351 -1.085369 -1.020895 -0.951129 -0.875049 -0.791327 -0.698215 -0.593377 -0.473693 -0.335133 -0.173361 0.011921 0.196874 0.287875 0.196874 0.011921 -0.173361 -0.335133 -0.473693 -0.593377 -0.698215 -0.791327 -0.875049 -0.951129 -1.020895 -1.085369 -1.145351 -1.201478 -1.254263 -1.304125 -1.351408 -1.396402 -1.439350 -1.480458 -1.519902 -1.557837 
-1.561226 -1.523589 -1.484486 -1.443772 -1.401282 -1.356825 -1.310178 -1.261078 -1.209215 -1.154218 -1.095643 -1.032951 -0.965486 -0.892446 -0.812848 -0.725506 -0.629043 -0.522028 -0.403525 -0.274770 -0.143761 -0.034350 0.010884 -0.034350 -0.143761 -0.274770 -0.403525 -0.522028 -0.629043 -0.725506 -0.812848 -0.892446 -0.965486 -1.032951 -1.095643 -1.154218 -1.209215 -1.261078 -1.310178 -1.356825 -1.401282 -1.443772 -1.484486 -1.523589 -1.561226 
-1.566255 -1.529054 -1.490449 -1.450310 -1.408487 -1.364810 -1.319083 -1.271078 -1.220534 -1.167143 -1.110550 -1.050343 -0.986044 -0.917113 -0.842964 -0.763011 -0.676808 -0.584364 -0.486846 -0.388015 -0.296608 -0.228372 -0.202476 -0.228372 -0.296608 -0.388015 -0.486846 -0.584364 -0.676808 -0.763011 -0.842964 -0.917113 -0.986044 -1.050343 -1.110550 -1.167143 -1.220534 -1.271078 -1.319083 -1.364810 -1.408487 -1.450310 -1.490449 -1.529054 -1.566255 
-1.572867 -1.536231 -1.498271 -1.458871 -1.417903 -1.375221 -1.330660 -1.284037 -1.235143 -1.183746 -1.129587 -1.072387 -1.011856 -0.947712 -0.879731 -0.807835 -0.732274 -0.653940 -0.574917 -0.499291 -0.433946 -0.388363 -0.371824 -0.388363 -0.433946 -0.499291 -0.574917 -0.653940 -0.732274 -0.807835 -0.879731 -0.947712 -1.011856 -1.072387 -1.129587 -1.183746 -1.235143 -1.284037 -1.330660 -1.375221 -1.417903 -1.458871 -1.498271 -1.536231 -1.572867 
-1.580996 -1.545039 -1.507852 -1.469336 -1.429385 -1.387880 -1.344693 -1.299683 -1.252699 -1.203582 -1.152173 -1.098319 -1.041897 -0.982848 -0.921231 -0.857328 -0.791800 -0.725928 -0.661940 -0.603348 -0.555053 -0.522754 -0.511333 -0.522754 -0.555053 -0.603348 -0.661940 -0.725928 -0.791800 -0.857328 -0.921231 -0.982848 -1.041897 -1.098319 -1.152173 -1.203582 -1.252699 -1.299683 -1.344693 -1.387880 -1.429385 -1.469336 -1.507852 -1.545039 -1.580996 
-1.590558 -1.555383 -1.519080 -1.481571 -1.442770 -1.402590 -1.360936 -1.317712 -1.272821 -1.226176 -1.177704 -1.127362 -1.075166 -1.021222 -0.965787 -0.909354 -0.852767 -0.797376 -0.745190 -0.698970 -0.662107 -0.638119 -0.629769 -0.638119 -0.662107 -0.698970 -0.745190 -0.797376 -0.852767 -0.909354 -0.965787 -1.021222 -1.075166 -1.127362 -1.177704 -1.226176 -1.272821 -1.317712 -1.360936 -1.402590 -1.442770 -1.481571 -1.519080 -1.555383 -1.590558 
-1.601464 -1.567156 -1.531829 -1.495424 -1.457881 -1.419137 -1.379132 -1.337810 -1.295127 -1.251054 -1.205592 -1.158789 -1.110759 -1.061724 -1.012057 -0.962345 -0.913468 -0.866679 -0.823659 -0.786502 -0.757551 -0.739059 -0.732688 -0.739059 -0.757551 -0.786502 -0.823659 -0.866679 -0.913468 -0.962345 -1.012057 -1.061724 -1.110759 -1.158789 -1.205592 -1.251054 -1.295127 -1.337810 -1.379132 -1.419137 -1.457881 -1.495424 -1.531829 -1.567156 -1.601464 
-1.613616 -1.580243 -1.545965 -1.510741 -1.474532 -1.437301 -1.399018 -1.359666 -1.319240 -1.277764 -1.235297 -1.191950 -1.147908 -1.103458 -1.059028 -1.015224 -0.972878 -0.933082 -0.897192 -0.866777 -0.843480 -0.828792 -0.823768 -0.828792 -0.843480 -0.866777 -0.897192 -0.933082 -0.972878 -1.015224 -1.059028 -1.103458 -1.147908 -1.191950 -1.235297 -1.277764 -1.319240 -1.359666 -1.399018 -1.437301 -1.474532 -1.510741 -1.545965 -1.580243 -1.613616 
-1.626912 -1.594528 -1.561353 -1.527363 -1.492539 -1.456866 -1.420343 -1.382980 -1.344811 -1.305898 -1.266340 -1.226294 -1.185986 -1.145734 -1.105977 -1.067295 -1.030435 -0.996315 -0.966013 -0.940707 -0.921568 -0.909615 -0.905547 -0.909615 -0.921568 -0.940707 -0.966013 -0.996315 -1.030435 -1.067295 -1.105977 -1.145734 -1.185986 -1.226294 -1.266340 -1.305898 -1.344811 -1.382980 -1.420343 -1.456866 -1.492539 -1.527363 -1.561353 -1.594528 -1.626912 
-1.641248 -1.609891 -1.577856 -1.545133 -1.511720 -1.477624 -1.442865 -1.407478 -1.371524 -1.335092 -1.298313 -1.261367 -1.224501 -1.188041 -1.152408 -1.118135 -1.085869 -1.056374 -1.030499 -1.009134 -0.993132 -0.983208 -0.979843 -0.983208 -0.993132 -1.009134 -1.030499 -1.056374 -1.085869 -1.118135 -1.152408 -1.188041 -1.224501 -1.261367 -1.298313 -1.335092 -1.371524 -1.407478 -1.442865 -1.477624 -1.511720 -1.545133 -1.577856 -1.609891 -1.641248 
-1.656520 -1.626216 -1.595341 -1.563900 -1.531906 -1.499381 -1.466364 -1.432909 -1.399097 -1.365036 -1.330875 -1.296806 -1.263079 -1.230013 -1.197997 -1.167506 -1.139094 -1.113388 -1.091060 -1.072789 -1.059207 -1.050828 -1.047996 -1.050828 -1.059207 -1.072789 -1.091060 -1.113388 -1.139094 -1.167506 -1.197997 -1.230013 -1.263079 -1.296806 -1.330875 -1.365036 -1.399097 -1.432909 -1.466364 -1.499381 -1.531906 -1.563900 -1.595341 -1.626216 -1.656520 
-1.672628 -1.643388 -1.613681 -1.583521 -1.552934 -1.521957 -1.490639 -1.459052 -1.427289 -1.395469 -1.363749 -1.332326 -1.301442 -1.271396 -1.242542 -1.215297 -1.190129 -1.167551 -1.148098 -1.132294 -1.120614 -1.113440 -1.111020 -1.113440 -1.120614 -1.132294 -1.148098 -1.167551 -1.190129 -1.215297 -1.242542 -1.271396 -1.301442 -1.332326 -1.363749 -1.395469 -1.427289 -1.459052 -1.490639 -1.521957 -1.552934 -1.583521 -1.613681 -1.643388 -1.672628 
-1.689475 -1.661301 -1.632755 -1.603863 -1.574659 -1.545189 -1.515515 -1.485717 -1.455895 -1.426175 -1.396717 -1.367710 -1.339388 -1.312022 -1.285932 -1.261476 -1.239050 -1.219075 -1.201979 -1.188170 -1.178013 -1.171795 -1.169701 -1.171795 -1.178013 -1.188170 -1.201979 -1.219075 -1.239050 -1.261476 -1.285932 -1.312022 -1.339388 -1.367710 -1.396717 -1.426175 -1.455895 -1.485717 -1.515515 -1.545189 -1.574659 -1.603863 -1.632755 -1.661301 -1.689475 
-1.706967 -1.679852 -1.652453 -1.624804 -1.596946 -1.568934 -1.540836 -1.512738 -1.484743 -1.456980 -1.429604 -1.402797 -1.376775 -1.351787 -1.328111 -1.306060 -1.285966 -1.268174 -1.253030 -1.240857 -1.231937 -1.226491 -1.224659 -1.226491 -1.231937 -1.240857 -1.253030 -1.268174 -1.285966 -1.306060 -1.328111 -1.351787 -1.376775 -1.402797 -1.429604 -1.456980 -1.484743 -1.512738 -1.540836 -1.568934 -1.596946 -1.624804 -1.652453 -1.679852 -1.706967 
-1.725019 -1.698946 -1.672671 -1.646232 -1.619677 -1.593065 -1.566469 -1.539976 -1.513692 -1.487743 -1.462278 -1.437468 -1.413511 -1.390629 -1.369069 -1.349098 -1.330997 -1.315051 -1.301540 -1.290723 -1.282821 -1.278007 -1.276390 -1.278007 -1.282821 -1.290723 -1.301540 -1.315051 -1.330997 -1.349098 -1.369069 -1.390629 -1.413511 -1.437468 -1.462278 -1.487743 -1.513692 -1.539976 -1.566469 -1.593065 -1.619677 -1.646232 -1.672671 -1.698946 -1.725019 
-1.743549 -1.718497 -1.693316 -1.668049 -1.642746 -1.617471 -1.592298 -1.567316 -1.542628 -1.518355 -1.494639 -1.471638 -1.449533 -1.428521 -1.408819 -1.390655 -1.374268 -1.359894 -1.347762 -1.338081 -1.331027 -1.326738 -1.325299 -1.326738 -1.331027 -1.338081 -1.347762 -1.359894 -1.374268 -1.390655 -1.408819 -1.428521 -1.449533 -1.471638 -1.494639 -1.518355 -1.542628 -1.567316 -1.592298 -1.617471 -1.642746 -1.668049 -1.693316 -1.718497 -1.743549 
-1.762483 -1.738425 -1.714304 -1.690165 -1.666062 -1.642058 -1.618229 -1.594662 -1.571457 -1.548730 -1.526613 -1.505251 -1.484807 -1.465458 -1.447391 -1.430805 -1.415900 -1.402875 -1.391917 -1.383197 -1.376858 -1.373009 -1.371718 -1.373009 -1.376858 -1.383197 -1.391917 -1.402875 -1.415900 -1.430805 -1.447391 -1.465458 -1.484807 -1.505251 -1.526613 -1.548730 -1.571457 -1.594662 -1.618229 -1.642058 -1.666062 -1.690165 -1.714304 -1.738425 -1.762483 
-1.781753 -1.758659 -1.735560 -1.712503 -1.689543 -1.666744 -1.644180 -1.621935 -1.600107 -1.578803 -1.558146 -1.538269 -1.519318 -1.501449 -1.484828 -1.469625 -1.456009 -1.444148 -1.434197 -1.426298 -1.420566 -1.417090 -1.415925 -1.417090 -1.420566 -1.426298 -1.434197 -1.444148 -1.456009 -1.469625 -1.484828 -1.501449 -1.519318 -1.538269 -1.558146 -1.578803 -1.600107 -1.621935 -1.644180 -1.666744 -1.689543 -1.712503 -1.735560 -1.758659 -1.781753 
-1.801299 -1.779135 -1.757018 -1.734995 -1.713122 -1.691461 -1.670084 -1.649073 -1.628520 -1.608526 -1.589202 -1.570671 -1.553063 -1.536517 -1.521177 -1.507190 -1.494702 -1.483852 -1.474773 -1.467579 -1.462368 -1.459211 -1.458154 -1.459211 -1.462368 -1.467579 -1.474773 -1.483852 -1.494702 -1.507190 -1.521177 -1.536517 -1.553063 -1.570671 -1.589202 -1.608526 -1.628520 -1.649073 -1.670084 -1.691461 -1.713122 -1.734995 -1.757018 -1.779135 -1.801299 
-1.821063 -1.799795 -1.778619 -1.757582 -1.736738 -1.716150 -1.695886 -1.676025 -1.656652 -1.637862 -1.619756 -1.602447 -1.586050 -1.570688 -1.556488 -1.543577 -1.532079 -1.522114 -1.513792 -1.507211 -1.502449 -1.499568 -1.498603 -1.499568 -1.502449 -1.507211 -1.513792 -1.522114 -1.532079 -1.543577 -1.556488 -1.570688 -1.586050 -1.602447 -1.619756 -1.637862 -1.656652 -1.676025 -1.695886 -1.716150 -1.736738 -1.757582 -1.778619 -1.799795 -1.821063 
-1.840997 -1.820589 -1.800311 -1.780211 -1.760342 -1.740764 -1.721542 -1.702751 -1.684470 -1.666787 -1.649796 -1.633596 -1.618293 -1.603995 -1.590812 -1.578855 -1.568232 -1.559045 -1.551387 -1.545339 -1.540968 -1.538326 -1.537441 -1.538326 -1.540968 -1.545339 -1.551387 -1.559045 -1.568232 -1.578855 -1.590812 -1.603995 -1.618293 -1.633596 -1.649796 -1.666787 -1.684470 -1.702751 -1.721542 -1.740764 -1.760342 -1.780211 -1.800311 -1.820589 -1.840997 
