# 1673824074 16
13.9982  -89.7806  SV.LOAL.HN.--  1673824079.5  452.749
14.113  -89.6827  SV.RBDL.HN.--  1673824079  443.482
13.7137  -89.1698  SV.IGN.HN.--  1673824048  36.2463
13.9022  -89.7799  SV.NUBE.HH.--  1673824081.5  20.1808
13.8431  -90.0148  SV.FAME.HN.00  1673824085  14.8696
14.2311  -90.1984  GI.SROR.HN.--  1673824089  13.5311
13.9816  -89.5485  SV.UNIC.HN.--  1673824085.5  11.6525
13.6542  -89.4489  SV.JAYA.HH.--  1673824094.5  7.52555
13.8028  -89.3949  SV.CEDA.HH.--  1673824092.5  7.21311
13.6543  -89.449  SV.JAYA.HN.00  1673824094  6.93224
14.3989  -89.3606  SV.MTO3.HH.--  1673824093.5  3.16572
13.8349  -89.2724  SV.QUEZ.HNZ.--  1673824089.5  2.94523
13.8158  -88.861  SV.UNICI.HNZ.00  1673824093  1.45039
14.4956  -89.8395  GI.JAMO.HH.--  1673824089.5  1.355
13.5751  -89.8329  SV.ACAJ.HN.00  1673824093  1.32313
13.6117  -89.1796  SV.PANC.HN.--  1673824091  1.28948
14.5599  -89.3414  GI.CQES.HNZ.00  1673824088.5  1.23249
14.5833  -90.5325  GI.GCG4.HNZ.--  1673824080  1.13553
15.3182  -91.503  GI.HUHU.HN.00  1673824084  1.12118
14.6472  -90.4948  GI.GGU06.HNZ.--  1673824093  1.05721
14.336  -89.706  GI.JUAM.HN.00  1673824071.5  0.830151
14.1626  -88.9445  SV.LLGN.HNZ.--  1673824091.5  0.828248
13.713  -88.9371  SV.PAVA.HHZ.--  1673824092.5  0.776003
13.4746  -88.1705  SV.CNRM.HNZ.--  1673824035.5  0.690842
11.939  -86.1213  NU.NANN.HH.--  1673824045  0.553206
14.7828  -90.7937  GI.CMSM.HN.--  1673824049.5  0.531781
14.1516  -91.1941  GI.ESTQ.HN.--  1673824085.5  0.518743
13.7206  -89.2014  SV.UES.HNZ.--  1673824089  0.505514
14.535  -90.44  GI.GUJV.HH.--  1673824092  0.48009
13.7008  -89.2013  SV.UTEC.HNZ.--  1673824074  0.467061
14.621  -90.599  GI.GUMI.HHZ.--  1673824085.5  0.444959
13.7152  -89.155  SV.UDBS.HNZ.--  1673824090.5  0.435327
12.1693  -86.4048  NU.SAPN.HH.--  1830271157.5  0.417508
14.532  -90.498  GI.GUVC.HHZ.--  1673824094  0.376889
14.8712  -91.5143  GI.QTQT.HN.00  1673824086  0.35797
14.9942  -90.8073  GI.QCJY.HN.00  1673824055.5  0.33819
14.1609  -91.7198  GI.RESA.HN.00  1673824073.5  0.195232
14.6724  -91.5806  GI.STG5.HH.--  1673824087.5  0.185934
13.309  -87.8903  SV.LCNA.HNZ.--  1673824077.5  0.124127
12.6966  -87.0209  NU.CRIN.HH.--  1673824069  0.0957054
12.1489  -86.2483  NU.MGAN.HHZ.--  1673824092.5  0.0778245
12.6093  -86.831  NU.HERN.HH.--  1673824031  0.0702152
13.6952  -88.1065  SV.FAGO.HNZ.00  1673824088  0.0590213
14.8565  -92.0749  GI.SMCA.HN.00  1673824088.5  0.0438283
14.56  -91.557  GI.SUCU.HN.--  1673824041.5  0.0358795
13.7162  -84.7735  NU.SIUN.HHZ.10  1673824049.5  0.0274461
14.6888  -91.6062  GI.STG6.HH.00  1673824054  0.022208
16.0034  -90.7772  GI.QCIX.HN.--  1673824031  0.0221864
14.7504  -91.5851  GI.STG8.HH.--  1673824086.5  0.0198428
14.5246  -91.6949  GI.RERE.HN.00  1673824094  0.0172672
14.0488  -83.3746  NU.BILN.HHZ.10  1673824058  0.0153482
15.4852  -91.0467  GI.QCCJ.HN.--  1673824039.5  0.0118987
15.4078  -91.9472  GI.HUCU.HN.--  1673824036  0.0118257
11.4167  -84.9  NU.SMRN.HH.10  1673824088  0.0107197
15.6208  -89.0509  GI.KUIZ2.HN.00  1673824035.5  0.0105585
12.5  -86.6994  NU.CNGN.HH.--  1673824034  0.00869292
14.6475  -91.6114  GI.STG11.HH.00  1673824037.5  0.0062415
14.7159  -91.5752  GI.STG10.HHZ.00  1673824087.5  0.00571541
14.706  -91.5593  GI.STG9.HH.00  1673824090  0.00405698
12.7243  -86.9528  NU.STCN.HH.00  1673824068  0.0022574
15.6208  -89.0509  GI.KUIZ2.HH.--  1673824030.5  0.00199685
