# 1673824074 34
13.9982  -89.7806  SV.LOAL.HN.--  1673824079.5  452.749
14.113  -89.6827  SV.RBDL.HN.--  1673824079  443.482
13.7137  -89.1698  SV.IGN.HN.--  1673824054.5  36.018
13.9022  -89.7799  SV.NUBE.HH.--  1673824081.5  20.1808
14.336  -89.706  GI.JUAM.HN.00  1673824085  17.7309
13.8431  -90.0148  SV.FAME.HN.00  1673824085  14.8696
14.2311  -90.1984  GI.SROR.HN.--  1673824089  13.5311
13.9816  -89.5485  SV.UNIC.HN.--  1673824085.5  11.6525
13.6542  -89.4489  SV.JAYA.HH.--  1673824094.5  7.52555
13.8028  -89.3949  SV.CEDA.HH.--  1673824092.5  7.21311
13.6543  -89.449  SV.JAYA.HN.00  1673824094.5  7.1099
14.5833  -90.5325  GI.GCG4.HN.--  1673824104.5  6.17752
13.8349  -89.2724  SV.QUEZ.HN.--  1673824094.5  5.98693
13.8158  -88.861  SV.UNICI.HN.00  1673824107  4.33158
13.713  -88.9371  SV.PAVA.HH.--  1673824105.5  4.2961
14.3989  -89.3606  SV.MTO3.HH.--  1673824095  3.6516
14.6472  -90.4948  GI.GGU06.HN.--  1673824104.5  2.21146
14.535  -90.44  GI.GUJV.HH.--  1673824100  2.05381
13.6117  -89.1796  SV.PANC.HN.--  1673824100  1.74854
13.5751  -89.8329  SV.ACAJ.HN.00  1673824097.5  1.71045
14.1626  -88.9445  SV.LLGN.HN.--  1673824105  1.65653
14.621  -90.599  GI.GUMI.HN.--  1673824111  1.50629
14.532  -90.498  GI.GUVC.HH.--  1673824101  1.47188
14.5599  -89.3414  GI.CQES.HN.00  1673824097  1.38866
14.4956  -89.8395  GI.JAMO.HH.--  1673824089.5  1.355
13.7206  -89.2014  SV.UES.HN.--  1673824098.5  1.35401
15.3182  -91.503  GI.HUHU.HN.00  1673824084  1.12118
11.939  -86.1213  NU.NANN.HH.--  1673824106.5  0.996673
13.7152  -89.155  SV.UDBS.HN.--  1673824103  0.946303
13.7008  -89.2013  SV.UTEC.HN.--  1673824100.5  0.810372
14.7159  -91.5752  GI.STG10.HH.00  1673824110.5  0.608351
15.4852  -91.0467  GI.QCCJ.HN.--  1673824109  0.565665
14.7828  -90.7937  GI.CMSM.HN.--  1673824049.5  0.531781
14.1516  -91.1941  GI.ESTQ.HN.--  1673824085.5  0.518743
14.8712  -91.5143  GI.QTQT.HNZ.00  1673824103.5  0.459832
14.9942  -90.8073  GI.QCJY.HN.00  1673824106  0.455641
12.1693  -86.4048  NU.SAPN.HH.--  1830271157.5  0.417508
13.4746  -88.1705  SV.CNRM.HNZ.--  1673824049  0.416565
14.6888  -91.6062  GI.STG6.HH.00  1673824109.5  0.268012
14.706  -91.5593  GI.STG9.HH.00  1673824110  0.19886
14.1609  -91.7198  GI.RESA.HN.00  1673824073.5  0.195232
14.6724  -91.5806  GI.STG5.HH.--  1673824087.5  0.185934
13.6952  -88.1065  SV.FAGO.HNZ.00  1673824105.5  0.132434
14.56  -91.557  GI.SUCU.HN.--  1673824111.5  0.126924
13.309  -87.8903  SV.LCNA.HNZ.--  1673824077.5  0.124127
12.6966  -87.0209  NU.CRIN.HH.--  1673824069  0.0957054
12.1489  -86.2483  NU.MGAN.HHZ.--  1673824092.5  0.0778245
14.6475  -91.6114  GI.STG11.HH.00  1673824109.5  0.0727408
12.6093  -86.831  NU.HERN.HH.--  1673824049.5  0.0661822
14.5246  -91.6949  GI.RERE.HNZ.00  1673824112  0.0629574
15.6208  -89.0509  GI.KUIZ2.HNZ.00  1673824108  0.0578836
14.8565  -92.0749  GI.SMCA.HN.00  1673824088.5  0.0438283
14.7504  -91.5851  GI.STG8.HH.--  1673824109  0.0434124
13.7162  -84.7735  NU.SIUN.HHZ.10  1673824049.5  0.0274461
16.0034  -90.7772  GI.QCIX.HN.--  1673824094  0.0188844
14.0488  -83.3746  NU.BILN.HHZ.10  1673824058  0.0153482
11.4167  -84.9  NU.SMRN.HH.10  1673824088  0.0107197
15.4078  -91.9472  GI.HUCU.HN.--  1673824063  0.00770359
12.5  -86.6994  NU.CNGN.HH.--  1673824096  0.0071793
15.6208  -89.0509  GI.KUIZ2.HHZ.--  1673824095  0.00487393
12.7243  -86.9528  NU.STCN.HH.00  1673824068  0.0022574
