# 1671114779 42
13.4746  -88.1705  SV.CNRM.HN.--  1671114774  66.4329
13.7137  -89.1698  SV.IGN.HN.--  1671114777.5  51.7513
13.7033  -89.224  SV.SEM.HN.--  1671114778  31.606
13.6542  -89.4489  SV.JAYA.HH.--  1671114780.5  20.4074
14.113  -89.6827  SV.RBDL.HN.--  1671114776  20.4031
13.8158  -88.861  SV.UNICI.HN.00  1671114779.5  18.8053
13.6117  -89.1796  SV.PANC.HN.--  1671114775  15.9118
13.7152  -89.155  SV.UDBS.HN.--  1671114777.5  12.809
13.309  -87.8903  SV.LCNA.HN.--  1671114776.5  12.5218
13.7008  -89.2013  SV.UTEC.HN.--  1671114779  9.67471
13.713  -88.9371  SV.PAVA.HH.--  1671114765  9.58773
13.7206  -89.2014  SV.UES.HN.--  1671114779.5  8.75754
13.6842  -89.2865  SV.MAGT.HN.--  1671114777  5.31532
13.8349  -89.2724  SV.QUEZ.HNZ.--  1671114773  4.22182
13.8028  -89.3949  SV.CEDA.HH.--  1671114776  4.03821
13.9022  -89.7799  SV.NUBE.HHZ.--  1671114770.5  2.45681
14.5833  -90.5325  GI.GCG4.HNZ.--  1671114765.5  2.08179
14.1626  -88.9445  SV.LLGN.HN.--  1671114768.5  2.04086
13.9982  -89.7806  SV.LOAL.HN.--  1671114774  1.3067
14.1516  -91.1941  GI.ESTQ.HN.--  1671114768  0.883516
13.9816  -89.5485  SV.UNIC.HNZ.--  1671114778.5  0.746938
13.5751  -89.8329  SV.ACAJ.HNZ.00  1671114777.5  0.696674
14.621  -90.599  GI.GUMI.HHZ.--  1671114765.5  0.479079
14.336  -89.706  GI.JUAM.HN.00  1671114761  0.463327
14.2311  -90.1984  GI.SROR.HN.--  1671114781  0.366295
14.5599  -89.3414  GI.CQES.HNZ.00  1671114775.5  0.338843
14.9942  -90.8073  GI.QCJY.HNZ.00  1671114763.5  0.277132
14.4956  -89.8395  GI.JAMO.HNZ.--  1671114779  0.0859886
14.7828  -90.7937  GI.CMSM.HNZ.--  1671114778  0.0836745
15.73  -88.584  GI.IZPB.HN.00  1671114761  0.0537954
14.532  -90.498  GI.GUVC.HN.--  1671114777  0.0353583
14.552  -90.3168  GI.GUSP.HN.--  1671114761.5  0.0343149
14.535  -90.44  GI.GUJV.HH.--  1671114767  0.0280327
15.4852  -91.0467  GI.QCCJ.HN.--  1671114770  0.0271568
15.6208  -89.0509  GI.KUIZ2.HNZ.00  1671114774.5  0.0216976
15.6208  -89.0509  GI.KUIZ2.HHZ.--  1671114774  0.00324697
