# 1673834047 1
14.113  -89.6827  SV.RBDL.HN.--  1673834050.5  252.746
13.9982  -89.7806  SV.LOAL.HN.--  1673834048.5  76.2579
13.7137  -89.1698  SV.IGN.HN.--  1673834019.5  36.597
13.9022  -89.7799  SV.NUBE.HH.--  1673834051  12.0048
14.5833  -90.5325  GI.GCG4.HNZ.--  1673834021  1.44647
13.8431  -90.0148  SV.FAME.HN.00  1673834052  1.2973
13.9816  -89.5485  SV.UNIC.HNZ.--  1673834049.5  0.845187
14.336  -89.706  GI.JUAM.HN.00  1673834038  0.570574
14.6472  -90.4948  GI.GGU06.HNZ.--  1673834007  0.421657
14.532  -90.498  GI.GUVC.HN.--  1673834012  0.371497
14.2311  -90.1984  GI.SROR.HNZ.--  1673834051.5  0.36761
14.4956  -89.8395  GI.JAMO.HNZ.--  1673834052  0.330932
14.621  -90.599  GI.GUMI.HNZ.--  1673833991.5  0.329535
13.5751  -89.8329  SV.ACAJ.HN.00  1673834039.5  0.327028
13.8349  -89.2724  SV.QUEZ.HNZ.--  1673834030  0.264263
13.6117  -89.1796  SV.PANC.HNZ.--  1673834043.5  0.252628
13.7008  -89.2013  SV.UTEC.HNZ.--  1673834009.5  0.188419
14.3989  -89.3606  SV.MTO3.HH.--  1673834046.5  0.158843
13.7152  -89.155  SV.UDBS.HNZ.--  1673833994  0.147954
13.713  -88.9371  SV.PAVA.HH.--  1673834015  0.147818
13.8028  -89.3949  SV.CEDA.HH.--  1673833992  0.141435
13.8158  -88.861  SV.UNICI.HN.00  1673834039  0.0902011
13.6543  -89.449  SV.JAYA.HN.00  1673834048.5  0.0788361
14.552  -90.3168  GI.GUSP.HN.--  1673834049.5  0.0582281
13.6542  -89.4489  SV.JAYA.HH.--  1673834048  0.0573316
13.7206  -89.2014  SV.UES.HNZ.--  1673834043.5  0.0503242
14.5599  -89.3414  GI.CQES.HN.00  1673834048  0.0388357
14.1626  -88.9445  SV.LLGN.HNZ.--  1673834044.5  0.0135142
14.535  -90.44  GI.GUJV.HHZ.--  1673834046.5  0.011294
