# 1673834047 42
14.113  -89.6827  SV.RBDL.HN.--  1673834050.5  252.746
13.9982  -89.7806  SV.LOAL.HN.--  1673834048.5  76.2579
13.7137  -89.1698  SV.IGN.HN.--  1673834034  34.016
14.336  -89.706  GI.JUAM.HN.00  1673834054  13.0286
13.9022  -89.7799  SV.NUBE.HH.--  1673834051  12.0048
13.8431  -90.0148  SV.FAME.HN.00  1673834054.5  5.19685
14.2311  -90.1984  GI.SROR.HH.--  1673834060  3.68194
14.3989  -89.3606  SV.MTO3.HHZ.--  1673834054.5  3.27601
13.9816  -89.5485  SV.UNIC.HN.--  1673834054.5  2.24283
13.8028  -89.3949  SV.CEDA.HH.--  1673834064  1.97871
13.8349  -89.2724  SV.QUEZ.HN.--  1673834066.5  1.80341
14.552  -90.3168  GI.GUSP.HH.--  1673834065.5  1.78032
13.6543  -89.449  SV.JAYA.HN.00  1673834064  1.27255
13.6542  -89.4489  SV.JAYA.HH.--  1673834064  1.27249
14.5833  -90.5325  GI.GCG4.HNZ.--  1673834061.5  1.20851
14.4956  -89.8395  GI.JAMO.HN.--  1673834058  1.19199
14.535  -90.44  GI.GUJV.HH.--  1673834068  1.07049
14.532  -90.498  GI.GUVC.HN.--  1673834069.5  1.05988
13.8158  -88.861  SV.UNICI.HN.00  1673834063  1.01582
13.6117  -89.1796  SV.PANC.HNZ.--  1673834058  0.731468
13.4746  -88.1705  SV.CNRM.HNZ.--  1673834046.5  0.63467
13.713  -88.9371  SV.PAVA.HH.--  1673834063  0.521712
14.5599  -89.3414  GI.CQES.HNZ.00  1673834057  0.507817
14.6472  -90.4948  GI.GGU06.HNZ.--  1673834070  0.45888
14.8712  -91.5143  GI.QTQT.HN.00  1673834054.5  0.337493
13.5751  -89.8329  SV.ACAJ.HN.00  1673834072  0.332295
14.1626  -88.9445  SV.LLGN.HNZ.--  1673834061  0.332116
14.621  -90.599  GI.GUMI.HHZ.--  1673834068  0.3049
14.9942  -90.8073  GI.QCJY.HN.00  1673834073  0.291043
13.7152  -89.155  SV.UDBS.HN.--  1673834070  0.290308
13.7206  -89.2014  SV.UES.HN.--  1673834068  0.245136
14.1609  -91.7198  GI.RESA.HN.00  1673834031.5  0.219687
13.7008  -89.2013  SV.UTEC.HN.--  1673834069.5  0.178247
15.3182  -91.503  GI.HUHU.HN.00  1673834058.5  0.142939
13.309  -87.8903  SV.LCNA.HNZ.--  1673834039  0.108755
14.1516  -91.1941  GI.ESTQ.HN.--  1673834040.5  0.107298
14.7828  -90.7937  GI.CMSM.HNZ.--  1673834069.5  0.098367
13.6952  -88.1065  SV.FAGO.HN.00  1673834029.5  0.0698428
15.73  -88.584  GI.IZPB.HN.00  1673834033  0.0643887
14.8565  -92.0749  GI.SMCA.HN.00  1673834043  0.0566926
14.56  -91.557  GI.SUCU.HN.--  1673834029  0.0552342
15.4852  -91.0467  GI.QCCJ.HN.--  1673834029  0.0309036
14.5246  -91.6949  GI.RERE.HN.00  1673834061.5  0.0160506
14.7159  -91.5752  GI.STG10.HH.00  1673834037.5  0.0153787
14.6724  -91.5806  GI.STG5.HH.--  1673834050.5  0.0132397
14.7504  -91.5851  GI.STG8.HH.--  1673834043.5  0.0103992
15.6208  -89.0509  GI.KUIZ2.HN.00  1673834062  0.00742661
14.6475  -91.6114  GI.STG11.HH.00  1673834030  0.00730091
14.6888  -91.6062  GI.STG6.HH.00  1673834034  0.00585055
14.706  -91.5593  GI.STG9.HH.00  1673834038.5  0.00465915
15.4078  -91.9472  GI.HUCU.HN.--  1673834049  0.00323272
15.6208  -89.0509  GI.KUIZ2.HH.--  1673834040.5  0.00106189
