# 1673824074 217
14.113  -89.6827  SV.RBDL.HNZ.--  1673824078.5  311.655
13.9982  -89.7806  SV.LOAL.HNZ.--  1673824078  94.5082
13.7137  -89.1698  SV.IGN.HN.--  1673824054.5  36.018
13.9022  -89.7799  SV.NUBE.HHZ.--  1673824078.5  18.1259
13.8431  -90.0148  SV.FAME.HN.00  1673824071  1.32011
14.5833  -90.5325  GI.GCG4.HNZ.--  1673824059.5  0.804114
13.9816  -89.5485  SV.UNIC.HN.--  1673824071  0.556289
13.7008  -89.2013  SV.UTEC.HNZ.--  1673824074  0.467061
13.713  -88.9371  SV.PAVA.HH.--  1673824076  0.439478
13.8028  -89.3949  SV.CEDA.HH.--  1673824078.5  0.395415
15.3182  -91.503  GI.HUHU.HN.00  1673824074.5  0.373347
14.9942  -90.8073  GI.QCJY.HN.00  1673824055.5  0.33819
14.621  -90.599  GI.GUMI.HNZ.--  1673824055.5  0.327525
14.3989  -89.3606  SV.MTO3.HHZ.--  1673824071.5  0.309532
14.6472  -90.4948  GI.GGU06.HNZ.--  1673824058  0.28805
14.8712  -91.5143  GI.QTQT.HN.00  1673824071  0.270268
14.7828  -90.7937  GI.CMSM.HN.--  1673824074.5  0.26394
13.4746  -88.1705  SV.CNRM.HNZ.--  1673824066  0.263309
13.6117  -89.1796  SV.PANC.HNZ.--  1673824065.5  0.228882
14.336  -89.706  GI.JUAM.HNZ.00  1673824066.5  0.201738
14.1609  -91.7198  GI.RESA.HN.00  1673824073.5  0.195232
13.8349  -89.2724  SV.QUEZ.HNZ.--  1673824072  0.179005
14.2311  -90.1984  GI.SROR.HN.--  1673824075  0.174131
13.6542  -89.4489  SV.JAYA.HH.--  1673824071.5  0.168562
13.6543  -89.449  SV.JAYA.HN.00  1673824072  0.158493
14.1516  -91.1941  GI.ESTQ.HN.--  1673824067  0.149758
13.5751  -89.8329  SV.ACAJ.HN.00  1673824076.5  0.145842
13.309  -87.8903  SV.LCNA.HNZ.--  1673824074.5  0.106099
13.8158  -88.861  SV.UNICI.HNZ.00  1673824078.5  0.0809178
14.4956  -89.8395  GI.JAMO.HN.--  1673824075.5  0.0687943
13.7152  -89.155  SV.UDBS.HNZ.--  1673824067  0.061474
13.7206  -89.2014  SV.UES.HNZ.--  1673824075.5  0.0567809
13.6952  -88.1065  SV.FAGO.HNZ.00  1673824061.5  0.0510395
14.6724  -91.5806  GI.STG5.HH.--  1673824074.5  0.0450932
14.5599  -89.3414  GI.CQES.HN.00  1673824071.5  0.0406981
14.56  -91.557  GI.SUCU.HN.--  1673824065  0.0342864
14.532  -90.498  GI.GUVC.HN.--  1673824069.5  0.0281178
14.1626  -88.9445  SV.LLGN.HNZ.--  1673824070.5  0.0256408
14.6888  -91.6062  GI.STG6.HH.00  1673824054  0.022208
14.5246  -91.6949  GI.RERE.HN.00  1673824061  0.014755
16.0034  -90.7772  GI.QCIX.HN.--  1673824065.5  0.0130663
15.6208  -89.0509  GI.KUIZ2.HN.00  1673824063.5  0.0104676
15.4852  -91.0467  GI.QCCJ.HNZ.--  1673824072  0.00860095
15.4078  -91.9472  GI.HUCU.HN.--  1673824063  0.00770359
14.535  -90.44  GI.GUJV.HH.--  1673824072  0.00688444
14.7504  -91.5851  GI.STG8.HH.--  1673824064  0.00608763
14.7159  -91.5752  GI.STG10.HH.00  1673824067.5  0.0054954
14.6475  -91.6114  GI.STG11.HH.00  1673824060  0.00539756
14.706  -91.5593  GI.STG9.HHZ.00  1673824053.5  0.00361477
15.6208  -89.0509  GI.KUIZ2.HH.--  1673824056  0.0019298
