# 1671114780 42
13.4746  -88.1705  SV.CNRM.HN.--  1671114774  66.4329
13.7137  -89.1698  SV.IGN.HN.--  1671114777.5  51.7513
13.7033  -89.224  SV.SEM.HN.--  1671114778  31.606
14.113  -89.6827  SV.RBDL.HN.--  1671114784.5  26.2783
13.713  -88.9371  SV.PAVA.HH.--  1671114777.5  22.0337
13.6542  -89.4489  SV.JAYA.HH.--  1671114780.5  20.4074
13.8349  -89.2724  SV.QUEZ.HN.--  1671114783  19.2694
13.8158  -88.861  SV.UNICI.HN.00  1671114779.5  18.8053
13.8028  -89.3949  SV.CEDA.HH.--  1671114784.5  17.7422
13.6117  -89.1796  SV.PANC.HN.--  1671114775  15.9118
13.7152  -89.155  SV.UDBS.HN.--  1671114777.5  12.809
13.309  -87.8903  SV.LCNA.HN.--  1671114776.5  12.5218
13.9022  -89.7799  SV.NUBE.HH.--  1671114790  11.9299
13.7206  -89.2014  SV.UES.HN.--  1671114781  10.5265
13.7008  -89.2013  SV.UTEC.HN.--  1671114779  9.67471
13.6842  -89.2865  SV.MAGT.HN.--  1671114777  5.31532
13.9816  -89.5485  SV.UNIC.HN.--  1671114788.5  2.93199
14.1626  -88.9445  SV.LLGN.HN.--  1671114787.5  2.29877
14.5833  -90.5325  GI.GCG4.HNZ.--  1671114765.5  2.08179
13.5751  -89.8329  SV.ACAJ.HN.00  1671114787.5  1.69598
13.9982  -89.7806  SV.LOAL.HN.--  1671114785  1.43373
14.1516  -91.1941  GI.ESTQ.HN.--  1671114768  0.883516
14.621  -90.599  GI.GUMI.HNZ.--  1671114789.5  0.583578
14.2311  -90.1984  GI.SROR.HHZ.--  1671114787.5  0.49948
14.5599  -89.3414  GI.CQES.HNZ.00  1671114792  0.461096
14.336  -89.706  GI.JUAM.HN.00  1671114776  0.363169
14.9942  -90.8073  GI.QCJY.HNZ.00  1671114763.5  0.277132
14.4956  -89.8395  GI.JAMO.HNZ.--  1671114789  0.226994
14.532  -90.498  GI.GUVC.HH.--  1671114790.5  0.164983
14.552  -90.3168  GI.GUSP.HN.--  1671114788.5  0.146429
14.535  -90.44  GI.GUJV.HH.--  1671114788.5  0.122257
14.7828  -90.7937  GI.CMSM.HHZ.--  1671114792.5  0.114549
15.73  -88.584  GI.IZPB.HN.00  1671114762  0.0481558
15.8155  -90.2766  GI.AVCS.HN.--  1671114789  0.0427204
15.6208  -89.0509  GI.KUIZ2.HNZ.00  1671114788.5  0.0343554
15.4852  -91.0467  GI.QCCJ.HN.--  1671114781.5  0.0278071
15.6208  -89.0509  GI.KUIZ2.HH.--  1671114773.5  0.00358202
