# 1644995563 11
14.1516  -91.1941  GI.ESTQ.HH.--  1644995566  116.02
13.9366  -90.8349  GI.ESSJ.HNZ.00  1644995560.5  91.5842
14.7504  -91.5851  GI.STG8.HHZ.--  1644995561  63.6534
14.56  -91.557  GI.SUCU.HN.--  1644995568.5  62.8555
14.621  -90.599  GI.GUMI.HHZ.--  1644995566  29.3011
14.5246  -91.6949  GI.RERE.HNZ.00  1644995557.5  26.0919
14.7828  -90.7937  GI.CMSM.HNZ.--  1644995565.5  21.231
14.2311  -90.1984  GI.SROR.HHZ.--  1644995568  18.6646
14.9942  -90.8073  GI.QCJY.HN.00  1644995569  15.3462
14.535  -90.44  GI.GUJV.HH.--  1644995568  12.4838
13.7137  -89.1698  SV.IGN.HN.--  1644995524.5  10.8901
14.532  -90.498  GI.GUVC.HH.--  1644995567.5  9.54077
14.0339  -90.0889  GI.JUT2.HH.--  1644995571  7.20484
14.113  -89.6827  SV.RBDL.HN.--  1644995541.5  5.75787
14.552  -90.3168  GI.GUSP.HNZ.--  1644995568.5  5.55739
13.5751  -89.8329  SV.ACAJ.HNZ.00  1644995572.5  1.3491
13.6117  -89.1796  SV.PANC.HNZ.--  1644995521  0.975227
14.4956  -89.8395  GI.JAMO.HNZ.--  1644995572.5  0.798693
13.9022  -89.7799  SV.NUBE.HHZ.--  1644995572  0.453539
13.8349  -89.2724  SV.QUEZ.HN.--  1644996183  0.438814
13.8028  -89.3949  SV.CEDA.HH.--  1644995554  0.299541
13.4494  -89.0507  SV.AERO.HN.00  1644995573  0.265006
13.469  -88.3233  SV.PACA.HN.--  1644995554.5  0.133721
14.3989  -89.3606  SV.MTO3.HHZ.--  1644995549.5  0.130479
13.7033  -89.224  SV.SEM.HN.--  1644995518.5  0.1119
13.309  -87.8903  SV.LCNA.HNZ.--  1644995514  0.0805601
15.5606  -88.9077  GI.IZLV.HN.--  1644995566  0.0535432
13.2763  -87.8337  SV.CNCH.HH.--  1644995552  0.0399229
13.7206  -89.2014  SV.UES.HNZ.--  1644995531.5  0.0396162
13.713  -88.9371  SV.PAVA.HH.--  1644995519  0.0364294
14.964  -89.584  GI.ZAES.HN.00  1644995567  0.0356623
13.4746  -88.1705  SV.CNRM.HNZ.--  1644995517  0.0318527
13.9982  -89.7806  SV.LOAL.HNZ.--  1644995545.5  0.028801
13.6542  -89.4489  SV.JAYA.HH.--  1644995536  0.0268924
13.7008  -89.2013  SV.UTEC.HNZ.--  1644995547.5  0.0223726
13.7152  -89.155  SV.UDBS.HNZ.--  1644995563.5  0.0202736
13.6842  -89.2865  SV.MAGT.HN.--  1644995551.5  0.0172679
16.0034  -90.7772  GI.QCIX.HN.--  1644995567.5  0.014892
13.8158  -88.861  SV.UNICI.HN.00  1644995549.5  0.0128228
14.1626  -88.9445  SV.LLGN.HNZ.--  1644995570.5  0.0113662
14.5599  -89.3414  GI.CQES.HNZ.00  1644995550.5  0.0110915
15.397  -89.641  GI.AVPA.HN.00  1644995555  0.00775763
13.9816  -89.5485  SV.UNIC.HN.--  1644995550.5  0.00607365
