# 1644995563 20
13.9366  -90.8349  GI.ESSJ.HN.00  1644995572  189.18
14.7828  -90.7937  GI.CMSM.HH.--  1644995579.5  119.58
14.1516  -91.1941  GI.ESTQ.HH.--  1644995566  116.02
14.7504  -91.5851  GI.STG8.HH.--  1644995573  113.822
14.113  -89.6827  SV.RBDL.HN.--  1644995579  81.7768
14.56  -91.557  GI.SUCU.HN.--  1644995568.5  62.8555
14.5246  -91.6949  GI.RERE.HN.00  1644995570.5  35.8612
14.621  -90.599  GI.GUMI.HH.--  1644995580  33.9891
14.532  -90.498  GI.GUVC.HN.--  1644995581.5  21.1727
14.2311  -90.1984  GI.SROR.HHZ.--  1644995568  18.6646
14.9942  -90.8073  GI.QCJY.HN.00  1644995569  15.3462
14.535  -90.44  GI.GUJV.HH.--  1644995568  12.4838
13.7137  -89.1698  SV.IGN.HN.--  1644995524.5  10.8901
13.6542  -89.4489  SV.JAYA.HH.--  1644995579  9.39094
13.9982  -89.7806  SV.LOAL.HN.--  1644995575.5  8.1382
14.0339  -90.0889  GI.JUT2.HH.--  1644995571  7.20484
14.552  -90.3168  GI.GUSP.HNZ.--  1644995568.5  5.55739
13.8028  -89.3949  SV.CEDA.HHZ.--  1644995580  4.18816
13.9022  -89.7799  SV.NUBE.HHZ.--  1644995574  3.5561
13.6117  -89.1796  SV.PANC.HNZ.--  1644995581.5  2.34299
13.5751  -89.8329  SV.ACAJ.HNZ.00  1644995573  2.02687
14.4956  -89.8395  GI.JAMO.HHZ.--  1644995575  1.50188
13.9816  -89.5485  SV.UNIC.HNZ.--  1644995576.5  1.38867
13.6842  -89.2865  SV.MAGT.HNZ.--  1644995580.5  0.657758
14.964  -89.584  GI.ZAES.HNZ.00  1644995577.5  0.648063
14.3989  -89.3606  SV.MTO3.HH.--  1644995581  0.547372
13.8349  -89.2724  SV.QUEZ.HN.--  1644996183  0.438814
16.0034  -90.7772  GI.QCIX.HHZ.--  1644995581  0.386772
13.7008  -89.2013  SV.UTEC.HNZ.--  1644995581  0.323254
13.7206  -89.2014  SV.UES.HNZ.--  1644995581  0.303116
13.4494  -89.0507  SV.AERO.HN.00  1644995574  0.284687
13.7152  -89.155  SV.UDBS.HN.--  1644995581  0.186956
13.469  -88.3233  SV.PACA.HN.--  1644995554.5  0.133721
13.7033  -89.224  SV.SEM.HN.--  1644995538.5  0.0943868
13.309  -87.8903  SV.LCNA.HNZ.--  1644995538  0.076887
15.5606  -88.9077  GI.IZLV.HN.--  1644995566  0.0535432
15.397  -89.641  GI.AVPA.HNZ.00  1644995580  0.0501111
13.2763  -87.8337  SV.CNCH.HH.--  1644995552  0.0399229
13.713  -88.9371  SV.PAVA.HHZ.--  1644995541  0.0341456
13.4746  -88.1705  SV.CNRM.HNZ.--  1644995543.5  0.028038
13.8158  -88.861  SV.UNICI.HN.00  1644995549.5  0.0128228
14.1626  -88.9445  SV.LLGN.HNZ.--  1644995570.5  0.0113662
14.5599  -89.3414  GI.CQES.HNZ.00  1644995550.5  0.0110915
