# 1673824075 0
14.113  -89.6827  SV.RBDL.HN.--  1673824078.5  323.676
13.9982  -89.7806  SV.LOAL.HNZ.--  1673824078  94.5082
13.7137  -89.1698  SV.IGN.HN.--  1673824048  36.2463
13.9022  -89.7799  SV.NUBE.HHZ.--  1673824078.5  18.1259
13.8431  -90.0148  SV.FAME.HNZ.00  1673824080  1.59209
14.5833  -90.5325  GI.GCG4.HNZ.--  1673824047.5  0.948215
13.9816  -89.5485  SV.UNIC.HN.--  1673824071  0.556289
13.8349  -89.2724  SV.QUEZ.HNZ.--  1673824046.5  0.486755
13.7008  -89.2013  SV.UTEC.HNZ.--  1673824074  0.467061
14.336  -89.706  GI.JUAM.HNZ.00  1673824050.5  0.440347
13.713  -88.9371  SV.PAVA.HH.--  1673824076  0.439478
14.4956  -89.8395  GI.JAMO.HN.--  1673824048  0.435745
13.8028  -89.3949  SV.CEDA.HH.--  1673824078.5  0.395415
14.6472  -90.4948  GI.GGU06.HNZ.--  1673824015.5  0.363579
13.6117  -89.1796  SV.PANC.HNZ.--  1673824047.5  0.356197
14.621  -90.599  GI.GUMI.HNZ.--  1673824055.5  0.327525
14.3989  -89.3606  SV.MTO3.HHZ.--  1673824071.5  0.309532
14.2311  -90.1984  GI.SROR.HN.--  1673824075  0.174131
13.5751  -89.8329  SV.ACAJ.HN.00  1673824015.5  0.172959
13.6542  -89.4489  SV.JAYA.HH.--  1673824071.5  0.168562
13.6543  -89.449  SV.JAYA.HN.00  1673824072  0.158493
13.8158  -88.861  SV.UNICI.HNZ.00  1673824078.5  0.0809178
13.7152  -89.155  SV.UDBS.HNZ.--  1673824067  0.061474
13.7206  -89.2014  SV.UES.HNZ.--  1673824075.5  0.0567809
14.5599  -89.3414  GI.CQES.HN.00  1673824044  0.0432341
14.532  -90.498  GI.GUVC.HN.--  1673824051.5  0.0301268
14.1626  -88.9445  SV.LLGN.HNZ.--  1673824070.5  0.0256408
14.535  -90.44  GI.GUJV.HH.--  1673824041  0.00764177
