# 1671114779 59
13.7137  -89.1698  SV.IGN.HN.--  1671114779  47.0785
13.7033  -89.224  SV.SEM.HN.--  1671114778  31.606
13.4746  -88.1705  SV.CNRM.HN.--  1671114780  24.2129
13.6542  -89.4489  SV.JAYA.HH.--  1671114780.5  20.4074
13.8158  -88.861  SV.UNICI.HN.00  1671114779.5  18.8053
13.6117  -89.1796  SV.PANC.HN.--  1671114778.5  13.6827
13.7152  -89.155  SV.UDBS.HN.--  1671114778  11.1977
13.7008  -89.2013  SV.UTEC.HN.--  1671114779  9.67471
14.113  -89.6827  SV.RBDL.HNZ.--  1671114779  9.58837
13.7206  -89.2014  SV.UES.HN.--  1671114779.5  8.75754
13.309  -87.8903  SV.LCNA.HN.--  1671114778.5  8.56878
13.6842  -89.2865  SV.MAGT.HN.--  1671114779  5.02728
13.8028  -89.3949  SV.CEDA.HH.--  1671114780.5  3.6124
13.8349  -89.2724  SV.QUEZ.HN.--  1671114779  2.85557
13.9022  -89.7799  SV.NUBE.HHZ.--  1671114778  1.82586
13.9982  -89.7806  SV.LOAL.HN.--  1671114778.5  1.05417
13.9816  -89.5485  SV.UNIC.HNZ.--  1671114778.5  0.746938
13.5751  -89.8329  SV.ACAJ.HNZ.00  1671114781  0.691923
14.1626  -88.9445  SV.LLGN.HN.--  1671114778  0.493108
14.5599  -89.3414  GI.CQES.HNZ.00  1671114779.5  0.336383
12.1489  -86.2483  NU.MGAN.HHZ.--  1671114781  0.22445
14.2311  -90.1984  GI.SROR.HH.--  1671114779  0.192733
12.1693  -86.4048  NU.SAPN.HHZ.--  1671114780  0.184275
14.4956  -89.8395  GI.JAMO.HNZ.--  1671114779  0.0859886
14.552  -90.3168  GI.GUSP.HN.--  1671114778  0.0304645
15.73  -88.584  GI.IZPB.HN.00  1671114779.5  0.0280287
12.2217  -86.2992  NU.APQN.HH.--  1671114778  0.0256513
14.532  -90.498  GI.GUVC.HN.--  1671114778  0.0253443
