# 1668228006 8
13.9366  -90.8349  GI.ESSJ.HN.00  1668228012  126.695
14.113  -89.6827  SV.RBDL.HN.--  1668228012  34.9143
14.1516  -91.1941  GI.ESTQ.HN.--  1668228012  31.7785
13.7137  -89.1698  SV.IGN.HN.--  1668227978  25.6147
14.6888  -91.6062  GI.STG6.HH.00  1668228007  24.7864
14.7159  -91.5752  GI.STG10.HH.00  1668228007.5  20.0922
14.2311  -90.1984  GI.SROR.HN.--  1668228007.5  19.7608
14.56  -91.557  GI.SUCU.HN.--  1668228005  18.0483
14.6475  -91.6114  GI.STG11.HH.00  1668228006.5  13.0631
14.5833  -90.5325  GI.GCG4.HNZ.--  1668228005.5  12.8045
14.1609  -91.7198  GI.RESA.HNZ.00  1668228004  11.6629
14.706  -91.5593  GI.STG9.HHZ.00  1668228006  10.8604
13.9982  -89.7806  SV.LOAL.HNZ.--  1668228011.5  10.5753
14.621  -90.599  GI.GUMI.HNZ.--  1668228008.5  7.20796
14.535  -90.44  GI.GUJV.HHZ.--  1668228006.5  6.86197
14.532  -90.498  GI.GUVC.HH.--  1668228006.5  4.72758
14.9942  -90.8073  GI.QCJY.HN.00  1668228012  4.61251
14.8565  -92.0749  GI.SMCA.HNZ.00  1668228011.5  3.67324
14.7828  -90.7937  GI.CMSM.HHZ.--  1668228007.5  3.55297
14.552  -90.3168  GI.GUSP.HNZ.--  1668228007.5  3.16384
14.5246  -91.6949  GI.RERE.HNZ.00  1668228007  3.10655
13.5751  -89.8329  SV.ACAJ.HNZ.00  1668228012  2.98722
13.9022  -89.7799  SV.NUBE.HH.--  1668228011  2.77042
13.7033  -89.224  SV.SEM.HN.--  1668228009  1.16773
14.4956  -89.8395  GI.JAMO.HHZ.--  1668228011.5  0.967823
13.9816  -89.5485  SV.UNIC.HNZ.--  1668228012.5  0.560127
13.6117  -89.1796  SV.PANC.HNZ.--  1668228011  0.482368
13.8028  -89.3949  SV.CEDA.HH.--  1668228007.5  0.176282
13.6542  -89.4489  SV.JAYA.HHZ.--  1668228012.5  0.17517
13.7152  -89.155  SV.UDBS.HNZ.--  1668227959  0.1572
15.8155  -90.2766  GI.AVCS.HN.--  1668227972  0.12351
13.8349  -89.2724  SV.QUEZ.HNZ.--  1668228008  0.0930786
13.309  -87.8903  SV.LCNA.HNZ.--  1668227995  0.0828154
13.8158  -88.861  SV.UNICI.HN.00  1668228013  0.0821312
13.7008  -89.2013  SV.UTEC.HNZ.--  1668227993.5  0.0631809
15.4852  -91.0467  GI.QCCJ.HNZ.--  1668228012.5  0.0355154
13.713  -88.9371  SV.PAVA.HH.--  1668227962  0.0349397
13.7206  -89.2014  SV.UES.HNZ.--  1668228000.5  0.0325501
14.964  -89.584  GI.ZAES.HN.00  1668227959.5  0.0275189
13.6842  -89.2865  SV.MAGT.HNZ.--  1668227966.5  0.0196254
16.0034  -90.7772  GI.QCIX.HN.--  1668227970  0.0155981
14.3989  -89.3606  SV.MTO3.HH.--  1668227986.5  0.00940746
13.469  -88.3233  SV.PACA.HN.--  1668227964  0.00670937
15.6208  -89.0509  GI.KUIZ2.HNZ.00  1668227981.5  0.00499897
14.1626  -88.9445  SV.LLGN.HNZ.--  1668227986  0.0041496
15.4078  -91.9472  GI.HUCU.HN.--  1668227999  0.00320114
15.6208  -89.0509  GI.KUIZ2.HH.--  1668227972.5  0.0015246
