# 1659509611 5
13.7137  -89.1698  SV.IGN.HN.--  1659509608.5  43.5492
13.7033  -89.224  SV.SEM.HN.--  1659509609  28.2249
13.7152  -89.155  SV.UDBS.HN.--  1659509608.5  22.7991
13.6117  -89.1796  SV.PANC.HNZ.--  1659509609.5  22.3274
13.7008  -89.2013  SV.UTEC.HN.--  1659509608.5  14.3259
13.7206  -89.2014  SV.UES.HN.--  1659509609.5  8.07368
13.8349  -89.2724  SV.QUEZ.HNZ.--  1659509609  6.93264
13.6542  -89.4489  SV.JAYA.HH.--  1659509611  3.04796
13.713  -88.9371  SV.PAVA.HHZ.--  1659509610  1.94827
13.8028  -89.3949  SV.CEDA.HHZ.--  1659509610  1.05665
14.113  -89.6827  SV.RBDL.HN.--  1659509608  0.657366
14.964  -89.584  GI.ZAES.HN.00  1659509591.5  0.200809
14.621  -90.599  GI.GUMI.HNZ.--  1659509582.5  0.156159
13.4746  -88.1705  SV.CNRM.HNZ.--  1659509557  0.155354
13.469  -88.3233  SV.PACA.HN.--  1659509563.5  0.152387
15.5606  -88.9077  GI.IZLV.HN.--  1659509580.5  0.151284
13.5751  -89.8329  SV.ACAJ.HN.00  1659509570  0.148532
12.6966  -87.0209  NU.CRIN.HH.--  1659509567.5  0.136605
13.8158  -88.861  SV.UNICI.HN.00  1659509597.5  0.126266
14.3989  -89.3606  SV.MTO3.HH.--  1659509572.5  0.096954
13.309  -87.8903  SV.LCNA.HNZ.--  1659509559.5  0.0838645
13.9366  -90.8349  GI.ESSJ.HN.00  1659509591  0.0784064
14.7828  -90.7937  GI.CMSM.HNZ.--  1659509592.5  0.0618562
14.552  -90.3168  GI.GUSP.HN.--  1659509577  0.0584692
15.73  -88.584  GI.IZPB.HN.00  1659509590  0.0457911
14.9942  -90.8073  GI.QCJY.HNZ.00  1659509611.5  0.0355132
14.535  -90.44  GI.GUJV.HH.--  1659509606.5  0.02763
14.1516  -91.1941  GI.ESTQ.HN.--  1659509571.5  0.0261176
14.532  -90.498  GI.GUVC.HN.--  1659509586  0.0256458
13.9982  -89.7806  SV.LOAL.HNZ.--  1659509561  0.0239372
15.4852  -91.0467  GI.QCCJ.HN.--  1659509558.5  0.0220696
16.0034  -90.7772  GI.QCIX.HN.--  1659509604  0.0153424
14.4956  -89.8395  GI.JAMO.HN.--  1659509601  0.0122322
13.9816  -89.5485  SV.UNIC.HN.--  1659509593.5  0.00784948
14.2311  -90.1984  GI.SROR.HN.--  1659509572  0.00715088
15.4644  -90.3909  GI.CUNOR.HN.00  1659509594  0.00678604
14.1626  -88.9445  SV.LLGN.HN.--  1659509594.5  0.00661321
12.7243  -86.9528  NU.STCN.HH.00  1659509597  0.00409947
14.5599  -89.3414  GI.CQES.HNZ.00  1659509560  0.00290573
13.9022  -89.7799  SV.NUBE.HH.--  1659509575  0.00190584
