# 1670386510 0
14.113  -89.6827  SV.RBDL.HN.--  1670386478.5  18.2745
13.6542  -89.4489  SV.JAYA.HH.--  1670386480  15.0564
13.7137  -89.1698  SV.IGN.HN.--  1670386483.5  12.8695
13.6117  -89.1796  SV.PANC.HN.--  1670386480.5  11.4746
13.713  -88.9371  SV.PAVA.HH.--  1670386475  10.4324
13.8349  -89.2724  SV.QUEZ.HNZ.--  1670386473  9.76143
13.7033  -89.224  SV.SEM.HN.--  1670386483.5  8.70751
13.8028  -89.3949  SV.CEDA.HH.--  1670386483  7.21742
13.7008  -89.2013  SV.UTEC.HN.--  1670386483.5  6.31317
13.9022  -89.7799  SV.NUBE.HH.--  1670386485  4.97786
13.7152  -89.155  SV.UDBS.HN.--  1670386483.5  2.87998
13.8158  -88.861  SV.UNICI.HN.00  1670386491  2.87547
13.9982  -89.7806  SV.LOAL.HN.--  1670386491.5  1.95435
13.6842  -89.2865  SV.MAGT.HN.--  1670386483  1.41883
13.5751  -89.8329  SV.ACAJ.HN.00  1670386479  1.0163
14.2311  -90.1984  GI.SROR.HH.--  1670386496.5  1.01313
14.3989  -89.3606  SV.MTO3.HH.--  1670386482  0.558604
13.9816  -89.5485  SV.UNIC.HN.--  1670386490  0.456788
14.5599  -89.3414  GI.CQES.HNZ.00  1670386484  0.418958
14.336  -89.706  GI.JUAM.HN.00  1670386497  0.339405
14.1626  -88.9445  SV.LLGN.HNZ.--  1670386480.5  0.259279
14.4956  -89.8395  GI.JAMO.HHZ.--  1670386482.5  0.140663
14.532  -90.498  GI.GUVC.HN.--  1670386507  0.125323
14.535  -90.44  GI.GUJV.HHZ.--  1670386499.5  0.124624
