# 1671114779 1
13.4746  -88.1705  SV.CNRM.HN.--  1671114774  66.4329
13.7137  -89.1698  SV.IGN.HN.--  1671114777.5  51.7513
13.7033  -89.224  SV.SEM.HN.--  1671114777.5  22.7376
14.113  -89.6827  SV.RBDL.HN.--  1671114776  20.4031
13.8158  -88.861  SV.UNICI.HN.00  1671114779.5  18.8053
13.6117  -89.1796  SV.PANC.HN.--  1671114775  15.9118
13.6542  -89.4489  SV.JAYA.HH.--  1671114779  13.0236
13.309  -87.8903  SV.LCNA.HN.--  1671114776.5  12.5218
13.7152  -89.155  SV.UDBS.HN.--  1671114777  9.81701
13.713  -88.9371  SV.PAVA.HH.--  1671114765  9.58773
13.7008  -89.2013  SV.UTEC.HN.--  1671114777.5  7.43362
13.6842  -89.2865  SV.MAGT.HN.--  1671114777  5.31532
13.7206  -89.2014  SV.UES.HNZ.--  1671114778  4.77707
13.8349  -89.2724  SV.QUEZ.HNZ.--  1671114773  4.22182
13.8028  -89.3949  SV.CEDA.HH.--  1671114776  4.03821
13.9022  -89.7799  SV.NUBE.HHZ.--  1671114770.5  2.45681
12.6093  -86.831  NU.HERN.HHZ.--  1671114773  2.23239
14.1626  -88.9445  SV.LLGN.HN.--  1671114768.5  2.04086
13.9982  -89.7806  SV.LOAL.HN.--  1671114774  1.3067
13.9816  -89.5485  SV.UNIC.HNZ.--  1671114778.5  0.746938
13.5751  -89.8329  SV.ACAJ.HNZ.00  1671114777.5  0.696674
14.336  -89.706  GI.JUAM.HN.00  1671114760.5  0.464601
12.7243  -86.9528  NU.STCN.HHZ.00  1671114771  0.442713
14.5599  -89.3414  GI.CQES.HNZ.00  1671114775.5  0.338843
12.5  -86.6994  NU.CNGN.HHZ.--  1671114774.5  0.306371
12.1489  -86.2483  NU.MGAN.HH.--  1671114740  0.219282
12.2217  -86.2992  NU.APQN.HH.--  1671114724  0.108529
14.4956  -89.8395  GI.JAMO.HHZ.--  1671114777  0.0847923
12.1693  -86.4048  NU.SAPN.HH.--  1671114740.5  0.00989677
