# 1659509610 48
13.7137  -89.1698  SV.IGN.HN.--  1659509608.5  43.5492
13.7033  -89.224  SV.SEM.HN.--  1659509609  28.2249
13.7152  -89.155  SV.UDBS.HN.--  1659509608.5  22.7991
13.6117  -89.1796  SV.PANC.HNZ.--  1659509609.5  22.3274
13.7008  -89.2013  SV.UTEC.HN.--  1659509608.5  14.3259
13.7206  -89.2014  SV.UES.HN.--  1659509609.5  8.07368
13.8349  -89.2724  SV.QUEZ.HNZ.--  1659509609  6.93264
13.713  -88.9371  SV.PAVA.HHZ.--  1659509610  1.94827
13.8028  -89.3949  SV.CEDA.HHZ.--  1659509610  1.05665
13.6542  -89.4489  SV.JAYA.HHZ.--  1659509610.5  0.712598
14.113  -89.6827  SV.RBDL.HN.--  1659509608  0.657366
13.8158  -88.861  SV.UNICI.HN.00  1659509599  0.123294
14.621  -90.599  GI.GUMI.HNZ.--  1659509599.5  0.110905
13.5751  -89.8329  SV.ACAJ.HN.00  1659509602  0.0967394
13.9366  -90.8349  GI.ESSJ.HN.00  1659509599  0.0779561
13.469  -88.3233  SV.PACA.HN.--  1659509609  0.0684138
13.309  -87.8903  SV.LCNA.HNZ.--  1659509600  0.0558414
14.552  -90.3168  GI.GUSP.HN.--  1659509608.5  0.0534913
14.3989  -89.3606  SV.MTO3.HH.--  1659509601  0.0470952
15.5606  -88.9077  GI.IZLV.HN.--  1659509601  0.0367819
14.535  -90.44  GI.GUJV.HH.--  1659509606.5  0.02763
13.4746  -88.1705  SV.CNRM.HNZ.--  1659509599.5  0.0271797
14.532  -90.498  GI.GUVC.HN.--  1659509606  0.0245287
14.7828  -90.7937  GI.CMSM.HNZ.--  1659509599.5  0.0233248
14.964  -89.584  GI.ZAES.HN.00  1659509605.5  0.022237
14.9942  -90.8073  GI.QCJY.HN.00  1659509602  0.018009
13.9982  -89.7806  SV.LOAL.HN.--  1659509603.5  0.0170184
15.4852  -91.0467  GI.QCCJ.HN.--  1659509600  0.0144017
14.4956  -89.8395  GI.JAMO.HN.--  1659509601  0.0122322
13.9816  -89.5485  SV.UNIC.HN.--  1659509600.5  0.0072175
14.2311  -90.1984  GI.SROR.HN.--  1659509601.5  0.00623412
15.4644  -90.3909  GI.CUNOR.HN.00  1659509606  0.00622611
14.1626  -88.9445  SV.LLGN.HN.--  1659509608  0.00610748
14.5599  -89.3414  GI.CQES.HNZ.00  1659509601.5  0.00262782
13.9022  -89.7799  SV.NUBE.HH.--  1659509601  0.00146163
