# 1671114779 1
13.4746  -88.1705  SV.CNRM.HN.--  1671114774  66.4329
13.7137  -89.1698  SV.IGN.HN.--  1671114777.5  51.7513
13.7033  -89.224  SV.SEM.HN.--  1671114777.5  22.7376
13.6117  -89.1796  SV.PANC.HN.--  1671114775  15.9118
13.309  -87.8903  SV.LCNA.HN.--  1671114776.5  12.5218
13.8158  -88.861  SV.UNICI.HN.00  1671114778  11.386
13.7152  -89.155  SV.UDBS.HN.--  1671114777  9.81701
13.713  -88.9371  SV.PAVA.HH.--  1671114765  9.58773
13.7008  -89.2013  SV.UTEC.HN.--  1671114777.5  7.43362
13.7206  -89.2014  SV.UES.HNZ.--  1671114778  4.77707
14.1626  -88.9445  SV.LLGN.HN.--  1671114768.5  2.04086
