# 1673824074 3
14.113  -89.6827  SV.RBDL.HNZ.--  1673824078.5  311.655
13.9982  -89.7806  SV.LOAL.HNZ.--  1673824078  94.5082
13.7137  -89.1698  SV.IGN.HN.--  1673824048  36.2463
13.9022  -89.7799  SV.NUBE.HHZ.--  1673824078.5  18.1259
13.8431  -90.0148  SV.FAME.HN.00  1673824071  1.32011
14.5833  -90.5325  GI.GCG4.HNZ.--  1673824047.5  0.948215
13.4746  -88.1705  SV.CNRM.HNZ.--  1673824035.5  0.690842
13.9816  -89.5485  SV.UNIC.HN.--  1673824071  0.556289
14.7828  -90.7937  GI.CMSM.HN.--  1673824049.5  0.531781
13.8349  -89.2724  SV.QUEZ.HNZ.--  1673824046.5  0.486755
13.7008  -89.2013  SV.UTEC.HNZ.--  1673824074  0.467061
14.336  -89.706  GI.JUAM.HNZ.00  1673824050.5  0.440347
13.713  -88.9371  SV.PAVA.HH.--  1673824076  0.439478
14.4956  -89.8395  GI.JAMO.HN.--  1673824048  0.435745
13.8028  -89.3949  SV.CEDA.HH.--  1673824078.5  0.395415
15.3182  -91.503  GI.HUHU.HN.00  1673824074.5  0.373347
13.6117  -89.1796  SV.PANC.HNZ.--  1673824047.5  0.356197
14.6472  -90.4948  GI.GGU06.HNZ.--  1673824050.5  0.342019
14.9942  -90.8073  GI.QCJY.HN.00  1673824055.5  0.33819
14.8712  -91.5143  GI.QTQT.HN.00  1673824020  0.330777
14.621  -90.599  GI.GUMI.HNZ.--  1673824055.5  0.327525
14.3989  -89.3606  SV.MTO3.HHZ.--  1673824071.5  0.309532
14.1609  -91.7198  GI.RESA.HN.00  1673824073.5  0.195232
14.1516  -91.1941  GI.ESTQ.HN.--  1673824019  0.17915
14.2311  -90.1984  GI.SROR.HN.--  1673824075  0.174131
13.6542  -89.4489  SV.JAYA.HH.--  1673824071.5  0.168562
13.6543  -89.449  SV.JAYA.HN.00  1673824072  0.158493
13.5751  -89.8329  SV.ACAJ.HN.00  1673824023  0.158326
13.309  -87.8903  SV.LCNA.HNZ.--  1673824020  0.106554
13.8158  -88.861  SV.UNICI.HNZ.00  1673824078.5  0.0809178
13.7152  -89.155  SV.UDBS.HNZ.--  1673824067  0.061474
13.7206  -89.2014  SV.UES.HNZ.--  1673824075.5  0.0567809
13.6952  -88.1065  SV.FAGO.HNZ.00  1673824061.5  0.0510395
14.6724  -91.5806  GI.STG5.HH.--  1673824074.5  0.0450932
14.5599  -89.3414  GI.CQES.HN.00  1673824044  0.0432341
14.56  -91.557  GI.SUCU.HN.--  1673824041.5  0.0358795
14.532  -90.498  GI.GUVC.HN.--  1673824051.5  0.0301268
14.1626  -88.9445  SV.LLGN.HNZ.--  1673824070.5  0.0256408
14.6888  -91.6062  GI.STG6.HH.00  1673824054  0.022208
16.0034  -90.7772  GI.QCIX.HN.--  1673824031  0.0221864
14.5246  -91.6949  GI.RERE.HN.00  1673824026.5  0.0151077
15.4852  -91.0467  GI.QCCJ.HN.--  1673824018.5  0.0124716
15.4078  -91.9472  GI.HUCU.HN.--  1673824036  0.0118257
15.6208  -89.0509  GI.KUIZ2.HN.00  1673824030  0.0106756
14.7504  -91.5851  GI.STG8.HH.--  1673824018  0.00806098
14.535  -90.44  GI.GUJV.HH.--  1673824041  0.00764177
14.6475  -91.6114  GI.STG11.HH.00  1673824037.5  0.0062415
14.7159  -91.5752  GI.STG10.HH.00  1673824067.5  0.0054954
14.706  -91.5593  GI.STG9.HH.00  1673824052  0.00370009
15.6208  -89.0509  GI.KUIZ2.HH.--  1673824029.5  0.00205828
