57 57
1.465548e+00 0 5
0.188147 0.207056 0.225790 0.244320 0.262617 0.280648 0.298379 0.315773 0.332793 0.349399 0.365547 0.381196 0.396299 0.410811 0.424684 0.437871 0.450323 0.461994 0.472837 0.482806 0.491857 0.499951 0.507048 0.513116 0.518123 0.522044 0.524860 0.526556 0.527122 0.526556 0.524860 0.522044 0.518123 0.513116 0.507048 0.499951 0.491857 0.482806 0.472837 0.461994 0.450323 0.437871 0.424684 0.410811 0.396299 0.381196 0.365547 0.349399 0.332793 0.315773 0.298379 0.280648 0.262617 0.244320 0.225790 0.207056 0.188147 
0.206708 0.226149 0.245426 0.264512 0.283375 0.301982 0.320297 0.338282 0.355898 0.373102 0.389849 0.406094 0.421789 0.436885 0.451330 0.465074 0.478065 0.490251 0.501582 0.512008 0.521483 0.529960 0.537398 0.543761 0.549014 0.553130 0.556086 0.557866 0.558460 0.557866 0.556086 0.553130 0.549014 0.543761 0.537398 0.529960 0.521483 0.512008 0.501582 0.490251 0.478065 0.465074 0.451330 0.436885 0.421789 0.406094 0.389849 0.373102 0.355898 0.338282 0.320297 0.301982 0.283375 0.264512 0.245426 0.226149 0.206708 
0.225074 0.245058 0.264892 0.284548 0.303993 0.323192 0.342109 0.360705 0.378938 0.396762 0.414133 0.431000 0.447313 0.463019 0.478065 0.492394 0.505951 0.518682 0.530529 0.541440 0.551362 0.560247 0.568049 0.574726 0.580241 0.584564 0.587670 0.589540 0.590165 0.589540 0.587670 0.584564 0.580241 0.574726 0.568049 0.560247 0.551362 0.541440 0.530529 0.518682 0.505951 0.492394 0.478065 0.463019 0.447313 0.431000 0.414133 0.396762 0.378938 0.360705 0.342109 0.323192 0.303993 0.284548 0.264892 0.245058 0.225074 
0.243216 0.263754 0.284157 0.304395 0.324437 0.344245 0.363782 0.383008 0.401879 0.420347 0.438364 0.455879 0.472837 0.489182 0.504856 0.519800 0.533955 0.547258 0.559651 0.571075 0.581473 0.590791 0.598978 0.605989 0.611784 0.616328 0.619594 0.621561 0.622219 0.621561 0.619594 0.616328 0.611784 0.605989 0.598978 0.590791 0.581473 0.571075 0.559651 0.547258 0.533955 0.519800 0.504856 0.489182 0.472837 0.455879 0.438364 0.420347 0.401879 0.383008 0.363782 0.344245 0.324437 0.304395 0.284157 0.263754 0.243216 
0.261105 0.282205 0.303188 0.324021 0.344673 0.365106 0.385281 0.405155 0.424684 0.443818 0.462507 0.480694 0.498324 0.515336 0.531669 0.547258 0.562039 0.575947 0.588916 0.600883 0.611784 0.621561 0.630159 0.637527 0.643619 0.648399 0.651835 0.653906 0.654598 0.653906 0.651835 0.648399 0.643619 0.637527 0.630159 0.621561 0.611784 0.600883 0.588916 0.575947 0.562039 0.547258 0.531669 0.515336 0.498324 0.480694 0.462507 0.443818 0.424684 0.405155 0.385281 0.365106 0.344673 0.324021 0.303188 0.282205 0.261105 
0.278707 0.300378 0.321950 0.343390 0.364664 0.385736 0.406565 0.427106 0.447313 0.467135 0.486518 0.505404 0.523732 0.541440 0.558460 0.574726 0.590165 0.604709 0.618285 0.630825 0.642260 0.652525 0.661559 0.669305 0.675715 0.680746 0.684365 0.686546 0.687275 0.686546 0.684365 0.680746 0.675715 0.669305 0.661559 0.652525 0.642260 0.630825 0.618285 0.604709 0.590165 0.574726 0.558460 0.541440 0.523732 0.505404 0.486518 0.467135 0.447313 0.427106 0.406565 0.385736 0.364664 0.343390 0.321950 0.300378 0.278707 
0.295987 0.318237 0.340406 0.362462 0.384371 0.406094 0.427591 0.448816 0.469720 0.490251 0.510351 0.529960 0.549014 0.567445 0.585184 0.602155 0.618285 0.633497 0.647714 0.660859 0.672858 0.683639 0.693136 0.701285 0.708033 0.713332 0.717145 0.719444 0.720212 0.719444 0.717145 0.713332 0.708033 0.701285 0.693136 0.683639 0.672858 0.660859 0.647714 0.633497 0.618285 0.602155 0.585184 0.567445 0.549014 0.529960 0.510351 0.490251 0.469720 0.448816 0.427591 0.406094 0.384371 0.362462 0.340406 0.318237 0.295987 
0.312911 0.335743 0.358516 0.381196 0.403749 0.426136 0.448315 0.470239 0.491857 0.513116 0.533955 0.554310 0.574116 0.593299 0.611784 0.629494 0.646346 0.662259 0.677148 0.690931 0.703526 0.714854 0.724841 0.733419 0.740525 0.746110 0.750130 0.752554 0.753364 0.752554 0.750130 0.746110 0.740525 0.733419 0.724841 0.714854 0.703526 0.690931 0.677148 0.662259 0.646346 0.629494 0.611784 0.593299 0.574116 0.554310 0.533955 0.513116 0.491857 0.470239 0.448315 0.426136 0.403749 0.381196 0.358516 0.335743 0.312911 
0.329438 0.352857 0.376238 0.399548 0.422753 0.445813 0.468685 0.491321 0.513670 0.535674 0.557272 0.578397 0.598978 0.618939 0.638201 0.656678 0.674285 0.690931 0.706527 0.720981 0.734204 0.746110 0.756616 0.765647 0.773136 0.779023 0.783264 0.785822 0.786677 0.785822 0.783264 0.779023 0.773136 0.765647 0.756616 0.746110 0.734204 0.720981 0.706527 0.690931 0.674285 0.656678 0.638201 0.618939 0.598978 0.578397 0.557272 0.535674 0.513670 0.491321 0.468685 0.445813 0.422753 0.399548 0.376238 0.352857 0.329438 
0.345530 0.369536 0.393527 0.417471 0.441333 0.465074 0.488648 0.512008 0.535100 0.557866 0.580241 0.602155 0.623535 0.644300 0.664364 0.683639 0.702031 0.719444 0.735779 0.750937 0.764821 0.777336 0.788391 0.797902 0.805795 0.812004 0.816479 0.819179 0.820082 0.819179 0.816479 0.812004 0.805795 0.797902 0.788391 0.777336 0.764821 0.750937 0.735779 0.719444 0.702031 0.683639 0.664364 0.644300 0.623535 0.602155 0.580241 0.557866 0.535100 0.512008 0.488648 0.465074 0.441333 0.417471 0.393527 0.369536 0.345530 
0.361144 0.385736 0.410338 0.434917 0.459439 0.483864 0.508147 0.532239 0.556086 0.579626 0.602793 0.625515 0.647714 0.669305 0.690198 0.710298 0.729505 0.747715 0.764821 0.780716 0.795293 0.808448 0.820082 0.830100 0.838421 0.844971 0.849694 0.852545 0.853498 0.852545 0.849694 0.844971 0.838421 0.830100 0.820082 0.808448 0.795293 0.780716 0.764821 0.747715 0.729505 0.710298 0.690198 0.669305 0.647714 0.625515 0.602793 0.579626 0.556086 0.532239 0.508147 0.483864 0.459439 0.434917 0.410338 0.385736 0.361144 
0.376238 0.401412 0.426621 0.451834 0.477016 0.502126 0.527122 0.551951 0.576559 0.600883 0.624854 0.648399 0.671434 0.693872 0.715617 0.736567 0.756616 0.775652 0.793560 0.810224 0.825526 0.839352 0.851593 0.862145 0.870916 0.877827 0.882812 0.885822 0.886829 0.885822 0.882812 0.877827 0.870916 0.862145 0.851593 0.839352 0.825526 0.810224 0.793560 0.775652 0.756616 0.736567 0.715617 0.693872 0.671434 0.648399 0.624854 0.600883 0.576559 0.551951 0.527122 0.502126 0.477016 0.451834 0.426621 0.401412 0.376238 
0.390767 0.416516 0.442326 0.468168 0.494006 0.519800 0.545507 0.571075 0.596448 0.621561 0.646346 0.670724 0.694609 0.717910 0.740525 0.762348 0.783264 0.803153 0.821891 0.839352 0.855409 0.869936 0.882812 0.893924 0.903169 0.910458 0.915719 0.918897 0.919961 0.918897 0.915719 0.910458 0.903169 0.893924 0.882812 0.869936 0.855409 0.839352 0.821891 0.803153 0.783264 0.762348 0.740525 0.717910 0.694609 0.670724 0.646346 0.621561 0.596448 0.571075 0.545507 0.519800 0.494006 0.468168 0.442326 0.416516 0.390767 
0.404686 0.431000 0.457402 0.483864 0.510351 0.536823 0.563237 0.589540 0.615677 0.641582 0.667183 0.692400 0.717145 0.741320 0.764821 0.787533 0.809336 0.830100 0.849694 0.867979 0.884817 0.900071 0.913609 0.925305 0.935045 0.942731 0.948282 0.951637 0.952759 0.951637 0.948282 0.942731 0.935045 0.925305 0.913609 0.900071 0.884817 0.867979 0.849694 0.830100 0.809336 0.787533 0.764821 0.741320 0.717145 0.692400 0.667183 0.641582 0.615677 0.589540 0.563237 0.536823 0.510351 0.483864 0.457402 0.431000 0.404686 
0.417950 0.444815 0.471796 0.498866 0.525990 0.553130 0.580241 0.607273 0.634167 0.660859 0.687275 0.713332 0.738939 0.763995 0.788391 0.812004 0.834709 0.856367 0.876835 0.895966 0.913609 0.929615 0.943837 0.956139 0.966395 0.974494 0.980347 0.983886 0.985070 0.983886 0.980347 0.974494 0.966395 0.956139 0.943837 0.929615 0.913609 0.895966 0.876835 0.856367 0.834709 0.812004 0.788391 0.763995 0.738939 0.713332 0.687275 0.660859 0.634167 0.607273 0.580241 0.553130 0.525990 0.498866 0.471796 0.444815 0.417950 
0.430512 0.457911 0.485455 0.513116 0.540861 0.568653 0.596448 0.624194 0.651835 0.679305 0.706527 0.733419 0.759885 0.785822 0.811114 0.835635 0.859249 0.881811 0.903169 0.923162 0.941627 0.958403 0.973330 0.986257 0.997044 1.005571 1.011736 1.015466 1.016715 1.015466 1.011736 1.005571 0.997044 0.986257 0.973330 0.958403 0.941627 0.923162 0.903169 0.881811 0.859249 0.835635 0.811114 0.785822 0.759885 0.733419 0.706527 0.679305 0.651835 0.624194 0.596448 0.568653 0.540861 0.513116 0.485455 0.457911 0.430512 
0.442326 0.470239 0.498324 0.526556 0.554902 0.583326 0.611784 0.640227 0.668597 0.696827 0.724841 0.752554 0.779869 0.806678 0.832861 0.858287 0.882812 0.906282 0.928534 0.949398 0.968698 0.986257 1.001901 1.015466 1.026798 1.035763 1.042250 1.046176 1.047491 1.046176 1.042250 1.035763 1.026798 1.015466 1.001901 0.986257 0.968698 0.949398 0.928534 0.906282 0.882812 0.858287 0.832861 0.806678 0.779869 0.752554 0.724841 0.696827 0.668597 0.640227 0.611784 0.583326 0.554902 0.526556 0.498324 0.470239 0.442326 
0.453348 0.481749 0.510351 0.539127 0.568049 0.597079 0.626176 0.655291 0.684365 0.713332 0.742116 0.770630 0.798774 0.826438 0.853498 0.879816 0.905242 0.929615 0.952759 0.974494 0.994630 1.012977 1.029346 1.043556 1.055440 1.064850 1.071664 1.075790 1.077172 1.075790 1.071664 1.064850 1.055440 1.043556 1.029346 1.012977 0.994630 0.974494 0.952759 0.929615 0.905242 0.879816 0.853498 0.826438 0.798774 0.770630 0.742116 0.713332 0.684365 0.655291 0.626176 0.597079 0.568049 0.539127 0.510351 0.481749 0.453348 
0.463532 0.492394 0.521483 0.550775 0.580241 0.609847 0.639551 0.669305 0.699052 0.728725 0.758248 0.787533 0.816479 0.844971 0.872883 0.900071 0.926380 0.951637 0.975660 0.998255 1.019220 1.038349 1.055440 1.070295 1.082731 1.092588 1.099730 1.104058 1.105507 1.104058 1.099730 1.092588 1.082731 1.070295 1.055440 1.038349 1.019220 0.998255 0.975660 0.951637 0.926380 0.900071 0.872883 0.844971 0.816479 0.787533 0.758248 0.728725 0.699052 0.669305 0.639551 0.609847 0.580241 0.550775 0.521483 0.492394 0.463532 
0.472837 0.502126 0.531669 0.561441 0.591417 0.621561 0.651835 0.682191 0.712572 0.742913 0.773136 0.803153 0.832861 0.862145 0.890873 0.918897 0.946056 0.972169 0.997044 1.020476 1.042250 1.062146 1.079945 1.095435 1.108417 1.118715 1.126182 1.130709 1.132225 1.130709 1.126182 1.118715 1.108417 1.095435 1.079945 1.062146 1.042250 1.020476 0.997044 0.972169 0.946056 0.918897 0.890873 0.862145 0.832861 0.803153 0.773136 0.742913 0.712572 0.682191 0.651835 0.621561 0.591417 0.561441 0.531669 0.502126 0.472837 
0.481221 0.510903 0.540861 0.571075 0.601519 0.632160 0.662960 0.693872 0.724841 0.755802 0.786677 0.817377 0.847800 0.877827 0.907323 0.936137 0.964101 0.991027 1.016715 1.040947 1.063496 1.084129 1.102612 1.118715 1.132225 1.142952 1.150735 1.155455 1.157037 1.155455 1.150735 1.142952 1.132225 1.118715 1.102612 1.084129 1.063496 1.040947 1.016715 0.991027 0.964101 0.936137 0.907323 0.877827 0.847800 0.817377 0.786677 0.755802 0.724841 0.693872 0.662960 0.632160 0.601519 0.571075 0.540861 0.510903 0.481221 
0.488648 0.518682 0.549014 0.579626 0.610492 0.641582 0.672858 0.704275 0.735779 0.767304 0.798774 0.830100 0.861178 0.891888 0.922093 0.951637 0.980347 1.008029 1.034474 1.059454 1.082731 1.104058 1.123184 1.139867 1.153878 1.165011 1.173094 1.177998 1.179642 1.177998 1.173094 1.165011 1.153878 1.139867 1.123184 1.104058 1.082731 1.059454 1.034474 1.008029 0.980347 0.951637 0.922093 0.891888 0.861178 0.830100 0.798774 0.767304 0.735779 0.704275 0.672858 0.641582 0.610492 0.579626 0.549014 0.518682 0.488648 
0.495083 0.525425 0.556086 0.587047 0.618285 0.649771 0.681468 0.713332 0.745309 0.777336 0.809336 0.841219 0.872883 0.904205 0.935045 0.965247 0.994630 1.022997 1.050129 1.075790 1.099730 1.121691 1.141407 1.158623 1.173094 1.184602 1.192962 1.198037 1.199738 1.198037 1.192962 1.184602 1.173094 1.158623 1.141407 1.121691 1.099730 1.075790 1.050129 1.022997 0.994630 0.965247 0.935045 0.904205 0.872883 0.841219 0.809336 0.777336 0.745309 0.713332 0.681468 0.649771 0.618285 0.587047 0.556086 0.525425 0.495083 
0.500494 0.531099 0.562039 0.593299 0.624854 0.656678 0.688735 0.720981 0.753364 0.785822 0.818277 0.850642 0.882812 0.914663 0.946056 0.976828 1.006799 1.035763 1.063496 1.089755 1.114279 1.136798 1.157037 1.174724 1.189604 1.201444 1.210051 1.215277 1.217029 1.215277 1.210051 1.201444 1.189604 1.174724 1.157037 1.136798 1.114279 1.089755 1.063496 1.035763 1.006799 0.976828 0.946056 0.914663 0.882812 0.850642 0.818277 0.785822 0.753364 0.720981 0.688735 0.656678 0.624854 0.593299 0.562039 0.531099 0.500494 
0.504856 0.535674 0.566842 0.598345 0.630159 0.662259 0.694609 0.727169 0.759885 0.792696 0.825526 0.858287 0.890873 0.923162 0.955011 0.986257 1.016715 1.046176 1.074411 1.101169 1.126182 1.149170 1.169847 1.187932 1.203155 1.215277 1.224092 1.229446 1.231241 1.229446 1.224092 1.215277 1.203155 1.187932 1.169847 1.149170 1.126182 1.101169 1.074411 1.046176 1.016715 0.986257 0.955011 0.923162 0.890873 0.858287 0.825526 0.792696 0.759885 0.727169 0.694609 0.662259 0.630159 0.598345 0.566842 0.535674 0.504856 
0.508147 0.539127 0.570469 0.602155 0.634167 0.666477 0.699052 0.731850 0.764821 0.797902 0.831019 0.864083 0.896990 0.929615 0.961815 0.993427 1.024261 1.054107 1.082731 1.109877 1.135270 1.158623 1.179642 1.198037 1.213530 1.225871 1.234849 1.240303 1.242133 1.240303 1.234849 1.225871 1.213530 1.198037 1.179642 1.158623 1.135270 1.109877 1.082731 1.054107 1.024261 0.993427 0.961815 0.929615 0.896990 0.864083 0.831019 0.797902 0.764821 0.731850 0.699052 0.666477 0.634167 0.602155 0.570469 0.539127 0.508147 
0.510351 0.541440 0.572898 0.604709 0.636853 0.669305 0.702031 0.734991 0.768133 0.801397 0.834709 0.867979 0.901102 0.933955 0.966395 0.998255 1.029346 1.059454 1.088344 1.115754 1.141407 1.165011 1.186264 1.204872 1.220550 1.233042 1.242133 1.247656 1.249509 1.247656 1.242133 1.233042 1.220550 1.204872 1.186264 1.165011 1.141407 1.115754 1.088344 1.059454 1.029346 0.998255 0.966395 0.933955 0.901102 0.867979 0.834709 0.801397 0.768133 0.734991 0.702031 0.669305 0.636853 0.604709 0.572898 0.541440 0.510351 
0.511455 0.542599 0.574116 0.605989 0.638201 0.670724 0.703526 0.736567 0.769796 0.803153 0.836562 0.869936 0.903169 0.936137 0.968698 1.000683 1.031904 1.062146 1.091170 1.118715 1.144500 1.168231 1.189604 1.208319 1.224092 1.236662 1.245809 1.251368 1.253233 1.251368 1.245809 1.236662 1.224092 1.208319 1.189604 1.168231 1.144500 1.118715 1.091170 1.062146 1.031904 1.000683 0.968698 0.936137 0.903169 0.869936 0.836562 0.803153 0.769796 0.736567 0.703526 0.670724 0.638201 0.605989 0.574116 0.542599 0.511455 
0.511594 0.542744 0.574268 0.606150 0.638369 0.670901 0.703713 0.736764 0.770005 0.803372 0.836794 0.870181 0.903427 0.936411 0.968986 1.000988 1.032225 1.062483 1.091524 1.119086 1.144888 1.168634 1.190022 1.208752 1.224536 1.237115 1.246270 1.251834 1.253700 1.251834 1.246270 1.237115 1.224536 1.208752 1.190022 1.168634 1.144888 1.119086 1.091524 1.062483 1.032225 1.000988 0.968986 0.936411 0.903427 0.870181 0.836794 0.803372 0.770005 0.736764 0.703713 0.670901 0.638369 0.606150 0.574268 0.542744 0.511594 
0.511449 0.542593 0.574109 0.605982 0.638193 0.670716 0.703518 0.736559 0.769787 0.803143 0.836552 0.869925 0.903157 0.936126 0.968685 1.000670 1.031890 1.062131 1.091155 1.118699 1.144483 1.168213 1.189585 1.208301 1.224072 1.236642 1.245789 1.251348 1.253212 1.251348 1.245789 1.236642 1.224072 1.208301 1.189585 1.168213 1.144483 1.118699 1.091155 1.062131 1.031890 1.000670 0.968685 0.936126 0.903157 0.869925 0.836552 0.803143 0.769787 0.736559 0.703518 0.670716 0.638193 0.605982 0.574109 0.542593 0.511449 
0.510333 0.541421 0.572878 0.604688 0.636831 0.669282 0.702007 0.734965 0.768107 0.801369 0.834679 0.867947 0.901069 0.933920 0.966358 0.998216 1.029304 1.059411 1.088298 1.115706 1.141358 1.164959 1.186210 1.204816 1.220493 1.232984 1.242074 1.247596 1.249449 1.247596 1.242074 1.232984 1.220493 1.204816 1.186210 1.164959 1.141358 1.115706 1.088298 1.059411 1.029304 0.998216 0.966358 0.933920 0.901069 0.867947 0.834679 0.801369 0.768107 0.734965 0.702007 0.669282 0.636831 0.604688 0.572878 0.541421 0.510333 
0.508118 0.539096 0.570436 0.602121 0.634131 0.666439 0.699012 0.731808 0.764776 0.797855 0.830970 0.864031 0.896934 0.929556 0.961754 0.993362 1.024193 1.054036 1.082656 1.109798 1.135188 1.158538 1.179553 1.197945 1.213436 1.225775 1.234752 1.240205 1.242034 1.240205 1.234752 1.225775 1.213436 1.197945 1.179553 1.158538 1.135188 1.109798 1.082656 1.054036 1.024193 0.993362 0.961754 0.929556 0.896934 0.864031 0.830970 0.797855 0.764776 0.731808 0.699012 0.666439 0.634131 0.602121 0.570436 0.539096 0.508118 
0.504815 0.535631 0.566797 0.598297 0.630109 0.662206 0.694554 0.727110 0.759823 0.792631 0.825457 0.858214 0.890796 0.923081 0.954926 0.986167 1.016620 1.046077 1.074308 1.101061 1.126069 1.149053 1.169725 1.187806 1.203026 1.215145 1.223958 1.229311 1.231106 1.229311 1.223958 1.215145 1.203026 1.187806 1.169725 1.149053 1.126069 1.101061 1.074308 1.046077 1.016620 0.986167 0.954926 0.923081 0.890796 0.858214 0.825457 0.792631 0.759823 0.727110 0.694554 0.662206 0.630109 0.598297 0.566797 0.535631 0.504815 
0.500442 0.531043 0.561981 0.593238 0.624790 0.656611 0.688664 0.720907 0.753286 0.785739 0.818190 0.850550 0.882715 0.914561 0.945948 0.976715 1.006680 1.035638 1.063365 1.089618 1.114137 1.136650 1.156884 1.174566 1.189442 1.201279 1.209883 1.215107 1.216859 1.215107 1.209883 1.201279 1.189442 1.174566 1.156884 1.136650 1.114137 1.089618 1.063365 1.035638 1.006680 0.976715 0.945948 0.914561 0.882715 0.850550 0.818190 0.785739 0.753286 0.720907 0.688664 0.656611 0.624790 0.593238 0.561981 0.531043 0.500442 
0.495019 0.525358 0.556016 0.586974 0.618208 0.649690 0.681383 0.713242 0.745214 0.777236 0.809230 0.841109 0.872766 0.904082 0.934916 0.965111 0.994488 1.022847 1.049972 1.075627 1.099560 1.121514 1.141225 1.158435 1.172901 1.184405 1.192763 1.197836 1.199536 1.197836 1.192763 1.184405 1.172901 1.158435 1.141225 1.121514 1.099560 1.075627 1.049972 1.022847 0.994488 0.965111 0.934916 0.904082 0.872766 0.841109 0.809230 0.777236 0.745214 0.713242 0.681383 0.649690 0.618208 0.586974 0.556016 0.525358 0.495019 
0.488574 0.518603 0.548932 0.579540 0.610402 0.641487 0.672758 0.704170 0.735668 0.767188 0.798652 0.829972 0.861043 0.891746 0.921943 0.951480 0.980182 1.007857 1.034294 1.059267 1.082536 1.103855 1.122975 1.139652 1.153657 1.164786 1.172867 1.177769 1.179412 1.177769 1.172867 1.164786 1.153657 1.139652 1.122975 1.103855 1.082536 1.059267 1.034294 1.007857 0.980182 0.951480 0.921943 0.891746 0.861043 0.829972 0.798652 0.767188 0.735668 0.704170 0.672758 0.641487 0.610402 0.579540 0.548932 0.518603 0.488574 
0.481136 0.510814 0.540768 0.570977 0.601416 0.632052 0.662847 0.693753 0.724716 0.755670 0.786539 0.817232 0.847648 0.877667 0.907155 0.935961 0.963916 0.990834 1.016513 1.040737 1.063278 1.083904 1.102379 1.118476 1.131980 1.142702 1.150482 1.155200 1.156782 1.155200 1.150482 1.142702 1.131980 1.118476 1.102379 1.083904 1.063278 1.040737 1.016513 0.990834 0.963916 0.935961 0.907155 0.877667 0.847648 0.817232 0.786539 0.755670 0.724716 0.693753 0.662847 0.632052 0.601416 0.570977 0.540768 0.510814 0.481136 
0.472742 0.502027 0.531565 0.561332 0.591302 0.621441 0.651709 0.682059 0.712433 0.742767 0.772983 0.802992 0.832693 0.861968 0.890687 0.918703 0.945852 0.971957 0.996823 1.020246 1.042011 1.061899 1.079691 1.095174 1.108150 1.118444 1.125908 1.130432 1.131948 1.130432 1.125908 1.118444 1.108150 1.095174 1.079691 1.061899 1.042011 1.020246 0.996823 0.971957 0.945852 0.918703 0.890687 0.861968 0.832693 0.802992 0.772983 0.742767 0.712433 0.682059 0.651709 0.621441 0.591302 0.561332 0.531565 0.502027 0.472742 
0.463427 0.492284 0.521368 0.550654 0.580115 0.609715 0.639413 0.669160 0.698900 0.728566 0.758081 0.787358 0.816295 0.844779 0.872682 0.899861 0.926160 0.951408 0.975422 0.998007 1.018963 1.038084 1.055167 1.070015 1.082446 1.092298 1.099437 1.103762 1.105211 1.103762 1.099437 1.092298 1.082446 1.070015 1.055167 1.038084 1.018963 0.998007 0.975422 0.951408 0.926160 0.899861 0.872682 0.844779 0.816295 0.787358 0.758081 0.728566 0.698900 0.669160 0.639413 0.609715 0.580115 0.550654 0.521368 0.492284 0.463427 
0.453234 0.481630 0.510226 0.538997 0.567913 0.596937 0.626027 0.655134 0.684201 0.713160 0.741936 0.770441 0.798577 0.826232 0.853282 0.879591 0.905008 0.929371 0.952506 0.974231 0.994358 1.012696 1.029058 1.043261 1.055139 1.064544 1.071354 1.075478 1.076859 1.075478 1.071354 1.064544 1.055139 1.043261 1.029058 1.012696 0.994358 0.974231 0.952506 0.929371 0.905008 0.879591 0.853282 0.826232 0.798577 0.770441 0.741936 0.713160 0.684201 0.655134 0.626027 0.596937 0.567913 0.538997 0.510226 0.481630 0.453234 
0.442203 0.470111 0.498190 0.526416 0.554755 0.583173 0.611624 0.640060 0.668422 0.696644 0.724650 0.752354 0.779660 0.806460 0.832633 0.858049 0.882564 0.906025 0.928268 0.949122 0.968413 0.985963 1.001600 1.015158 1.026484 1.035444 1.041927 1.045852 1.047165 1.045852 1.041927 1.035444 1.026484 1.015158 1.001600 0.985963 0.968413 0.949122 0.928268 0.906025 0.882564 0.858049 0.832633 0.806460 0.779660 0.752354 0.724650 0.696644 0.668422 0.640060 0.611624 0.583173 0.554755 0.526416 0.498190 0.470111 0.442203 
0.430381 0.457774 0.485312 0.512967 0.540706 0.568491 0.596278 0.624017 0.651650 0.679111 0.706325 0.733208 0.759665 0.785592 0.810874 0.835386 0.858990 0.881543 0.902891 0.922874 0.941331 0.958099 0.973018 0.985938 0.996719 1.005241 1.011403 1.015131 1.016379 1.015131 1.011403 1.005241 0.996719 0.985938 0.973018 0.958099 0.941331 0.922874 0.902891 0.881543 0.858990 0.835386 0.810874 0.785592 0.759665 0.733208 0.706325 0.679111 0.651650 0.624017 0.596278 0.568491 0.540706 0.512967 0.485312 0.457774 0.430381 
0.417811 0.444670 0.471646 0.498709 0.525826 0.552958 0.580062 0.607086 0.633973 0.660656 0.687063 0.713111 0.738709 0.763756 0.788142 0.811746 0.834440 0.856088 0.876547 0.895669 0.913303 0.929301 0.943516 0.955812 0.966061 0.974156 0.980005 0.983542 0.984726 0.983542 0.980005 0.974156 0.966061 0.955812 0.943516 0.929301 0.913303 0.895669 0.876547 0.856088 0.834440 0.811746 0.788142 0.763756 0.738709 0.713111 0.687063 0.660656 0.633973 0.607086 0.580062 0.552958 0.525826 0.498709 0.471646 0.444670 0.417811 
0.404540 0.430848 0.457244 0.483699 0.510179 0.536644 0.563050 0.589346 0.615474 0.641370 0.666963 0.692171 0.716906 0.741072 0.764563 0.787266 0.809059 0.829814 0.849398 0.867674 0.884504 0.899750 0.913281 0.924970 0.934705 0.942387 0.947934 0.951287 0.952409 0.951287 0.947934 0.942387 0.934705 0.924970 0.913281 0.899750 0.884504 0.867674 0.849398 0.829814 0.809059 0.787266 0.764563 0.741072 0.716906 0.692171 0.666963 0.641370 0.615474 0.589346 0.563050 0.536644 0.510179 0.483699 0.457244 0.430848 0.404540 
0.390614 0.416357 0.442161 0.467996 0.493827 0.519614 0.545313 0.570873 0.596237 0.621343 0.646118 0.670487 0.694364 0.717655 0.740261 0.762074 0.782980 0.802860 0.821589 0.839042 0.855090 0.869609 0.882478 0.893584 0.902824 0.910109 0.915367 0.918543 0.919606 0.918543 0.915367 0.910109 0.902824 0.893584 0.882478 0.869609 0.855090 0.839042 0.821589 0.802860 0.782980 0.762074 0.740261 0.717655 0.694364 0.670487 0.646118 0.621343 0.596237 0.570873 0.545313 0.519614 0.493827 0.467996 0.442161 0.416357 0.390614 
0.376078 0.401246 0.426449 0.451655 0.476830 0.501933 0.526921 0.551742 0.576342 0.600657 0.624620 0.648156 0.671182 0.693611 0.715346 0.736287 0.756327 0.775354 0.793254 0.809909 0.825203 0.839022 0.851255 0.861802 0.870568 0.877475 0.882457 0.885465 0.886472 0.885465 0.882457 0.877475 0.870568 0.861802 0.851255 0.839022 0.825203 0.809909 0.793254 0.775354 0.756327 0.736287 0.715346 0.693611 0.671182 0.648156 0.624620 0.600657 0.576342 0.551742 0.526921 0.501933 0.476830 0.451655 0.426449 0.401246 0.376078 
0.360979 0.385565 0.410160 0.434732 0.459247 0.483665 0.507940 0.532025 0.555863 0.579394 0.602553 0.625266 0.647456 0.669038 0.689923 0.710014 0.729212 0.747412 0.764510 0.780397 0.794967 0.808115 0.819742 0.829755 0.838071 0.844617 0.849337 0.852186 0.853139 0.852186 0.849337 0.844617 0.838071 0.829755 0.819742 0.808115 0.794967 0.780397 0.764510 0.747412 0.729212 0.710014 0.689923 0.669038 0.647456 0.625266 0.602553 0.579394 0.555863 0.532025 0.507940 0.483665 0.459247 0.434732 0.410160 0.385565 0.360979 
0.345359 0.369359 0.393344 0.417281 0.441136 0.464869 0.488436 0.511788 0.534872 0.557630 0.579996 0.601902 0.623273 0.644029 0.664085 0.683351 0.701734 0.719138 0.735465 0.750616 0.764492 0.777000 0.788049 0.797556 0.805444 0.811650 0.816122 0.818820 0.819722 0.818820 0.816122 0.811650 0.805444 0.797556 0.788049 0.777000 0.764492 0.750616 0.735465 0.719138 0.701734 0.683351 0.664085 0.644029 0.623273 0.601902 0.579996 0.557630 0.534872 0.511788 0.488436 0.464869 0.441136 0.417281 0.393344 0.369359 0.345359 
0.329263 0.352675 0.376049 0.399353 0.422551 0.445604 0.468468 0.491097 0.513438 0.535434 0.557023 0.578140 0.598712 0.618665 0.637918 0.656387 0.673985 0.690624 0.706212 0.720659 0.733875 0.745774 0.756275 0.765301 0.772785 0.778669 0.782907 0.785464 0.786318 0.785464 0.782907 0.778669 0.772785 0.765301 0.756275 0.745774 0.733875 0.720659 0.706212 0.690624 0.673985 0.656387 0.637918 0.618665 0.598712 0.578140 0.557023 0.535434 0.513438 0.491097 0.468468 0.445604 0.422551 0.399353 0.376049 0.352675 0.329263 
0.312731 0.335557 0.358323 0.380997 0.403543 0.425923 0.448094 0.470010 0.491621 0.512872 0.533702 0.554050 0.573847 0.593022 0.611499 0.629200 0.646045 0.661950 0.676832 0.690608 0.703196 0.714518 0.724500 0.733073 0.740176 0.745757 0.749774 0.752197 0.753007 0.752197 0.749774 0.745757 0.740176 0.733073 0.724500 0.714518 0.703196 0.690608 0.676832 0.661950 0.646045 0.629200 0.611499 0.593022 0.573847 0.554050 0.533702 0.512872 0.491621 0.470010 0.448094 0.425923 0.403543 0.380997 0.358323 0.335557 0.312731 
0.295804 0.318047 0.340209 0.362259 0.384161 0.405877 0.427367 0.448585 0.469481 0.490004 0.510096 0.529697 0.548743 0.567167 0.584897 0.601861 0.617984 0.633188 0.647398 0.660536 0.672529 0.683304 0.692795 0.700940 0.707684 0.712981 0.716791 0.719089 0.719857 0.719089 0.716791 0.712981 0.707684 0.700940 0.692795 0.683304 0.672529 0.660536 0.647398 0.633188 0.617984 0.601861 0.584897 0.567167 0.548743 0.529697 0.510096 0.490004 0.469481 0.448585 0.427367 0.405877 0.384161 0.362259 0.340209 0.318047 0.295804 
0.278519 0.300185 0.321750 0.343183 0.364451 0.385516 0.406337 0.426871 0.447071 0.466885 0.486260 0.505139 0.523460 0.541160 0.558173 0.574430 0.589863 0.604400 0.617969 0.630503 0.641932 0.652191 0.661220 0.668962 0.675369 0.680397 0.684014 0.686194 0.686922 0.686194 0.684014 0.680397 0.675369 0.668962 0.661220 0.652191 0.641932 0.630503 0.617969 0.604400 0.589863 0.574430 0.558173 0.541160 0.523460 0.505139 0.486260 0.466885 0.447071 0.426871 0.406337 0.385516 0.364451 0.343183 0.321750 0.300185 0.278519 
0.260914 0.282008 0.302985 0.323812 0.344457 0.364883 0.385051 0.404918 0.424440 0.443567 0.462248 0.480428 0.498051 0.515055 0.531381 0.546963 0.561737 0.575638 0.588601 0.600561 0.611457 0.621230 0.629823 0.637186 0.643276 0.648053 0.651487 0.653557 0.654249 0.653557 0.651487 0.648053 0.643276 0.637186 0.629823 0.621230 0.611457 0.600561 0.588601 0.575638 0.561737 0.546963 0.531381 0.515055 0.498051 0.480428 0.462248 0.443567 0.424440 0.404918 0.385051 0.364883 0.344457 0.323812 0.302985 0.282008 0.260914 
0.243023 0.263554 0.283951 0.304183 0.324218 0.344020 0.363550 0.382769 0.401633 0.420094 0.438104 0.455612 0.472563 0.488901 0.504568 0.519506 0.533653 0.546950 0.559337 0.570756 0.581148 0.590461 0.598644 0.605652 0.611444 0.615985 0.619249 0.621216 0.621872 0.621216 0.619249 0.615985 0.611444 0.605652 0.598644 0.590461 0.581148 0.570756 0.559337 0.546950 0.533653 0.519506 0.504568 0.488901 0.472563 0.455612 0.438104 0.420094 0.401633 0.382769 0.363550 0.344020 0.324218 0.304183 0.283951 0.263554 0.243023 
0.224877 0.244855 0.264684 0.284333 0.303772 0.322965 0.341876 0.360465 0.378690 0.396508 0.413872 0.430732 0.447039 0.462738 0.477777 0.492100 0.505651 0.518375 0.530217 0.541123 0.551040 0.559921 0.567718 0.574391 0.579903 0.584224 0.587328 0.589198 0.589823 0.589198 0.587328 0.584224 0.579903 0.574391 0.567718 0.559921 0.551040 0.541123 0.530217 0.518375 0.505651 0.492100 0.477777 0.462738 0.447039 0.430732 0.413872 0.396508 0.378690 0.360465 0.341876 0.322965 0.303772 0.284333 0.264684 0.244855 0.224877 
0.206509 0.225944 0.245216 0.264296 0.283153 0.301754 0.320062 0.338041 0.355650 0.372847 0.389588 0.405827 0.421515 0.436604 0.451043 0.464781 0.477766 0.489946 0.501272 0.511693 0.521163 0.529636 0.537071 0.543430 0.548680 0.552794 0.555748 0.557528 0.558122 0.557528 0.555748 0.552794 0.548680 0.543430 0.537071 0.529636 0.521163 0.511693 0.501272 0.489946 0.477766 0.464781 0.451043 0.436604 0.421515 0.405827 0.389588 0.372847 0.355650 0.338041 0.320062 0.301754 0.283153 0.264296 0.245216 0.225944 0.206509 
0.187947 0.206850 0.225578 0.244103 0.262393 0.280418 0.298143 0.315531 0.332545 0.349144 0.365286 0.380928 0.396025 0.410531 0.424398 0.437579 0.450026 0.461692 0.472529 0.482493 0.491541 0.499630 0.506724 0.512788 0.517793 0.521712 0.524527 0.526221 0.526787 0.526221 0.524527 0.521712 0.517793 0.512788 0.506724 0.499630 0.491541 0.482493 0.472529 0.461692 0.450026 0.437579 0.424398 0.410531 0.396025 0.380928 0.365286 0.349144 0.332545 0.315531 0.298143 0.280418 0.262393 0.244103 0.225578 0.206850 0.187947 
