33 33
1.097156e-01 0 5
-1.371805 -1.348559 -1.325447 -1.302582 -1.280099 -1.258152 -1.236921 -1.216609 -1.197440 -1.179657 -1.163519 -1.149286 -1.137214 -1.127541 -1.120471 -1.116163 -1.114715 -1.116163 -1.120471 -1.127541 -1.137214 -1.149286 -1.163519 -1.179657 -1.197440 -1.216609 -1.236921 -1.258152 -1.280099 -1.302582 -1.325447 -1.348559 -1.371805 
-1.349331 -1.324624 -1.299954 -1.275436 -1.251209 -1.227438 -1.204319 -1.182079 -1.160972 -1.141282 -1.123316 -1.107389 -1.093818 -1.082900 -1.074894 -1.070004 -1.068359 -1.070004 -1.074894 -1.082900 -1.093818 -1.107389 -1.123316 -1.141282 -1.160972 -1.182079 -1.204319 -1.227438 -1.251209 -1.275436 -1.299954 -1.324624 -1.349331 
-1.327087 -1.300832 -1.274496 -1.248193 -1.222063 -1.196280 -1.171056 -1.146637 -1.123316 -1.101420 -1.081313 -1.063380 -1.048014 -1.035592 -1.026448 -1.020848 -1.018961 -1.020848 -1.026448 -1.035592 -1.048014 -1.063380 -1.081313 -1.101420 -1.123316 -1.146637 -1.171056 -1.196280 -1.222063 -1.248193 -1.274496 -1.300832 -1.327087 
-1.305192 -1.277308 -1.249201 -1.220978 -1.192781 -1.164786 -1.137214 -1.110337 -1.084480 -1.060021 -1.037393 -1.017065 -0.999530 -0.985270 -0.974724 -0.968242 -0.966056 -0.968242 -0.974724 -0.985270 -0.999530 -1.017065 -1.037393 -1.060021 -1.084480 -1.110337 -1.137214 -1.164786 -1.192781 -1.220978 -1.249201 -1.277308 -1.305192 
-1.283788 -1.254200 -1.224222 -1.193951 -1.163519 -1.133100 -1.102921 -1.073271 -1.044508 -1.017065 -0.991451 -0.968242 -0.948058 -0.931523 -0.919221 -0.911629 -0.909061 -0.911629 -0.919221 -0.931523 -0.948058 -0.968242 -0.991451 -1.017065 -1.044508 -1.073271 -1.102921 -1.133100 -1.163519 -1.193951 -1.224222 -1.254200 -1.283788 
-1.263034 -1.231683 -1.199747 -1.167307 -1.134477 -1.101420 -1.068359 -1.035592 -1.003502 -0.972576 -0.943412 -0.916708 -0.893250 -0.873859 -0.859321 -0.850300 -0.847241 -0.850300 -0.859321 -0.873859 -0.893250 -0.916708 -0.943412 -0.972576 -1.003502 -1.035592 -1.068359 -1.101420 -1.134477 -1.167307 -1.199747 -1.231683 -1.263034 
-1.243112 -1.209956 -1.175996 -1.141282 -1.105906 -1.070004 -1.033781 -0.997527 -0.961641 -0.926654 -0.893250 -0.862277 -0.834728 -0.811690 -0.794249 -0.783348 -0.779637 -0.783348 -0.794249 -0.811690 -0.834728 -0.862277 -0.893250 -0.926654 -0.961641 -0.997527 -1.033781 -1.070004 -1.105906 -1.141282 -1.175996 -1.209956 -1.243112 
-1.224222 -1.189248 -1.153223 -1.116163 -1.078118 -1.039185 -0.999530 -0.959413 -0.919221 -0.879509 -0.841040 -0.804818 -0.772094 -0.744321 -0.723021 -0.709580 -0.704981 -0.709580 -0.723021 -0.744321 -0.772094 -0.804818 -0.841040 -0.879509 -0.919221 -0.959413 -0.999530 -1.039185 -1.078118 -1.116163 -1.153223 -1.189248 -1.224222 
-1.206584 -1.169810 -1.131718 -1.092278 -1.051485 -1.009378 -0.966056 -0.921716 -0.876695 -0.831528 -0.787020 -0.744321 -0.704981 -0.670939 -0.644375 -0.627387 -0.621532 -0.627387 -0.644375 -0.670939 -0.704981 -0.744321 -0.787020 -0.831528 -0.876695 -0.921716 -0.966056 -1.009378 -1.051485 -1.092278 -1.131718 -1.169810 -1.206584 
-1.190429 -1.151915 -1.111802 -1.070004 -1.026448 -0.981089 -0.933933 -0.885070 -0.834728 -0.783348 -0.731699 -0.681014 -0.633144 -0.590645 -0.556676 -0.534535 -0.526821 -0.534535 -0.556676 -0.590645 -0.633144 -0.681014 -0.731699 -0.783348 -0.834728 -0.885070 -0.933933 -0.981089 -1.026448 -1.070004 -1.111802 -1.151915 -1.190429 
-1.175996 -1.135848 -1.093818 -1.049754 -1.003502 -0.954914 -0.903869 -0.850300 -0.794249 -0.735958 -0.676013 -0.615574 -0.556676 -0.502566 -0.457819 -0.427811 -0.417182 -0.427811 -0.457819 -0.502566 -0.556676 -0.615574 -0.676013 -0.735958 -0.794249 -0.850300 -0.903869 -0.954914 -1.003502 -1.049754 -1.093818 -1.135848 -1.175996 
-1.163519 -1.121896 -1.078118 -1.031962 -0.983186 -0.931523 -0.876695 -0.818429 -0.756497 -0.690802 -0.621532 -0.549455 -0.476436 -0.406206 -0.345191 -0.302408 -0.286835 -0.302408 -0.345191 -0.406206 -0.476436 -0.549455 -0.621532 -0.690802 -0.756497 -0.818429 -0.876695 -0.931523 -0.983186 -1.031962 -1.078118 -1.121896 -1.163519 
-1.153223 -1.110337 -1.065047 -1.017065 -0.966056 -0.911629 -0.853333 -0.790653 -0.723021 -0.649855 -0.570674 -0.485372 -0.394859 -0.302408 -0.216040 -0.150856 -0.125926 -0.150856 -0.216040 -0.302408 -0.394859 -0.485372 -0.570674 -0.649855 -0.723021 -0.790653 -0.853333 -0.911629 -0.966056 -1.017065 -1.065047 -1.110337 -1.153223 
-1.145306 -1.101420 -1.054924 -1.005471 -0.952643 -0.895935 -0.834728 -0.768260 -0.695594 -0.615574 -0.526821 -0.427811 -0.317286 -0.195704 -0.069592 0.038520 0.084239 0.038520 -0.069592 -0.195704 -0.317286 -0.427811 -0.526821 -0.615574 -0.695594 -0.768260 -0.834728 -0.895935 -0.952643 -1.005471 -1.054924 -1.101420 -1.145306 
-1.139931 -1.095351 -1.048014 -0.997527 -0.943412 -0.885070 -0.821750 -0.752486 -0.676013 -0.590645 -0.494078 -0.383115 -0.253318 -0.098960 0.084239 0.279843 0.384297 0.279843 0.084239 -0.098960 -0.253318 -0.383115 -0.494078 -0.590645 -0.676013 -0.752486 -0.821750 -0.885070 -0.943412 -0.997527 -1.048014 -1.095351 -1.139931 
-1.137214 -1.092278 -1.044508 -0.993488 -0.938704 -0.879509 -0.815076 -0.744321 -0.665788 -0.577462 -0.476436 -0.358316 -0.216040 -0.037349 0.200902 0.539330 0.848709 0.539330 0.200902 -0.037349 -0.216040 -0.358316 -0.476436 -0.577462 -0.665788 -0.744321 -0.815076 -0.879509 -0.938704 -0.993488 -1.044508 -1.092278 -1.137214 
-1.136873 -1.091892 -1.044067 -0.992980 -0.938111 -0.878808 -0.814233 -0.743286 -0.664489 -0.575778 -0.474164 -0.355083 -0.211072 -0.028770 0.218915 0.593319 1.015473 0.593319 0.218915 -0.028770 -0.211072 -0.355083 -0.474164 -0.575778 -0.664489 -0.743286 -0.814233 -0.878808 -0.938111 -0.992980 -1.044067 -1.091892 -1.136873 
-1.137229 -1.092295 -1.044527 -0.993510 -0.938730 -0.879540 -0.815112 -0.744365 -0.665845 -0.577535 -0.476534 -0.358455 -0.216254 -0.037716 0.200141 0.537177 0.843109 0.537177 0.200141 -0.037716 -0.216254 -0.358455 -0.476534 -0.577535 -0.665845 -0.744365 -0.815112 -0.879540 -0.938730 -0.993510 -1.044527 -1.092295 -1.137229 
-1.139975 -1.095401 -1.048070 -0.997592 -0.943487 -0.885159 -0.821857 -0.752616 -0.676176 -0.590854 -0.494356 -0.383502 -0.253888 -0.099868 0.082655 0.276966 0.380335 0.276966 0.082655 -0.099868 -0.253888 -0.383502 -0.494356 -0.590854 -0.676176 -0.752616 -0.821857 -0.885159 -0.943487 -0.997592 -1.048070 -1.095401 -1.139975 
-1.145378 -1.101501 -1.055016 -1.005577 -0.952766 -0.896079 -0.834899 -0.768468 -0.695850 -0.615897 -0.527241 -0.428374 -0.318069 -0.196831 -0.071242 0.036230 0.081608 0.036230 -0.071242 -0.196831 -0.318069 -0.428374 -0.527241 -0.615897 -0.695850 -0.768468 -0.834899 -0.896079 -0.952766 -1.005577 -1.055016 -1.101501 -1.145378 
-1.153321 -1.110448 -1.065173 -1.017208 -0.966221 -0.911821 -0.853560 -0.790925 -0.723352 -0.650264 -0.571190 -0.486036 -0.395728 -0.303552 -0.217523 -0.152661 -0.127871 -0.152661 -0.217523 -0.303552 -0.395728 -0.486036 -0.571190 -0.650264 -0.723352 -0.790925 -0.853560 -0.911821 -0.966221 -1.017208 -1.065173 -1.110448 -1.153321 
-1.163642 -1.122034 -1.078273 -1.032139 -0.983388 -0.931757 -0.876969 -0.818752 -0.756883 -0.691269 -0.622103 -0.550161 -0.477311 -0.407285 -0.346484 -0.303878 -0.288375 -0.303878 -0.346484 -0.407285 -0.477311 -0.550161 -0.622103 -0.691269 -0.756883 -0.818752 -0.876969 -0.931757 -0.983388 -1.032139 -1.078273 -1.122034 -1.163642 
-1.176141 -1.136010 -1.094000 -1.049959 -1.003735 -0.955182 -0.904179 -0.850660 -0.794672 -0.736458 -0.676609 -0.616284 -0.557521 -0.503556 -0.458949 -0.429046 -0.418457 -0.429046 -0.458949 -0.503556 -0.557521 -0.616284 -0.676609 -0.736458 -0.794672 -0.850660 -0.904179 -0.955182 -1.003735 -1.049959 -1.094000 -1.136010 -1.176141 
-1.190594 -1.152098 -1.112007 -1.070234 -1.026707 -0.981383 -0.934269 -0.885456 -0.835173 -0.783864 -0.732298 -0.681708 -0.633941 -0.591548 -0.557674 -0.535600 -0.527910 -0.535600 -0.557674 -0.591548 -0.633941 -0.681708 -0.732298 -0.783864 -0.835173 -0.885456 -0.934269 -0.981383 -1.026707 -1.070234 -1.112007 -1.152098 -1.190594 
-1.206766 -1.170011 -1.131941 -1.092527 -1.051764 -1.009691 -0.966409 -0.922117 -0.877151 -0.832047 -0.787609 -0.744986 -0.705727 -0.671763 -0.645265 -0.628322 -0.622483 -0.628322 -0.645265 -0.671763 -0.705727 -0.744986 -0.787609 -0.832047 -0.877151 -0.922117 -0.966409 -1.009691 -1.051764 -1.092527 -1.131941 -1.170011 -1.206766 
-1.224419 -1.189464 -1.153461 -1.116427 -1.078411 -1.039511 -0.999895 -0.959821 -0.919678 -0.880021 -0.841612 -0.805452 -0.772791 -0.745075 -0.723823 -0.710414 -0.705826 -0.710414 -0.723823 -0.745075 -0.772791 -0.805452 -0.841612 -0.880021 -0.919678 -0.959821 -0.999895 -1.039511 -1.078411 -1.116427 -1.153461 -1.189464 -1.224419 
-1.243321 -1.210185 -1.176246 -1.141558 -1.106209 -1.070339 -1.034152 -0.997937 -0.962094 -0.927154 -0.893800 -0.862878 -0.835378 -0.812384 -0.794979 -0.784102 -0.780399 -0.784102 -0.794979 -0.812384 -0.835378 -0.862878 -0.893800 -0.927154 -0.962094 -0.997937 -1.034152 -1.070339 -1.106209 -1.141558 -1.176246 -1.210185 -1.243321 
-1.263253 -1.231921 -1.200007 -1.167590 -1.134787 -1.101759 -1.068731 -1.035999 -1.003947 -0.973062 -0.943939 -0.917277 -0.893858 -0.874501 -0.859991 -0.850987 -0.847934 -0.850987 -0.859991 -0.874501 -0.893858 -0.917277 -0.943939 -0.973062 -1.003947 -1.035999 -1.068731 -1.101759 -1.134787 -1.167590 -1.200007 -1.231921 -1.263253 
-1.284015 -1.254446 -1.224488 -1.194240 -1.163833 -1.133441 -1.103292 -1.073673 -1.044943 -1.017535 -0.991956 -0.968781 -0.948628 -0.932121 -0.919840 -0.912261 -0.909698 -0.912261 -0.919840 -0.932121 -0.948628 -0.968781 -0.991956 -1.017535 -1.044943 -1.073673 -1.103292 -1.133441 -1.163833 -1.194240 -1.224488 -1.254446 -1.284015 
-1.305425 -1.277559 -1.249471 -1.221270 -1.193096 -1.165126 -1.137580 -1.110732 -1.084903 -1.060474 -1.037875 -1.017576 -1.000066 -0.985828 -0.975299 -0.968828 -0.966645 -0.968828 -0.975299 -0.985828 -1.000066 -1.017576 -1.037875 -1.060474 -1.084903 -1.110732 -1.137580 -1.165126 -1.193096 -1.221270 -1.249471 -1.277559 -1.305425 
-1.327324 -1.301087 -1.274769 -1.248486 -1.222377 -1.196617 -1.171416 -1.147023 -1.123727 -1.101856 -1.081774 -1.063864 -1.048520 -1.036115 -1.026985 -1.021393 -1.019510 -1.021393 -1.026985 -1.036115 -1.048520 -1.063864 -1.081774 -1.101856 -1.123727 -1.147023 -1.171416 -1.196617 -1.222377 -1.248486 -1.274769 -1.301087 -1.327324 
-1.349571 -1.324881 -1.300228 -1.275728 -1.251521 -1.227770 -1.204673 -1.182455 -1.161370 -1.141703 -1.123757 -1.107850 -1.094296 -1.083393 -1.075398 -1.070515 -1.068873 -1.070515 -1.075398 -1.083393 -1.094296 -1.107850 -1.123757 -1.141703 -1.161370 -1.182455 -1.204673 -1.227770 -1.251521 -1.275728 -1.300228 -1.324881 -1.349571 
-1.372047 -1.348816 -1.325720 -1.302873 -1.280408 -1.258479 -1.237268 -1.216975 -1.197825 -1.180062 -1.163942 -1.149725 -1.137668 -1.128008 -1.120947 -1.116644 -1.115198 -1.116644 -1.120947 -1.128008 -1.137668 -1.149725 -1.163942 -1.180062 -1.197825 -1.216975 -1.237268 -1.258479 -1.280408 -1.302873 -1.325720 -1.348816 -1.372047 
