49 49
8.279422e-01 0 5
0.005415 0.026381 0.047085 0.067484 0.087530 0.107174 0.126362 0.145039 0.163145 0.180619 0.197397 0.213412 0.228600 0.242891 0.256219 0.268518 0.279723 0.289773 0.298612 0.306186 0.312450 0.317364 0.320897 0.323027 0.323738 0.323027 0.320897 0.317364 0.312450 0.306186 0.298612 0.289773 0.279723 0.268518 0.256219 0.242891 0.228600 0.213412 0.197397 0.180619 0.163145 0.145039 0.126362 0.107174 0.087530 0.067484 0.047085 0.026381 0.005415 
0.025928 0.047553 0.068930 0.090016 0.110762 0.131115 0.151020 0.170417 0.189244 0.207435 0.224922 0.241636 0.257503 0.272451 0.286406 0.299297 0.311053 0.321606 0.330895 0.338861 0.345453 0.350627 0.354348 0.356591 0.357341 0.356591 0.354348 0.350627 0.345453 0.338861 0.330895 0.321606 0.311053 0.299297 0.286406 0.272451 0.257503 0.241636 0.224922 0.207435 0.189244 0.170417 0.151020 0.131115 0.110762 0.090016 0.068930 0.047553 0.025928 
0.046151 0.068448 0.090515 0.112306 0.133770 0.154854 0.175498 0.195641 0.215216 0.234155 0.252383 0.269826 0.286406 0.302044 0.316660 0.330176 0.342515 0.353602 0.363369 0.371751 0.378692 0.384143 0.388065 0.390430 0.391220 0.390430 0.388065 0.384143 0.378692 0.371751 0.363369 0.353602 0.342515 0.330176 0.316660 0.302044 0.286406 0.269826 0.252383 0.234155 0.215216 0.195641 0.175498 0.154854 0.133770 0.112306 0.090515 0.068448 0.046151 
0.066040 0.089021 0.111791 0.134302 0.156504 0.178338 0.199745 0.220658 0.241009 0.260723 0.279723 0.297928 0.315253 0.331615 0.346927 0.361102 0.374056 0.385709 0.395983 0.404807 0.412119 0.417865 0.422001 0.424496 0.425330 0.424496 0.422001 0.417865 0.412119 0.404807 0.395983 0.385709 0.374056 0.361102 0.346927 0.331615 0.315253 0.297928 0.279723 0.260723 0.241009 0.220658 0.199745 0.178338 0.156504 0.134302 0.111791 0.089021 0.066040 
0.085548 0.109222 0.132707 0.155953 0.178908 0.201511 0.223701 0.245409 0.266560 0.287078 0.306879 0.325877 0.343982 0.361102 0.377143 0.392011 0.405615 0.417865 0.428676 0.437970 0.445676 0.451736 0.456100 0.458733 0.459613 0.458733 0.456100 0.451736 0.445676 0.437970 0.428676 0.417865 0.405615 0.392011 0.377143 0.361102 0.343982 0.325877 0.306879 0.287078 0.266560 0.245409 0.223701 0.201511 0.178908 0.155953 0.132707 0.109222 0.085548 
0.104623 0.128999 0.153208 0.177201 0.200922 0.224312 0.247303 0.269826 0.291802 0.313150 0.333780 0.353602 0.372518 0.390430 0.407235 0.422832 0.437119 0.449998 0.461377 0.471167 0.479292 0.485685 0.490291 0.493071 0.494000 0.493071 0.490291 0.485685 0.479292 0.471167 0.461377 0.449998 0.437119 0.422832 0.407235 0.390430 0.372518 0.353602 0.333780 0.313150 0.291802 0.269826 0.247303 0.224312 0.200922 0.177201 0.153208 0.128999 0.104623 
0.123213 0.148294 0.173235 0.197983 0.222482 0.246671 0.270481 0.293838 0.316660 0.338861 0.360348 0.381022 0.400781 0.419516 0.437119 0.453478 0.468482 0.482024 0.494000 0.504316 0.512883 0.519628 0.524491 0.527428 0.528409 0.527428 0.524491 0.519628 0.512883 0.504316 0.494000 0.482024 0.468482 0.453478 0.437119 0.419516 0.400781 0.381022 0.360348 0.338861 0.316660 0.293838 0.270481 0.246671 0.222482 0.197983 0.173235 0.148294 0.123213 
0.141261 0.167051 0.192725 0.218234 0.243520 0.268518 0.293158 0.317364 0.341051 0.364126 0.386493 0.408046 0.428676 0.448266 0.466698 0.483852 0.499606 0.513842 0.526447 0.537315 0.546349 0.553467 0.558602 0.561703 0.562740 0.561703 0.558602 0.553467 0.546349 0.537315 0.526447 0.513842 0.499606 0.483852 0.466698 0.448266 0.428676 0.408046 0.386493 0.364126 0.341051 0.317364 0.293158 0.268518 0.243520 0.218234 0.192725 0.167051 0.141261 
0.158710 0.185205 0.211613 0.237885 0.263960 0.289773 0.315253 0.340320 0.364885 0.388852 0.412119 0.434574 0.456100 0.476572 0.495863 0.513842 0.530377 0.545339 0.558602 0.570049 0.579574 0.587084 0.592505 0.595780 0.596876 0.595780 0.592505 0.587084 0.579574 0.570049 0.558602 0.545339 0.530377 0.513842 0.495863 0.476572 0.456100 0.434574 0.412119 0.388852 0.364885 0.340320 0.315253 0.289773 0.263960 0.237885 0.211613 0.185205 0.158710 
0.175498 0.202692 0.229830 0.256861 0.283724 0.310355 0.336679 0.362612 0.388065 0.412937 0.437119 0.460494 0.482937 0.504316 0.524491 0.543323 0.560668 0.576383 0.590331 0.602383 0.612421 0.620342 0.626063 0.629521 0.630678 0.629521 0.626063 0.620342 0.612421 0.602383 0.590331 0.576383 0.560668 0.543323 0.524491 0.504316 0.482937 0.460494 0.437119 0.412937 0.388065 0.362612 0.336679 0.310355 0.283724 0.256861 0.229830 0.202692 0.175498 
0.191563 0.219445 0.247303 0.275086 0.302732 0.330176 0.357341 0.384143 0.410487 0.436270 0.461377 0.485685 0.509061 0.531364 0.552446 0.572153 0.590331 0.606824 0.621482 0.634162 0.644734 0.653084 0.659118 0.662767 0.663988 0.662767 0.659118 0.653084 0.644734 0.634162 0.621482 0.606824 0.590331 0.572153 0.552446 0.531364 0.509061 0.485685 0.461377 0.436270 0.410487 0.384143 0.357341 0.330176 0.302732 0.275086 0.247303 0.219445 0.191563 
0.206840 0.235396 0.263960 0.292480 0.320897 0.349144 0.377143 0.404807 0.432040 0.458733 0.484768 0.510014 0.534332 0.557572 0.579574 0.600174 0.619205 0.636496 0.651884 0.665212 0.676335 0.685127 0.691486 0.695333 0.696621 0.695333 0.691486 0.685127 0.676335 0.665212 0.651884 0.636496 0.619205 0.600174 0.579574 0.557572 0.534332 0.510014 0.484768 0.458733 0.432040 0.404807 0.377143 0.349144 0.320897 0.292480 0.263960 0.235396 0.206840 
0.221266 0.250474 0.279723 0.308962 0.338133 0.367165 0.395983 0.424496 0.452606 0.480201 0.507158 0.533341 0.558602 0.582782 0.605711 0.627214 0.647108 0.665212 0.681344 0.695333 0.707021 0.716268 0.722960 0.727011 0.728367 0.727011 0.722960 0.716268 0.707021 0.695333 0.681344 0.665212 0.647108 0.627214 0.605711 0.582782 0.558602 0.533341 0.507158 0.480201 0.452606 0.424496 0.395983 0.367165 0.338133 0.308962 0.279723 0.250474 0.221266 
0.234775 0.264609 0.294517 0.324450 0.354348 0.384143 0.413756 0.443097 0.472065 0.500545 0.528409 0.555516 0.581710 0.606824 0.630678 0.653084 0.673845 0.692766 0.709649 0.724308 0.736569 0.746278 0.753309 0.757568 0.758994 0.757568 0.753309 0.746278 0.736569 0.724308 0.709649 0.692766 0.673845 0.653084 0.630678 0.606824 0.581710 0.555516 0.528409 0.500545 0.472065 0.443097 0.413756 0.384143 0.354348 0.324450 0.294517 0.264609 0.234775 
0.247303 0.277731 0.308267 0.338861 0.369454 0.399979 0.430355 0.460494 0.490291 0.519628 0.548375 0.576383 0.603490 0.629521 0.654286 0.677583 0.699204 0.718936 0.736569 0.751897 0.764731 0.774905 0.782277 0.786744 0.788240 0.786744 0.782277 0.774905 0.764731 0.751897 0.736569 0.718936 0.699204 0.677583 0.654286 0.629521 0.603490 0.576383 0.548375 0.519628 0.490291 0.460494 0.430355 0.399979 0.369454 0.338861 0.308267 0.277731 0.247303 
0.258789 0.289773 0.320897 0.352113 0.383361 0.414575 0.445676 0.476572 0.507158 0.537315 0.566906 0.595780 0.623769 0.650687 0.676335 0.700500 0.722960 0.743488 0.761856 0.777843 0.791244 0.801875 0.809586 0.814259 0.815825 0.814259 0.809586 0.801875 0.791244 0.777843 0.761856 0.743488 0.722960 0.700500 0.676335 0.650687 0.623769 0.595780 0.566906 0.537315 0.507158 0.476572 0.445676 0.414575 0.383361 0.352113 0.320897 0.289773 0.258789 
0.269172 0.300669 0.332336 0.364126 0.395983 0.427838 0.459613 0.491216 0.522542 0.553467 0.583854 0.613547 0.642369 0.670130 0.696621 0.721616 0.744881 0.766174 0.785251 0.801875 0.815825 0.826902 0.834940 0.839815 0.841449 0.839815 0.834940 0.826902 0.815825 0.801875 0.785251 0.766174 0.744881 0.721616 0.696621 0.670130 0.642369 0.613547 0.583854 0.553467 0.522542 0.491216 0.459613 0.427838 0.395983 0.364126 0.332336 0.300669 0.269172 
0.278395 0.310355 0.342515 0.374826 0.407235 0.439674 0.472065 0.504316 0.536319 0.567952 0.599073 0.629521 0.659118 0.687663 0.714939 0.740711 0.764731 0.786744 0.806490 0.823716 0.838186 0.849685 0.858035 0.863102 0.864800 0.863102 0.858035 0.849685 0.838186 0.823716 0.806490 0.786744 0.764731 0.740711 0.714939 0.687663 0.659118 0.629521 0.599073 0.567952 0.536319 0.504316 0.472065 0.439674 0.407235 0.374826 0.342515 0.310355 0.278395 
0.286406 0.318775 0.351369 0.384143 0.417041 0.449998 0.482937 0.515765 0.548375 0.580641 0.612421 0.643551 0.673845 0.703100 0.731089 0.757568 0.782277 0.804948 0.825307 0.843087 0.858035 0.869924 0.878563 0.883806 0.885564 0.883806 0.878563 0.869924 0.858035 0.843087 0.825307 0.804948 0.782277 0.757568 0.731089 0.703100 0.673845 0.643551 0.612421 0.580641 0.548375 0.515765 0.482937 0.449998 0.417041 0.384143 0.351369 0.318775 0.286406 
0.293158 0.325877 0.358843 0.392011 0.425330 0.458733 0.492143 0.525469 0.558602 0.591417 0.623769 0.655490 0.686394 0.716268 0.744881 0.771980 0.797296 0.820547 0.841449 0.859719 0.875092 0.887327 0.896222 0.901623 0.903434 0.901623 0.896222 0.887327 0.875092 0.859719 0.841449 0.820547 0.797296 0.771980 0.744881 0.716268 0.686394 0.655490 0.623769 0.591417 0.558602 0.525469 0.492143 0.458733 0.425330 0.392011 0.358843 0.325877 0.293158 
0.298612 0.331615 0.364885 0.398377 0.432040 0.465808 0.499606 0.533341 0.566906 0.600174 0.632999 0.665212 0.696621 0.727011 0.756145 0.783762 0.809586 0.833324 0.854681 0.873365 0.889095 0.901623 0.910734 0.916268 0.918124 0.916268 0.910734 0.901623 0.889095 0.873365 0.854681 0.833324 0.809586 0.783762 0.756145 0.727011 0.696621 0.665212 0.632999 0.600174 0.566906 0.533341 0.499606 0.465808 0.432040 0.398377 0.364885 0.331615 0.298612 
0.302732 0.335953 0.369454 0.403193 0.437119 0.471167 0.505262 0.539311 0.573208 0.606824 0.640013 0.672605 0.704404 0.735194 0.764731 0.792751 0.818969 0.843087 0.864800 0.883806 0.899817 0.912573 0.921854 0.927493 0.929384 0.927493 0.921854 0.912573 0.899817 0.883806 0.864800 0.843087 0.818969 0.792751 0.764731 0.735194 0.704404 0.672605 0.640013 0.606824 0.573208 0.539311 0.505262 0.471167 0.437119 0.403193 0.369454 0.335953 0.302732 
0.305494 0.338861 0.372518 0.406425 0.440528 0.474765 0.509061 0.543323 0.577445 0.611298 0.644734 0.677583 0.709649 0.740711 0.770524 0.798819 0.825307 0.849685 0.871642 0.890869 0.907073 0.919986 0.929384 0.935095 0.937011 0.935095 0.929384 0.919986 0.907073 0.890869 0.871642 0.849685 0.825307 0.798819 0.770524 0.740711 0.709649 0.677583 0.644734 0.611298 0.577445 0.543323 0.509061 0.474765 0.440528 0.406425 0.372518 0.338861 0.305494 
0.306879 0.340320 0.374056 0.408046 0.442239 0.476572 0.510969 0.545339 0.579574 0.613547 0.647108 0.680088 0.712288 0.743488 0.773441 0.801875 0.828501 0.853011 0.875092 0.894432 0.910734 0.923728 0.933185 0.938932 0.940861 0.938932 0.933185 0.923728 0.910734 0.894432 0.875092 0.853011 0.828501 0.801875 0.773441 0.743488 0.712288 0.680088 0.647108 0.613547 0.579574 0.545339 0.510969 0.476572 0.442239 0.408046 0.374056 0.340320 0.306879 
0.307052 0.340502 0.374249 0.408249 0.442454 0.476798 0.511208 0.545591 0.579841 0.613828 0.647406 0.680401 0.712619 0.743836 0.773806 0.802259 0.828901 0.853428 0.875525 0.894879 0.911193 0.924197 0.933662 0.939414 0.941344 0.939414 0.933662 0.924197 0.911193 0.894879 0.875525 0.853428 0.828901 0.802259 0.773806 0.743836 0.712619 0.680401 0.647406 0.613828 0.579841 0.545591 0.511208 0.476798 0.442454 0.408249 0.374249 0.340502 0.307052 
0.306871 0.340312 0.374048 0.408038 0.442230 0.476562 0.510959 0.545328 0.579562 0.613534 0.647095 0.680074 0.712274 0.743473 0.773425 0.801859 0.828484 0.852993 0.875073 0.894413 0.910714 0.923707 0.933164 0.938912 0.940840 0.938912 0.933164 0.923707 0.910714 0.894413 0.875073 0.852993 0.828484 0.801859 0.773425 0.743473 0.712274 0.680074 0.647095 0.613534 0.579562 0.545328 0.510959 0.476562 0.442230 0.408038 0.374048 0.340312 0.306871 
0.305471 0.338837 0.372494 0.406398 0.440500 0.474736 0.509030 0.543291 0.577410 0.611261 0.644696 0.677543 0.709606 0.740666 0.770477 0.798769 0.825256 0.849631 0.871586 0.890812 0.907014 0.919926 0.929323 0.935033 0.936948 0.935033 0.929323 0.919926 0.907014 0.890812 0.871586 0.849631 0.825256 0.798769 0.770477 0.740666 0.709606 0.677543 0.644696 0.611261 0.577410 0.543291 0.509030 0.474736 0.440500 0.406398 0.372494 0.338837 0.305471 
0.302695 0.335914 0.369413 0.403150 0.437073 0.471119 0.505211 0.539257 0.573151 0.606764 0.639950 0.672538 0.704334 0.735120 0.764654 0.792670 0.818884 0.842999 0.864709 0.883711 0.899720 0.912474 0.921753 0.927391 0.929282 0.927391 0.921753 0.912474 0.899720 0.883711 0.864709 0.842999 0.818884 0.792670 0.764654 0.735120 0.704334 0.672538 0.639950 0.606764 0.573151 0.539257 0.505211 0.471119 0.437073 0.403150 0.369413 0.335914 0.302695 
0.298560 0.331561 0.364828 0.398317 0.431976 0.465741 0.499535 0.533267 0.566827 0.600091 0.632911 0.665119 0.696524 0.726909 0.756038 0.783650 0.809469 0.833202 0.854555 0.873235 0.888962 0.901486 0.910596 0.916128 0.917984 0.916128 0.910596 0.901486 0.888962 0.873235 0.854555 0.833202 0.809469 0.783650 0.756038 0.726909 0.696524 0.665119 0.632911 0.600091 0.566827 0.533267 0.499535 0.465741 0.431976 0.398317 0.364828 0.331561 0.298560 
0.293093 0.325808 0.358770 0.391935 0.425249 0.458648 0.492053 0.525374 0.558502 0.591312 0.623658 0.655374 0.686271 0.716140 0.744746 0.771839 0.797149 0.820394 0.841291 0.859556 0.874925 0.887156 0.896048 0.901448 0.903258 0.901448 0.896048 0.887156 0.874925 0.859556 0.841291 0.820394 0.797149 0.771839 0.744746 0.716140 0.686271 0.655374 0.623658 0.591312 0.558502 0.525374 0.492053 0.458648 0.425249 0.391935 0.358770 0.325808 0.293093 
0.286326 0.318692 0.351281 0.384050 0.416944 0.449896 0.482829 0.515651 0.548255 0.580515 0.612288 0.643411 0.673698 0.702946 0.730928 0.757399 0.782101 0.804766 0.825119 0.842893 0.857836 0.869721 0.878357 0.883598 0.885356 0.883598 0.878357 0.869721 0.857836 0.842893 0.825119 0.804766 0.782101 0.757399 0.730928 0.702946 0.673698 0.643411 0.612288 0.580515 0.548255 0.515651 0.482829 0.449896 0.416944 0.384050 0.351281 0.318692 0.286326 
0.278302 0.310258 0.342412 0.374719 0.407122 0.439555 0.471939 0.504183 0.536180 0.567806 0.598919 0.629360 0.658948 0.687485 0.714753 0.740517 0.764530 0.786535 0.806274 0.823494 0.837958 0.849453 0.857800 0.862865 0.864562 0.862865 0.857800 0.849453 0.837958 0.823494 0.806274 0.786535 0.764530 0.740517 0.714753 0.687485 0.658948 0.629360 0.598919 0.567806 0.536180 0.504183 0.471939 0.439555 0.407122 0.374719 0.342412 0.310258 0.278302 
0.269066 0.300558 0.332220 0.364004 0.395854 0.427703 0.459471 0.491067 0.522385 0.553302 0.583681 0.613365 0.642179 0.669931 0.696413 0.721400 0.744657 0.765941 0.785011 0.801628 0.815572 0.826644 0.834679 0.839552 0.841185 0.839552 0.834679 0.826644 0.815572 0.801628 0.785011 0.765941 0.744657 0.721400 0.696413 0.669931 0.642179 0.613365 0.583681 0.553302 0.522385 0.491067 0.459471 0.427703 0.395854 0.364004 0.332220 0.300558 0.269066 
0.258671 0.289650 0.320768 0.351977 0.383218 0.414425 0.445519 0.476407 0.506985 0.537133 0.566715 0.595580 0.623559 0.650468 0.676107 0.700263 0.722714 0.743234 0.761594 0.777574 0.790969 0.801595 0.809302 0.813973 0.815539 0.813973 0.809302 0.801595 0.790969 0.777574 0.761594 0.743234 0.722714 0.700263 0.676107 0.650468 0.623559 0.595580 0.566715 0.537133 0.506985 0.476407 0.445519 0.414425 0.383218 0.351977 0.320768 0.289650 0.258671 
0.247174 0.277596 0.308125 0.338712 0.369298 0.399815 0.430184 0.460314 0.490102 0.519431 0.548168 0.576166 0.603264 0.629285 0.654040 0.677328 0.698940 0.718663 0.736287 0.751608 0.764437 0.774605 0.781974 0.786439 0.787934 0.786439 0.781974 0.774605 0.764437 0.751608 0.736287 0.718663 0.698940 0.677328 0.654040 0.629285 0.603264 0.576166 0.548168 0.519431 0.490102 0.460314 0.430184 0.399815 0.369298 0.338712 0.308125 0.277596 0.247174 
0.234635 0.264462 0.294364 0.324289 0.354180 0.383966 0.413571 0.442903 0.471862 0.500333 0.528187 0.555284 0.581469 0.606573 0.630417 0.652813 0.673565 0.692476 0.709352 0.724003 0.736258 0.745962 0.752990 0.757246 0.758671 0.757246 0.752990 0.745962 0.736258 0.724003 0.709352 0.692476 0.673565 0.652813 0.630417 0.606573 0.581469 0.555284 0.528187 0.500333 0.471862 0.442903 0.413571 0.383966 0.354180 0.324289 0.294364 0.264462 0.234635 
0.221116 0.250316 0.279559 0.308790 0.337953 0.366977 0.395786 0.424290 0.452391 0.479976 0.506924 0.533096 0.558347 0.582516 0.605436 0.626929 0.646814 0.664909 0.681033 0.695015 0.706697 0.715939 0.722628 0.726676 0.728032 0.726676 0.722628 0.715939 0.706697 0.695015 0.681033 0.664909 0.646814 0.626929 0.605436 0.582516 0.558347 0.533096 0.506924 0.479976 0.452391 0.424290 0.395786 0.366977 0.337953 0.308790 0.279559 0.250316 0.221116 
0.206680 0.235229 0.263785 0.292298 0.320707 0.348945 0.376935 0.404590 0.431813 0.458496 0.484521 0.509758 0.534066 0.557295 0.579287 0.599878 0.618899 0.636182 0.651562 0.664882 0.676000 0.684787 0.691142 0.694987 0.696274 0.694987 0.691142 0.684787 0.676000 0.664882 0.651562 0.636182 0.618899 0.599878 0.579287 0.557295 0.534066 0.509758 0.484521 0.458496 0.431813 0.404590 0.376935 0.348945 0.320707 0.292298 0.263785 0.235229 0.206680 
0.191394 0.219269 0.247120 0.274894 0.302532 0.329967 0.357123 0.383916 0.410250 0.436023 0.461120 0.485418 0.508784 0.531077 0.552149 0.571847 0.590016 0.606501 0.621151 0.633825 0.644390 0.652735 0.658766 0.662413 0.663633 0.662413 0.658766 0.652735 0.644390 0.633825 0.621151 0.606501 0.590016 0.571847 0.552149 0.531077 0.508784 0.485418 0.461120 0.436023 0.410250 0.383916 0.357123 0.329967 0.302532 0.274894 0.247120 0.219269 0.191394 
0.175321 0.202508 0.229638 0.256661 0.283516 0.310138 0.336452 0.362377 0.387820 0.412682 0.436854 0.460219 0.482652 0.504021 0.524187 0.543010 0.560345 0.576052 0.589993 0.602038 0.612071 0.619988 0.625705 0.629161 0.630317 0.629161 0.625705 0.619988 0.612071 0.602038 0.589993 0.576052 0.560345 0.543010 0.524187 0.504021 0.482652 0.460219 0.436854 0.412682 0.387820 0.362377 0.336452 0.310138 0.283516 0.256661 0.229638 0.202508 0.175321 
0.158526 0.185013 0.211414 0.237677 0.263743 0.289548 0.315019 0.340077 0.364632 0.388590 0.411847 0.434292 0.455808 0.476271 0.495553 0.513522 0.530049 0.545003 0.558258 0.569699 0.579219 0.586725 0.592142 0.595416 0.596511 0.595416 0.592142 0.586725 0.579219 0.569699 0.558258 0.545003 0.530049 0.513522 0.495553 0.476271 0.455808 0.434292 0.411847 0.388590 0.364632 0.340077 0.315019 0.289548 0.263743 0.237677 0.211414 0.185013 0.158526 
0.141071 0.166852 0.192519 0.218020 0.243297 0.268286 0.292918 0.317114 0.340791 0.363858 0.386215 0.407759 0.428378 0.447959 0.466382 0.483527 0.499273 0.513502 0.526100 0.536961 0.545991 0.553105 0.558236 0.561336 0.562372 0.561336 0.558236 0.553105 0.545991 0.536961 0.526100 0.513502 0.499273 0.483527 0.466382 0.447959 0.428378 0.407759 0.386215 0.363858 0.340791 0.317114 0.292918 0.268286 0.243297 0.218020 0.192519 0.166852 0.141071 
0.123016 0.148090 0.173022 0.197762 0.222253 0.246434 0.270235 0.293582 0.316395 0.338587 0.360064 0.380729 0.400479 0.419205 0.436799 0.453150 0.468146 0.481681 0.493651 0.503960 0.512523 0.519264 0.524124 0.527059 0.528040 0.527059 0.524124 0.519264 0.512523 0.503960 0.493651 0.481681 0.468146 0.453150 0.436799 0.419205 0.400479 0.380729 0.360064 0.338587 0.316395 0.293582 0.270235 0.246434 0.222253 0.197762 0.173022 0.148090 0.123016 
0.104420 0.128788 0.152990 0.176975 0.200688 0.224069 0.247052 0.269566 0.291533 0.312871 0.333493 0.353306 0.372213 0.390116 0.406913 0.422501 0.436781 0.449654 0.461026 0.470811 0.478931 0.485320 0.489923 0.492702 0.493631 0.492702 0.489923 0.485320 0.478931 0.470811 0.461026 0.449654 0.436781 0.422501 0.406913 0.390116 0.372213 0.353306 0.333493 0.312871 0.291533 0.269566 0.247052 0.224069 0.200688 0.176975 0.152990 0.128788 0.104420 
0.085340 0.109007 0.132484 0.155723 0.178669 0.201264 0.223446 0.245144 0.266287 0.286796 0.306588 0.325578 0.343674 0.360786 0.376819 0.391680 0.405276 0.417519 0.428324 0.437613 0.445315 0.451371 0.455733 0.458364 0.459244 0.458364 0.455733 0.451371 0.445315 0.437613 0.428324 0.417519 0.405276 0.391680 0.376819 0.360786 0.343674 0.325578 0.306588 0.286796 0.266287 0.245144 0.223446 0.201264 0.178669 0.155723 0.132484 0.109007 0.085340 
0.065829 0.088802 0.111564 0.134068 0.156261 0.178087 0.199486 0.220391 0.240733 0.260439 0.279430 0.297626 0.314944 0.331298 0.346602 0.360769 0.373717 0.385363 0.395632 0.404451 0.411759 0.417502 0.421636 0.424129 0.424962 0.424129 0.421636 0.417502 0.411759 0.404451 0.395632 0.385363 0.373717 0.360769 0.346602 0.331298 0.314944 0.297626 0.279430 0.260439 0.240733 0.220391 0.199486 0.178087 0.156261 0.134068 0.111564 0.088802 0.065829 
0.045936 0.068225 0.090284 0.112068 0.133524 0.154600 0.175236 0.195371 0.214938 0.233868 0.252089 0.269523 0.286095 0.301726 0.316335 0.329844 0.342176 0.353258 0.363019 0.371397 0.378333 0.383781 0.387701 0.390065 0.390855 0.390065 0.387701 0.383781 0.378333 0.371397 0.363019 0.353258 0.342176 0.329844 0.316335 0.301726 0.286095 0.269523 0.252089 0.233868 0.214938 0.195371 0.175236 0.154600 0.133524 0.112068 0.090284 0.068225 0.045936 
0.025709 0.047327 0.068697 0.089776 0.110513 0.130859 0.150755 0.170145 0.188964 0.207147 0.224627 0.241333 0.257192 0.272133 0.286081 0.298965 0.310715 0.321263 0.330547 0.338509 0.345097 0.350268 0.353987 0.356229 0.356978 0.356229 0.353987 0.350268 0.345097 0.338509 0.330547 0.321263 0.310715 0.298965 0.286081 0.272133 0.257192 0.241333 0.224627 0.207147 0.188964 0.170145 0.150755 0.130859 0.110513 0.089776 0.068697 0.047327 0.025709 
0.005193 0.026152 0.046849 0.067241 0.087279 0.106916 0.126097 0.144766 0.162864 0.180330 0.197101 0.213109 0.228289 0.242574 0.255895 0.268188 0.279387 0.289432 0.298266 0.305836 0.312097 0.317008 0.320540 0.322668 0.323379 0.322668 0.320540 0.317008 0.312097 0.305836 0.298266 0.289432 0.279387 0.268188 0.255895 0.242574 0.228289 0.213109 0.197101 0.180330 0.162864 0.144766 0.126097 0.106916 0.087279 0.067241 0.046849 0.026152 0.005193 
