79 79
3.981072e+00 0 5
0.360802 0.375691 0.390500 0.405219 0.419836 0.434340 0.448718 0.462956 0.477041 0.490958 0.504691 0.518224 0.531541 0.544624 0.557455 0.570016 0.582287 0.594248 0.605880 0.617161 0.628071 0.638589 0.648693 0.658363 0.667576 0.676312 0.684551 0.692272 0.699457 0.706085 0.712141 0.717606 0.722467 0.726709 0.730320 0.733290 0.735609 0.737270 0.738269 0.738602 0.738269 0.737270 0.735609 0.733290 0.730320 0.726709 0.722467 0.717606 0.712141 0.706085 0.699457 0.692272 0.684551 0.676312 0.667576 0.658363 0.648693 0.638589 0.628071 0.617161 0.605880 0.594248 0.582287 0.570016 0.557455 0.544624 0.531541 0.518224 0.504691 0.490958 0.477041 0.462956 0.448718 0.434340 0.419836 0.405219 0.390500 0.375691 0.360802 
0.375495 0.390699 0.405830 0.420877 0.435828 0.450672 0.465395 0.479984 0.494423 0.508699 0.522795 0.536695 0.550381 0.563835 0.577038 0.589971 0.602613 0.614945 0.626944 0.638589 0.649858 0.660728 0.671177 0.681182 0.690721 0.699771 0.708310 0.716316 0.723770 0.730650 0.736937 0.742615 0.747666 0.752075 0.755830 0.758918 0.761330 0.763058 0.764097 0.764444 0.764097 0.763058 0.761330 0.758918 0.755830 0.752075 0.747666 0.742615 0.736937 0.730650 0.723770 0.716316 0.708310 0.699771 0.690721 0.681182 0.671177 0.660728 0.649858 0.638589 0.626944 0.614945 0.602613 0.589971 0.577038 0.563835 0.550381 0.536695 0.522795 0.508699 0.494423 0.479984 0.465395 0.450672 0.435828 0.420877 0.405830 0.390699 0.375495 
0.390101 0.405626 0.421085 0.436467 0.451760 0.466951 0.482028 0.496976 0.511780 0.526426 0.540896 0.555173 0.569240 0.583078 0.596666 0.609985 0.623014 0.635730 0.648112 0.660136 0.671779 0.683018 0.693827 0.704185 0.714065 0.723444 0.732298 0.740605 0.748342 0.755488 0.762020 0.767922 0.773174 0.777760 0.781667 0.784880 0.787391 0.789190 0.790272 0.790633 0.790272 0.789190 0.787391 0.784880 0.781667 0.777760 0.773174 0.767922 0.762020 0.755488 0.748342 0.740605 0.732298 0.723444 0.714065 0.704185 0.693827 0.683018 0.671779 0.660136 0.648112 0.635730 0.623014 0.609985 0.596666 0.583078 0.569240 0.555173 0.540896 0.526426 0.511780 0.496976 0.482028 0.466951 0.451760 0.436467 0.421085 0.405626 0.390101 
0.404608 0.420460 0.436254 0.451978 0.467620 0.483166 0.498605 0.513922 0.529101 0.544126 0.558981 0.573648 0.588108 0.602342 0.616329 0.630048 0.643478 0.656594 0.669374 0.681793 0.693827 0.705451 0.716639 0.727364 0.737603 0.747328 0.756515 0.765138 0.773174 0.780599 0.787391 0.793529 0.798994 0.803768 0.807835 0.811182 0.813797 0.815672 0.816799 0.817176 0.816799 0.815672 0.813797 0.811182 0.807835 0.803768 0.798994 0.793529 0.787391 0.780599 0.773174 0.765138 0.756515 0.747328 0.737603 0.727364 0.716639 0.705451 0.693827 0.681793 0.669374 0.656594 0.643478 0.630048 0.616329 0.602342 0.588108 0.573648 0.558981 0.544126 0.529101 0.513922 0.498605 0.483166 0.467620 0.451978 0.436254 0.420460 0.404608 
0.419004 0.435190 0.451325 0.467397 0.483394 0.499305 0.515114 0.530808 0.546371 0.561787 0.577038 0.592106 0.606972 0.621616 0.636015 0.650149 0.663994 0.677526 0.690721 0.703552 0.715994 0.728020 0.739603 0.750715 0.761330 0.771419 0.780955 0.789911 0.798263 0.805983 0.813049 0.819438 0.825128 0.830100 0.834338 0.837826 0.840553 0.842507 0.843683 0.844075 0.843683 0.842507 0.840553 0.837826 0.834338 0.830100 0.825128 0.819438 0.813049 0.805983 0.798263 0.789911 0.780955 0.771419 0.761330 0.750715 0.739603 0.728020 0.715994 0.703552 0.690721 0.677526 0.663994 0.650149 0.636015 0.621616 0.606972 0.592106 0.577038 0.561787 0.546371 0.530808 0.515114 0.499305 0.483394 0.467397 0.451325 0.435190 0.419004 
0.433279 0.449803 0.466284 0.482711 0.499071 0.515353 0.531541 0.547622 0.563578 0.579395 0.595053 0.610534 0.625819 0.640885 0.655712 0.670275 0.684551 0.698515 0.712141 0.725401 0.738269 0.750715 0.762712 0.774230 0.785239 0.795710 0.805613 0.814921 0.823605 0.831638 0.838993 0.845647 0.851576 0.856759 0.861178 0.864816 0.867660 0.869700 0.870927 0.871336 0.870927 0.869700 0.867660 0.864816 0.861178 0.856759 0.851576 0.845647 0.838993 0.831638 0.823605 0.814921 0.805613 0.795710 0.785239 0.774230 0.762712 0.750715 0.738269 0.725401 0.712141 0.698515 0.684551 0.670275 0.655712 0.640885 0.625819 0.610534 0.595053 0.579395 0.563578 0.547622 0.531541 0.515353 0.499071 0.482711 0.466284 0.449803 0.433279 
0.447418 0.464285 0.481119 0.497906 0.514637 0.531297 0.547872 0.564348 0.580708 0.596935 0.613012 0.628918 0.644633 0.660136 0.675403 0.690411 0.705134 0.719546 0.733620 0.747328 0.760640 0.773526 0.785955 0.797897 0.809321 0.820193 0.830484 0.840163 0.849198 0.857560 0.865222 0.872156 0.878338 0.883744 0.888355 0.892153 0.895123 0.897252 0.898534 0.898961 0.898534 0.897252 0.895123 0.892153 0.888355 0.883744 0.878338 0.872156 0.865222 0.857560 0.849198 0.840163 0.830484 0.820193 0.809321 0.797897 0.785955 0.773526 0.760640 0.747328 0.733620 0.719546 0.705134 0.690411 0.675403 0.660136 0.644633 0.628918 0.613012 0.596935 0.580708 0.564348 0.547872 0.531297 0.514637 0.497906 0.481119 0.464285 0.447418 
0.461409 0.478624 0.495815 0.512969 0.530076 0.547121 0.564091 0.580971 0.597744 0.614392 0.630898 0.647240 0.663399 0.679352 0.695074 0.710542 0.725728 0.740605 0.755146 0.769318 0.783093 0.796438 0.809321 0.821708 0.833565 0.844861 0.855559 0.865627 0.875033 0.883744 0.891730 0.898961 0.905411 0.911055 0.915870 0.919837 0.922940 0.925166 0.926506 0.926953 0.926506 0.925166 0.922940 0.919837 0.915870 0.911055 0.905411 0.898961 0.891730 0.883744 0.875033 0.865627 0.855559 0.844861 0.833565 0.821708 0.809321 0.796438 0.783093 0.769318 0.755146 0.740605 0.725728 0.710542 0.695074 0.679352 0.663399 0.647240 0.630898 0.614392 0.597744 0.580971 0.564091 0.547121 0.530076 0.512969 0.495815 0.478624 0.461409 
0.475237 0.492804 0.510357 0.527883 0.545372 0.562810 0.580182 0.597474 0.614668 0.631748 0.648693 0.665484 0.682099 0.698515 0.714707 0.730650 0.746315 0.761675 0.776699 0.791356 0.805613 0.819438 0.832794 0.845647 0.857961 0.869700 0.880827 0.891307 0.901104 0.910184 0.918512 0.926059 0.932793 0.938689 0.943721 0.947869 0.951113 0.953442 0.954843 0.955310 0.954843 0.953442 0.951113 0.947869 0.943721 0.938689 0.932793 0.926059 0.918512 0.910184 0.901104 0.891307 0.880827 0.869700 0.857961 0.845647 0.832794 0.819438 0.805613 0.791356 0.776699 0.761675 0.746315 0.730650 0.714707 0.698515 0.682099 0.665484 0.648693 0.631748 0.614668 0.597474 0.580182 0.562810 0.545372 0.527883 0.510357 0.492804 0.475237 
0.488887 0.506810 0.524729 0.542633 0.560510 0.578346 0.596128 0.613840 0.631464 0.648984 0.666380 0.683631 0.700714 0.717606 0.734283 0.750715 0.766877 0.782736 0.798263 0.813423 0.828183 0.842507 0.856359 0.869700 0.882492 0.894698 0.906276 0.917190 0.927400 0.936869 0.945561 0.953442 0.960478 0.966641 0.971904 0.976243 0.979639 0.982076 0.983543 0.984033 0.983543 0.982076 0.979639 0.976243 0.971904 0.966641 0.960478 0.953442 0.945561 0.936869 0.927400 0.917190 0.906276 0.894698 0.882492 0.869700 0.856359 0.842507 0.828183 0.813423 0.798263 0.782736 0.766877 0.750715 0.734283 0.717606 0.700714 0.683631 0.666380 0.648984 0.631464 0.613840 0.596128 0.578346 0.560510 0.542633 0.524729 0.506810 0.488887 
0.502344 0.520626 0.538916 0.557201 0.575471 0.593712 0.611910 0.630048 0.648112 0.666081 0.683937 0.701659 0.719223 0.736605 0.753779 0.770718 0.787391 0.803768 0.819815 0.835499 0.850782 0.865627 0.879996 0.893848 0.907142 0.919837 0.931891 0.943262 0.953908 0.963789 0.972866 0.981100 0.988458 0.994905 1.000413 1.004957 1.008514 1.011067 1.012604 1.013117 1.012604 1.011067 1.008514 1.004957 1.000413 0.994905 0.988458 0.981100 0.972866 0.963789 0.953908 0.943262 0.931891 0.919837 0.907142 0.893848 0.879996 0.865627 0.850782 0.835499 0.819815 0.803768 0.787391 0.770718 0.753779 0.736605 0.719223 0.701659 0.683937 0.666081 0.648112 0.630048 0.611910 0.593712 0.575471 0.557201 0.538916 0.520626 0.502344 
0.515592 0.534236 0.552899 0.571570 0.590237 0.608888 0.627507 0.646080 0.664590 0.683018 0.701344 0.719546 0.737603 0.755488 0.773174 0.790633 0.807835 0.824747 0.841334 0.857560 0.873387 0.888776 0.903685 0.918071 0.931891 0.945101 0.957654 0.969506 0.980613 0.990930 1.000413 1.009023 1.016721 1.023471 1.029240 1.034001 1.037729 1.040406 1.042018 1.042556 1.042018 1.040406 1.037729 1.034001 1.029240 1.023471 1.016721 1.009023 1.000413 0.990930 0.980613 0.969506 0.957654 0.945101 0.931891 0.918071 0.903685 0.888776 0.873387 0.857560 0.841334 0.824747 0.807835 0.790633 0.773174 0.755488 0.737603 0.719546 0.701344 0.683018 0.664590 0.646080 0.627507 0.608888 0.590237 0.571570 0.552899 0.534236 0.515592 
0.528613 0.547622 0.566661 0.585721 0.604789 0.623854 0.642901 0.661914 0.680877 0.699771 0.718576 0.737270 0.755830 0.774230 0.792442 0.810437 0.828183 0.845647 0.862792 0.879581 0.895974 0.911928 0.927400 0.942345 0.956715 0.970464 0.983543 0.995903 1.007495 1.018272 1.028187 1.037195 1.045254 1.052325 1.058372 1.063365 1.067276 1.070085 1.071776 1.072341 1.071776 1.070085 1.067276 1.063365 1.058372 1.052325 1.045254 1.037195 1.028187 1.018272 1.007495 0.995903 0.983543 0.970464 0.956715 0.942345 0.927400 0.911928 0.895974 0.879581 0.862792 0.845647 0.828183 0.810437 0.792442 0.774230 0.755830 0.737270 0.718576 0.699771 0.680877 0.661914 0.642901 0.623854 0.604789 0.585721 0.566661 0.547622 0.528613 
0.541392 0.560765 0.580182 0.599633 0.619106 0.638589 0.658068 0.677526 0.696949 0.716316 0.735609 0.754804 0.773877 0.792804 0.811555 0.830100 0.848407 0.866440 0.884162 0.901533 0.918512 0.935054 0.951113 0.966641 0.981588 0.995903 1.009534 1.022427 1.034532 1.045795 1.056166 1.065597 1.074039 1.081452 1.087795 1.093034 1.097140 1.100090 1.101867 1.102460 1.101867 1.100090 1.097140 1.093034 1.087795 1.081452 1.074039 1.065597 1.056166 1.045795 1.034532 1.022427 1.009534 0.995903 0.981588 0.966641 0.951113 0.935054 0.918512 0.901533 0.884162 0.866440 0.848407 0.830100 0.811555 0.792804 0.773877 0.754804 0.735609 0.716316 0.696949 0.677526 0.658068 0.638589 0.619106 0.599633 0.580182 0.560765 0.541392 
0.553909 0.573648 0.593444 0.613288 0.633167 0.653071 0.672985 0.692894 0.712781 0.732629 0.752416 0.772120 0.791718 0.811182 0.830484 0.849593 0.868475 0.887094 0.905411 0.923385 0.940971 0.958124 0.974794 0.990930 1.006479 1.021386 1.035596 1.049051 1.061696 1.073473 1.084327 1.094204 1.103054 1.110829 1.117487 1.122989 1.127303 1.130403 1.132271 1.132895 1.132271 1.130403 1.127303 1.122989 1.117487 1.110829 1.103054 1.094204 1.084327 1.073473 1.061696 1.049051 1.035596 1.021386 1.006479 0.990930 0.974794 0.958124 0.940971 0.923385 0.905411 0.887094 0.868475 0.849593 0.830484 0.811182 0.791718 0.772120 0.752416 0.732629 0.712781 0.692894 0.672985 0.653071 0.633167 0.613288 0.593444 0.573648 0.553909 
0.566146 0.586250 0.606426 0.626663 0.646950 0.667277 0.687629 0.707991 0.728348 0.748681 0.768969 0.789190 0.809321 0.829333 0.849198 0.868883 0.888355 0.907576 0.926506 0.945101 0.963315 0.981100 0.998405 1.015174 1.031351 1.046879 1.061696 1.075742 1.088955 1.101274 1.112638 1.122989 1.132271 1.140432 1.147424 1.153206 1.157741 1.161002 1.162967 1.163623 1.162967 1.161002 1.157741 1.153206 1.147424 1.140432 1.132271 1.122989 1.112638 1.101274 1.088955 1.075742 1.061696 1.046879 1.031351 1.015174 0.998405 0.981100 0.963315 0.945101 0.926506 0.907576 0.888355 0.868883 0.849198 0.829333 0.809321 0.789190 0.768969 0.748681 0.728348 0.707991 0.687629 0.667277 0.646950 0.626663 0.606426 0.586250 0.566146 
0.578084 0.598553 0.619106 0.639736 0.660432 0.681182 0.701974 0.722793 0.743622 0.764444 0.785239 0.805983 0.826654 0.847223 0.867660 0.887935 0.908010 0.927848 0.947406 0.966641 0.985504 1.003944 1.021906 1.039334 1.056166 1.072341 1.087795 1.102460 1.116271 1.129161 1.141064 1.151916 1.161656 1.170227 1.177575 1.183655 1.188426 1.191858 1.193926 1.194617 1.193926 1.191858 1.188426 1.183655 1.177575 1.170227 1.161656 1.151916 1.141064 1.129161 1.116271 1.102460 1.087795 1.072341 1.056166 1.039334 1.021906 1.003944 0.985504 0.966641 0.947406 0.927848 0.908010 0.887935 0.867660 0.847223 0.826654 0.805983 0.785239 0.764444 0.743622 0.722793 0.701974 0.681182 0.660432 0.639736 0.619106 0.598553 0.578084 
0.589704 0.610534 0.631464 0.652486 0.673589 0.694762 0.715994 0.737270 0.758574 0.779888 0.801193 0.822466 0.843683 0.864816 0.885836 0.906709 0.927400 0.947869 0.968072 0.987964 1.007495 1.026611 1.045254 1.063365 1.080878 1.097729 1.113846 1.129161 1.143600 1.157091 1.169563 1.180945 1.191170 1.200175 1.207901 1.214298 1.219321 1.222934 1.225113 1.225841 1.225113 1.222934 1.219321 1.214298 1.207901 1.200175 1.191170 1.180945 1.169563 1.157091 1.143600 1.129161 1.113846 1.097729 1.080878 1.063365 1.045254 1.026611 1.007495 0.987964 0.968072 0.947869 0.927400 0.906709 0.885836 0.864816 0.843683 0.822466 0.801193 0.779888 0.758574 0.737270 0.715994 0.694762 0.673589 0.652486 0.631464 0.610534 0.589704 
0.600986 0.622175 0.643478 0.664888 0.686396 0.707991 0.729662 0.751395 0.773174 0.794982 0.816799 0.838604 0.860372 0.882076 0.903685 0.925166 0.946483 0.967595 0.988458 1.009023 1.029240 1.049051 1.068398 1.087215 1.105436 1.122989 1.139800 1.155793 1.170891 1.185014 1.198085 1.210026 1.220764 1.230228 1.238356 1.245090 1.250380 1.254188 1.256484 1.257252 1.256484 1.254188 1.250380 1.245090 1.238356 1.230228 1.220764 1.210026 1.198085 1.185014 1.170891 1.155793 1.139800 1.122989 1.105436 1.087215 1.068398 1.049051 1.029240 1.009023 0.988458 0.967595 0.946483 0.925166 0.903685 0.882076 0.860372 0.838604 0.816799 0.794982 0.773174 0.751395 0.729662 0.707991 0.686396 0.664888 0.643478 0.622175 0.600986 
0.611910 0.633452 0.655124 0.676919 0.698829 0.720843 0.742950 0.765138 0.787391 0.809692 0.832023 0.854361 0.876683 0.898961 0.921165 0.943262 0.965214 0.986979 1.008514 1.029767 1.050686 1.071212 1.091282 1.110829 1.129782 1.148064 1.165597 1.182298 1.198085 1.212870 1.226570 1.239101 1.250380 1.260332 1.268885 1.275976 1.281550 1.285564 1.287986 1.288795 1.287986 1.285564 1.281550 1.275976 1.268885 1.260332 1.250380 1.239101 1.226570 1.212870 1.198085 1.182298 1.165597 1.148064 1.129782 1.110829 1.091282 1.071212 1.050686 1.029767 1.008514 0.986979 0.965214 0.943262 0.921165 0.898961 0.876683 0.854361 0.832023 0.809692 0.787391 0.765138 0.742950 0.720843 0.698829 0.676919 0.655124 0.633452 0.611910 
0.622454 0.644344 0.666380 0.688555 0.710861 0.733290 0.755830 0.778469 0.801193 0.823986 0.846828 0.869700 0.892576 0.915431 0.938234 0.960950 0.983543 1.005971 1.028187 1.050141 1.071776 1.093034 1.113846 1.134144 1.153852 1.172888 1.191170 1.208608 1.225113 1.240592 1.254952 1.268102 1.279952 1.290418 1.299420 1.306890 1.312766 1.316999 1.319553 1.320408 1.319553 1.316999 1.312766 1.306890 1.299420 1.290418 1.279952 1.268102 1.254952 1.240592 1.225113 1.208608 1.191170 1.172888 1.153852 1.134144 1.113846 1.093034 1.071776 1.050141 1.028187 1.005971 0.983543 0.960950 0.938234 0.915431 0.892576 0.869700 0.846828 0.823986 0.801193 0.778469 0.755830 0.733290 0.710861 0.688555 0.666380 0.644344 0.622454 
0.632599 0.654830 0.677223 0.699771 0.722467 0.745304 0.768271 0.791356 0.814547 0.837826 0.861178 0.884580 0.908010 0.931441 0.954843 0.978182 1.001420 1.024516 1.047421 1.070085 1.092449 1.114452 1.136024 1.157091 1.177575 1.197389 1.216445 1.234648 1.251900 1.268102 1.283153 1.296951 1.309401 1.320408 1.329885 1.337754 1.343949 1.348414 1.351110 1.352011 1.351110 1.348414 1.343949 1.337754 1.329885 1.320408 1.309401 1.296951 1.283153 1.268102 1.251900 1.234648 1.216445 1.197389 1.177575 1.157091 1.136024 1.114452 1.092449 1.070085 1.047421 1.024516 1.001420 0.978182 0.954843 0.931441 0.908010 0.884580 0.861178 0.837826 0.814547 0.791356 0.768271 0.745304 0.722467 0.699771 0.677223 0.654830 0.632599 
0.642324 0.664888 0.687629 0.710542 0.733620 0.756857 0.780244 0.803768 0.827418 0.851179 0.875033 0.898961 0.922940 0.946945 0.970944 0.994905 1.018790 1.042556 1.066156 1.089536 1.112638 1.135397 1.157741 1.179595 1.200873 1.221486 1.241339 1.260332 1.278358 1.295311 1.311081 1.325558 1.338635 1.350210 1.360186 1.368477 1.375008 1.379718 1.382562 1.383514 1.382562 1.379718 1.375008 1.368477 1.360186 1.350210 1.338635 1.325558 1.311081 1.295311 1.278358 1.260332 1.241339 1.221486 1.200873 1.179595 1.157741 1.135397 1.112638 1.089536 1.066156 1.042556 1.018790 0.994905 0.970944 0.946945 0.922940 0.898961 0.875033 0.851179 0.827418 0.803768 0.780244 0.756857 0.733620 0.710542 0.687629 0.664888 0.642324 
0.651609 0.674495 0.697575 0.720843 0.744294 0.767922 0.791718 0.815672 0.839773 0.864006 0.888355 0.912802 0.937324 0.961895 0.986487 1.011067 1.035596 1.060032 1.084327 1.108426 1.132271 1.155793 1.178921 1.201572 1.223660 1.245090 1.265760 1.285564 1.304389 1.322119 1.338635 1.353818 1.367550 1.379718 1.390217 1.398950 1.405834 1.410802 1.413804 1.414808 1.413804 1.410802 1.405834 1.398950 1.390217 1.379718 1.367550 1.353818 1.338635 1.322119 1.304389 1.285564 1.265760 1.245090 1.223660 1.201572 1.178921 1.155793 1.132271 1.108426 1.084327 1.060032 1.035596 1.011067 0.986487 0.961895 0.937324 0.912802 0.888355 0.864006 0.839773 0.815672 0.791718 0.767922 0.744294 0.720843 0.697575 0.674495 0.651609 
0.660432 0.683631 0.707038 0.730650 0.754462 0.778469 0.802663 0.827036 0.851576 0.876270 0.901104 0.926059 0.951113 0.976243 1.001420 1.026611 1.051778 1.076880 1.101867 1.126685 1.151272 1.175562 1.199477 1.222934 1.245843 1.268102 1.289606 1.310240 1.329885 1.348414 1.365700 1.381613 1.396024 1.408810 1.419854 1.429049 1.436304 1.441542 1.444708 1.445767 1.444708 1.441542 1.436304 1.429049 1.419854 1.408810 1.396024 1.381613 1.365700 1.348414 1.329885 1.310240 1.289606 1.268102 1.245843 1.222934 1.199477 1.175562 1.151272 1.126685 1.101867 1.076880 1.051778 1.026611 1.001420 0.976243 0.951113 0.926059 0.901104 0.876270 0.851576 0.827036 0.802663 0.778469 0.754462 0.730650 0.707038 0.683631 0.660432 
0.668774 0.692272 0.715994 0.739937 0.764097 0.788470 0.813049 0.837826 0.862792 0.887935 0.913239 0.938689 0.964264 0.989940 1.015689 1.041480 1.067276 1.093034 1.118705 1.144236 1.169563 1.194617 1.219321 1.243587 1.267320 1.290418 1.312766 1.334244 1.354723 1.374070 1.392146 1.408810 1.423923 1.437348 1.448956 1.458632 1.466271 1.471791 1.475128 1.476245 1.475128 1.471791 1.466271 1.458632 1.448956 1.437348 1.423923 1.408810 1.392146 1.374070 1.354723 1.334244 1.312766 1.290418 1.267320 1.243587 1.219321 1.194617 1.169563 1.144236 1.118705 1.093034 1.067276 1.041480 1.015689 0.989940 0.964264 0.938689 0.913239 0.887935 0.862792 0.837826 0.813049 0.788470 0.764097 0.739937 0.715994 0.692272 0.668774 
0.676616 0.700399 0.724422 0.748681 0.773174 0.797897 0.822846 0.848012 0.873387 0.898961 0.924720 0.950649 0.976727 1.002933 1.029240 1.055616 1.082026 1.108426 1.134770 1.161002 1.187059 1.212870 1.238356 1.263428 1.287986 1.311923 1.335119 1.357448 1.378773 1.398950 1.417830 1.435262 1.451092 1.465174 1.477364 1.487535 1.495572 1.501383 1.504898 1.506074 1.504898 1.501383 1.495572 1.487535 1.477364 1.465174 1.451092 1.435262 1.417830 1.398950 1.378773 1.357448 1.335119 1.311923 1.287986 1.263428 1.238356 1.212870 1.187059 1.161002 1.134770 1.108426 1.082026 1.055616 1.029240 1.002933 0.976727 0.950649 0.924720 0.898961 0.873387 0.848012 0.822846 0.797897 0.773174 0.748681 0.724422 0.700399 0.676616 
0.683937 0.707991 0.732298 0.756857 0.781667 0.806723 0.832023 0.857560 0.883327 0.909313 0.935508 0.961895 0.988458 1.015174 1.042018 1.068960 1.095964 1.122989 1.149987 1.176903 1.203674 1.230228 1.256484 1.282351 1.307726 1.332496 1.356538 1.379718 1.401890 1.422903 1.442595 1.460804 1.477364 1.492114 1.504898 1.515575 1.524020 1.530130 1.533828 1.535066 1.533828 1.530130 1.524020 1.515575 1.504898 1.492114 1.477364 1.460804 1.442595 1.422903 1.401890 1.379718 1.356538 1.332496 1.307726 1.282351 1.256484 1.230228 1.203674 1.176903 1.149987 1.122989 1.095964 1.068960 1.042018 1.015174 0.988458 0.961895 0.935508 0.909313 0.883327 0.857560 0.832023 0.806723 0.781667 0.756857 0.732298 0.707991 0.683937 
0.690721 0.715029 0.739603 0.764444 0.789551 0.814921 0.840553 0.866440 0.892576 0.918954 0.945561 0.972385 0.999408 1.026611 1.053968 1.081452 1.109026 1.136651 1.164280 1.191858 1.219321 1.246596 1.273603 1.300246 1.326421 1.352011 1.376887 1.400909 1.423923 1.445767 1.466271 1.485259 1.502552 1.517975 1.531360 1.542550 1.551409 1.557822 1.561706 1.563006 1.561706 1.557822 1.551409 1.542550 1.531360 1.517975 1.502552 1.485259 1.466271 1.445767 1.423923 1.400909 1.376887 1.352011 1.326421 1.300246 1.273603 1.246596 1.219321 1.191858 1.164280 1.136651 1.109026 1.081452 1.053968 1.026611 0.999408 0.972385 0.945561 0.918954 0.892576 0.866440 0.840553 0.814921 0.789551 0.764444 0.739603 0.715029 0.690721 
0.696949 0.721492 0.746315 0.771419 0.796803 0.822466 0.848407 0.874621 0.901104 0.927848 0.954843 0.982076 1.009534 1.037195 1.065038 1.093034 1.121149 1.149345 1.177575 1.205784 1.233909 1.261878 1.289606 1.316999 1.343949 1.370335 1.396024 1.420868 1.444708 1.467371 1.488676 1.508435 1.526456 1.542550 1.556534 1.568237 1.577511 1.584229 1.588299 1.589662 1.588299 1.584229 1.577511 1.568237 1.556534 1.542550 1.526456 1.508435 1.488676 1.467371 1.444708 1.420868 1.396024 1.370335 1.343949 1.316999 1.289606 1.261878 1.233909 1.205784 1.177575 1.149345 1.121149 1.093034 1.065038 1.037195 1.009534 0.982076 0.954843 0.927848 0.901104 0.874621 0.848407 0.822466 0.796803 0.771419 0.746315 0.721492 0.696949 
0.702605 0.727364 0.752416 0.777760 0.803399 0.829333 0.855559 0.882076 0.908878 0.935961 0.963315 0.990930 1.018790 1.046879 1.075174 1.103649 1.132271 1.161002 1.189796 1.218600 1.247351 1.275976 1.304389 1.332496 1.360186 1.387334 1.413804 1.439441 1.464078 1.487535 1.509619 1.530130 1.548864 1.565616 1.580189 1.592398 1.602081 1.609101 1.613355 1.614780 1.613355 1.609101 1.602081 1.592398 1.580189 1.565616 1.548864 1.530130 1.509619 1.487535 1.464078 1.439441 1.413804 1.387334 1.360186 1.332496 1.304389 1.275976 1.247351 1.218600 1.189796 1.161002 1.132271 1.103649 1.075174 1.046879 1.018790 0.990930 0.963315 0.935961 0.908878 0.882076 0.855559 0.829333 0.803399 0.777760 0.752416 0.727364 0.702605 
0.707673 0.732629 0.757887 0.783450 0.809321 0.835499 0.861984 0.888776 0.915870 0.943262 0.970944 0.998906 1.027136 1.055616 1.084327 1.113242 1.142331 1.171556 1.200873 1.230228 1.259560 1.288795 1.317849 1.346624 1.375008 1.402874 1.430080 1.456468 1.481862 1.506074 1.528903 1.550135 1.569553 1.586939 1.602081 1.614780 1.624860 1.632172 1.636606 1.638092 1.636606 1.632172 1.624860 1.614780 1.602081 1.586939 1.569553 1.550135 1.528903 1.506074 1.481862 1.456468 1.430080 1.402874 1.375008 1.346624 1.317849 1.288795 1.259560 1.230228 1.200873 1.171556 1.142331 1.113242 1.084327 1.055616 1.027136 0.998906 0.970944 0.943262 0.915870 0.888776 0.861984 0.835499 0.809321 0.783450 0.757887 0.732629 0.707673 
0.712141 0.737270 0.762712 0.788470 0.814547 0.840943 0.867660 0.894698 0.922052 0.949721 0.977697 1.005971 1.034532 1.063365 1.092449 1.121762 1.151272 1.180945 1.210736 1.240592 1.270453 1.300246 1.329885 1.359272 1.388294 1.416821 1.444708 1.471791 1.497889 1.522806 1.546330 1.568237 1.588299 1.606282 1.621961 1.635124 1.645580 1.653170 1.657774 1.659317 1.657774 1.653170 1.645580 1.635124 1.621961 1.606282 1.588299 1.568237 1.546330 1.522806 1.497889 1.471791 1.444708 1.416821 1.388294 1.359272 1.329885 1.300246 1.270453 1.240592 1.210736 1.180945 1.151272 1.121762 1.092449 1.063365 1.034532 1.005971 0.977697 0.949721 0.922052 0.894698 0.867660 0.840943 0.814547 0.788470 0.762712 0.737270 0.712141 
0.715994 0.741275 0.766877 0.792804 0.819060 0.845647 0.872566 0.899818 0.927400 0.955310 0.983543 1.012091 1.040943 1.070085 1.099499 1.129161 1.159043 1.189111 1.219321 1.249621 1.279952 1.310240 1.340401 1.370335 1.399928 1.429049 1.457549 1.485259 1.511994 1.537549 1.561706 1.584229 1.604878 1.623409 1.639581 1.653170 1.663973 1.671819 1.676580 1.678177 1.676580 1.671819 1.663973 1.653170 1.639581 1.623409 1.604878 1.584229 1.561706 1.537549 1.511994 1.485259 1.457549 1.429049 1.399928 1.370335 1.340401 1.310240 1.279952 1.249621 1.219321 1.189111 1.159043 1.129161 1.099499 1.070085 1.040943 1.012091 0.983543 0.955310 0.927400 0.899818 0.872566 0.845647 0.819060 0.792804 0.766877 0.741275 0.715994 
0.719223 0.744631 0.770368 0.796438 0.822846 0.849593 0.876683 0.904116 0.931891 0.960007 0.988458 1.017238 1.046337 1.075742 1.105436 1.135397 1.165597 1.196002 1.226570 1.257252 1.287986 1.318701 1.349311 1.379718 1.409805 1.439441 1.468473 1.496729 1.524020 1.550135 1.574846 1.597911 1.619078 1.638092 1.654701 1.668667 1.679778 1.687852 1.692753 1.694396 1.692753 1.687852 1.679778 1.668667 1.654701 1.638092 1.619078 1.597911 1.574846 1.550135 1.524020 1.496729 1.468473 1.439441 1.409805 1.379718 1.349311 1.318701 1.287986 1.257252 1.226570 1.196002 1.165597 1.135397 1.105436 1.075742 1.046337 1.017238 0.988458 0.960007 0.931891 0.904116 0.876683 0.849593 0.822846 0.796438 0.770368 0.744631 0.719223 
0.721817 0.747328 0.773174 0.799360 0.825890 0.852768 0.879996 0.907576 0.935508 0.963789 0.992417 1.021386 1.050686 1.080305 1.110228 1.140432 1.170891 1.201572 1.232434 1.263428 1.294493 1.325558 1.356538 1.387334 1.417830 1.447891 1.477364 1.506074 1.533828 1.560408 1.585582 1.609101 1.630702 1.650122 1.667098 1.681383 1.692753 1.701019 1.706039 1.707722 1.706039 1.701019 1.692753 1.681383 1.667098 1.650122 1.630702 1.609101 1.585582 1.560408 1.533828 1.506074 1.477364 1.447891 1.417830 1.387334 1.356538 1.325558 1.294493 1.263428 1.232434 1.201572 1.170891 1.140432 1.110228 1.080305 1.050686 1.021386 0.992417 0.963789 0.935508 0.907576 0.879996 0.852768 0.825890 0.799360 0.773174 0.747328 0.721817 
0.723770 0.749358 0.775287 0.801560 0.828183 0.855160 0.882492 0.910184 0.938234 0.966641 0.995404 1.024516 1.053968 1.083751 1.113846 1.144236 1.174892 1.205784 1.236870 1.268102 1.299420 1.330754 1.362018 1.393113 1.423923 1.454311 1.484124 1.513185 1.541296 1.568237 1.593771 1.617642 1.639581 1.659317 1.676580 1.691114 1.702687 1.711104 1.716217 1.717931 1.716217 1.711104 1.702687 1.691114 1.676580 1.659317 1.639581 1.617642 1.593771 1.568237 1.541296 1.513185 1.484124 1.454311 1.423923 1.393113 1.362018 1.330754 1.299420 1.268102 1.236870 1.205784 1.174892 1.144236 1.113846 1.083751 1.053968 1.024516 0.995404 0.966641 0.938234 0.910184 0.882492 0.855160 0.828183 0.801560 0.775287 0.749358 0.723770 
0.725075 0.750715 0.776699 0.803031 0.829716 0.856759 0.884162 0.911928 0.940057 0.968550 0.997403 1.026611 1.056166 1.086058 1.116271 1.146785 1.177575 1.208608 1.239846 1.271239 1.302728 1.334244 1.365700 1.396998 1.428020 1.458632 1.488676 1.517975 1.546330 1.573518 1.599297 1.623409 1.645580 1.665533 1.682993 1.697698 1.709411 1.717931 1.723107 1.724843 1.723107 1.717931 1.709411 1.697698 1.682993 1.665533 1.645580 1.623409 1.599297 1.573518 1.546330 1.517975 1.488676 1.458632 1.428020 1.396998 1.365700 1.334244 1.302728 1.271239 1.239846 1.208608 1.177575 1.146785 1.116271 1.086058 1.056166 1.026611 0.997403 0.968550 0.940057 0.911928 0.884162 0.856759 0.829716 0.803031 0.776699 0.750715 0.725075 
0.725728 0.751395 0.777406 0.803768 0.830484 0.857560 0.884998 0.912802 0.940971 0.969506 0.998405 1.027661 1.057268 1.087215 1.117487 1.148064 1.178921 1.210026 1.241339 1.272814 1.304389 1.335996 1.367550 1.398950 1.430080 1.460804 1.490965 1.520386 1.548864 1.576177 1.602081 1.626315 1.648604 1.668667 1.686227 1.701019 1.712803 1.721376 1.726585 1.728332 1.726585 1.721376 1.712803 1.701019 1.686227 1.668667 1.648604 1.626315 1.602081 1.576177 1.548864 1.520386 1.490965 1.460804 1.430080 1.398950 1.367550 1.335996 1.304389 1.272814 1.241339 1.210026 1.178921 1.148064 1.117487 1.087215 1.057268 1.027661 0.998405 0.969506 0.940971 0.912802 0.884998 0.857560 0.830484 0.803768 0.777406 0.751395 0.725728 
0.725810 0.751480 0.777495 0.803860 0.830580 0.857660 0.885103 0.912911 0.941086 0.969626 0.998530 1.027793 1.057406 1.087360 1.117639 1.148224 1.179089 1.210203 1.241526 1.273011 1.304597 1.336216 1.367781 1.399194 1.430338 1.461076 1.491252 1.520687 1.549181 1.576510 1.602430 1.626679 1.648983 1.669060 1.686633 1.701436 1.713229 1.721809 1.727021 1.728770 1.727021 1.721809 1.713229 1.701436 1.686633 1.669060 1.648983 1.626679 1.602430 1.576510 1.549181 1.520687 1.491252 1.461076 1.430338 1.399194 1.367781 1.336216 1.304597 1.273011 1.241526 1.210203 1.179089 1.148224 1.117639 1.087360 1.057406 1.027793 0.998530 0.969626 0.941086 0.912911 0.885103 0.857660 0.830580 0.803860 0.777495 0.751480 0.725810 
0.725724 0.751391 0.777403 0.803764 0.830480 0.857556 0.884994 0.912797 0.940966 0.969501 0.998399 1.027655 1.057262 1.087209 1.117480 1.148057 1.178913 1.210018 1.241331 1.272805 1.304380 1.335987 1.367540 1.398939 1.430069 1.460792 1.490953 1.520372 1.548850 1.576162 1.602066 1.626299 1.648587 1.668650 1.686210 1.701001 1.712785 1.721358 1.726566 1.728313 1.726566 1.721358 1.712785 1.701001 1.686210 1.668650 1.648587 1.626299 1.602066 1.576162 1.548850 1.520372 1.490953 1.460792 1.430069 1.398939 1.367540 1.335987 1.304380 1.272805 1.241331 1.210018 1.178913 1.148057 1.117480 1.087209 1.057262 1.027655 0.998399 0.969501 0.940966 0.912797 0.884994 0.857556 0.830480 0.803764 0.777403 0.751391 0.725724 
0.725064 0.750704 0.776688 0.803019 0.829704 0.856746 0.884148 0.911914 0.940043 0.968534 0.997387 1.026594 1.056149 1.086039 1.116251 1.146764 1.177553 1.208586 1.239822 1.271214 1.302702 1.334215 1.365670 1.396966 1.427987 1.458597 1.488639 1.517936 1.546289 1.573475 1.599252 1.623362 1.645531 1.665483 1.682941 1.697644 1.709356 1.717876 1.723051 1.724787 1.723051 1.717876 1.709356 1.697644 1.682941 1.665483 1.645531 1.623362 1.599252 1.573475 1.546289 1.517936 1.488639 1.458597 1.427987 1.396966 1.365670 1.334215 1.302702 1.271214 1.239822 1.208586 1.177553 1.146764 1.116251 1.086039 1.056149 1.026594 0.997387 0.968534 0.940043 0.911914 0.884148 0.856746 0.829704 0.803019 0.776688 0.750704 0.725064 
0.723752 0.749340 0.775268 0.801540 0.828163 0.855138 0.882470 0.910160 0.938209 0.966616 0.995377 1.024487 1.053939 1.083720 1.113814 1.144201 1.174856 1.205746 1.236830 1.268060 1.299376 1.330707 1.361969 1.393061 1.423868 1.454254 1.484063 1.513121 1.541228 1.568167 1.593697 1.617564 1.639501 1.659234 1.676495 1.691026 1.702597 1.711013 1.716124 1.717839 1.716124 1.711013 1.702597 1.691026 1.676495 1.659234 1.639501 1.617564 1.593697 1.568167 1.541228 1.513121 1.484063 1.454254 1.423868 1.393061 1.361969 1.330707 1.299376 1.268060 1.236830 1.205746 1.174856 1.144201 1.113814 1.083720 1.053939 1.024487 0.995377 0.966616 0.938209 0.910160 0.882470 0.855138 0.828163 0.801540 0.775268 0.749340 0.723752 
0.721793 0.747303 0.773148 0.799332 0.825861 0.852738 0.879965 0.907543 0.935473 0.963754 0.992380 1.021347 1.050645 1.080262 1.110182 1.140384 1.170841 1.201519 1.232379 1.263369 1.294431 1.325493 1.356470 1.387262 1.417754 1.447811 1.477280 1.505986 1.533734 1.560311 1.585480 1.608994 1.630592 1.650007 1.666980 1.681262 1.692629 1.700894 1.705912 1.707595 1.705912 1.700894 1.692629 1.681262 1.666980 1.650007 1.630592 1.608994 1.585480 1.560311 1.533734 1.505986 1.477280 1.447811 1.417754 1.387262 1.356470 1.325493 1.294431 1.263369 1.232379 1.201519 1.170841 1.140384 1.110182 1.080262 1.050645 1.021347 0.992380 0.963754 0.935473 0.907543 0.879965 0.852738 0.825861 0.799332 0.773148 0.747303 0.721793 
0.719191 0.744598 0.770334 0.796403 0.822809 0.849555 0.876643 0.904074 0.931848 0.959961 0.988410 1.017188 1.046284 1.075687 1.105378 1.135336 1.165533 1.195935 1.226500 1.257178 1.287908 1.318618 1.349224 1.379626 1.409709 1.439339 1.468366 1.496617 1.523902 1.550012 1.574717 1.597777 1.618939 1.637948 1.654552 1.668515 1.679622 1.687694 1.692594 1.694237 1.692594 1.687694 1.679622 1.668515 1.654552 1.637948 1.618939 1.597777 1.574717 1.550012 1.523902 1.496617 1.468366 1.439339 1.409709 1.379626 1.349224 1.318618 1.287908 1.257178 1.226500 1.195935 1.165533 1.135336 1.105378 1.075687 1.046284 1.017188 0.988410 0.959961 0.931848 0.904074 0.876643 0.849555 0.822809 0.796403 0.770334 0.744598 0.719191 
0.715956 0.741235 0.766835 0.792761 0.819015 0.845600 0.872517 0.899767 0.927347 0.955255 0.983485 1.012030 1.040879 1.070018 1.099429 1.129088 1.158966 1.189030 1.219235 1.249532 1.279858 1.310141 1.340296 1.370225 1.399812 1.428927 1.457421 1.485124 1.511853 1.537402 1.561552 1.584069 1.604712 1.623237 1.639405 1.652989 1.663788 1.671632 1.676392 1.677988 1.676392 1.671632 1.663788 1.652989 1.639405 1.623237 1.604712 1.584069 1.561552 1.537402 1.511853 1.485124 1.457421 1.428927 1.399812 1.370225 1.340296 1.310141 1.279858 1.249532 1.219235 1.189030 1.158966 1.129088 1.099429 1.070018 1.040879 1.012030 0.983485 0.955255 0.927347 0.899767 0.872517 0.845600 0.819015 0.792761 0.766835 0.741235 0.715956 
0.712096 0.737223 0.762664 0.788420 0.814494 0.840889 0.867603 0.894638 0.921990 0.949656 0.977629 1.005900 1.034458 1.063287 1.092368 1.121676 1.151183 1.180850 1.210636 1.240488 1.270343 1.300130 1.329763 1.359144 1.388159 1.416680 1.444560 1.471636 1.497727 1.522636 1.546153 1.568054 1.588109 1.606086 1.621759 1.634917 1.645369 1.652957 1.657559 1.659101 1.657559 1.652957 1.645369 1.634917 1.621759 1.606086 1.588109 1.568054 1.546153 1.522636 1.497727 1.471636 1.444560 1.416680 1.388159 1.359144 1.329763 1.300130 1.270343 1.240488 1.210636 1.180850 1.151183 1.121676 1.092368 1.063287 1.034458 1.005900 0.977629 0.949656 0.921990 0.894638 0.867603 0.840889 0.814494 0.788420 0.762664 0.737223 0.712096 
0.707622 0.732575 0.757831 0.783393 0.809261 0.835436 0.861919 0.888708 0.915799 0.943188 0.970867 0.998825 1.027051 1.055527 1.084234 1.113144 1.142228 1.171449 1.200760 1.230110 1.259436 1.288665 1.317712 1.346480 1.374856 1.402715 1.429914 1.456293 1.481680 1.505885 1.528705 1.549930 1.569341 1.586720 1.601856 1.614550 1.624626 1.631935 1.636367 1.637852 1.636367 1.631935 1.624626 1.614550 1.601856 1.586720 1.569341 1.549930 1.528705 1.505885 1.481680 1.456293 1.429914 1.402715 1.374856 1.346480 1.317712 1.288665 1.259436 1.230110 1.200760 1.171449 1.142228 1.113144 1.084234 1.055527 1.027051 0.998825 0.970867 0.943188 0.915799 0.888708 0.861919 0.835436 0.809261 0.783393 0.757831 0.732575 0.707622 
0.702547 0.727305 0.752353 0.777696 0.803332 0.829263 0.855486 0.882000 0.908799 0.935878 0.963229 0.990839 1.018695 1.046780 1.075070 1.103540 1.132157 1.160882 1.189671 1.218469 1.247213 1.275831 1.304237 1.332337 1.360019 1.387159 1.413621 1.439249 1.463878 1.487326 1.509402 1.529905 1.548632 1.565377 1.579943 1.592148 1.601826 1.608842 1.613095 1.614519 1.613095 1.608842 1.601826 1.592148 1.579943 1.565377 1.548632 1.529905 1.509402 1.487326 1.463878 1.439249 1.413621 1.387159 1.360019 1.332337 1.304237 1.275831 1.247213 1.218469 1.189671 1.160882 1.132157 1.103540 1.075070 1.046780 1.018695 0.990839 0.963229 0.935878 0.908799 0.882000 0.855486 0.829263 0.803332 0.777696 0.752353 0.727305 0.702547 
0.696885 0.721426 0.746246 0.771347 0.796728 0.822388 0.848326 0.874537 0.901016 0.927756 0.954747 0.981977 1.009429 1.037086 1.064924 1.092914 1.121024 1.149214 1.177438 1.205640 1.233758 1.261720 1.289440 1.316825 1.343767 1.370145 1.395825 1.420661 1.444492 1.467146 1.488443 1.508193 1.526207 1.542294 1.556271 1.567969 1.577238 1.583953 1.588021 1.589383 1.588021 1.583953 1.577238 1.567969 1.556271 1.542294 1.526207 1.508193 1.488443 1.467146 1.444492 1.420661 1.395825 1.370145 1.343767 1.316825 1.289440 1.261720 1.233758 1.205640 1.177438 1.149214 1.121024 1.092914 1.064924 1.037086 1.009429 0.981977 0.954747 0.927756 0.901016 0.874537 0.848326 0.822388 0.796728 0.771347 0.746246 0.721426 0.696885 
0.690651 0.714956 0.739528 0.764366 0.789469 0.814837 0.840465 0.866348 0.892481 0.918854 0.945457 0.972276 0.999295 1.026492 1.053845 1.081322 1.108891 1.136510 1.164132 1.191702 1.219158 1.246426 1.273424 1.300059 1.326226 1.351807 1.376675 1.400687 1.423692 1.445528 1.466023 1.485002 1.502288 1.517704 1.531082 1.542267 1.551121 1.557531 1.561412 1.562712 1.561412 1.557531 1.551121 1.542267 1.531082 1.517704 1.502288 1.485002 1.466023 1.445528 1.423692 1.400687 1.376675 1.351807 1.326226 1.300059 1.273424 1.246426 1.219158 1.191702 1.164132 1.136510 1.108891 1.081322 1.053845 1.026492 0.999295 0.972276 0.945457 0.918854 0.892481 0.866348 0.840465 0.814837 0.789469 0.764366 0.739528 0.714956 0.690651 
0.683861 0.707913 0.732217 0.756773 0.781579 0.806632 0.831928 0.857461 0.883223 0.909206 0.935395 0.961778 0.988336 1.015046 1.041885 1.068821 1.095819 1.122837 1.149828 1.176737 1.203501 1.230047 1.256295 1.282153 1.307519 1.332280 1.356314 1.379484 1.401647 1.422651 1.442335 1.460535 1.477087 1.491829 1.504607 1.515279 1.523720 1.529826 1.533522 1.534759 1.533522 1.529826 1.523720 1.515279 1.504607 1.491829 1.477087 1.460535 1.442335 1.422651 1.401647 1.379484 1.356314 1.332280 1.307519 1.282153 1.256295 1.230047 1.203501 1.176737 1.149828 1.122837 1.095819 1.068821 1.041885 1.015046 0.988336 0.961778 0.935395 0.909206 0.883223 0.857461 0.831928 0.806632 0.781579 0.756773 0.732217 0.707913 0.683861 
0.676534 0.700315 0.724334 0.748590 0.773080 0.797799 0.822744 0.847906 0.873277 0.898846 0.924601 0.950524 0.976597 1.002798 1.029098 1.055468 1.081871 1.108265 1.134602 1.160826 1.186875 1.212679 1.238156 1.263219 1.287769 1.311696 1.334884 1.357203 1.378519 1.398687 1.417559 1.434982 1.450805 1.464879 1.477063 1.487228 1.495261 1.501069 1.504582 1.505758 1.504582 1.501069 1.495261 1.487228 1.477063 1.464879 1.450805 1.434982 1.417559 1.398687 1.378519 1.357203 1.334884 1.311696 1.287769 1.263219 1.238156 1.212679 1.186875 1.160826 1.134602 1.108265 1.081871 1.055468 1.029098 1.002798 0.976597 0.950524 0.924601 0.898846 0.873277 0.847906 0.822744 0.797799 0.773080 0.748590 0.724334 0.700315 0.676534 
0.668687 0.692182 0.715901 0.739840 0.763997 0.788366 0.812941 0.837714 0.862675 0.887813 0.913112 0.938557 0.964126 0.989796 1.015539 1.041324 1.067113 1.092864 1.118528 1.144051 1.169371 1.194417 1.219112 1.243369 1.267094 1.290182 1.312521 1.333990 1.354460 1.373798 1.391866 1.408522 1.423626 1.437044 1.448647 1.458317 1.465952 1.471469 1.474805 1.475921 1.474805 1.471469 1.465952 1.458317 1.448647 1.437044 1.423626 1.408522 1.391866 1.373798 1.354460 1.333990 1.312521 1.290182 1.267094 1.243369 1.219112 1.194417 1.169371 1.144051 1.118528 1.092864 1.067113 1.041324 1.015539 0.989796 0.964126 0.938557 0.913112 0.887813 0.862675 0.837714 0.812941 0.788366 0.763997 0.739840 0.715901 0.692182 0.668687 
0.660340 0.683535 0.706939 0.730547 0.754356 0.778358 0.802548 0.826916 0.851452 0.876142 0.900970 0.925920 0.950969 0.976093 1.001263 1.026447 1.051608 1.076702 1.101682 1.126492 1.151072 1.175353 1.199260 1.222709 1.245608 1.267858 1.289353 1.309978 1.329614 1.348135 1.365412 1.381317 1.395721 1.408500 1.419538 1.428728 1.435979 1.441214 1.444378 1.445437 1.444378 1.441214 1.435979 1.428728 1.419538 1.408500 1.395721 1.381317 1.365412 1.348135 1.329614 1.309978 1.289353 1.267858 1.245608 1.222709 1.199260 1.175353 1.151072 1.126492 1.101682 1.076702 1.051608 1.026447 1.001263 0.976093 0.950969 0.925920 0.900970 0.876142 0.851452 0.826916 0.802548 0.778358 0.754356 0.730547 0.706939 0.683535 0.660340 
0.651511 0.674395 0.697471 0.720735 0.744182 0.767806 0.791597 0.815547 0.839643 0.863871 0.888215 0.912656 0.937172 0.961738 0.986323 1.010896 1.035418 1.059847 1.084135 1.108227 1.132063 1.155577 1.178696 1.201339 1.223418 1.244839 1.265501 1.285296 1.304112 1.321834 1.338341 1.353516 1.367241 1.379403 1.389896 1.398624 1.405505 1.410470 1.413470 1.414473 1.413470 1.410470 1.405505 1.398624 1.389896 1.379403 1.367241 1.353516 1.338341 1.321834 1.304112 1.285296 1.265501 1.244839 1.223418 1.201339 1.178696 1.155577 1.132063 1.108227 1.084135 1.059847 1.035418 1.010896 0.986323 0.961738 0.937172 0.912656 0.888215 0.863871 0.839643 0.815547 0.791597 0.767806 0.744182 0.720735 0.697471 0.674395 0.651511 
0.642222 0.664782 0.687519 0.710428 0.733503 0.756736 0.780117 0.803637 0.827282 0.851038 0.874887 0.898810 0.922783 0.946781 0.970774 0.994728 1.018606 1.042365 1.065957 1.089330 1.112424 1.135174 1.157511 1.179355 1.200625 1.221230 1.241074 1.260058 1.278076 1.295021 1.310783 1.325252 1.338322 1.349891 1.359861 1.368148 1.374675 1.379382 1.382225 1.383176 1.382225 1.379382 1.374675 1.368148 1.359861 1.349891 1.338322 1.325252 1.310783 1.295021 1.278076 1.260058 1.241074 1.221230 1.200625 1.179355 1.157511 1.135174 1.112424 1.089330 1.065957 1.042365 1.018606 0.994728 0.970774 0.946781 0.922783 0.898810 0.874887 0.851038 0.827282 0.803637 0.780117 0.756736 0.733503 0.710428 0.687519 0.664782 0.642222 
0.632492 0.654720 0.677108 0.699653 0.722345 0.745177 0.768139 0.791220 0.814406 0.837680 0.861026 0.884423 0.907847 0.931271 0.954667 0.977999 1.001231 1.024319 1.047217 1.069873 1.092230 1.114224 1.135788 1.156847 1.177322 1.197128 1.216175 1.234370 1.251614 1.267808 1.282851 1.296643 1.309085 1.320086 1.329558 1.337423 1.343614 1.348077 1.350771 1.351672 1.350771 1.348077 1.343614 1.337423 1.329558 1.320086 1.309085 1.296643 1.282851 1.267808 1.251614 1.234370 1.216175 1.197128 1.177322 1.156847 1.135788 1.114224 1.092230 1.069873 1.047217 1.024319 1.001231 0.977999 0.954667 0.931271 0.907847 0.884423 0.861026 0.837680 0.814406 0.791220 0.768139 0.745177 0.722345 0.699653 0.677108 0.654720 0.632492 
0.622343 0.644229 0.666261 0.688432 0.710734 0.733158 0.755694 0.778328 0.801047 0.823834 0.846672 0.869537 0.892408 0.915256 0.938052 0.960762 0.983349 1.005769 1.027978 1.049924 1.071552 1.092801 1.113606 1.133896 1.153595 1.172623 1.190897 1.208327 1.224824 1.240295 1.254648 1.267791 1.279635 1.290095 1.299092 1.306558 1.312430 1.316661 1.319214 1.320068 1.319214 1.316661 1.312430 1.306558 1.299092 1.290095 1.279635 1.267791 1.254648 1.240295 1.224824 1.208327 1.190897 1.172623 1.153595 1.133896 1.113606 1.092801 1.071552 1.049924 1.027978 1.005769 0.983349 0.960762 0.938052 0.915256 0.892408 0.869537 0.846672 0.823834 0.801047 0.778328 0.755694 0.733158 0.710734 0.688432 0.666261 0.644229 0.622343 
0.611794 0.633332 0.655001 0.676792 0.698697 0.720707 0.742810 0.764993 0.787240 0.809536 0.831862 0.854194 0.876510 0.898782 0.920980 0.943070 0.965014 0.986773 1.008300 1.029546 1.050457 1.070976 1.091038 1.110577 1.129521 1.147796 1.165320 1.182014 1.197793 1.212572 1.226265 1.238788 1.250062 1.260008 1.268557 1.275643 1.281215 1.285227 1.287647 1.288456 1.287647 1.285227 1.281215 1.275643 1.268557 1.260008 1.250062 1.238788 1.226265 1.212572 1.197793 1.182014 1.165320 1.147796 1.129521 1.110577 1.091038 1.070976 1.050457 1.029546 1.008300 0.986773 0.965014 0.943070 0.920980 0.898782 0.876510 0.854194 0.831862 0.809536 0.787240 0.764993 0.742810 0.720707 0.698697 0.676792 0.655001 0.633332 0.611794 
0.600867 0.622051 0.643351 0.664757 0.686260 0.707851 0.729517 0.751245 0.773019 0.794822 0.816634 0.838433 0.860195 0.881892 0.903495 0.924970 0.946280 0.967385 0.988240 1.008799 1.029008 1.048812 1.068150 1.086960 1.105173 1.122718 1.139522 1.155508 1.170598 1.184714 1.197778 1.209713 1.220445 1.229905 1.238028 1.244758 1.250046 1.253851 1.256147 1.256914 1.256147 1.253851 1.250046 1.244758 1.238028 1.229905 1.220445 1.209713 1.197778 1.184714 1.170598 1.155508 1.139522 1.122718 1.105173 1.086960 1.068150 1.048812 1.029008 1.008799 0.988240 0.967385 0.946280 0.924970 0.903495 0.881892 0.860195 0.838433 0.816634 0.794822 0.773019 0.751245 0.729517 0.707851 0.686260 0.664757 0.643351 0.622051 0.600867 
0.589581 0.610407 0.631333 0.652350 0.673449 0.694618 0.715845 0.737116 0.758415 0.779724 0.801023 0.822291 0.843502 0.864629 0.885642 0.906509 0.927193 0.947655 0.967852 0.987737 1.007260 1.026368 1.045004 1.063107 1.080613 1.097456 1.113567 1.128874 1.143307 1.156791 1.169257 1.180633 1.190852 1.199852 1.207574 1.213968 1.218988 1.222599 1.224777 1.225505 1.224777 1.222599 1.218988 1.213968 1.207574 1.199852 1.190852 1.180633 1.169257 1.156791 1.143307 1.128874 1.113567 1.097456 1.080613 1.063107 1.045004 1.026368 1.007260 0.987737 0.967852 0.947655 0.927193 0.906509 0.885642 0.864629 0.843502 0.822291 0.801023 0.779724 0.758415 0.737116 0.715845 0.694618 0.673449 0.652350 0.631333 0.610407 0.589581 
0.577958 0.598422 0.618972 0.639597 0.660289 0.681034 0.701821 0.722635 0.743460 0.764276 0.785065 0.805804 0.826469 0.847032 0.867463 0.887731 0.907800 0.927631 0.947183 0.966411 0.985267 1.003700 1.021655 1.039075 1.055900 1.072068 1.087514 1.102173 1.115977 1.128861 1.140758 1.151605 1.161340 1.169906 1.177250 1.183326 1.188095 1.191525 1.193592 1.194283 1.193592 1.191525 1.188095 1.183326 1.177250 1.169906 1.161340 1.151605 1.140758 1.128861 1.115977 1.102173 1.087514 1.072068 1.055900 1.039075 1.021655 1.003700 0.985267 0.966411 0.947183 0.927631 0.907800 0.887731 0.867463 0.847032 0.826469 0.805804 0.785065 0.764276 0.743460 0.722635 0.701821 0.681034 0.660289 0.639597 0.618972 0.598422 0.577958 
0.566016 0.586117 0.606288 0.626520 0.646804 0.667126 0.687473 0.707831 0.728182 0.748510 0.768793 0.789008 0.809133 0.829139 0.848998 0.868677 0.888143 0.907357 0.926280 0.944868 0.963076 0.980854 0.998151 1.014914 1.031084 1.046605 1.061415 1.075455 1.088662 1.100974 1.112333 1.122679 1.131956 1.140113 1.147101 1.152880 1.157413 1.160672 1.162636 1.163292 1.162636 1.160672 1.157413 1.152880 1.147101 1.140113 1.131956 1.122679 1.112333 1.100974 1.088662 1.075455 1.061415 1.046605 1.031084 1.014914 0.998151 0.980854 0.963076 0.944868 0.926280 0.907357 0.888143 0.868677 0.848998 0.829139 0.809133 0.789008 0.768793 0.748510 0.728182 0.707831 0.687473 0.667126 0.646804 0.626520 0.606288 0.586117 0.566016 
0.553776 0.573511 0.593303 0.613142 0.633018 0.652917 0.672826 0.692730 0.712613 0.732455 0.752236 0.771935 0.791527 0.810986 0.830282 0.849385 0.868261 0.886873 0.905184 0.923151 0.940731 0.957876 0.974539 0.990669 1.006211 1.021112 1.035316 1.048765 1.061403 1.073175 1.084023 1.093896 1.102741 1.110512 1.117166 1.122665 1.126977 1.130076 1.131942 1.132566 1.131942 1.130076 1.126977 1.122665 1.117166 1.110512 1.102741 1.093896 1.084023 1.073175 1.061403 1.048765 1.035316 1.021112 1.006211 0.990669 0.974539 0.957876 0.940731 0.923151 0.905184 0.886873 0.868261 0.849385 0.830282 0.810986 0.791527 0.771935 0.752236 0.732455 0.712613 0.692730 0.672826 0.652917 0.633018 0.613142 0.593303 0.573511 0.553776 
0.541256 0.560625 0.580038 0.599485 0.618954 0.638432 0.657906 0.677360 0.696777 0.716140 0.735427 0.754616 0.773685 0.792605 0.811351 0.829890 0.848190 0.866217 0.883933 0.901298 0.918270 0.934806 0.950859 0.966380 0.981321 0.995629 1.009254 1.022142 1.034241 1.045499 1.055865 1.065290 1.073729 1.081137 1.087477 1.092713 1.096817 1.099766 1.101541 1.102135 1.101541 1.099766 1.096817 1.092713 1.087477 1.081137 1.073729 1.065290 1.055865 1.045499 1.034241 1.022142 1.009254 0.995629 0.981321 0.966380 0.950859 0.934806 0.918270 0.901298 0.883933 0.866217 0.848190 0.829890 0.811351 0.792605 0.773685 0.754616 0.735427 0.716140 0.696777 0.677360 0.657906 0.638432 0.618954 0.599485 0.580038 0.560625 0.541256 
0.528475 0.547479 0.566514 0.585570 0.604634 0.623694 0.642736 0.661745 0.680703 0.699592 0.718392 0.737080 0.755635 0.774029 0.792235 0.810225 0.827965 0.845423 0.862562 0.879345 0.895731 0.911679 0.927145 0.942084 0.956448 0.970191 0.983264 0.995619 1.007205 1.017977 1.027887 1.036891 1.044946 1.052013 1.058058 1.063047 1.066957 1.069764 1.071455 1.072020 1.071455 1.069764 1.066957 1.063047 1.058058 1.052013 1.044946 1.036891 1.027887 1.017977 1.007205 0.995619 0.983264 0.970191 0.956448 0.942084 0.927145 0.911679 0.895731 0.879345 0.862562 0.845423 0.827965 0.810225 0.792235 0.774029 0.755635 0.737080 0.718392 0.699592 0.680703 0.661745 0.642736 0.623694 0.604634 0.585570 0.566514 0.547479 0.528475 
0.515450 0.534091 0.552750 0.571417 0.590080 0.608726 0.627341 0.645909 0.664414 0.682837 0.701158 0.719355 0.737406 0.755285 0.772966 0.790420 0.807616 0.824522 0.841103 0.857323 0.873144 0.888527 0.903430 0.917811 0.931625 0.944829 0.957376 0.969224 0.980325 0.990637 1.000116 1.008722 1.016416 1.023162 1.028929 1.033687 1.037413 1.040089 1.041700 1.042238 1.041700 1.040089 1.037413 1.033687 1.028929 1.023162 1.016416 1.008722 1.000116 0.990637 0.980325 0.969224 0.957376 0.944829 0.931625 0.917811 0.903430 0.888527 0.873144 0.857323 0.841103 0.824522 0.807616 0.790420 0.772966 0.755285 0.737406 0.719355 0.701158 0.682837 0.664414 0.645909 0.627341 0.608726 0.590080 0.571417 0.552750 0.534091 0.515450 
0.502200 0.520479 0.538764 0.557046 0.575311 0.593548 0.611741 0.629875 0.647934 0.665898 0.683749 0.701466 0.719024 0.736401 0.753570 0.770503 0.787171 0.803542 0.819584 0.835262 0.850539 0.865379 0.879742 0.893588 0.906877 0.919567 0.931615 0.942981 0.953622 0.963499 0.972571 0.980802 0.988155 0.994600 1.000105 1.004646 1.008201 1.010753 1.012290 1.012802 1.012290 1.010753 1.008201 1.004646 1.000105 0.994600 0.988155 0.980802 0.972571 0.963499 0.953622 0.942981 0.931615 0.919567 0.906877 0.893588 0.879742 0.865379 0.850539 0.835262 0.819584 0.803542 0.787171 0.770503 0.753570 0.736401 0.719024 0.701466 0.683749 0.665898 0.647934 0.629875 0.611741 0.593548 0.575311 0.557046 0.538764 0.520479 0.502200 
0.488741 0.506661 0.524576 0.542476 0.560348 0.578180 0.595958 0.613665 0.631285 0.648800 0.666191 0.683436 0.700515 0.717402 0.734073 0.750500 0.766656 0.782510 0.798031 0.813186 0.827940 0.842259 0.856105 0.869441 0.882228 0.894428 0.906002 0.916911 0.927116 0.936581 0.945269 0.953146 0.960179 0.966339 0.971600 0.975937 0.979331 0.981767 0.983233 0.983722 0.983233 0.981767 0.979331 0.975937 0.971600 0.966339 0.960179 0.953146 0.945269 0.936581 0.927116 0.916911 0.906002 0.894428 0.882228 0.869441 0.856105 0.842259 0.827940 0.813186 0.798031 0.782510 0.766656 0.750500 0.734073 0.717402 0.700515 0.683436 0.666191 0.648800 0.631285 0.613665 0.595958 0.578180 0.560348 0.542476 0.524576 0.506661 0.488741 
0.475089 0.492652 0.510201 0.527724 0.545209 0.562642 0.580010 0.597297 0.614487 0.631562 0.648503 0.665289 0.681899 0.698309 0.714496 0.730434 0.746094 0.761449 0.776467 0.791119 0.805371 0.819190 0.832541 0.845389 0.857698 0.869432 0.880555 0.891030 0.900823 0.909898 0.918223 0.925766 0.932498 0.938390 0.943420 0.947566 0.950809 0.953136 0.954536 0.955004 0.954536 0.953136 0.950809 0.947566 0.943420 0.938390 0.932498 0.925766 0.918223 0.909898 0.900823 0.891030 0.880555 0.869432 0.857698 0.845389 0.832541 0.819190 0.805371 0.791119 0.776467 0.761449 0.746094 0.730434 0.714496 0.698309 0.681899 0.665289 0.648503 0.631562 0.614487 0.597297 0.580010 0.562642 0.545209 0.527724 0.510201 0.492652 0.475089 
0.461259 0.478471 0.495657 0.512808 0.529911 0.546952 0.563918 0.580793 0.597561 0.614205 0.630706 0.647044 0.663198 0.679146 0.694863 0.710326 0.725507 0.740379 0.754914 0.769082 0.782851 0.796191 0.809069 0.821451 0.833304 0.844595 0.855288 0.865353 0.874754 0.883461 0.891444 0.898672 0.905119 0.910760 0.915573 0.919538 0.922640 0.924864 0.926203 0.926650 0.926203 0.924864 0.922640 0.919538 0.915573 0.910760 0.905119 0.898672 0.891444 0.883461 0.874754 0.865353 0.855288 0.844595 0.833304 0.821451 0.809069 0.796191 0.782851 0.769082 0.754914 0.740379 0.725507 0.710326 0.694863 0.679146 0.663198 0.647044 0.630706 0.614205 0.597561 0.580793 0.563918 0.546952 0.529911 0.512808 0.495657 0.478471 0.461259 
0.447267 0.464131 0.480960 0.497744 0.514470 0.531126 0.547697 0.564169 0.580524 0.596747 0.612819 0.628721 0.644431 0.659929 0.675192 0.690195 0.704913 0.719320 0.733389 0.747092 0.760399 0.773280 0.785705 0.797642 0.809061 0.819929 0.830216 0.839890 0.848921 0.857280 0.864938 0.871869 0.878048 0.883452 0.888061 0.891857 0.894826 0.896954 0.898235 0.898662 0.898235 0.896954 0.894826 0.891857 0.888061 0.883452 0.878048 0.871869 0.864938 0.857280 0.848921 0.839890 0.830216 0.819929 0.809061 0.797642 0.785705 0.773280 0.760399 0.747092 0.733389 0.719320 0.704913 0.690195 0.675192 0.659929 0.644431 0.628721 0.612819 0.596747 0.580524 0.564169 0.547697 0.531126 0.514470 0.497744 0.480960 0.464131 0.447267 
0.433126 0.449647 0.466124 0.482547 0.498904 0.515181 0.531365 0.547441 0.563394 0.579206 0.594860 0.610337 0.625616 0.640678 0.655500 0.670059 0.684330 0.698289 0.711910 0.725166 0.738029 0.750471 0.762463 0.773976 0.784981 0.795447 0.805347 0.814651 0.823332 0.831361 0.838713 0.845364 0.851290 0.856471 0.860888 0.864524 0.867367 0.869406 0.870632 0.871041 0.870632 0.869406 0.867367 0.864524 0.860888 0.856471 0.851290 0.845364 0.838713 0.831361 0.823332 0.814651 0.805347 0.795447 0.784981 0.773976 0.762463 0.750471 0.738029 0.725166 0.711910 0.698289 0.684330 0.670059 0.655500 0.640678 0.625616 0.610337 0.594860 0.579206 0.563394 0.547441 0.531365 0.515181 0.498904 0.482547 0.466124 0.449647 0.433126 
0.418850 0.435033 0.451163 0.467232 0.483225 0.499132 0.514937 0.530627 0.546186 0.561597 0.576844 0.591908 0.606769 0.621408 0.635804 0.649933 0.663774 0.677301 0.690491 0.703318 0.715755 0.727777 0.739355 0.750464 0.761074 0.771159 0.780691 0.789644 0.797992 0.805709 0.812772 0.819158 0.824845 0.829816 0.834051 0.837538 0.840263 0.842217 0.843392 0.843784 0.843392 0.842217 0.840263 0.837538 0.834051 0.829816 0.824845 0.819158 0.812772 0.805709 0.797992 0.789644 0.780691 0.771159 0.761074 0.750464 0.739355 0.727777 0.715755 0.703318 0.690491 0.677301 0.663774 0.649933 0.635804 0.621408 0.606769 0.591908 0.576844 0.561597 0.546186 0.530627 0.514937 0.499132 0.483225 0.467232 0.451163 0.435033 0.418850 
0.404452 0.420302 0.436092 0.451812 0.467450 0.482993 0.498427 0.513740 0.528915 0.543936 0.558787 0.573449 0.587905 0.602135 0.616118 0.629833 0.643257 0.656369 0.669145 0.681560 0.693590 0.705209 0.716393 0.727114 0.737349 0.747070 0.756253 0.764873 0.772906 0.780328 0.787117 0.793252 0.798715 0.803487 0.807552 0.810898 0.813512 0.815385 0.816512 0.816888 0.816512 0.815385 0.813512 0.810898 0.807552 0.803487 0.798715 0.793252 0.787117 0.780328 0.772906 0.764873 0.756253 0.747070 0.737349 0.727114 0.716393 0.705209 0.693590 0.681560 0.669145 0.656369 0.643257 0.629833 0.616118 0.602135 0.587905 0.573449 0.558787 0.543936 0.528915 0.513740 0.498427 0.482993 0.467450 0.451812 0.436092 0.420302 0.404452 
0.389944 0.405466 0.420922 0.436300 0.451589 0.466777 0.481850 0.496794 0.511594 0.526235 0.540701 0.554975 0.569038 0.582871 0.596455 0.609770 0.622794 0.635506 0.647884 0.659904 0.671543 0.682777 0.693583 0.703936 0.713813 0.723188 0.732039 0.740343 0.748077 0.755219 0.761749 0.767648 0.772898 0.777483 0.781387 0.784600 0.787109 0.788908 0.789989 0.790350 0.789989 0.788908 0.787109 0.784600 0.781387 0.777483 0.772898 0.767648 0.761749 0.755219 0.748077 0.740343 0.732039 0.723188 0.713813 0.703936 0.693583 0.682777 0.671543 0.659904 0.647884 0.635506 0.622794 0.609770 0.596455 0.582871 0.569038 0.554975 0.540701 0.526235 0.511594 0.496794 0.481850 0.466777 0.451589 0.436300 0.420922 0.405466 0.389944 
0.375338 0.390538 0.405666 0.420709 0.435657 0.450497 0.465216 0.479801 0.494237 0.508509 0.522601 0.536496 0.550178 0.563628 0.576827 0.589756 0.602395 0.614722 0.626717 0.638358 0.649623 0.660489 0.670935 0.680936 0.690471 0.699517 0.708053 0.716057 0.723507 0.730384 0.736669 0.742345 0.747393 0.751801 0.755554 0.758641 0.761052 0.762779 0.763818 0.764164 0.763818 0.762779 0.761052 0.758641 0.755554 0.751801 0.747393 0.742345 0.736669 0.730384 0.723507 0.716057 0.708053 0.699517 0.690471 0.680936 0.670935 0.660489 0.649623 0.638358 0.626717 0.614722 0.602395 0.589756 0.576827 0.563628 0.550178 0.536496 0.522601 0.508509 0.494237 0.479801 0.465216 0.450497 0.435657 0.420709 0.405666 0.390538 0.375338 
0.360644 0.375529 0.390335 0.405050 0.419664 0.434164 0.448539 0.462773 0.476854 0.490767 0.504496 0.518026 0.531339 0.544418 0.557245 0.569802 0.582069 0.594026 0.605654 0.616932 0.627838 0.638352 0.648453 0.658118 0.667328 0.676061 0.684297 0.692015 0.699197 0.705823 0.711876 0.717339 0.722198 0.726438 0.730048 0.733016 0.735334 0.736995 0.737993 0.738326 0.737993 0.736995 0.735334 0.733016 0.730048 0.726438 0.722198 0.717339 0.711876 0.705823 0.699197 0.692015 0.684297 0.676061 0.667328 0.658118 0.648453 0.638352 0.627838 0.616932 0.605654 0.594026 0.582069 0.569802 0.557245 0.544418 0.531339 0.518026 0.504496 0.490767 0.476854 0.462773 0.448539 0.434164 0.419664 0.405050 0.390335 0.375529 0.360644 
