45 45
6.223003e-01 0 5
-0.088834 -0.066764 -0.045024 -0.023668 -0.002755 0.017651 0.037483 0.056671 0.075140 0.092815 0.109616 0.125463 0.140276 0.153974 0.166480 0.177718 0.187617 0.196114 0.203149 0.208675 0.212651 0.215048 0.215849 0.215048 0.212651 0.208675 0.203149 0.196114 0.187617 0.177718 0.166480 0.153974 0.140276 0.125463 0.109616 0.092815 0.075140 0.056671 0.037483 0.017651 -0.002755 -0.023668 -0.045024 -0.066764 -0.088834 
-0.067286 -0.044485 -0.021996 0.000122 0.021808 0.042996 0.063615 0.083591 0.102844 0.121292 0.138850 0.155433 0.170952 0.185319 0.198451 0.210262 0.220677 0.229623 0.237036 0.242861 0.247054 0.249584 0.250429 0.249584 0.247054 0.242861 0.237036 0.229623 0.220677 0.210262 0.198451 0.185319 0.170952 0.155433 0.138850 0.121292 0.102844 0.083591 0.063615 0.042996 0.021808 0.000122 -0.021996 -0.044485 -0.067286 
-0.046101 -0.022554 0.000699 0.023598 0.046079 0.068073 0.089506 0.110297 0.130363 0.149617 0.167967 0.185319 0.201579 0.216652 0.230442 0.242861 0.253821 0.263244 0.271057 0.277201 0.281626 0.284296 0.285188 0.284296 0.281626 0.277201 0.271057 0.263244 0.253821 0.242861 0.230442 0.216652 0.201579 0.185319 0.167967 0.149617 0.130363 0.110297 0.089506 0.068073 0.046079 0.023598 0.000699 -0.022554 -0.046101 
-0.025335 -0.001030 0.023001 0.046698 0.069993 0.092815 0.115084 0.136718 0.157627 0.177718 0.196892 0.215048 0.232084 0.247896 0.262381 0.275440 0.286977 0.296904 0.305143 0.311625 0.316296 0.319115 0.320058 0.319115 0.316296 0.311625 0.305143 0.296904 0.286977 0.275440 0.262381 0.247896 0.232084 0.215048 0.196892 0.177718 0.157627 0.136718 0.115084 0.092815 0.069993 0.046698 0.023001 -0.001030 -0.025335 
-0.005048 0.020023 0.044844 0.069353 0.093479 0.117147 0.140276 0.162777 0.184555 0.205512 0.225541 0.244535 0.262381 0.278968 0.294181 0.307913 0.320058 0.330518 0.339207 0.346048 0.350980 0.353958 0.354953 0.353958 0.350980 0.346048 0.339207 0.330518 0.320058 0.307913 0.294181 0.278968 0.262381 0.244535 0.225541 0.205512 0.184555 0.162777 0.140276 0.117147 0.093479 0.069353 0.044844 0.020023 -0.005048 
0.014697 0.040540 0.066159 0.091489 0.116459 0.140990 0.164996 0.188385 0.211058 0.232907 0.253821 0.273683 0.292373 0.309766 0.325742 0.340180 0.352964 0.363986 0.373149 0.380369 0.385577 0.388722 0.389774 0.388722 0.385577 0.380369 0.373149 0.363986 0.352964 0.340180 0.325742 0.309766 0.292373 0.273683 0.253821 0.232907 0.211058 0.188385 0.164996 0.140990 0.116459 0.091489 0.066159 0.040540 0.014697 
0.033833 0.060450 0.086870 0.113028 0.138850 0.164255 0.189154 0.213449 0.237036 0.259801 0.281626 0.302385 0.321947 0.340180 0.356949 0.372124 0.385577 0.397188 0.406850 0.414468 0.419967 0.423290 0.424401 0.423290 0.419967 0.414468 0.406850 0.397188 0.385577 0.372124 0.356949 0.340180 0.321947 0.302385 0.281626 0.259801 0.237036 0.213449 0.189154 0.164255 0.138850 0.113028 0.086870 0.060450 0.033833 
0.052289 0.079677 0.106899 0.133886 0.160565 0.186850 0.212651 0.237865 0.262381 0.286082 0.308839 0.330518 0.350980 0.370080 0.387672 0.403613 0.417762 0.429988 0.440172 0.448209 0.454013 0.457521 0.458695 0.457521 0.454013 0.448209 0.440172 0.429988 0.417762 0.403613 0.387672 0.370080 0.350980 0.330518 0.308839 0.286082 0.262381 0.237865 0.212651 0.186850 0.160565 0.133886 0.106899 0.079677 0.052289 
0.069993 0.098144 0.126161 0.153974 0.181507 0.208675 0.235381 0.261520 0.286977 0.311625 0.335331 0.357950 0.379332 0.399322 0.417762 0.434494 0.449365 0.462230 0.472957 0.481429 0.487552 0.491254 0.492493 0.491254 0.487552 0.481429 0.472957 0.462230 0.449365 0.434494 0.417762 0.399322 0.379332 0.357950 0.335331 0.311625 0.286977 0.261520 0.235381 0.208675 0.181507 0.153974 0.126161 0.098144 0.069993 
0.086870 0.115771 0.144570 0.173199 0.201579 0.229623 0.257232 0.284296 0.310695 0.336298 0.360961 0.384532 0.406850 0.427748 0.447054 0.464598 0.480212 0.493735 0.505022 0.513945 0.520398 0.524302 0.525609 0.524302 0.520398 0.513945 0.505022 0.493735 0.480212 0.464598 0.447054 0.427748 0.406850 0.384532 0.360961 0.336298 0.310695 0.284296 0.257232 0.229623 0.201579 0.173199 0.144570 0.115771 0.086870 
0.102844 0.132475 0.162038 0.191466 0.220677 0.249584 0.278084 0.306065 0.333401 0.359955 0.385577 0.410104 0.433365 0.455180 0.475366 0.493735 0.510106 0.524302 0.536164 0.545550 0.552342 0.556453 0.557830 0.556453 0.552342 0.545550 0.536164 0.524302 0.510106 0.493735 0.475366 0.455180 0.433365 0.410104 0.385577 0.359955 0.333401 0.306065 0.278084 0.249584 0.220677 0.191466 0.162038 0.132475 0.102844 
0.117836 0.148171 0.178474 0.208675 0.238695 0.268442 0.297814 0.326695 0.354953 0.382447 0.409017 0.434494 0.458695 0.481429 0.502496 0.521697 0.538831 0.553710 0.566154 0.576010 0.583148 0.587470 0.588918 0.587470 0.583148 0.576010 0.566154 0.553710 0.538831 0.521697 0.502496 0.481429 0.458695 0.434494 0.409017 0.382447 0.354953 0.326695 0.297814 0.268442 0.238695 0.208675 0.178474 0.148171 0.117836 
0.131770 0.162777 0.193786 0.224728 0.255524 0.286082 0.316296 0.346048 0.375203 0.403613 0.431112 0.457521 0.482649 0.506289 0.528231 0.548258 0.566154 0.581714 0.594743 0.605070 0.612555 0.617090 0.618609 0.617090 0.612555 0.605070 0.594743 0.581714 0.566154 0.548258 0.528231 0.506289 0.482649 0.457521 0.431112 0.403613 0.375203 0.346048 0.316296 0.286082 0.255524 0.224728 0.193786 0.162777 0.131770 
0.144570 0.176208 0.207883 0.239526 0.271057 0.302385 0.333401 0.363986 0.394000 0.423290 0.451685 0.478997 0.505022 0.529546 0.552342 0.573178 0.591823 0.608053 0.621658 0.632453 0.640281 0.645027 0.646617 0.645027 0.640281 0.632453 0.621658 0.608053 0.591823 0.573178 0.552342 0.529546 0.505022 0.478997 0.451685 0.423290 0.394000 0.363986 0.333401 0.302385 0.271057 0.239526 0.207883 0.176208 0.144570 
0.156164 0.188385 0.220677 0.252971 0.285188 0.317235 0.349003 0.380369 0.411192 0.441314 0.470557 0.498726 0.525609 0.550978 0.574593 0.596207 0.615574 0.632453 0.646617 0.657864 0.666027 0.670978 0.672637 0.670978 0.666027 0.657864 0.646617 0.632453 0.615574 0.596207 0.574593 0.550978 0.525609 0.498726 0.470557 0.441314 0.411192 0.380369 0.349003 0.317235 0.285188 0.252971 0.220677 0.188385 0.156164 
0.166480 0.199231 0.232084 0.264972 0.297814 0.330518 0.362976 0.395061 0.426630 0.457521 0.487552 0.516518 0.544200 0.570359 0.594743 0.617090 0.637138 0.654630 0.669323 0.681001 0.689481 0.694626 0.696351 0.694626 0.689481 0.681001 0.669323 0.654630 0.637138 0.617090 0.594743 0.570359 0.544200 0.516518 0.487552 0.457521 0.426630 0.395061 0.362976 0.330518 0.297814 0.264972 0.232084 0.199231 0.166480 
0.175455 0.208675 0.242026 0.275440 0.308839 0.342130 0.375203 0.407933 0.440172 0.471756 0.502496 0.532185 0.560592 0.587470 0.612555 0.635572 0.656245 0.674300 0.689481 0.701555 0.710329 0.715655 0.717440 0.715655 0.710329 0.701555 0.689481 0.674300 0.656245 0.635572 0.612555 0.587470 0.560592 0.532185 0.502496 0.471756 0.440172 0.407933 0.375203 0.342130 0.308839 0.275440 0.242026 0.208675 0.175455 
0.183030 0.216652 0.250429 0.284296 0.318174 0.351971 0.385577 0.418864 0.451685 0.483871 0.515231 0.545550 0.574593 0.602102 0.627803 0.651412 0.672637 0.691191 0.706804 0.719231 0.728266 0.733752 0.735592 0.733752 0.728266 0.719231 0.706804 0.691191 0.672637 0.651412 0.627803 0.602102 0.574593 0.545550 0.515231 0.483871 0.451685 0.418864 0.385577 0.351971 0.318174 0.284296 0.250429 0.216652 0.183030 
0.189154 0.223105 0.257232 0.291470 0.325742 0.359955 0.394000 0.427748 0.461050 0.493735 0.525609 0.556453 0.586026 0.614063 0.640281 0.664386 0.686075 0.705050 0.721028 0.733752 0.743008 0.748630 0.750515 0.748630 0.743008 0.733752 0.721028 0.705050 0.686075 0.664386 0.640281 0.614063 0.586026 0.556453 0.525609 0.493735 0.461050 0.427748 0.394000 0.359955 0.325742 0.291470 0.257232 0.223105 0.189154 
0.193786 0.227987 0.262381 0.296904 0.331478 0.366011 0.400392 0.434494 0.468167 0.501237 0.533509 0.564759 0.594743 0.623189 0.649809 0.674300 0.696351 0.715655 0.731918 0.744876 0.754304 0.760033 0.761954 0.760033 0.754304 0.744876 0.731918 0.715655 0.696351 0.674300 0.649809 0.623189 0.594743 0.564759 0.533509 0.501237 0.468167 0.434494 0.400392 0.366011 0.331478 0.296904 0.262381 0.227987 0.193786 
0.196892 0.231263 0.265838 0.300553 0.335331 0.370080 0.404690 0.439032 0.472957 0.506289 0.538831 0.570359 0.600623 0.629349 0.656245 0.681001 0.703300 0.722829 0.739288 0.752407 0.761954 0.767756 0.769702 0.767756 0.761954 0.752407 0.739288 0.722829 0.703300 0.681001 0.656245 0.629349 0.600623 0.570359 0.538831 0.506289 0.472957 0.439032 0.404690 0.370080 0.335331 0.300553 0.265838 0.231263 0.196892 
0.198451 0.232907 0.267573 0.302385 0.337266 0.372124 0.406850 0.441314 0.475366 0.508831 0.541510 0.573178 0.603584 0.632453 0.659488 0.684379 0.706804 0.726448 0.743008 0.756208 0.765816 0.771655 0.773614 0.771655 0.765816 0.756208 0.743008 0.726448 0.706804 0.684379 0.659488 0.632453 0.603584 0.573178 0.541510 0.508831 0.475366 0.441314 0.406850 0.372124 0.337266 0.302385 0.267573 0.232907 0.198451 
0.198646 0.233113 0.267790 0.302614 0.337508 0.372380 0.407120 0.441600 0.475667 0.509149 0.541846 0.573531 0.603955 0.632842 0.659895 0.684802 0.707244 0.726902 0.743474 0.756684 0.766300 0.772144 0.774105 0.772144 0.766300 0.756684 0.743474 0.726902 0.707244 0.684802 0.659895 0.632842 0.603955 0.573531 0.541846 0.509149 0.475667 0.441600 0.407120 0.372380 0.337508 0.302614 0.267790 0.233113 0.198646 
0.198442 0.232898 0.267563 0.302375 0.337255 0.372113 0.406838 0.441301 0.475353 0.508817 0.541496 0.573163 0.603568 0.632436 0.659471 0.684360 0.706785 0.726429 0.742987 0.756187 0.765795 0.771634 0.773593 0.771634 0.765795 0.756187 0.742987 0.726429 0.706785 0.684360 0.659471 0.632436 0.603568 0.573163 0.541496 0.508817 0.475353 0.441301 0.406838 0.372113 0.337255 0.302375 0.267563 0.232898 0.198442 
0.196867 0.231236 0.265810 0.300523 0.335300 0.370047 0.404655 0.438996 0.472918 0.506248 0.538788 0.570314 0.600575 0.629299 0.656193 0.680946 0.703243 0.722771 0.739229 0.752345 0.761892 0.767693 0.769639 0.767693 0.761892 0.752345 0.739229 0.722771 0.703243 0.680946 0.656193 0.629299 0.600575 0.570314 0.538788 0.506248 0.472918 0.438996 0.404655 0.370047 0.335300 0.300523 0.265810 0.231236 0.196867 
0.193744 0.227943 0.262335 0.296855 0.331426 0.365956 0.400334 0.434433 0.468102 0.501169 0.533437 0.564684 0.594664 0.623106 0.649723 0.674211 0.696258 0.715559 0.731819 0.744775 0.754202 0.759929 0.761851 0.759929 0.754202 0.744775 0.731819 0.715559 0.696258 0.674211 0.649723 0.623106 0.594664 0.564684 0.533437 0.501169 0.468102 0.434433 0.400334 0.365956 0.331426 0.296855 0.262335 0.227943 0.193744 
0.189096 0.223044 0.257167 0.291402 0.325671 0.359880 0.393920 0.427663 0.460961 0.493641 0.525511 0.556350 0.585917 0.613949 0.640163 0.664262 0.685947 0.704918 0.720892 0.733614 0.742867 0.748488 0.750373 0.748488 0.742867 0.733614 0.720892 0.704918 0.685947 0.664262 0.640163 0.613949 0.585917 0.556350 0.525511 0.493641 0.460961 0.427663 0.393920 0.359880 0.325671 0.291402 0.257167 0.223044 0.189096 
0.182956 0.216574 0.250347 0.284210 0.318083 0.351875 0.385475 0.418757 0.451572 0.483752 0.515106 0.545419 0.574455 0.601958 0.627654 0.651257 0.672476 0.691025 0.706634 0.719058 0.728090 0.733574 0.735414 0.733574 0.728090 0.719058 0.706634 0.691025 0.672476 0.651257 0.627654 0.601958 0.574455 0.545419 0.515106 0.483752 0.451572 0.418757 0.385475 0.351875 0.318083 0.284210 0.250347 0.216574 0.182956 
0.175365 0.208581 0.241927 0.275336 0.308729 0.342014 0.375081 0.407804 0.440037 0.471614 0.502347 0.532029 0.560429 0.587299 0.612377 0.635387 0.656054 0.674103 0.689279 0.701349 0.710120 0.715444 0.717229 0.715444 0.710120 0.701349 0.689279 0.674103 0.656054 0.635387 0.612377 0.587299 0.560429 0.532029 0.502347 0.471614 0.440037 0.407804 0.375081 0.342014 0.308729 0.275336 0.241927 0.208581 0.175365 
0.166376 0.199122 0.231969 0.264851 0.297687 0.330384 0.362835 0.394912 0.426474 0.457357 0.487380 0.516338 0.544012 0.570162 0.594538 0.616878 0.636919 0.654404 0.669092 0.680765 0.689242 0.694386 0.696110 0.694386 0.689242 0.680765 0.669092 0.654404 0.636919 0.616878 0.594538 0.570162 0.544012 0.516338 0.487380 0.457357 0.426474 0.394912 0.362835 0.330384 0.297687 0.264851 0.231969 0.199122 0.166376 
0.156046 0.188261 0.220547 0.252835 0.285044 0.317083 0.348843 0.380201 0.411016 0.441130 0.470364 0.498524 0.525398 0.550758 0.574364 0.595971 0.615330 0.632202 0.646360 0.657603 0.665762 0.670710 0.672369 0.670710 0.665762 0.657603 0.646360 0.632202 0.615330 0.595971 0.574364 0.550758 0.525398 0.498524 0.470364 0.441130 0.411016 0.380201 0.348843 0.317083 0.285044 0.252835 0.220547 0.188261 0.156046 
0.144439 0.176070 0.207738 0.239374 0.270898 0.302217 0.333225 0.363801 0.393806 0.423087 0.451472 0.478775 0.504791 0.529306 0.552092 0.572920 0.591557 0.607780 0.621379 0.632169 0.639993 0.644737 0.646326 0.644737 0.639993 0.632169 0.621379 0.607780 0.591557 0.572920 0.552092 0.529306 0.504791 0.478775 0.451472 0.423087 0.393806 0.363801 0.333225 0.302217 0.270898 0.239374 0.207738 0.176070 0.144439 
0.131626 0.162626 0.193627 0.224562 0.255350 0.285899 0.316105 0.345847 0.374993 0.403393 0.430882 0.457282 0.482399 0.506030 0.527963 0.547981 0.565869 0.581421 0.594444 0.604766 0.612247 0.616780 0.618298 0.616780 0.612247 0.604766 0.594444 0.581421 0.565869 0.547981 0.527963 0.506030 0.482399 0.457282 0.430882 0.403393 0.374993 0.345847 0.316105 0.285899 0.255350 0.224562 0.193627 0.162626 0.131626 
0.117680 0.148008 0.178303 0.208496 0.238507 0.268246 0.297609 0.326480 0.354728 0.382212 0.408772 0.434239 0.458430 0.481154 0.502212 0.521403 0.538530 0.553401 0.565839 0.575690 0.582824 0.587144 0.588591 0.587144 0.582824 0.575690 0.565839 0.553401 0.538530 0.521403 0.502212 0.481154 0.458430 0.434239 0.408772 0.382212 0.354728 0.326480 0.297609 0.268246 0.238507 0.208496 0.178303 0.148008 0.117680 
0.102677 0.132300 0.161856 0.191275 0.220477 0.249375 0.277866 0.305837 0.333163 0.359707 0.385318 0.409835 0.433086 0.454891 0.475067 0.493428 0.509790 0.523980 0.535835 0.545216 0.552004 0.556114 0.557489 0.556114 0.552004 0.545216 0.535835 0.523980 0.509790 0.493428 0.475067 0.454891 0.433086 0.409835 0.385318 0.359707 0.333163 0.305837 0.277866 0.249375 0.220477 0.191275 0.161856 0.132300 0.102677 
0.086694 0.115587 0.144378 0.172998 0.201369 0.229403 0.257002 0.284056 0.310445 0.336038 0.360690 0.384251 0.406559 0.427447 0.446744 0.464279 0.479885 0.493401 0.504682 0.513600 0.520050 0.523952 0.525258 0.523952 0.520050 0.513600 0.504682 0.493401 0.479885 0.464279 0.446744 0.427447 0.406559 0.384251 0.360690 0.336038 0.310445 0.284056 0.257002 0.229403 0.201369 0.172998 0.144378 0.115587 0.086694 
0.069807 0.097950 0.125958 0.153763 0.181287 0.208445 0.235141 0.261271 0.286717 0.311355 0.335050 0.357659 0.379032 0.399012 0.417443 0.434166 0.449029 0.461887 0.472608 0.481075 0.487195 0.490895 0.492134 0.490895 0.487195 0.481075 0.472608 0.461887 0.449029 0.434166 0.417443 0.399012 0.379032 0.357659 0.335050 0.311355 0.286717 0.261271 0.235141 0.208445 0.181287 0.153763 0.125958 0.097950 0.069807 
0.052094 0.079474 0.106687 0.133666 0.160335 0.186612 0.212402 0.237606 0.262113 0.285803 0.308550 0.330220 0.350671 0.369762 0.387345 0.403277 0.417419 0.429639 0.439817 0.447849 0.453649 0.457156 0.458329 0.457156 0.453649 0.447849 0.439817 0.429639 0.417419 0.403277 0.387345 0.369762 0.350671 0.330220 0.308550 0.285803 0.262113 0.237606 0.212402 0.186612 0.160335 0.133666 0.106687 0.079474 0.052094 
0.033630 0.060239 0.086651 0.112800 0.138613 0.164009 0.188898 0.213183 0.236760 0.259515 0.281330 0.302079 0.321632 0.339855 0.356616 0.371783 0.385228 0.396833 0.406489 0.414104 0.419599 0.422920 0.424031 0.422920 0.419599 0.414104 0.406489 0.396833 0.385228 0.371783 0.356616 0.339855 0.321632 0.302079 0.281330 0.259515 0.236760 0.213183 0.188898 0.164009 0.138613 0.112800 0.086651 0.060239 0.033630 
0.014488 0.040323 0.065933 0.091254 0.116215 0.140736 0.164733 0.188113 0.210775 0.232615 0.253520 0.273372 0.292052 0.309437 0.325405 0.339835 0.352611 0.363627 0.372785 0.380001 0.385206 0.388349 0.389401 0.388349 0.385206 0.380001 0.372785 0.363627 0.352611 0.339835 0.325405 0.309437 0.292052 0.273372 0.253520 0.232615 0.210775 0.188113 0.164733 0.140736 0.116215 0.091254 0.065933 0.040323 0.014488 
-0.005263 0.019800 0.044612 0.069112 0.093229 0.116888 0.140007 0.162499 0.184268 0.205215 0.225235 0.244220 0.262057 0.278635 0.293841 0.307565 0.319703 0.330158 0.338841 0.345678 0.350608 0.353583 0.354579 0.353583 0.350608 0.345678 0.338841 0.330158 0.319703 0.307565 0.293841 0.278635 0.262057 0.244220 0.225235 0.205215 0.184268 0.162499 0.140007 0.116888 0.093229 0.069112 0.044612 0.019800 -0.005263 
-0.025556 -0.001259 0.022763 0.046452 0.069738 0.092551 0.114812 0.136436 0.157336 0.177417 0.196582 0.214730 0.231758 0.247561 0.262039 0.275090 0.286621 0.296543 0.304777 0.311255 0.315923 0.318741 0.319683 0.318741 0.315923 0.311255 0.304777 0.296543 0.286621 0.275090 0.262039 0.247561 0.231758 0.214730 0.196582 0.177417 0.157336 0.136436 0.114812 0.092551 0.069738 0.046452 0.022763 -0.001259 -0.025556 
-0.046326 -0.022788 0.000457 0.023348 0.045820 0.067806 0.089229 0.110011 0.130069 0.149314 0.167655 0.184999 0.201251 0.216315 0.230099 0.242511 0.253465 0.262882 0.270691 0.276832 0.281254 0.283922 0.284814 0.283922 0.281254 0.276832 0.270691 0.262882 0.253465 0.242511 0.230099 0.216315 0.201251 0.184999 0.167655 0.149314 0.130069 0.110011 0.089229 0.067806 0.045820 0.023348 0.000457 -0.022788 -0.046326 
-0.067516 -0.044722 -0.022242 -0.000132 0.021546 0.042725 0.063336 0.083303 0.102547 0.120986 0.138537 0.155111 0.170622 0.184982 0.198107 0.209912 0.220321 0.229262 0.236671 0.242493 0.246684 0.249211 0.250056 0.249211 0.246684 0.242493 0.236671 0.229262 0.220321 0.209912 0.198107 0.184982 0.170622 0.155111 0.138537 0.120986 0.102547 0.083303 0.063336 0.042725 0.021546 -0.000132 -0.022242 -0.044722 -0.067516 
-0.089067 -0.067005 -0.045273 -0.023925 -0.003021 0.017377 0.037201 0.056380 0.074842 0.092508 0.109301 0.125141 0.139946 0.153637 0.166137 0.177369 0.187263 0.195755 0.202786 0.208309 0.212282 0.214678 0.215479 0.214678 0.212282 0.208309 0.202786 0.195755 0.187263 0.177369 0.166137 0.153637 0.139946 0.125141 0.109301 0.092508 0.074842 0.056380 0.037201 0.017377 -0.003021 -0.023925 -0.045273 -0.067005 -0.089067 
