47 47
7.008702e-01 0 5
-0.769109 -0.752323 -0.735612 -0.719012 -0.702562 -0.686310 -0.670304 -0.654602 -0.639263 -0.624355 -0.609949 -0.596122 -0.582955 -0.570532 -0.558939 -0.548265 -0.538595 -0.530014 -0.522601 -0.516428 -0.511556 -0.508039 -0.505912 -0.505201 -0.505912 -0.508039 -0.511556 -0.516428 -0.522601 -0.530014 -0.538595 -0.548265 -0.558939 -0.570532 -0.582955 -0.596122 -0.609949 -0.624355 -0.639263 -0.654602 -0.670304 -0.686310 -0.702562 -0.719012 -0.735612 -0.752323 -0.769109 
-0.752704 -0.735215 -0.717770 -0.700404 -0.683159 -0.666083 -0.649226 -0.632649 -0.616417 -0.600600 -0.585277 -0.570532 -0.556454 -0.543138 -0.530681 -0.519184 -0.508745 -0.499462 -0.491427 -0.484725 -0.479430 -0.475602 -0.473286 -0.472511 -0.473286 -0.475602 -0.479430 -0.484725 -0.491427 -0.499462 -0.508745 -0.519184 -0.530681 -0.543138 -0.556454 -0.570532 -0.585277 -0.600600 -0.616417 -0.632649 -0.649226 -0.666083 -0.683159 -0.700404 -0.717770 -0.735215 -0.752704 
-0.736405 -0.718184 -0.699971 -0.681802 -0.663718 -0.645768 -0.628005 -0.610492 -0.593297 -0.576497 -0.560176 -0.544426 -0.529346 -0.515042 -0.501624 -0.489206 -0.477903 -0.467828 -0.459089 -0.451786 -0.446006 -0.441823 -0.439291 -0.438443 -0.439291 -0.441823 -0.446006 -0.451786 -0.459089 -0.467828 -0.477903 -0.489206 -0.501624 -0.515042 -0.529346 -0.544426 -0.560176 -0.576497 -0.593297 -0.610492 -0.628005 -0.645768 -0.663718 -0.681802 -0.699971 -0.718184 -0.736405 
-0.720250 -0.701269 -0.682255 -0.663243 -0.644276 -0.625401 -0.606675 -0.588160 -0.569930 -0.552066 -0.534658 -0.517808 -0.501624 -0.486225 -0.471735 -0.458284 -0.446006 -0.435033 -0.425491 -0.417500 -0.411166 -0.406574 -0.403792 -0.402860 -0.403792 -0.406574 -0.411166 -0.417500 -0.425491 -0.435033 -0.446006 -0.458284 -0.471735 -0.486225 -0.501624 -0.517808 -0.534658 -0.552066 -0.569930 -0.588160 -0.606675 -0.625401 -0.644276 -0.663243 -0.682255 -0.701269 -0.720250 
-0.704281 -0.684513 -0.664665 -0.644774 -0.624878 -0.605027 -0.585277 -0.565693 -0.546350 -0.527335 -0.508745 -0.490688 -0.473286 -0.456670 -0.440981 -0.426369 -0.412987 -0.400990 -0.390529 -0.381747 -0.374770 -0.369706 -0.366634 -0.365604 -0.366634 -0.369706 -0.374770 -0.381747 -0.390529 -0.400990 -0.412987 -0.426369 -0.440981 -0.456670 -0.473286 -0.490688 -0.508745 -0.527335 -0.546350 -0.565693 -0.585277 -0.605027 -0.624878 -0.644774 -0.664665 -0.684513 -0.704281 
-0.688545 -0.667964 -0.647254 -0.626445 -0.605577 -0.584698 -0.563863 -0.543138 -0.522601 -0.502342 -0.482465 -0.463086 -0.444339 -0.426369 -0.409336 -0.393411 -0.378773 -0.365604 -0.354085 -0.344386 -0.336663 -0.331046 -0.327634 -0.326490 -0.327634 -0.331046 -0.336663 -0.344386 -0.354085 -0.365604 -0.378773 -0.393411 -0.409336 -0.426369 -0.444339 -0.463086 -0.482465 -0.502342 -0.522601 -0.543138 -0.563863 -0.584698 -0.605577 -0.626445 -0.647254 -0.667964 -0.688545 
-0.673094 -0.651679 -0.630076 -0.608315 -0.586433 -0.564474 -0.542492 -0.520554 -0.498738 -0.477137 -0.455860 -0.435033 -0.414799 -0.395320 -0.376777 -0.359365 -0.343292 -0.328775 -0.316028 -0.305260 -0.296661 -0.290393 -0.286580 -0.285300 -0.286580 -0.290393 -0.296661 -0.305260 -0.316028 -0.328775 -0.343292 -0.359365 -0.376777 -0.395320 -0.414799 -0.435033 -0.455860 -0.477137 -0.498738 -0.520554 -0.542492 -0.564474 -0.586433 -0.608315 -0.630076 -0.651679 -0.673094 
-0.657985 -0.635716 -0.613196 -0.590452 -0.567515 -0.544426 -0.521238 -0.498013 -0.474831 -0.451786 -0.428989 -0.406574 -0.384697 -0.363536 -0.343292 -0.324190 -0.306472 -0.290393 -0.276213 -0.264188 -0.254553 -0.247512 -0.243220 -0.241778 -0.243220 -0.247512 -0.254553 -0.264188 -0.276213 -0.290393 -0.306472 -0.324190 -0.343292 -0.363536 -0.384697 -0.406574 -0.428989 -0.451786 -0.474831 -0.498013 -0.521238 -0.544426 -0.567515 -0.590452 -0.613196 -0.635716 -0.657985 
-0.643278 -0.620141 -0.596685 -0.572929 -0.548901 -0.524637 -0.500184 -0.475602 -0.450965 -0.426369 -0.401926 -0.377776 -0.354085 -0.331046 -0.308884 -0.287855 -0.268241 -0.250345 -0.234482 -0.220966 -0.210094 -0.202122 -0.197254 -0.195616 -0.197254 -0.202122 -0.210094 -0.220966 -0.234482 -0.250345 -0.268241 -0.287855 -0.308884 -0.331046 -0.354085 -0.377776 -0.401926 -0.426369 -0.450965 -0.475602 -0.500184 -0.524637 -0.548901 -0.572929 -0.596685 -0.620141 -0.643278 
-0.629042 -0.605027 -0.580619 -0.555830 -0.530681 -0.505201 -0.479430 -0.453421 -0.427244 -0.400990 -0.374770 -0.348728 -0.323035 -0.297902 -0.273575 -0.250345 -0.228537 -0.208514 -0.190658 -0.175359 -0.162993 -0.153892 -0.148317 -0.146440 -0.148317 -0.153892 -0.162993 -0.175359 -0.190658 -0.208514 -0.228537 -0.250345 -0.273575 -0.297902 -0.323035 -0.348728 -0.374770 -0.400990 -0.427244 -0.453421 -0.479430 -0.505201 -0.530681 -0.555830 -0.580619 -0.605027 -0.629042 
-0.615346 -0.590452 -0.565084 -0.539247 -0.512954 -0.486225 -0.459089 -0.431591 -0.403792 -0.375775 -0.347647 -0.319548 -0.291655 -0.264188 -0.237418 -0.211667 -0.187314 -0.164786 -0.144552 -0.127100 -0.112910 -0.102416 -0.095967 -0.093791 -0.095967 -0.102416 -0.112910 -0.127100 -0.144552 -0.164786 -0.187314 -0.211667 -0.237418 -0.264188 -0.291655 -0.319548 -0.347647 -0.375775 -0.403792 -0.431591 -0.459089 -0.486225 -0.512954 -0.539247 -0.565084 -0.590452 -0.615346 
-0.602266 -0.576497 -0.550170 -0.523281 -0.495831 -0.467828 -0.439291 -0.410252 -0.380758 -0.350880 -0.320714 -0.290393 -0.260090 -0.230032 -0.200507 -0.171870 -0.144552 -0.119061 -0.095967 -0.075885 -0.059438 -0.047202 -0.039651 -0.037098 -0.039651 -0.047202 -0.059438 -0.075885 -0.095967 -0.119061 -0.144552 -0.171870 -0.200507 -0.230032 -0.260090 -0.290393 -0.320714 -0.350880 -0.380758 -0.410252 -0.439291 -0.467828 -0.495831 -0.523281 -0.550170 -0.576497 -0.602266 
-0.589880 -0.563251 -0.535975 -0.508039 -0.479430 -0.450143 -0.420183 -0.389563 -0.358315 -0.326490 -0.294166 -0.261461 -0.228537 -0.195616 -0.162993 -0.131053 -0.100279 -0.071264 -0.044703 -0.021375 -0.002095 0.012356 0.021323 0.024364 0.021323 0.012356 -0.002095 -0.021375 -0.044703 -0.071264 -0.100279 -0.131053 -0.162993 -0.195616 -0.228537 -0.261461 -0.294166 -0.326490 -0.358315 -0.389563 -0.420183 -0.450143 -0.479430 -0.508039 -0.535975 -0.563251 -0.589880 
-0.578269 -0.550803 -0.522601 -0.493635 -0.463880 -0.433316 -0.401926 -0.369706 -0.336663 -0.302823 -0.268241 -0.233005 -0.197254 -0.161191 -0.125107 -0.089399 -0.054595 -0.021375 0.009418 0.036800 0.059693 0.077020 0.087848 0.091534 0.087848 0.077020 0.059693 0.036800 0.009418 -0.021375 -0.054595 -0.089399 -0.125107 -0.161191 -0.197254 -0.233005 -0.268241 -0.302823 -0.336663 -0.369706 -0.401926 -0.433316 -0.463880 -0.493635 -0.522601 -0.550803 -0.578269 
-0.567515 -0.539247 -0.510153 -0.480191 -0.449320 -0.417500 -0.384697 -0.350880 -0.316028 -0.280135 -0.243220 -0.205332 -0.166570 -0.127100 -0.087182 -0.047202 -0.007713 0.030527 0.066520 0.099026 0.126607 0.147752 0.161093 0.165657 0.161093 0.147752 0.126607 0.099026 0.066520 0.030527 -0.007713 -0.047202 -0.087182 -0.127100 -0.166570 -0.205332 -0.243220 -0.280135 -0.316028 -0.350880 -0.384697 -0.417500 -0.449320 -0.480191 -0.510153 -0.539247 -0.567515 
-0.557699 -0.528677 -0.498738 -0.467828 -0.435888 -0.402860 -0.368685 -0.333303 -0.296661 -0.258714 -0.219433 -0.178816 -0.136901 -0.093791 -0.049684 -0.004916 0.039980 0.084201 0.126607 0.165657 0.199435 0.225783 0.242628 0.248433 0.242628 0.225783 0.199435 0.165657 0.126607 0.084201 0.039980 -0.004916 -0.049684 -0.093791 -0.136901 -0.178816 -0.219433 -0.258714 -0.296661 -0.333303 -0.368685 -0.402860 -0.435888 -0.467828 -0.498738 -0.528677 -0.557699 
-0.548901 -0.519184 -0.488463 -0.456670 -0.423730 -0.389563 -0.354085 -0.317205 -0.278833 -0.238877 -0.197254 -0.153892 -0.108749 -0.061835 -0.013242 0.036800 0.087848 0.139137 0.189439 0.236920 0.279047 0.312701 0.334629 0.342266 0.334629 0.312701 0.279047 0.236920 0.189439 0.139137 0.087848 0.036800 -0.013242 -0.061835 -0.108749 -0.153892 -0.197254 -0.238877 -0.278833 -0.317205 -0.354085 -0.389563 -0.423730 -0.456670 -0.488463 -0.519184 -0.548901 
-0.541198 -0.510855 -0.479430 -0.446837 -0.412987 -0.377776 -0.341096 -0.302823 -0.262827 -0.220966 -0.177092 -0.131053 -0.082706 -0.031935 0.021323 0.077020 0.134909 0.194401 0.254339 0.312701 0.366275 0.410543 0.440212 0.450716 0.440212 0.410543 0.366275 0.312701 0.254339 0.194401 0.134909 0.077020 0.021323 -0.031935 -0.082706 -0.131053 -0.177092 -0.220966 -0.262827 -0.302823 -0.341096 -0.377776 -0.412987 -0.446837 -0.479430 -0.510855 -0.541198 
-0.534658 -0.503774 -0.471735 -0.438443 -0.403792 -0.367661 -0.329912 -0.290393 -0.248931 -0.205332 -0.159380 -0.110836 -0.059438 -0.004916 0.052997 0.114516 0.179728 0.248433 0.319853 0.392130 0.461562 0.521811 0.564012 0.579363 0.564012 0.521811 0.461562 0.392130 0.319853 0.248433 0.179728 0.114516 0.052997 -0.004916 -0.059438 -0.110836 -0.159380 -0.205332 -0.248931 -0.290393 -0.329912 -0.367661 -0.403792 -0.438443 -0.471735 -0.503774 -0.534658 
-0.529346 -0.498013 -0.465464 -0.431591 -0.396271 -0.359365 -0.320714 -0.280135 -0.237418 -0.192318 -0.144552 -0.093791 -0.039651 0.018309 0.080592 0.147752 0.220348 0.298836 0.383289 0.472771 0.564012 0.649082 0.713166 0.737646 0.713166 0.649082 0.564012 0.472771 0.383289 0.298836 0.220348 0.147752 0.080592 0.018309 -0.039651 -0.093791 -0.144552 -0.192318 -0.237418 -0.280135 -0.320714 -0.359365 -0.396271 -0.431591 -0.465464 -0.498013 -0.529346 
-0.525313 -0.493635 -0.460693 -0.426369 -0.390529 -0.353019 -0.313662 -0.272249 -0.228537 -0.182239 -0.133013 -0.080447 -0.024045 0.036800 0.102834 0.174973 0.254339 0.342266 0.440212 0.549340 0.669087 0.792898 0.898653 0.943252 0.898653 0.792898 0.669087 0.549340 0.440212 0.342266 0.254339 0.174973 0.102834 0.036800 -0.024045 -0.080447 -0.133013 -0.182239 -0.228537 -0.272249 -0.313662 -0.353019 -0.390529 -0.426369 -0.460693 -0.493635 -0.525313 
-0.522601 -0.490688 -0.457478 -0.422846 -0.386651 -0.348728 -0.308884 -0.266895 -0.222493 -0.175359 -0.125107 -0.071264 -0.013242 0.049697 0.118499 0.194401 0.279047 0.374674 0.484371 0.612386 0.764106 0.943252 1.133088 1.233692 1.133088 0.943252 0.764106 0.612386 0.484371 0.374674 0.279047 0.194401 0.118499 0.049697 -0.013242 -0.071264 -0.125107 -0.175359 -0.222493 -0.266895 -0.308884 -0.348728 -0.386651 -0.422846 -0.457478 -0.490688 -0.522601 
-0.521238 -0.489206 -0.455860 -0.421073 -0.384697 -0.346563 -0.306472 -0.264188 -0.219433 -0.171870 -0.121088 -0.066581 -0.007713 0.056329 0.126607 0.204544 0.292110 0.392130 0.508857 0.649082 0.824478 1.056681 1.381781 1.671541 1.381781 1.056681 0.824478 0.649082 0.508857 0.392130 0.292110 0.204544 0.126607 0.056329 -0.007713 -0.066581 -0.121088 -0.171870 -0.219433 -0.264188 -0.306472 -0.346563 -0.384697 -0.421073 -0.455860 -0.489206 -0.521238 
-0.521067 -0.489021 -0.455658 -0.420851 -0.384452 -0.346292 -0.306169 -0.263849 -0.219049 -0.171431 -0.120582 -0.065991 -0.007016 0.057167 0.127633 0.205834 0.293779 0.394377 0.512048 0.653970 0.832875 1.074142 1.432953 1.823496 1.432953 1.074142 0.832875 0.653970 0.512048 0.394377 0.293779 0.205834 0.127633 0.057167 -0.007016 -0.065991 -0.120582 -0.171431 -0.219049 -0.263849 -0.306169 -0.346292 -0.384452 -0.420851 -0.455658 -0.489021 -0.521067 
-0.521245 -0.489214 -0.455869 -0.421083 -0.384708 -0.346575 -0.306485 -0.264203 -0.219450 -0.171889 -0.121110 -0.066606 -0.007743 0.056292 0.126562 0.204488 0.292038 0.392033 0.508719 0.648871 0.824118 1.055943 1.379736 1.666380 1.379736 1.055943 0.824118 0.648871 0.508719 0.392033 0.292038 0.204488 0.126562 0.056292 -0.007743 -0.066606 -0.121110 -0.171889 -0.219450 -0.264203 -0.306485 -0.346575 -0.384708 -0.421083 -0.455869 -0.489214 -0.521245 
-0.522623 -0.490712 -0.457504 -0.422875 -0.386683 -0.348763 -0.308923 -0.266939 -0.222543 -0.175416 -0.125172 -0.071339 -0.013331 0.049590 0.118369 0.194239 0.278840 0.374399 0.483989 0.611824 0.763215 0.941709 1.130309 1.229887 1.130309 0.941709 0.763215 0.611824 0.483989 0.374399 0.278840 0.194239 0.118369 0.049590 -0.013331 -0.071339 -0.125172 -0.175416 -0.222543 -0.266939 -0.308923 -0.348763 -0.386683 -0.422875 -0.457504 -0.490712 -0.522623 
-0.525350 -0.493675 -0.460736 -0.426416 -0.390581 -0.353077 -0.313726 -0.272320 -0.228618 -0.182331 -0.133118 -0.080569 -0.024188 0.036630 0.102628 0.174719 0.254018 0.341850 0.439655 0.548568 0.667978 0.791281 0.896417 0.940687 0.896417 0.791281 0.667978 0.548568 0.439655 0.341850 0.254018 0.174719 0.102628 0.036630 -0.024188 -0.080569 -0.133118 -0.182331 -0.228618 -0.272320 -0.313726 -0.353077 -0.390581 -0.426416 -0.460736 -0.493675 -0.525350 
-0.529397 -0.498068 -0.465524 -0.431656 -0.396343 -0.359444 -0.320802 -0.280233 -0.237528 -0.192443 -0.144695 -0.093955 -0.039843 0.018083 0.080322 0.147423 0.219942 0.298324 0.382632 0.471914 0.562883 0.647623 0.711394 0.735737 0.711394 0.647623 0.562883 0.471914 0.382632 0.298324 0.219942 0.147423 0.080322 0.018083 -0.039843 -0.093955 -0.144695 -0.192443 -0.237528 -0.280233 -0.320802 -0.359444 -0.396343 -0.431656 -0.465524 -0.498068 -0.529397 
-0.534722 -0.503843 -0.471810 -0.438525 -0.403882 -0.367760 -0.330022 -0.290515 -0.249068 -0.205487 -0.159556 -0.111037 -0.059671 -0.005187 0.052676 0.114132 0.179264 0.247866 0.319154 0.391264 0.460496 0.520534 0.562562 0.577845 0.562562 0.520534 0.460496 0.391264 0.319154 0.247866 0.179264 0.114132 0.052676 -0.005187 -0.059671 -0.111037 -0.159556 -0.205487 -0.249068 -0.290515 -0.330022 -0.367760 -0.403882 -0.438525 -0.471810 -0.503843 -0.534722 
-0.541274 -0.510938 -0.479520 -0.446936 -0.413094 -0.377894 -0.341226 -0.302968 -0.262989 -0.221147 -0.177296 -0.131285 -0.082973 -0.032242 0.020965 0.076600 0.134413 0.193810 0.253635 0.311865 0.365295 0.409425 0.438990 0.449456 0.438990 0.409425 0.365295 0.311865 0.253635 0.193810 0.134413 0.076600 0.020965 -0.032242 -0.082973 -0.131285 -0.177296 -0.221147 -0.262989 -0.302968 -0.341226 -0.377894 -0.413094 -0.446936 -0.479520 -0.510938 -0.541274 
-0.548990 -0.519280 -0.488567 -0.456783 -0.423853 -0.389698 -0.354233 -0.317369 -0.279015 -0.239081 -0.197482 -0.154149 -0.109042 -0.062169 -0.013625 0.036358 0.087336 0.138543 0.188751 0.236129 0.278152 0.311713 0.333574 0.341188 0.333574 0.311713 0.278152 0.236129 0.188751 0.138543 0.087336 0.036358 -0.013625 -0.062169 -0.109042 -0.154149 -0.197482 -0.239081 -0.279015 -0.317369 -0.354233 -0.389698 -0.423853 -0.456783 -0.488567 -0.519280 -0.548990 
-0.557799 -0.528785 -0.498855 -0.467955 -0.436026 -0.403011 -0.368850 -0.333484 -0.296861 -0.258936 -0.219681 -0.179093 -0.137213 -0.094143 -0.050082 -0.005368 0.039465 0.083617 0.125946 0.164917 0.198618 0.224900 0.241700 0.247490 0.241700 0.224900 0.198618 0.164917 0.125946 0.083617 0.039465 -0.005368 -0.050082 -0.094143 -0.137213 -0.179093 -0.219681 -0.258936 -0.296861 -0.333484 -0.368850 -0.403011 -0.436026 -0.467955 -0.498855 -0.528785 -0.557799 
-0.567625 -0.539367 -0.510282 -0.480330 -0.449470 -0.417664 -0.384876 -0.351076 -0.316243 -0.280373 -0.243483 -0.205624 -0.166895 -0.127463 -0.087588 -0.047657 -0.008222 0.029959 0.065891 0.098335 0.125858 0.146955 0.160265 0.164818 0.160265 0.146955 0.125858 0.098335 0.065891 0.029959 -0.008222 -0.047657 -0.087588 -0.127463 -0.166895 -0.205624 -0.243483 -0.280373 -0.316243 -0.351076 -0.384876 -0.417664 -0.449470 -0.480330 -0.510282 -0.539367 -0.567625 
-0.578389 -0.550932 -0.522740 -0.493785 -0.464043 -0.433492 -0.402117 -0.369914 -0.336890 -0.303073 -0.268515 -0.233307 -0.197587 -0.161560 -0.125515 -0.089850 -0.055092 -0.021923 0.008821 0.036154 0.059003 0.076295 0.087100 0.090778 0.087100 0.076295 0.059003 0.036154 0.008821 -0.021923 -0.055092 -0.089850 -0.125515 -0.161560 -0.197587 -0.233307 -0.268515 -0.303073 -0.336890 -0.369914 -0.402117 -0.433492 -0.464043 -0.493785 -0.522740 -0.550932 -0.578389 
-0.590009 -0.563389 -0.536124 -0.508198 -0.479602 -0.450329 -0.420384 -0.389782 -0.358552 -0.326748 -0.294449 -0.261770 -0.228875 -0.195986 -0.163399 -0.131496 -0.100762 -0.071789 -0.045269 -0.021980 -0.002734 0.011691 0.020640 0.023675 0.020640 0.011691 -0.002734 -0.021980 -0.045269 -0.071789 -0.100762 -0.131496 -0.163399 -0.195986 -0.228875 -0.261770 -0.294449 -0.326748 -0.358552 -0.389782 -0.420384 -0.450329 -0.479602 -0.508198 -0.536124 -0.563389 -0.590009 
-0.602403 -0.576643 -0.550327 -0.523449 -0.496011 -0.468022 -0.439501 -0.410478 -0.381003 -0.351145 -0.321002 -0.290705 -0.260430 -0.230401 -0.200907 -0.172303 -0.145020 -0.119563 -0.096503 -0.076453 -0.060032 -0.047817 -0.040280 -0.037731 -0.040280 -0.047817 -0.060032 -0.076453 -0.096503 -0.119563 -0.145020 -0.172303 -0.200907 -0.230401 -0.260430 -0.290705 -0.321002 -0.351145 -0.381003 -0.410478 -0.439501 -0.468022 -0.496011 -0.523449 -0.550327 -0.576643 -0.602403 
-0.615490 -0.590605 -0.565248 -0.539423 -0.513142 -0.486426 -0.459305 -0.431823 -0.404042 -0.376045 -0.347938 -0.319862 -0.291993 -0.264553 -0.237811 -0.212089 -0.187765 -0.165267 -0.145060 -0.127634 -0.113465 -0.102988 -0.096549 -0.094377 -0.096549 -0.102988 -0.113465 -0.127634 -0.145060 -0.165267 -0.187765 -0.212089 -0.237811 -0.264553 -0.291993 -0.319862 -0.347938 -0.376045 -0.404042 -0.431823 -0.459305 -0.486426 -0.513142 -0.539423 -0.565248 -0.590605 -0.615490 
-0.629192 -0.605187 -0.580789 -0.556011 -0.530874 -0.505408 -0.479651 -0.453657 -0.427498 -0.401262 -0.375062 -0.349041 -0.323371 -0.298261 -0.273959 -0.250754 -0.228972 -0.208973 -0.191140 -0.175863 -0.163515 -0.154426 -0.148860 -0.146986 -0.148860 -0.154426 -0.163515 -0.175863 -0.191140 -0.208973 -0.228972 -0.250754 -0.273959 -0.298261 -0.323371 -0.349041 -0.375062 -0.401262 -0.427498 -0.453657 -0.479651 -0.505408 -0.530874 -0.556011 -0.580789 -0.605187 -0.629192 
-0.643434 -0.620306 -0.596860 -0.573115 -0.549099 -0.524848 -0.500409 -0.475841 -0.451221 -0.426642 -0.402218 -0.378087 -0.354416 -0.331398 -0.309259 -0.288252 -0.268659 -0.250784 -0.234941 -0.221443 -0.210585 -0.202625 -0.197763 -0.196127 -0.197763 -0.202625 -0.210585 -0.221443 -0.234941 -0.250784 -0.268659 -0.288252 -0.309259 -0.331398 -0.354416 -0.378087 -0.402218 -0.426642 -0.451221 -0.475841 -0.500409 -0.524848 -0.549099 -0.573115 -0.596860 -0.620306 -0.643434 
-0.658145 -0.635885 -0.613376 -0.590642 -0.567716 -0.544640 -0.521465 -0.498255 -0.475088 -0.452059 -0.429279 -0.406882 -0.385024 -0.363881 -0.343657 -0.324574 -0.306875 -0.290814 -0.276651 -0.264641 -0.255018 -0.247985 -0.243699 -0.242259 -0.243699 -0.247985 -0.255018 -0.264641 -0.276651 -0.290814 -0.306875 -0.324574 -0.343657 -0.363881 -0.385024 -0.406882 -0.429279 -0.452059 -0.475088 -0.498255 -0.521465 -0.544640 -0.567716 -0.590642 -0.613376 -0.635885 -0.658145 
-0.673258 -0.651852 -0.630259 -0.608509 -0.586638 -0.564690 -0.542721 -0.520797 -0.498995 -0.477409 -0.456148 -0.435336 -0.415119 -0.395658 -0.377132 -0.359737 -0.343681 -0.329178 -0.316446 -0.305690 -0.297101 -0.290841 -0.287033 -0.285755 -0.287033 -0.290841 -0.297101 -0.305690 -0.316446 -0.329178 -0.343681 -0.359737 -0.377132 -0.395658 -0.415119 -0.435336 -0.456148 -0.477409 -0.498995 -0.520797 -0.542721 -0.564690 -0.586638 -0.608509 -0.630259 -0.651852 -0.673258 
-0.688713 -0.668141 -0.647440 -0.626641 -0.605784 -0.584916 -0.564093 -0.543380 -0.522857 -0.502612 -0.482749 -0.463385 -0.444653 -0.426698 -0.409681 -0.393771 -0.379147 -0.365992 -0.354485 -0.344796 -0.337082 -0.331471 -0.328063 -0.326920 -0.328063 -0.331471 -0.337082 -0.344796 -0.354485 -0.365992 -0.379147 -0.393771 -0.409681 -0.426698 -0.444653 -0.463385 -0.482749 -0.502612 -0.522857 -0.543380 -0.564093 -0.584916 -0.605784 -0.626641 -0.647440 -0.668141 -0.688713 
-0.704451 -0.684692 -0.664854 -0.644972 -0.625086 -0.605246 -0.585507 -0.565935 -0.546605 -0.527602 -0.509025 -0.490982 -0.473594 -0.456992 -0.441316 -0.426717 -0.413348 -0.401362 -0.390912 -0.382139 -0.375170 -0.370111 -0.367042 -0.366014 -0.367042 -0.370111 -0.375170 -0.382139 -0.390912 -0.401362 -0.413348 -0.426717 -0.441316 -0.456992 -0.473594 -0.490982 -0.509025 -0.527602 -0.546605 -0.565935 -0.585507 -0.605246 -0.625086 -0.644972 -0.664854 -0.684692 -0.704451 
-0.720422 -0.701450 -0.682445 -0.663442 -0.644485 -0.625620 -0.606904 -0.588401 -0.570183 -0.552330 -0.534935 -0.518097 -0.501925 -0.486538 -0.472060 -0.458622 -0.446355 -0.435392 -0.425859 -0.417876 -0.411548 -0.406961 -0.404182 -0.403251 -0.404182 -0.406961 -0.411548 -0.417876 -0.425859 -0.435392 -0.446355 -0.458622 -0.472060 -0.486538 -0.501925 -0.518097 -0.534935 -0.552330 -0.570183 -0.588401 -0.606904 -0.625620 -0.644485 -0.663442 -0.682445 -0.701450 -0.720422 
-0.736579 -0.718367 -0.700162 -0.682001 -0.663927 -0.645986 -0.628234 -0.610731 -0.593547 -0.576758 -0.560448 -0.544709 -0.529641 -0.515348 -0.501941 -0.489533 -0.478240 -0.468174 -0.459443 -0.452147 -0.446373 -0.442194 -0.439664 -0.438817 -0.439664 -0.442194 -0.446373 -0.452147 -0.459443 -0.468174 -0.478240 -0.489533 -0.501941 -0.515348 -0.529641 -0.544709 -0.560448 -0.576758 -0.593547 -0.610731 -0.628234 -0.645986 -0.663927 -0.682001 -0.700162 -0.718367 -0.736579 
-0.752880 -0.735399 -0.717961 -0.700604 -0.683368 -0.666301 -0.649454 -0.632886 -0.616664 -0.600857 -0.585544 -0.570810 -0.556742 -0.543436 -0.530989 -0.519501 -0.509071 -0.499796 -0.491768 -0.485072 -0.479782 -0.475957 -0.473644 -0.472870 -0.473644 -0.475957 -0.479782 -0.485072 -0.491768 -0.499796 -0.509071 -0.519501 -0.530989 -0.543436 -0.556742 -0.570810 -0.585544 -0.600857 -0.616664 -0.632886 -0.649454 -0.666301 -0.683368 -0.700604 -0.717961 -0.735399 -0.752880 
-0.769286 -0.752507 -0.735804 -0.719212 -0.702771 -0.686526 -0.670530 -0.654836 -0.639507 -0.624608 -0.610212 -0.596394 -0.583237 -0.570822 -0.559239 -0.548573 -0.538911 -0.530337 -0.522930 -0.516762 -0.511895 -0.508380 -0.506256 -0.505545 -0.506256 -0.508380 -0.511895 -0.516762 -0.522930 -0.530337 -0.538911 -0.548573 -0.559239 -0.570822 -0.583237 -0.596394 -0.610212 -0.624608 -0.639507 -0.654836 -0.670530 -0.686526 -0.702771 -0.719212 -0.735804 -0.752507 -0.769286 
