31 31
4.340941e-02 0 5
-1.762364 -1.737686 -1.713159 -1.688923 -1.665144 -1.642016 -1.619766 -1.598651 -1.578953 -1.560979 -1.545045 -1.531467 -1.520544 -1.512535 -1.507643 -1.505997 -1.507643 -1.512535 -1.520544 -1.531467 -1.545045 -1.560979 -1.578953 -1.598651 -1.619766 -1.642016 -1.665144 -1.688923 -1.713159 -1.737686 -1.762364 
-1.738564 -1.712219 -1.685906 -1.659766 -1.633974 -1.608739 -1.584311 -1.560979 -1.539073 -1.518956 -1.501015 -1.485641 -1.473213 -1.464065 -1.458462 -1.456574 -1.458462 -1.464065 -1.473213 -1.485641 -1.501015 -1.518956 -1.539073 -1.560979 -1.584311 -1.608739 -1.633974 -1.659766 -1.685906 -1.712219 -1.738564 
-1.715032 -1.686914 -1.658682 -1.630473 -1.602467 -1.574883 -1.547994 -1.522125 -1.497655 -1.475015 -1.454677 -1.437132 -1.422865 -1.412313 -1.405828 -1.403640 -1.405828 -1.412313 -1.422865 -1.437132 -1.454677 -1.475015 -1.497655 -1.522125 -1.547994 -1.574883 -1.602467 -1.630473 -1.658682 -1.686914 -1.715032 
-1.691916 -1.661927 -1.631644 -1.601199 -1.570767 -1.540575 -1.510911 -1.482134 -1.454677 -1.429050 -1.405828 -1.385631 -1.369087 -1.356778 -1.349181 -1.346612 -1.349181 -1.356778 -1.369087 -1.385631 -1.405828 -1.429050 -1.454677 -1.482134 -1.510911 -1.540575 -1.570767 -1.601199 -1.631644 -1.661927 -1.691916 
-1.669390 -1.637442 -1.604988 -1.572144 -1.539073 -1.505997 -1.473213 -1.441106 -1.410164 -1.380983 -1.354264 -1.330791 -1.311387 -1.296840 -1.287813 -1.284751 -1.287813 -1.296840 -1.311387 -1.330791 -1.354264 -1.380983 -1.410164 -1.441106 -1.473213 -1.505997 -1.539073 -1.572144 -1.604988 -1.637442 -1.669390 
-1.647655 -1.613681 -1.578953 -1.543561 -1.507643 -1.471402 -1.435129 -1.399223 -1.364215 -1.330791 -1.299798 -1.272230 -1.249176 -1.231722 -1.220813 -1.217099 -1.220813 -1.231722 -1.249176 -1.272230 -1.299798 -1.330791 -1.364215 -1.399223 -1.435129 -1.471402 -1.507643 -1.543561 -1.578953 -1.613681 -1.647655 
-1.626939 -1.590899 -1.553823 -1.515760 -1.476808 -1.437132 -1.396993 -1.356778 -1.317041 -1.278546 -1.242299 -1.209551 -1.181755 -1.160438 -1.146986 -1.142383 -1.146986 -1.160438 -1.181755 -1.209551 -1.242299 -1.278546 -1.317041 -1.356778 -1.396993 -1.437132 -1.476808 -1.515760 -1.553823 -1.590899 -1.626939 
-1.607493 -1.569385 -1.529927 -1.489115 -1.446985 -1.403640 -1.359274 -1.314225 -1.269028 -1.224488 -1.181755 -1.142383 -1.108312 -1.081723 -1.064720 -1.058858 -1.064720 -1.081723 -1.108312 -1.142383 -1.181755 -1.224488 -1.269028 -1.314225 -1.359274 -1.403640 -1.446985 -1.489115 -1.529927 -1.569385 -1.607493 
-1.589591 -1.549460 -1.507643 -1.464065 -1.418682 -1.371499 -1.322606 -1.272230 -1.220813 -1.169124 -1.118396 -1.070482 -1.027942 -0.993937 -0.971772 -0.964050 -0.971772 -0.993937 -1.027942 -1.070482 -1.118396 -1.169124 -1.220813 -1.272230 -1.322606 -1.371499 -1.418682 -1.464065 -1.507643 -1.549460 -1.589591 
-1.573516 -1.531467 -1.487382 -1.441106 -1.392492 -1.341417 -1.287813 -1.231722 -1.173386 -1.113391 -1.052895 -0.993937 -0.939767 -0.894966 -0.864919 -0.854277 -0.864919 -0.894966 -0.939767 -0.993937 -1.052895 -1.113391 -1.173386 -1.231722 -1.287813 -1.341417 -1.392492 -1.441106 -1.487382 -1.531467 -1.573516 
-1.559559 -1.515760 -1.469582 -1.420779 -1.369087 -1.314225 -1.255919 -1.193942 -1.128192 -1.058858 -0.986708 -0.913605 -0.843286 -0.782185 -0.739336 -0.723738 -0.739336 -0.782185 -0.843286 -0.913605 -0.986708 -1.058858 -1.128192 -1.193942 -1.255919 -1.314225 -1.369087 -1.420779 -1.469582 -1.515760 -1.559559 
-1.547994 -1.502683 -1.454677 -1.403640 -1.349181 -1.290848 -1.228124 -1.160438 -1.087208 -1.007949 -0.922553 -0.831924 -0.739336 -0.652822 -0.587514 -0.562532 -0.587514 -0.652822 -0.739336 -0.831924 -0.922553 -1.007949 -1.087208 -1.160438 -1.228124 -1.290848 -1.349181 -1.403640 -1.454677 -1.502683 -1.547994 
-1.539073 -1.492555 -1.443077 -1.390220 -1.333478 -1.272230 -1.205714 -1.132988 -1.052895 -0.964050 -0.864919 -0.754238 -0.632448 -0.506075 -0.397695 -0.351848 -0.397695 -0.506075 -0.632448 -0.754238 -0.864919 -0.964050 -1.052895 -1.132988 -1.205714 -1.272230 -1.333478 -1.390220 -1.443077 -1.492555 -1.539073 
-1.533001 -1.485641 -1.435129 -1.380983 -1.322606 -1.259243 -1.189927 -1.113391 -1.027942 -0.931269 -0.820164 -0.690165 -0.535509 -0.351848 -0.155581 -0.050682 -0.155581 -0.351848 -0.535509 -0.690165 -0.820164 -0.931269 -1.027942 -1.113391 -1.189927 -1.259243 -1.322606 -1.380983 -1.435129 -1.485641 -1.533001 
-1.529927 -1.482134 -1.431088 -1.376272 -1.317041 -1.252564 -1.181755 -1.103156 -1.014745 -0.913605 -0.795329 -0.652822 -0.473757 -0.234815 0.105162 0.416889 0.105162 -0.234815 -0.473757 -0.652822 -0.795329 -0.913605 -1.014745 -1.103156 -1.181755 -1.252564 -1.317041 -1.376272 -1.431088 -1.482134 -1.529927 
-1.529541 -1.481693 -1.430579 -1.375679 -1.316339 -1.251720 -1.180720 -1.101855 -1.013059 -0.911331 -0.792091 -0.647845 -0.465157 -0.216738 0.159484 0.585479 0.159484 -0.216738 -0.465157 -0.647845 -0.792091 -0.911331 -1.013059 -1.101855 -1.180720 -1.251720 -1.316339 -1.375679 -1.430579 -1.481693 -1.529541 
-1.529944 -1.482153 -1.431110 -1.376298 -1.317072 -1.252600 -1.181800 -1.103213 -1.014818 -0.913704 -0.795469 -0.653036 -0.474125 -0.235578 0.102997 0.411236 0.102997 -0.235578 -0.474125 -0.653036 -0.795469 -0.913704 -1.014818 -1.103213 -1.181800 -1.252600 -1.317072 -1.376298 -1.431110 -1.482153 -1.529944 
-1.533051 -1.485698 -1.435194 -1.381059 -1.322695 -1.259350 -1.190058 -1.113554 -1.028151 -0.931548 -0.820551 -0.690736 -0.536418 -0.353436 -0.158470 -0.054662 -0.158470 -0.353436 -0.536418 -0.690736 -0.820551 -0.931548 -1.028151 -1.113554 -1.190058 -1.259350 -1.322695 -1.381059 -1.435194 -1.485698 -1.533051 
-1.539154 -1.492647 -1.443183 -1.390343 -1.333622 -1.272401 -1.205922 -1.133244 -1.053219 -0.964470 -0.865483 -0.755022 -0.633578 -0.507729 -0.399991 -0.354487 -0.399991 -0.507729 -0.633578 -0.755022 -0.865483 -0.964470 -1.053219 -1.133244 -1.205922 -1.272401 -1.333622 -1.390343 -1.443183 -1.492647 -1.539154 
-1.548105 -1.502809 -1.454820 -1.403805 -1.349374 -1.291075 -1.228396 -1.160770 -1.087618 -1.008466 -0.923217 -0.832794 -0.740482 -0.654307 -0.589322 -0.564482 -0.589322 -0.654307 -0.740482 -0.832794 -0.923217 -1.008466 -1.087618 -1.160770 -1.228396 -1.291075 -1.349374 -1.403805 -1.454820 -1.502809 -1.548105 
-1.559697 -1.515915 -1.469758 -1.420982 -1.369322 -1.314499 -1.256243 -1.194328 -1.128660 -1.059430 -0.987415 -0.914482 -0.844366 -0.783480 -0.740809 -0.725281 -0.740809 -0.783480 -0.844366 -0.914482 -0.987415 -1.059430 -1.128660 -1.194328 -1.256243 -1.314499 -1.369322 -1.420982 -1.469758 -1.515915 -1.559697 
-1.573678 -1.531649 -1.487588 -1.441340 -1.392760 -1.341726 -1.288173 -1.232145 -1.173886 -1.113987 -1.053606 -0.994782 -0.940758 -0.896098 -0.866157 -0.855554 -0.866157 -0.896098 -0.940758 -0.994782 -1.053606 -1.113987 -1.173886 -1.232145 -1.288173 -1.341726 -1.392760 -1.441340 -1.487588 -1.531649 -1.573678 
-1.589774 -1.549665 -1.507872 -1.464324 -1.418976 -1.371834 -1.322991 -1.272675 -1.221329 -1.169723 -1.119090 -1.071280 -1.028845 -0.994936 -0.972838 -0.965140 -0.972838 -0.994936 -1.028845 -1.071280 -1.119090 -1.169723 -1.221329 -1.272675 -1.322991 -1.371834 -1.418976 -1.464324 -1.507872 -1.549665 -1.589774 
-1.607694 -1.569608 -1.530176 -1.489394 -1.447299 -1.403994 -1.359675 -1.314681 -1.269547 -1.225077 -1.182421 -1.143130 -1.109136 -1.082614 -1.065656 -1.059811 -1.065656 -1.082614 -1.109136 -1.143130 -1.182421 -1.225077 -1.269547 -1.314681 -1.359675 -1.403994 -1.447299 -1.489394 -1.530176 -1.569608 -1.607694 
-1.627155 -1.591137 -1.554087 -1.516053 -1.477135 -1.437498 -1.397402 -1.357235 -1.317553 -1.279118 -1.242933 -1.210248 -1.182510 -1.161241 -1.147821 -1.143229 -1.147821 -1.161241 -1.182510 -1.210248 -1.242933 -1.279118 -1.317553 -1.357235 -1.397402 -1.437498 -1.477135 -1.516053 -1.554087 -1.591137 -1.627155 
-1.647884 -1.613932 -1.579229 -1.543865 -1.507978 -1.471773 -1.435539 -1.399676 -1.364716 -1.331341 -1.300399 -1.272880 -1.249871 -1.232452 -1.221567 -1.217861 -1.221567 -1.232452 -1.249871 -1.272880 -1.300399 -1.331341 -1.364716 -1.399676 -1.435539 -1.471773 -1.507978 -1.543865 -1.579229 -1.613932 -1.647884 
-1.669628 -1.637702 -1.605272 -1.572455 -1.539413 -1.506369 -1.473621 -1.441552 -1.410650 -1.381511 -1.354833 -1.331399 -1.312030 -1.297510 -1.288500 -1.285445 -1.288500 -1.297510 -1.312030 -1.331399 -1.354833 -1.381511 -1.410650 -1.441552 -1.473621 -1.506369 -1.539413 -1.572455 -1.605272 -1.637702 -1.669628 
-1.692161 -1.662193 -1.631933 -1.601513 -1.571108 -1.540946 -1.511314 -1.482569 -1.455147 -1.429555 -1.406367 -1.386202 -1.369685 -1.357397 -1.349813 -1.347249 -1.349813 -1.357397 -1.369685 -1.386202 -1.406367 -1.429555 -1.455147 -1.482569 -1.511314 -1.540946 -1.571108 -1.601513 -1.631933 -1.662193 -1.692161 
-1.715283 -1.687185 -1.658974 -1.630788 -1.602807 -1.575250 -1.548389 -1.522549 -1.498108 -1.475498 -1.455188 -1.437669 -1.423424 -1.412888 -1.406414 -1.404229 -1.406414 -1.412888 -1.423424 -1.437669 -1.455188 -1.475498 -1.498108 -1.522549 -1.548389 -1.575250 -1.602807 -1.630788 -1.658974 -1.687185 -1.715283 
-1.738819 -1.712492 -1.686199 -1.660081 -1.634311 -1.609100 -1.584696 -1.561390 -1.539510 -1.519418 -1.501500 -1.486148 -1.473737 -1.464602 -1.459008 -1.457123 -1.459008 -1.464602 -1.473737 -1.486148 -1.501500 -1.519418 -1.539510 -1.561390 -1.584696 -1.609100 -1.634311 -1.660081 -1.686199 -1.712492 -1.738819 
-1.762621 -1.737960 -1.713452 -1.689235 -1.665476 -1.642370 -1.620143 -1.599049 -1.579374 -1.561420 -1.545506 -1.531946 -1.521038 -1.513039 -1.508154 -1.506511 -1.508154 -1.513039 -1.521038 -1.531946 -1.545506 -1.561420 -1.579374 -1.599049 -1.620143 -1.642370 -1.665476 -1.689235 -1.713452 -1.737960 -1.762621 
