37 37
2.773020e-01 0 5
-1.021252 -1.000380 -0.979618 -0.959043 -0.938745 -0.918827 -0.899409 -0.880622 -0.862613 -0.845542 -0.829581 -0.814908 -0.801708 -0.790160 -0.780437 -0.772695 -0.767063 -0.763643 -0.762495 -0.763643 -0.767063 -0.772695 -0.780437 -0.790160 -0.801708 -0.814908 -0.829581 -0.845542 -0.862613 -0.880622 -0.899409 -0.918827 -0.938745 -0.959043 -0.979618 -1.000380 -1.021252 
-1.000992 -0.978971 -0.956992 -0.935134 -0.913489 -0.892168 -0.871296 -0.851017 -0.831494 -0.812908 -0.795454 -0.779341 -0.764786 -0.752006 -0.741210 -0.732588 -0.726303 -0.722480 -0.721196 -0.722480 -0.726303 -0.732588 -0.741210 -0.752006 -0.764786 -0.779341 -0.795454 -0.812908 -0.831494 -0.851017 -0.871296 -0.892168 -0.913489 -0.935134 -0.956992 -0.978971 -1.000992 
-0.980908 -0.957677 -0.934407 -0.911179 -0.888085 -0.865239 -0.842774 -0.820847 -0.799635 -0.779341 -0.760190 -0.742425 -0.726303 -0.712085 -0.700026 -0.690363 -0.683301 -0.678997 -0.677551 -0.678997 -0.683301 -0.690363 -0.700026 -0.712085 -0.726303 -0.742425 -0.760190 -0.779341 -0.799635 -0.820847 -0.842774 -0.865239 -0.888085 -0.911179 -0.934407 -0.957677 -0.980908 
-0.961082 -0.936582 -0.911950 -0.887263 -0.862613 -0.838115 -0.813909 -0.790160 -0.767063 -0.744844 -0.723759 -0.704090 -0.686142 -0.670233 -0.656677 -0.645771 -0.637775 -0.632891 -0.631248 -0.632891 -0.637775 -0.645771 -0.656677 -0.670233 -0.686142 -0.704090 -0.723759 -0.744844 -0.767063 -0.790160 -0.813909 -0.838115 -0.862613 -0.887263 -0.911950 -0.936582 -0.961082 
-0.941609 -0.915786 -0.889723 -0.863490 -0.837177 -0.810896 -0.784790 -0.759032 -0.733832 -0.709439 -0.686142 -0.664271 -0.644186 -0.626274 -0.610927 -0.598520 -0.589388 -0.583795 -0.581911 -0.583795 -0.589388 -0.598520 -0.610927 -0.626274 -0.644186 -0.664271 -0.686142 -0.709439 -0.733832 -0.759032 -0.784790 -0.810896 -0.837177 -0.863490 -0.889723 -0.915786 -0.941609 
-0.922595 -0.895403 -0.867847 -0.839986 -0.811903 -0.783707 -0.755536 -0.727569 -0.700026 -0.673178 -0.647350 -0.622920 -0.600319 -0.580017 -0.562505 -0.548264 -0.537732 -0.531259 -0.529075 -0.531259 -0.537732 -0.548264 -0.562505 -0.580017 -0.600319 -0.622920 -0.647350 -0.673178 -0.700026 -0.727569 -0.755536 -0.783707 -0.811903 -0.839986 -0.867847 -0.895403 -0.922595 
-0.904161 -0.875564 -0.846460 -0.816898 -0.786947 -0.756705 -0.726303 -0.695916 -0.665771 -0.636155 -0.607426 -0.580017 -0.554437 -0.531259 -0.511103 -0.494592 -0.482308 -0.474727 -0.472164 -0.474727 -0.482308 -0.494592 -0.511103 -0.531259 -0.554437 -0.580017 -0.607426 -0.636155 -0.665771 -0.695916 -0.726303 -0.756705 -0.786947 -0.816898 -0.846460 -0.875564 -0.904161 
-0.886439 -0.856413 -0.825724 -0.794401 -0.762495 -0.730087 -0.697291 -0.664271 -0.631248 -0.598520 -0.566471 -0.535587 -0.506464 -0.479799 -0.456377 -0.437016 -0.422502 -0.413495 -0.410441 -0.413495 -0.422502 -0.437016 -0.456377 -0.479799 -0.506464 -0.535587 -0.566471 -0.598520 -0.631248 -0.664271 -0.697291 -0.730087 -0.762495 -0.794401 -0.825724 -0.856413 -0.886439 
-0.869575 -0.838115 -0.805819 -0.772695 -0.738767 -0.704090 -0.668752 -0.632891 -0.596712 -0.560505 -0.524667 -0.489730 -0.456377 -0.425453 -0.397949 -0.374951 -0.357541 -0.346661 -0.342956 -0.346661 -0.357541 -0.374951 -0.397949 -0.425453 -0.456377 -0.489730 -0.524667 -0.560505 -0.596712 -0.632891 -0.668752 -0.704090 -0.738767 -0.772695 -0.805819 -0.838115 -0.869575 
-0.853725 -0.820847 -0.786947 -0.752006 -0.716018 -0.678997 -0.640995 -0.602109 -0.562505 -0.522442 -0.482308 -0.442657 -0.404251 -0.368092 -0.335427 -0.307707 -0.286449 -0.273036 -0.268446 -0.273036 -0.286449 -0.307707 -0.335427 -0.368092 -0.404251 -0.442657 -0.482308 -0.522442 -0.562505 -0.602109 -0.640995 -0.678997 -0.716018 -0.752006 -0.786947 -0.820847 -0.853725 
-0.839052 -0.804796 -0.769326 -0.732588 -0.694536 -0.655139 -0.614395 -0.572339 -0.529075 -0.484799 -0.439848 -0.394755 -0.350326 -0.307707 -0.268446 -0.234477 -0.207972 -0.191023 -0.185182 -0.191023 -0.207972 -0.234477 -0.268446 -0.307707 -0.350326 -0.394755 -0.439848 -0.484799 -0.529075 -0.572339 -0.614395 -0.655139 -0.694536 -0.732588 -0.769326 -0.804796 -0.839052 
-0.825724 -0.790160 -0.753187 -0.714711 -0.674642 -0.632891 -0.589388 -0.544088 -0.496999 -0.448210 -0.397949 -0.346661 -0.295110 -0.244530 -0.196767 -0.154370 -0.120487 -0.098405 -0.090712 -0.098405 -0.120487 -0.154370 -0.196767 -0.244530 -0.295110 -0.346661 -0.397949 -0.448210 -0.496999 -0.544088 -0.589388 -0.632891 -0.674642 -0.714711 -0.753187 -0.790160 -0.825724 
-0.813909 -0.777139 -0.738767 -0.698661 -0.656677 -0.612665 -0.566471 -0.517950 -0.466980 -0.413495 -0.357541 -0.299360 -0.239540 -0.179238 -0.120487 -0.066524 -0.021909 0.008006 0.018600 0.008006 -0.021909 -0.066524 -0.120487 -0.179238 -0.239540 -0.299360 -0.357541 -0.413495 -0.466980 -0.517950 -0.566471 -0.612665 -0.656677 -0.698661 -0.738767 -0.777139 -0.813909 
-0.803769 -0.765927 -0.726303 -0.684725 -0.640995 -0.594895 -0.546182 -0.494592 -0.439848 -0.381679 -0.319860 -0.254297 -0.185182 -0.113285 -0.040470 0.029540 0.090345 0.132968 0.148480 0.132968 0.090345 0.029540 -0.040470 -0.113285 -0.185182 -0.254297 -0.319860 -0.381679 -0.439848 -0.494592 -0.546182 -0.594895 -0.640995 -0.684725 -0.726303 -0.765927 -0.803769 
-0.795454 -0.756705 -0.716018 -0.673178 -0.627940 -0.580017 -0.529075 -0.474727 -0.416523 -0.353952 -0.286449 -0.213440 -0.134449 -0.049380 0.040849 0.132968 0.218978 0.283858 0.308664 0.283858 0.218978 0.132968 0.040849 -0.049380 -0.134449 -0.213440 -0.286449 -0.353952 -0.416523 -0.474727 -0.529075 -0.580017 -0.627940 -0.673178 -0.716018 -0.756705 -0.795454 
-0.789092 -0.749635 -0.708109 -0.664271 -0.617829 -0.568438 -0.515682 -0.459058 -0.397949 -0.331601 -0.259079 -0.179238 -0.090712 0.008006 0.118146 0.239222 0.364699 0.472158 0.517566 0.472158 0.364699 0.239222 0.118146 0.008006 -0.090712 -0.179238 -0.259079 -0.331601 -0.397949 -0.459058 -0.515682 -0.568438 -0.617829 -0.664271 -0.708109 -0.749635 -0.789092 
-0.784790 -0.744844 -0.702740 -0.658209 -0.610927 -0.560505 -0.506464 -0.448210 -0.384994 -0.315856 -0.239540 -0.154370 -0.058061 0.052554 0.181861 0.335490 0.517566 0.711563 0.814939 0.711563 0.517566 0.335490 0.181861 0.052554 -0.058061 -0.154370 -0.239540 -0.315856 -0.384994 -0.448210 -0.506464 -0.560505 -0.610927 -0.658209 -0.702740 -0.744844 -0.784790 
-0.782620 -0.742425 -0.700026 -0.655139 -0.607426 -0.556471 -0.501763 -0.442657 -0.378331 -0.307707 -0.229337 -0.141220 -0.040470 0.077267 0.218978 0.396759 0.633329 0.968014 1.271782 0.968014 0.633329 0.396759 0.218978 0.077267 -0.040470 -0.141220 -0.229337 -0.307707 -0.378331 -0.442657 -0.501763 -0.556471 -0.607426 -0.655139 -0.700026 -0.742425 -0.782620 
-0.782348 -0.742122 -0.699685 -0.654754 -0.606986 -0.555964 -0.501171 -0.441957 -0.377489 -0.306674 -0.228041 -0.139540 -0.038205 0.080489 0.223924 0.405287 0.651189 1.021205 1.434229 1.021205 0.651189 0.405287 0.223924 0.080489 -0.038205 -0.139540 -0.228041 -0.306674 -0.377489 -0.441957 -0.501171 -0.555964 -0.606986 -0.654754 -0.699685 -0.742122 -0.782348 
-0.782632 -0.742439 -0.700041 -0.655156 -0.607445 -0.556493 -0.501788 -0.442688 -0.378368 -0.307751 -0.229394 -0.141292 -0.040568 0.077128 0.218765 0.396393 0.632575 0.965892 1.266309 0.965892 0.632575 0.396393 0.218765 0.077128 -0.040568 -0.141292 -0.229394 -0.307751 -0.378368 -0.442688 -0.501788 -0.556493 -0.607445 -0.655156 -0.700041 -0.742439 -0.782632 
-0.784825 -0.744883 -0.702784 -0.658258 -0.610983 -0.560570 -0.506539 -0.448299 -0.385101 -0.315986 -0.239703 -0.154579 -0.058338 0.052169 0.181293 0.334587 0.515994 0.708713 0.811021 0.708713 0.515994 0.334587 0.181293 0.052169 -0.058338 -0.154579 -0.239703 -0.315986 -0.385101 -0.448299 -0.506539 -0.560570 -0.610983 -0.658258 -0.702784 -0.744883 -0.784825 
-0.789150 -0.749699 -0.708181 -0.664352 -0.617921 -0.568544 -0.515805 -0.459201 -0.398121 -0.331808 -0.259334 -0.179561 -0.091131 0.007445 0.117366 0.238100 0.363058 0.469883 0.514953 0.469883 0.363058 0.238100 0.117366 0.007445 -0.091131 -0.179561 -0.259334 -0.331808 -0.398121 -0.459201 -0.515805 -0.568544 -0.617921 -0.664352 -0.708181 -0.749699 -0.789150 
-0.795533 -0.756793 -0.716116 -0.673289 -0.628065 -0.580160 -0.529240 -0.474920 -0.416750 -0.354224 -0.286780 -0.213848 -0.134963 -0.050042 0.039984 0.131828 0.217502 0.282063 0.306729 0.282063 0.217502 0.131828 0.039984 -0.050042 -0.134963 -0.213848 -0.286780 -0.354224 -0.416750 -0.474920 -0.529240 -0.580160 -0.628065 -0.673289 -0.716116 -0.756793 -0.795533 
-0.803869 -0.766037 -0.726426 -0.684862 -0.641150 -0.595071 -0.546384 -0.494826 -0.440121 -0.382001 -0.320245 -0.254763 -0.185752 -0.113989 -0.041343 0.028465 0.089056 0.131503 0.146946 0.131503 0.089056 0.028465 -0.041343 -0.113989 -0.185752 -0.254763 -0.320245 -0.382001 -0.440121 -0.494826 -0.546384 -0.595071 -0.641150 -0.684862 -0.726426 -0.766037 -0.803869 
-0.814028 -0.777269 -0.738912 -0.698823 -0.656859 -0.612870 -0.566704 -0.518217 -0.467288 -0.413855 -0.357964 -0.299860 -0.240134 -0.179947 -0.121329 -0.067512 -0.023036 0.006774 0.017329 0.006774 -0.023036 -0.067512 -0.121329 -0.179947 -0.240134 -0.299860 -0.357964 -0.413855 -0.467288 -0.518217 -0.566704 -0.612870 -0.656859 -0.698823 -0.738912 -0.777269 -0.814028 
-0.825859 -0.790309 -0.753352 -0.714894 -0.674846 -0.633120 -0.589647 -0.544382 -0.497334 -0.448594 -0.398394 -0.347175 -0.295708 -0.245222 -0.197562 -0.155271 -0.121482 -0.099467 -0.091798 -0.099467 -0.121482 -0.155271 -0.197562 -0.245222 -0.295708 -0.347175 -0.398394 -0.448594 -0.497334 -0.544382 -0.589647 -0.633120 -0.674846 -0.714894 -0.753352 -0.790309 -0.825859 
-0.839203 -0.804961 -0.769508 -0.732789 -0.694759 -0.655388 -0.614673 -0.572652 -0.529429 -0.485200 -0.440303 -0.395273 -0.350913 -0.308371 -0.269191 -0.235299 -0.208860 -0.191956 -0.186131 -0.191956 -0.208860 -0.235299 -0.269191 -0.308371 -0.350913 -0.395273 -0.440303 -0.485200 -0.529429 -0.572652 -0.614673 -0.655388 -0.694759 -0.732789 -0.769508 -0.804961 -0.839203 
-0.853889 -0.821026 -0.787144 -0.752223 -0.716256 -0.679261 -0.641288 -0.602435 -0.562869 -0.522850 -0.482765 -0.443168 -0.404821 -0.368724 -0.336122 -0.308460 -0.287250 -0.273868 -0.269290 -0.273868 -0.287250 -0.308460 -0.336122 -0.368724 -0.404821 -0.443168 -0.482765 -0.522850 -0.562869 -0.602435 -0.641288 -0.679261 -0.716256 -0.752223 -0.787144 -0.821026 -0.853889 
-0.869751 -0.838307 -0.806028 -0.772923 -0.739017 -0.704365 -0.669055 -0.633226 -0.597082 -0.560914 -0.525120 -0.490229 -0.456926 -0.426053 -0.398598 -0.375644 -0.358270 -0.347412 -0.343716 -0.347412 -0.358270 -0.375644 -0.398598 -0.426053 -0.456926 -0.490229 -0.525120 -0.560914 -0.597082 -0.633226 -0.669055 -0.704365 -0.739017 -0.772923 -0.806028 -0.838307 -0.869751 
-0.886625 -0.856615 -0.825943 -0.794639 -0.762755 -0.730370 -0.697601 -0.664610 -0.631620 -0.598927 -0.566916 -0.536073 -0.506990 -0.480367 -0.456984 -0.437657 -0.423170 -0.414181 -0.411133 -0.414181 -0.423170 -0.437657 -0.456984 -0.480367 -0.506990 -0.536073 -0.566916 -0.598927 -0.631620 -0.664610 -0.697601 -0.730370 -0.762755 -0.794639 -0.825943 -0.856615 -0.886625 
-0.904355 -0.875773 -0.846687 -0.817143 -0.787213 -0.756994 -0.726617 -0.696257 -0.666140 -0.636556 -0.607860 -0.580486 -0.554941 -0.531797 -0.511672 -0.495189 -0.482926 -0.475358 -0.472799 -0.475358 -0.482926 -0.495189 -0.511672 -0.531797 -0.554941 -0.580486 -0.607860 -0.636556 -0.666140 -0.696257 -0.726617 -0.756994 -0.787213 -0.817143 -0.846687 -0.875773 -0.904355 
-0.922796 -0.895620 -0.868079 -0.840237 -0.812173 -0.783998 -0.755851 -0.727908 -0.700392 -0.673572 -0.647773 -0.623373 -0.600801 -0.580527 -0.563040 -0.548821 -0.538306 -0.531844 -0.529664 -0.531844 -0.538306 -0.548821 -0.563040 -0.580527 -0.600801 -0.623373 -0.647773 -0.673572 -0.700392 -0.727908 -0.755851 -0.783998 -0.812173 -0.840237 -0.868079 -0.895620 -0.922796 
-0.941816 -0.916008 -0.889961 -0.863745 -0.837449 -0.811189 -0.785104 -0.759369 -0.734193 -0.709824 -0.686553 -0.664707 -0.644647 -0.626759 -0.611432 -0.599043 -0.589925 -0.584340 -0.582459 -0.584340 -0.589925 -0.599043 -0.611432 -0.626759 -0.644647 -0.664707 -0.686553 -0.709824 -0.734193 -0.759369 -0.785104 -0.811189 -0.837449 -0.863745 -0.889961 -0.916008 -0.941816 
-0.961294 -0.936807 -0.912191 -0.887519 -0.862887 -0.838408 -0.814221 -0.790492 -0.767417 -0.745220 -0.724156 -0.704510 -0.686583 -0.670694 -0.657155 -0.646264 -0.638279 -0.633402 -0.631761 -0.633402 -0.638279 -0.646264 -0.657155 -0.670694 -0.686583 -0.704510 -0.724156 -0.745220 -0.767417 -0.790492 -0.814221 -0.838408 -0.862887 -0.887519 -0.912191 -0.936807 -0.961294 
-0.981123 -0.957905 -0.934650 -0.911436 -0.888358 -0.865529 -0.843083 -0.821174 -0.799981 -0.779707 -0.760575 -0.742830 -0.726725 -0.712524 -0.700480 -0.690829 -0.683776 -0.679478 -0.678034 -0.679478 -0.683776 -0.690829 -0.700480 -0.712524 -0.726725 -0.742830 -0.760575 -0.779707 -0.799981 -0.821174 -0.843083 -0.865529 -0.888358 -0.911436 -0.934650 -0.957905 -0.981123 
-1.001209 -0.979201 -0.957235 -0.935391 -0.913762 -0.892456 -0.871600 -0.851338 -0.831833 -0.813263 -0.795826 -0.779730 -0.765191 -0.752426 -0.741642 -0.733030 -0.726753 -0.722934 -0.721652 -0.722934 -0.726753 -0.733030 -0.741642 -0.752426 -0.765191 -0.779730 -0.795826 -0.813263 -0.831833 -0.851338 -0.871600 -0.892456 -0.913762 -0.935391 -0.957235 -0.979201 -1.001209 
-1.021470 -1.000611 -0.979861 -0.959299 -0.939015 -0.919112 -0.899709 -0.880937 -0.862943 -0.845888 -0.829941 -0.815283 -0.802096 -0.790561 -0.780849 -0.773115 -0.767490 -0.764073 -0.762928 -0.764073 -0.767490 -0.773115 -0.780849 -0.790561 -0.802096 -0.815283 -0.829941 -0.845888 -0.862943 -0.880937 -0.899709 -0.919112 -0.939015 -0.959299 -0.979861 -1.000611 -1.021470 
