51 51
9.549926e-01 0 5
0.051868 0.072298 0.092494 0.112414 0.132019 0.151263 0.170099 0.188477 0.206344 0.223644 0.240320 0.256313 0.271563 0.286007 0.299585 0.312234 0.323894 0.334508 0.344020 0.352379 0.359537 0.365453 0.370092 0.373427 0.375435 0.376107 0.375435 0.373427 0.370092 0.365453 0.359537 0.352379 0.344020 0.334508 0.323894 0.312234 0.299585 0.286007 0.271563 0.256313 0.240320 0.223644 0.206344 0.188477 0.170099 0.151263 0.132019 0.112414 0.092494 0.072298 0.051868 
0.071875 0.092930 0.113764 0.134337 0.154605 0.174523 0.194040 0.213105 0.231660 0.249648 0.267007 0.283675 0.299585 0.314671 0.328867 0.342107 0.354323 0.365453 0.375435 0.384214 0.391737 0.397959 0.402840 0.406349 0.408464 0.409170 0.408464 0.406349 0.402840 0.397959 0.391737 0.384214 0.375435 0.365453 0.354323 0.342107 0.328867 0.314671 0.299585 0.283675 0.267007 0.249648 0.231660 0.213105 0.194040 0.174523 0.154605 0.134337 0.113764 0.092930 0.071875 
0.091622 0.113314 0.134801 0.156043 0.176993 0.197605 0.217826 0.237602 0.256872 0.275575 0.293647 0.311018 0.327621 0.343382 0.358229 0.372091 0.384895 0.396571 0.407053 0.416279 0.424190 0.430737 0.435875 0.439571 0.441799 0.442544 0.441799 0.439571 0.435875 0.430737 0.424190 0.416279 0.407053 0.396571 0.384895 0.372091 0.358229 0.343382 0.327621 0.311018 0.293647 0.275575 0.256872 0.237602 0.217826 0.197605 0.176993 0.156043 0.134801 0.113314 0.091622 
0.111068 0.133409 0.155563 0.177489 0.199139 0.220464 0.241411 0.261920 0.281931 0.301377 0.320189 0.338296 0.355622 0.372091 0.387623 0.402140 0.415564 0.427819 0.438830 0.448530 0.456855 0.463748 0.469161 0.473056 0.475405 0.476189 0.475405 0.473056 0.469161 0.463748 0.456855 0.448530 0.438830 0.427819 0.415564 0.402140 0.387623 0.372091 0.355622 0.338296 0.320189 0.301377 0.281931 0.261920 0.241411 0.220464 0.199139 0.177489 0.155563 0.133409 0.111068 
0.130171 0.153171 0.176004 0.198627 0.220993 0.243050 0.264741 0.286007 0.306783 0.326998 0.346580 0.365453 0.383535 0.400743 0.416994 0.432201 0.446279 0.459144 0.470716 0.480919 0.489682 0.496943 0.502649 0.506757 0.509234 0.510062 0.509234 0.506757 0.502649 0.496943 0.489682 0.480919 0.470716 0.459144 0.446279 0.432201 0.416994 0.400743 0.383535 0.365453 0.346580 0.326998 0.306783 0.286007 0.264741 0.243050 0.220993 0.198627 0.176004 0.153171 0.130171 
0.148887 0.172553 0.196075 0.219408 0.242503 0.265307 0.287762 0.309805 0.331368 0.352379 0.372758 0.392426 0.411294 0.429276 0.446279 0.462209 0.476975 0.490485 0.502649 0.513385 0.522613 0.530266 0.536283 0.540616 0.543231 0.544105 0.543231 0.540616 0.536283 0.530266 0.522613 0.513385 0.502649 0.490485 0.476975 0.462209 0.446279 0.429276 0.411294 0.392426 0.372758 0.352379 0.331368 0.309805 0.287762 0.265307 0.242503 0.219408 0.196075 0.172553 0.148887 
0.167167 0.191506 0.215724 0.239775 0.263611 0.287177 0.310412 0.333250 0.355622 0.377451 0.398654 0.419144 0.438830 0.457617 0.475405 0.492093 0.507581 0.521769 0.534558 0.545856 0.555578 0.563645 0.569993 0.574566 0.577326 0.578249 0.577326 0.574566 0.569993 0.563645 0.555578 0.545856 0.534558 0.521769 0.507581 0.492093 0.475405 0.457617 0.438830 0.419144 0.398654 0.377451 0.355622 0.333250 0.310412 0.287177 0.263611 0.239775 0.215724 0.191506 0.167167 
0.184961 0.209976 0.234894 0.259672 0.284257 0.308595 0.332623 0.356273 0.379472 0.402140 0.424190 0.445530 0.466062 0.485684 0.504289 0.521769 0.538013 0.552911 0.566358 0.578249 0.588491 0.596997 0.603694 0.608523 0.611438 0.612412 0.611438 0.608523 0.603694 0.596997 0.588491 0.578249 0.566358 0.552911 0.538013 0.521769 0.504289 0.485684 0.466062 0.445530 0.424190 0.402140 0.379472 0.356273 0.332623 0.308595 0.284257 0.259672 0.234894 0.209976 0.184961 
0.202217 0.227907 0.253528 0.279034 0.304374 0.329492 0.354323 0.378798 0.402840 0.426365 0.449282 0.471495 0.492899 0.513385 0.532838 0.551140 0.568172 0.583815 0.597950 0.610464 0.621254 0.630223 0.637290 0.642388 0.645466 0.646496 0.645466 0.642388 0.637290 0.630223 0.621254 0.610464 0.597950 0.583815 0.568172 0.551140 0.532838 0.513385 0.492899 0.471495 0.449282 0.426365 0.402840 0.378798 0.354323 0.329492 0.304374 0.279034 0.253528 0.227907 0.202217 
0.218880 0.245242 0.271563 0.297798 0.323894 0.349795 0.375435 0.400743 0.425639 0.450036 0.473838 0.496943 0.519242 0.540616 0.560944 0.580099 0.597950 0.614366 0.629220 0.642388 0.653752 0.663207 0.670663 0.676044 0.679296 0.680383 0.679296 0.676044 0.670663 0.663207 0.653752 0.642388 0.629220 0.614366 0.597950 0.580099 0.560944 0.540616 0.519242 0.496943 0.473838 0.450036 0.425639 0.400743 0.375435 0.349795 0.323894 0.297798 0.271563 0.245242 0.218880 
0.234894 0.261920 0.288935 0.315893 0.342744 0.369427 0.395878 0.422023 0.447779 0.473056 0.497755 0.521769 0.544980 0.567264 0.588491 0.608523 0.627219 0.644438 0.660039 0.673886 0.685850 0.695815 0.703678 0.709357 0.712789 0.713938 0.712789 0.709357 0.703678 0.695815 0.685850 0.673886 0.660039 0.644438 0.627219 0.608523 0.588491 0.567264 0.544980 0.521769 0.497755 0.473056 0.447779 0.422023 0.395878 0.369427 0.342744 0.315893 0.288935 0.261920 0.234894 
0.250201 0.277879 0.305577 0.333250 0.360847 0.388307 0.415564 0.442544 0.469161 0.495323 0.520925 0.545856 0.569993 0.593202 0.615346 0.636276 0.655841 0.673886 0.690259 0.704809 0.717396 0.727890 0.736177 0.742167 0.745788 0.747000 0.745788 0.742167 0.736177 0.727890 0.717396 0.704809 0.690259 0.673886 0.655841 0.636276 0.615346 0.593202 0.569993 0.545856 0.520925 0.495323 0.469161 0.442544 0.415564 0.388307 0.360847 0.333250 0.305577 0.277879 0.250201 
0.264741 0.293056 0.321422 0.349795 0.378124 0.406349 0.434403 0.462209 0.489682 0.516725 0.543231 0.569082 0.594149 0.618293 0.641365 0.663207 0.683658 0.702548 0.719713 0.734986 0.748215 0.759255 0.767982 0.774293 0.778111 0.779389 0.778111 0.774293 0.767982 0.759255 0.748215 0.734986 0.719713 0.702548 0.683658 0.663207 0.641365 0.618293 0.594149 0.569082 0.543231 0.516725 0.489682 0.462209 0.434403 0.406349 0.378124 0.349795 0.321422 0.293056 0.264741 
0.278456 0.307386 0.336399 0.365453 0.394495 0.423467 0.452300 0.480919 0.509234 0.537147 0.564548 0.591313 0.617309 0.642388 0.666392 0.689154 0.710499 0.730246 0.748215 0.764227 0.778111 0.789711 0.798889 0.805530 0.809550 0.810896 0.809550 0.805530 0.798889 0.789711 0.778111 0.764227 0.748215 0.730246 0.710499 0.689154 0.666392 0.642388 0.617309 0.591313 0.564548 0.537147 0.509234 0.480919 0.452300 0.423467 0.394495 0.365453 0.336399 0.307386 0.278456 
0.291287 0.320805 0.350440 0.380148 0.409878 0.439571 0.469161 0.498568 0.527705 0.556469 0.584747 0.612412 0.639324 0.665329 0.690259 0.713938 0.736177 0.756784 0.775563 0.792319 0.806867 0.819035 0.828670 0.835648 0.839874 0.841289 0.839874 0.835648 0.828670 0.819035 0.806867 0.792319 0.775563 0.756784 0.736177 0.713938 0.690259 0.665329 0.639324 0.612412 0.584747 0.556469 0.527705 0.498568 0.469161 0.439571 0.409878 0.380148 0.350440 0.320805 0.291287 
0.303174 0.333250 0.363475 0.393804 0.424190 0.454573 0.484887 0.515053 0.544980 0.574566 0.603694 0.632234 0.660039 0.686950 0.712789 0.737370 0.760494 0.781953 0.801536 0.819035 0.834246 0.846982 0.857078 0.864393 0.868826 0.870310 0.868826 0.864393 0.857078 0.846982 0.834246 0.819035 0.801536 0.781953 0.760494 0.737370 0.712789 0.686950 0.660039 0.632234 0.603694 0.574566 0.544980 0.515053 0.484887 0.454573 0.424190 0.393804 0.363475 0.333250 0.303174 
0.314061 0.344659 0.375435 0.406349 0.437351 0.468385 0.499383 0.530266 0.560944 0.591313 0.621254 0.650632 0.679296 0.707079 0.733798 0.759255 0.783239 0.805530 0.825902 0.844129 0.859993 0.873291 0.883840 0.891490 0.896128 0.897681 0.896128 0.891490 0.883840 0.873291 0.859993 0.844129 0.825902 0.805530 0.783239 0.759255 0.733798 0.707079 0.679296 0.650632 0.621254 0.591313 0.560944 0.530266 0.499383 0.468385 0.437351 0.406349 0.375435 0.344659 0.314061 
0.323894 0.354972 0.386257 0.417710 0.449282 0.480919 0.512552 0.544105 0.575485 0.606587 0.637290 0.667457 0.696932 0.725542 0.753097 0.779389 0.804196 0.827284 0.848414 0.867344 0.883840 0.897681 0.908672 0.916647 0.921484 0.923105 0.921484 0.916647 0.908672 0.897681 0.883840 0.867344 0.848414 0.827284 0.804196 0.779389 0.753097 0.725542 0.696932 0.667457 0.637290 0.606587 0.575485 0.544105 0.512552 0.480919 0.449282 0.417710 0.386257 0.354972 0.323894 
0.332623 0.364133 0.395878 0.427819 0.459909 0.492093 0.524306 0.556469 0.588491 0.620265 0.651670 0.682564 0.712789 0.742167 0.770498 0.797569 0.823146 0.846982 0.868826 0.888419 0.905511 0.919867 0.931276 0.939561 0.944587 0.946272 0.944587 0.939561 0.931276 0.919867 0.905511 0.888419 0.868826 0.846982 0.823146 0.797569 0.770498 0.742167 0.712789 0.682564 0.651670 0.620265 0.588491 0.556469 0.524306 0.492093 0.459909 0.427819 0.395878 0.364133 0.332623 
0.340199 0.372091 0.404241 0.436613 0.469161 0.501831 0.534558 0.567264 0.599859 0.632234 0.664267 0.695815 0.726715 0.756784 0.785820 0.813597 0.839874 0.864393 0.886889 0.907089 0.924730 0.939561 0.951355 0.959925 0.965127 0.966871 0.965127 0.959925 0.951355 0.939561 0.924730 0.907089 0.886889 0.864393 0.839874 0.813597 0.785820 0.756784 0.726715 0.695815 0.664267 0.632234 0.599859 0.567264 0.534558 0.501831 0.469161 0.436613 0.404241 0.372091 0.340199 
0.346580 0.378798 0.411294 0.444035 0.476975 0.510062 0.543231 0.576405 0.609493 0.642388 0.674964 0.707079 0.738566 0.769239 0.798889 0.827284 0.854176 0.879296 0.902367 0.923105 0.941231 0.956483 0.968620 0.977444 0.982802 0.984598 0.982802 0.977444 0.968620 0.956483 0.941231 0.923105 0.902367 0.879296 0.854176 0.827284 0.798889 0.769239 0.738566 0.707079 0.674964 0.642388 0.609493 0.576405 0.543231 0.510062 0.476975 0.444035 0.411294 0.378798 0.346580 
0.351732 0.384214 0.416994 0.450036 0.483297 0.516725 0.550256 0.583815 0.617309 0.650632 0.683658 0.716241 0.748215 0.779389 0.809550 0.838462 0.865867 0.891490 0.915044 0.936233 0.954769 0.970374 0.982802 0.991840 0.997330 0.999171 0.997330 0.991840 0.982802 0.970374 0.954769 0.936233 0.915044 0.891490 0.865867 0.838462 0.809550 0.779389 0.748215 0.716241 0.683658 0.650632 0.617309 0.583815 0.550256 0.516725 0.483297 0.450036 0.416994 0.384214 0.351732 
0.355622 0.388307 0.421302 0.454573 0.488080 0.521769 0.555578 0.589430 0.623236 0.656888 0.690259 0.723204 0.755553 0.787114 0.817671 0.846982 0.874787 0.900801 0.924730 0.946272 0.965127 0.981010 0.993664 1.002871 1.008464 1.010340 1.008464 1.002871 0.993664 0.981010 0.965127 0.946272 0.924730 0.900801 0.874787 0.846982 0.817671 0.787114 0.755553 0.723204 0.690259 0.656888 0.623236 0.589430 0.555578 0.521769 0.488080 0.454573 0.421302 0.388307 0.355622 
0.358229 0.391050 0.424190 0.457617 0.491289 0.525154 0.559150 0.593202 0.627219 0.661094 0.694700 0.727890 0.760494 0.792319 0.823146 0.852730 0.880807 0.907089 0.931276 0.953060 0.972134 0.988208 1.001018 1.010340 1.016004 1.017905 1.016004 1.010340 1.001018 0.988208 0.972134 0.953060 0.931276 0.907089 0.880807 0.852730 0.823146 0.792319 0.760494 0.727890 0.694700 0.661094 0.627219 0.593202 0.559150 0.525154 0.491289 0.457617 0.424190 0.391050 0.358229 
0.359537 0.392426 0.425639 0.459144 0.492899 0.526853 0.560944 0.595097 0.629220 0.663207 0.696932 0.730246 0.762980 0.794938 0.825902 0.855625 0.883840 0.910258 0.934576 0.956483 0.975669 0.991840 1.004729 1.014110 1.019811 1.021724 1.019811 1.014110 1.004729 0.991840 0.975669 0.956483 0.934576 0.910258 0.883840 0.855625 0.825902 0.794938 0.762980 0.730246 0.696932 0.663207 0.629220 0.595097 0.560944 0.526853 0.492899 0.459144 0.425639 0.392426 0.359537 
0.359700 0.392598 0.425820 0.459335 0.493101 0.527066 0.561169 0.595334 0.629471 0.663472 0.697211 0.730541 0.763291 0.795267 0.826247 0.855988 0.884220 0.910656 0.934990 0.956912 0.976112 0.992295 1.005195 1.014583 1.020289 1.022203 1.020289 1.014583 1.005195 0.992295 0.976112 0.956912 0.934990 0.910656 0.884220 0.855988 0.826247 0.795267 0.763291 0.730541 0.697211 0.663472 0.629471 0.595334 0.561169 0.527066 0.493101 0.459335 0.425820 0.392598 0.359700 
0.359529 0.392418 0.425631 0.459136 0.492890 0.526844 0.560935 0.595087 0.629209 0.663196 0.696920 0.730233 0.762966 0.794924 0.825887 0.855609 0.883824 0.910241 0.934558 0.956464 0.975649 0.991820 1.004709 1.014090 1.019790 1.021703 1.019790 1.014090 1.004709 0.991820 0.975649 0.956464 0.934558 0.910241 0.883824 0.855609 0.825887 0.794924 0.762966 0.730233 0.696920 0.663196 0.629209 0.595087 0.560935 0.526844 0.492890 0.459136 0.425631 0.392418 0.359529 
0.358208 0.391027 0.424167 0.457592 0.491263 0.525127 0.559121 0.593172 0.627187 0.661060 0.694664 0.727852 0.760454 0.792277 0.823101 0.852684 0.880758 0.907038 0.931223 0.953004 0.972077 0.988149 1.000958 1.010279 1.015943 1.017843 1.015943 1.010279 1.000958 0.988149 0.972077 0.953004 0.931223 0.907038 0.880758 0.852684 0.823101 0.792277 0.760454 0.727852 0.694664 0.661060 0.627187 0.593172 0.559121 0.525127 0.491263 0.457592 0.424167 0.391027 0.358208 
0.355587 0.388270 0.421263 0.454533 0.488037 0.521723 0.555530 0.589380 0.623183 0.656831 0.690199 0.723141 0.755487 0.787044 0.817597 0.846905 0.874706 0.900717 0.924643 0.946181 0.965033 0.980914 0.993566 1.002771 1.008363 1.010239 1.008363 1.002771 0.993566 0.980914 0.965033 0.946181 0.924643 0.900717 0.874706 0.846905 0.817597 0.787044 0.755487 0.723141 0.690199 0.656831 0.623183 0.589380 0.555530 0.521723 0.488037 0.454533 0.421263 0.388270 0.355587 
0.351683 0.384163 0.416940 0.449979 0.483237 0.516662 0.550190 0.583744 0.617235 0.650554 0.683575 0.716154 0.748123 0.779293 0.809449 0.838356 0.865756 0.891374 0.914923 0.936108 0.954640 0.970242 0.982666 0.991703 0.997191 0.999032 0.997191 0.991703 0.982666 0.970242 0.954640 0.936108 0.914923 0.891374 0.865756 0.838356 0.809449 0.779293 0.748123 0.716154 0.683575 0.650554 0.617235 0.583744 0.550190 0.516662 0.483237 0.449979 0.416940 0.384163 0.351683 
0.346518 0.378732 0.411226 0.443963 0.476899 0.509982 0.543146 0.576316 0.609399 0.642288 0.674860 0.706969 0.738450 0.769117 0.798761 0.827150 0.854036 0.879150 0.902215 0.922948 0.941069 0.956316 0.968451 0.977272 0.982628 0.984424 0.982628 0.977272 0.968451 0.956316 0.941069 0.922948 0.902215 0.879150 0.854036 0.827150 0.798761 0.769117 0.738450 0.706969 0.674860 0.642288 0.609399 0.576316 0.543146 0.509982 0.476899 0.443963 0.411226 0.378732 0.346518 
0.340123 0.372012 0.404158 0.436525 0.469069 0.501734 0.534456 0.567157 0.599746 0.632115 0.664142 0.695683 0.726576 0.756639 0.785667 0.813437 0.839706 0.864219 0.886708 0.906902 0.924538 0.939363 0.951154 0.959721 0.964921 0.966664 0.964921 0.959721 0.951154 0.939363 0.924538 0.906902 0.886708 0.864219 0.839706 0.813437 0.785667 0.756639 0.726576 0.695683 0.664142 0.632115 0.599746 0.567157 0.534456 0.501734 0.469069 0.436525 0.404158 0.372012 0.340123 
0.332535 0.364041 0.395781 0.427717 0.459802 0.491981 0.524188 0.556344 0.588360 0.620127 0.651525 0.682412 0.712629 0.741998 0.770322 0.797385 0.822953 0.846783 0.868618 0.888204 0.905291 0.919642 0.931046 0.939327 0.944352 0.946036 0.944352 0.939327 0.931046 0.919642 0.905291 0.888204 0.868618 0.846783 0.822953 0.797385 0.770322 0.741998 0.712629 0.682412 0.651525 0.620127 0.588360 0.556344 0.524188 0.491981 0.459802 0.427717 0.395781 0.364041 0.332535 
0.323794 0.354867 0.386147 0.417594 0.449161 0.480791 0.512418 0.543964 0.575336 0.606431 0.637126 0.667285 0.696752 0.725353 0.752899 0.779183 0.803981 0.827061 0.848183 0.867106 0.883595 0.897431 0.908416 0.916388 0.921223 0.922843 0.921223 0.916388 0.908416 0.897431 0.883595 0.867106 0.848183 0.827061 0.803981 0.779183 0.752899 0.725353 0.696752 0.667285 0.637126 0.606431 0.575336 0.543964 0.512418 0.480791 0.449161 0.417594 0.386147 0.354867 0.323794 
0.313950 0.344542 0.375313 0.406220 0.437216 0.468243 0.499234 0.530110 0.560780 0.591141 0.621073 0.650442 0.679097 0.706871 0.733581 0.759029 0.783004 0.805286 0.825649 0.843869 0.859726 0.873018 0.883562 0.891209 0.895844 0.897397 0.895844 0.891209 0.883562 0.873018 0.859726 0.843869 0.825649 0.805286 0.783004 0.759029 0.733581 0.706871 0.679097 0.650442 0.621073 0.591141 0.560780 0.530110 0.499234 0.468243 0.437216 0.406220 0.375313 0.344542 0.313950 
0.303051 0.333122 0.363340 0.393663 0.424042 0.454418 0.484725 0.514882 0.544801 0.574379 0.603498 0.632029 0.659824 0.686725 0.712555 0.737127 0.760241 0.781691 0.801265 0.818756 0.833960 0.846690 0.856781 0.864093 0.868523 0.870007 0.868523 0.864093 0.856781 0.846690 0.833960 0.818756 0.801265 0.781691 0.760241 0.737127 0.712555 0.686725 0.659824 0.632029 0.603498 0.574379 0.544801 0.514882 0.484725 0.454418 0.424042 0.393663 0.363340 0.333122 0.303051 
0.291154 0.320666 0.350294 0.379995 0.409718 0.439404 0.468986 0.498385 0.527512 0.556268 0.584536 0.612192 0.639094 0.665089 0.690009 0.713678 0.735908 0.756506 0.775276 0.792024 0.806565 0.818727 0.828357 0.835331 0.839555 0.840969 0.839555 0.835331 0.828357 0.818727 0.806565 0.792024 0.775276 0.756506 0.735908 0.713678 0.690009 0.665089 0.639094 0.612192 0.584536 0.556268 0.527512 0.498385 0.468986 0.439404 0.409718 0.379995 0.350294 0.320666 0.291154 
0.278314 0.307237 0.336243 0.365289 0.394324 0.423288 0.452113 0.480723 0.509030 0.536934 0.564325 0.591080 0.617066 0.642135 0.666129 0.688881 0.710216 0.729954 0.747914 0.763918 0.777795 0.789389 0.798562 0.805200 0.809218 0.810563 0.809218 0.805200 0.798562 0.789389 0.777795 0.763918 0.747914 0.729954 0.710216 0.688881 0.666129 0.642135 0.617066 0.591080 0.564325 0.536934 0.509030 0.480723 0.452113 0.423288 0.394324 0.365289 0.336243 0.307237 0.278314 
0.264589 0.292897 0.321256 0.349622 0.377943 0.406160 0.434205 0.462003 0.489467 0.516500 0.542996 0.568837 0.593894 0.618028 0.641090 0.662923 0.683364 0.702245 0.719401 0.734667 0.747888 0.758922 0.767645 0.773952 0.777768 0.779045 0.777768 0.773952 0.767645 0.758922 0.747888 0.734667 0.719401 0.702245 0.683364 0.662923 0.641090 0.618028 0.593894 0.568837 0.542996 0.516500 0.489467 0.462003 0.434205 0.406160 0.377943 0.349622 0.321256 0.292897 0.264589 
0.250040 0.277712 0.305403 0.333068 0.360656 0.388108 0.415357 0.442327 0.468936 0.495088 0.520681 0.545602 0.569728 0.592928 0.615061 0.635981 0.655537 0.673574 0.689938 0.704481 0.717061 0.727548 0.735831 0.741817 0.745437 0.746648 0.745437 0.741817 0.735831 0.727548 0.717061 0.704481 0.689938 0.673574 0.655537 0.635981 0.615061 0.592928 0.569728 0.545602 0.520681 0.495088 0.468936 0.442327 0.415357 0.388108 0.360656 0.333068 0.305403 0.277712 0.250040 
0.234726 0.261744 0.288752 0.315703 0.342545 0.369220 0.395662 0.421798 0.447545 0.472812 0.497502 0.521506 0.544707 0.566982 0.588198 0.608221 0.626908 0.644118 0.659711 0.673551 0.685508 0.695467 0.703326 0.709001 0.712432 0.713579 0.712432 0.709001 0.703326 0.695467 0.685508 0.673551 0.659711 0.644118 0.626908 0.608221 0.588198 0.566982 0.544707 0.521506 0.497502 0.472812 0.447545 0.421798 0.395662 0.369220 0.342545 0.315703 0.288752 0.261744 0.234726 
0.218705 0.245059 0.271373 0.297599 0.323688 0.349580 0.375212 0.400511 0.425397 0.449784 0.473577 0.496673 0.518962 0.540327 0.560645 0.579790 0.597632 0.614040 0.628886 0.642047 0.653404 0.662855 0.670306 0.675684 0.678934 0.680021 0.678934 0.675684 0.670306 0.662855 0.653404 0.642047 0.628886 0.614040 0.597632 0.579790 0.560645 0.540327 0.518962 0.496673 0.473577 0.449784 0.425397 0.400511 0.375212 0.349580 0.323688 0.297599 0.271373 0.245059 0.218705 
0.202035 0.227717 0.253331 0.278829 0.304161 0.329270 0.354093 0.378559 0.402591 0.426107 0.449015 0.471219 0.492613 0.513089 0.532533 0.550827 0.567850 0.583484 0.597612 0.610120 0.620903 0.629867 0.636930 0.642025 0.645101 0.646130 0.645101 0.642025 0.636930 0.629867 0.620903 0.610120 0.597612 0.583484 0.567850 0.550827 0.532533 0.513089 0.492613 0.471219 0.449015 0.426107 0.402591 0.378559 0.354093 0.329270 0.304161 0.278829 0.253331 0.227717 0.202035 
0.184772 0.209780 0.234691 0.259460 0.284038 0.308367 0.332386 0.356028 0.379218 0.401877 0.423918 0.445248 0.465771 0.485384 0.503980 0.521451 0.537687 0.552578 0.566017 0.577902 0.588138 0.596639 0.603333 0.608158 0.611071 0.612045 0.611071 0.608158 0.603333 0.596639 0.588138 0.577902 0.566017 0.552578 0.537687 0.521451 0.503980 0.485384 0.465771 0.445248 0.423918 0.401877 0.379218 0.356028 0.332386 0.308367 0.284038 0.259460 0.234691 0.209780 0.184772 
0.166973 0.191305 0.215515 0.239559 0.263387 0.286944 0.310170 0.333001 0.355364 0.377183 0.398377 0.418859 0.438536 0.457314 0.475093 0.491773 0.507253 0.521433 0.534216 0.545508 0.555224 0.563286 0.569630 0.574201 0.576960 0.577882 0.576960 0.574201 0.569630 0.563286 0.555224 0.545508 0.534216 0.521433 0.507253 0.491773 0.475093 0.457314 0.438536 0.418859 0.398377 0.377183 0.355364 0.333001 0.310170 0.286944 0.263387 0.239559 0.215515 0.191305 0.166973 
0.148688 0.172347 0.195862 0.219187 0.242274 0.265070 0.287517 0.309551 0.331106 0.352107 0.372478 0.392137 0.410997 0.428970 0.445965 0.461887 0.476646 0.490148 0.502306 0.513036 0.522259 0.529908 0.535921 0.540252 0.542865 0.543738 0.542865 0.540252 0.535921 0.529908 0.522259 0.513036 0.502306 0.490148 0.476646 0.461887 0.445965 0.428970 0.410997 0.392137 0.372478 0.352107 0.331106 0.309551 0.287517 0.265070 0.242274 0.219187 0.195862 0.172347 0.148688 
0.129968 0.152960 0.175786 0.198402 0.220760 0.242809 0.264492 0.285750 0.306517 0.326724 0.346298 0.365162 0.383235 0.400436 0.416678 0.431878 0.445948 0.458807 0.470373 0.480570 0.489329 0.496586 0.502289 0.506394 0.508870 0.509697 0.508870 0.506394 0.502289 0.496586 0.489329 0.480570 0.470373 0.458807 0.445948 0.431878 0.416678 0.400436 0.383235 0.365162 0.346298 0.326724 0.306517 0.285750 0.264492 0.242809 0.220760 0.198402 0.175786 0.152960 0.129968 
0.110861 0.133194 0.155342 0.177260 0.198902 0.220220 0.241158 0.261660 0.281662 0.301100 0.319905 0.338004 0.355322 0.371782 0.387307 0.401817 0.415234 0.427482 0.438488 0.448183 0.456503 0.463392 0.468802 0.472695 0.475042 0.475827 0.475042 0.472695 0.468802 0.463392 0.456503 0.448183 0.438488 0.427482 0.415234 0.401817 0.387307 0.371782 0.355322 0.338004 0.319905 0.301100 0.281662 0.261660 0.241158 0.220220 0.198902 0.177260 0.155342 0.133194 0.110861 
0.091411 0.113096 0.134576 0.155811 0.176754 0.197358 0.217572 0.237339 0.256602 0.275297 0.293361 0.310725 0.327319 0.343073 0.357913 0.371768 0.384565 0.396236 0.406712 0.415933 0.423840 0.430383 0.435519 0.439213 0.441439 0.442183 0.441439 0.439213 0.435519 0.430383 0.423840 0.415933 0.406712 0.396236 0.384565 0.371768 0.357913 0.343073 0.327319 0.310725 0.293361 0.275297 0.256602 0.237339 0.217572 0.197358 0.176754 0.155811 0.134576 0.113096 0.091411 
0.071662 0.092709 0.113536 0.134102 0.154363 0.174274 0.193784 0.212841 0.231389 0.249369 0.266721 0.283381 0.299283 0.314363 0.328552 0.341785 0.353995 0.365119 0.375097 0.383871 0.391390 0.397608 0.402486 0.405993 0.408107 0.408813 0.408107 0.405993 0.402486 0.397608 0.391390 0.383871 0.375097 0.365119 0.353995 0.341785 0.328552 0.314363 0.299283 0.283381 0.266721 0.249369 0.231389 0.212841 0.193784 0.174274 0.154363 0.134102 0.113536 0.092709 0.071662 
0.051652 0.072076 0.092264 0.112178 0.131776 0.151013 0.169841 0.188212 0.206071 0.223364 0.240033 0.256019 0.271262 0.285700 0.299271 0.311913 0.323568 0.334177 0.343684 0.352038 0.359192 0.365105 0.369742 0.373074 0.375082 0.375753 0.375082 0.373074 0.369742 0.365105 0.359192 0.352038 0.343684 0.334177 0.323568 0.311913 0.299271 0.285700 0.271262 0.256019 0.240033 0.223364 0.206071 0.188212 0.169841 0.151013 0.131776 0.112178 0.092264 0.072076 0.051652 
