33 33
5.913057e-02 0 5
-1.663619 -1.640368 -1.617250 -1.594380 -1.571891 -1.549938 -1.528701 -1.508383 -1.489208 -1.471421 -1.455277 -1.441040 -1.428964 -1.419288 -1.412216 -1.407906 -1.406457 -1.407906 -1.412216 -1.419288 -1.428964 -1.441040 -1.455277 -1.471421 -1.489208 -1.508383 -1.528701 -1.549938 -1.571891 -1.594380 -1.617250 -1.640368 -1.663619 
-1.641140 -1.616427 -1.591751 -1.567227 -1.542993 -1.519215 -1.496090 -1.473843 -1.452729 -1.433034 -1.415061 -1.399129 -1.385553 -1.374631 -1.366622 -1.361731 -1.360085 -1.361731 -1.366622 -1.374631 -1.385553 -1.399129 -1.415061 -1.433034 -1.452729 -1.473843 -1.496090 -1.519215 -1.542993 -1.567227 -1.591751 -1.616427 -1.641140 
-1.618890 -1.592630 -1.566287 -1.539976 -1.513839 -1.488049 -1.462816 -1.438390 -1.415061 -1.393158 -1.373043 -1.355104 -1.339732 -1.327305 -1.318158 -1.312556 -1.310669 -1.312556 -1.318158 -1.327305 -1.339732 -1.355104 -1.373043 -1.393158 -1.415061 -1.438390 -1.462816 -1.488049 -1.513839 -1.539976 -1.566287 -1.592630 -1.618890 
-1.596991 -1.569099 -1.540984 -1.512754 -1.484548 -1.456544 -1.428964 -1.402078 -1.376211 -1.351744 -1.329107 -1.308772 -1.291229 -1.276964 -1.266413 -1.259929 -1.257741 -1.259929 -1.266413 -1.276964 -1.291229 -1.308772 -1.329107 -1.351744 -1.376211 -1.402078 -1.428964 -1.456544 -1.484548 -1.512754 -1.540984 -1.569099 -1.596991 
-1.575581 -1.545985 -1.515999 -1.485719 -1.455277 -1.424849 -1.394660 -1.364999 -1.336225 -1.308772 -1.283148 -1.259929 -1.239735 -1.223194 -1.210886 -1.203290 -1.200721 -1.203290 -1.210886 -1.223194 -1.239735 -1.259929 -1.283148 -1.308772 -1.336225 -1.364999 -1.394660 -1.424849 -1.455277 -1.485719 -1.515999 -1.545985 -1.575581 
-1.554821 -1.523461 -1.491517 -1.459066 -1.426226 -1.393158 -1.360085 -1.327305 -1.295203 -1.264265 -1.235088 -1.208372 -1.184903 -1.165502 -1.150957 -1.141932 -1.138871 -1.141932 -1.150957 -1.165502 -1.184903 -1.208372 -1.235088 -1.264265 -1.295203 -1.327305 -1.360085 -1.393158 -1.426226 -1.459066 -1.491517 -1.523461 -1.554821 
-1.534893 -1.501728 -1.467758 -1.433034 -1.397645 -1.361731 -1.325494 -1.289226 -1.253325 -1.218322 -1.184903 -1.153915 -1.126351 -1.103301 -1.085851 -1.074944 -1.071231 -1.074944 -1.085851 -1.103301 -1.126351 -1.153915 -1.184903 -1.218322 -1.253325 -1.289226 -1.325494 -1.361731 -1.397645 -1.433034 -1.467758 -1.501728 -1.534893 
-1.515999 -1.481014 -1.444978 -1.407906 -1.369847 -1.330900 -1.291229 -1.251096 -1.210886 -1.171155 -1.132667 -1.096426 -1.063683 -1.035893 -1.014581 -1.001131 -0.996529 -1.001131 -1.014581 -1.035893 -1.063683 -1.096426 -1.132667 -1.171155 -1.210886 -1.251096 -1.291229 -1.330900 -1.369847 -1.407906 -1.444978 -1.481014 -1.515999 
-1.498356 -1.461570 -1.423466 -1.384013 -1.343205 -1.301081 -1.257741 -1.213382 -1.168340 -1.123150 -1.078618 -1.035893 -0.996529 -0.962465 -0.935882 -0.918882 -0.913023 -0.918882 -0.935882 -0.962465 -0.996529 -1.035893 -1.078618 -1.123150 -1.168340 -1.213382 -1.257741 -1.301081 -1.343205 -1.384013 -1.423466 -1.461570 -1.498356 
-1.482196 -1.443670 -1.403544 -1.361731 -1.318158 -1.272781 -1.225605 -1.176719 -1.126351 -1.074944 -1.023264 -0.972547 -0.924643 -0.882113 -0.848118 -0.825958 -0.818238 -0.825958 -0.848118 -0.882113 -0.924643 -0.972547 -1.023264 -1.074944 -1.126351 -1.176719 -1.225605 -1.272781 -1.318158 -1.361731 -1.403544 -1.443670 -1.482196 
-1.467758 -1.427597 -1.385553 -1.341473 -1.295203 -1.246595 -1.195527 -1.141932 -1.085851 -1.027525 -0.967543 -0.907061 -0.848118 -0.793962 -0.749174 -0.719137 -0.708498 -0.719137 -0.749174 -0.793962 -0.848118 -0.907061 -0.967543 -1.027525 -1.085851 -1.141932 -1.195527 -1.246595 -1.295203 -1.341473 -1.385553 -1.427597 -1.467758 
-1.455277 -1.413641 -1.369847 -1.323674 -1.274879 -1.223194 -1.168340 -1.110044 -1.048077 -0.982341 -0.913023 -0.840891 -0.767808 -0.697511 -0.636430 -0.593598 -0.578006 -0.593598 -0.636430 -0.697511 -0.767808 -0.840891 -0.913023 -0.982341 -1.048077 -1.110044 -1.168340 -1.223194 -1.274879 -1.323674 -1.369847 -1.413641 -1.455277 
-1.444978 -1.402078 -1.356772 -1.308772 -1.257741 -1.203290 -1.144966 -1.082253 -1.014581 -0.941366 -0.862126 -0.776753 -0.686152 -0.593598 -0.507119 -0.441842 -0.416873 -0.441842 -0.507119 -0.593598 -0.686152 -0.776753 -0.862126 -0.941366 -1.014581 -1.082253 -1.144966 -1.203290 -1.257741 -1.308772 -1.356772 -1.402078 -1.444978 
-1.437059 -1.393158 -1.346645 -1.297173 -1.244323 -1.187589 -1.126351 -1.059847 -0.987136 -0.907061 -0.818238 -0.719137 -0.608494 -0.486755 -0.360446 -0.252131 -0.206315 -0.252131 -0.360446 -0.486755 -0.608494 -0.719137 -0.818238 -0.907061 -0.987136 -1.059847 -1.126351 -1.187589 -1.244323 -1.297173 -1.346645 -1.393158 -1.437059 
-1.431682 -1.387087 -1.339732 -1.289226 -1.235088 -1.176719 -1.113367 -1.044063 -0.967543 -0.882113 -0.785467 -0.674396 -0.544446 -0.389863 -0.206315 -0.010211 0.094580 -0.010211 -0.206315 -0.389863 -0.544446 -0.674396 -0.785467 -0.882113 -0.967543 -1.044063 -1.113367 -1.176719 -1.235088 -1.289226 -1.339732 -1.387087 -1.431682 
-1.428964 -1.384013 -1.336225 -1.285185 -1.230378 -1.171155 -1.106689 -1.035893 -0.957311 -0.868920 -0.767808 -0.649569 -0.507119 -0.328145 -0.089373 0.250225 0.561375 0.250225 -0.089373 -0.328145 -0.507119 -0.649569 -0.767808 -0.868920 -0.957311 -1.035893 -1.106689 -1.171155 -1.230378 -1.285185 -1.336225 -1.384013 -1.428964 
-1.428623 -1.383627 -1.335785 -1.284677 -1.229785 -1.170454 -1.105845 -1.034858 -0.956010 -0.867234 -0.765534 -0.646333 -0.502144 -0.319551 -0.071311 0.304466 0.729517 0.304466 -0.071311 -0.319551 -0.502144 -0.646333 -0.765534 -0.867234 -0.956010 -1.034858 -1.105845 -1.170454 -1.229785 -1.284677 -1.335785 -1.383627 -1.428623 
-1.428979 -1.384029 -1.336244 -1.285207 -1.230404 -1.171186 -1.106725 -1.035938 -0.957367 -0.868993 -0.767906 -0.649709 -0.507333 -0.328514 -0.090136 0.248063 0.555736 0.248063 -0.090136 -0.328514 -0.507333 -0.649709 -0.767906 -0.868993 -0.957367 -1.035938 -1.106725 -1.171186 -1.230404 -1.285207 -1.336244 -1.384029 -1.428979 
-1.431726 -1.387136 -1.339789 -1.289291 -1.235163 -1.176808 -1.113474 -1.044194 -0.967706 -0.882323 -0.785745 -0.674783 -0.545017 -0.390772 -0.207902 -0.013097 0.090604 -0.013097 -0.207902 -0.390772 -0.545017 -0.674783 -0.785745 -0.882323 -0.967706 -1.044194 -1.113474 -1.176808 -1.235163 -1.289291 -1.339789 -1.387136 -1.431726 
-1.437130 -1.393239 -1.346737 -1.297279 -1.244446 -1.187733 -1.126523 -1.060055 -0.987392 -0.907384 -0.818658 -0.719700 -0.609277 -0.487884 -0.362098 -0.254425 -0.208952 -0.254425 -0.362098 -0.487884 -0.609277 -0.719700 -0.818658 -0.907384 -0.987392 -1.060055 -1.126523 -1.187733 -1.244446 -1.297279 -1.346737 -1.393239 -1.437130 
-1.445076 -1.402189 -1.356897 -1.308915 -1.257906 -1.203483 -1.145194 -1.082525 -1.014912 -0.941776 -0.862643 -0.777417 -0.687022 -0.594743 -0.508604 -0.443649 -0.418821 -0.443649 -0.508604 -0.594743 -0.687022 -0.777417 -0.862643 -0.941776 -1.014912 -1.082525 -1.145194 -1.203483 -1.257906 -1.308915 -1.356897 -1.402189 -1.445076 
-1.455400 -1.413779 -1.370003 -1.323851 -1.275081 -1.223428 -1.168614 -1.110367 -1.048464 -0.982808 -0.913595 -0.841597 -0.768685 -0.698591 -0.637725 -0.595070 -0.579548 -0.595070 -0.637725 -0.698591 -0.768685 -0.841597 -0.913595 -0.982808 -1.048464 -1.110367 -1.168614 -1.223428 -1.275081 -1.323851 -1.370003 -1.413779 -1.455400 
-1.467903 -1.427759 -1.385735 -1.341678 -1.295436 -1.246863 -1.195837 -1.142292 -1.086274 -1.028026 -0.968139 -0.907772 -0.848963 -0.794953 -0.750306 -0.720374 -0.709774 -0.720374 -0.750306 -0.794953 -0.848963 -0.907772 -0.968139 -1.028026 -1.086274 -1.142292 -1.195837 -1.246863 -1.295436 -1.341678 -1.385735 -1.427759 -1.467903 
-1.482361 -1.443853 -1.403748 -1.361960 -1.318417 -1.273075 -1.225940 -1.177105 -1.126797 -1.075460 -1.023863 -0.973241 -0.925441 -0.883017 -0.849116 -0.827024 -0.819328 -0.827024 -0.849116 -0.883017 -0.925441 -0.973241 -1.023863 -1.075460 -1.126797 -1.177105 -1.225940 -1.273075 -1.318417 -1.361960 -1.403748 -1.443853 -1.482361 
-1.498538 -1.461772 -1.423690 -1.384262 -1.343484 -1.301394 -1.258095 -1.213783 -1.168796 -1.123669 -1.079207 -1.036559 -0.997276 -0.963289 -0.936773 -0.919818 -0.913975 -0.919818 -0.936773 -0.963289 -0.997276 -1.036559 -1.079207 -1.123669 -1.168796 -1.213783 -1.258095 -1.301394 -1.343484 -1.384262 -1.423690 -1.461772 -1.498538 
-1.516196 -1.481230 -1.445216 -1.408170 -1.370140 -1.331227 -1.291594 -1.251504 -1.211344 -1.171668 -1.133239 -1.097060 -1.064380 -1.036648 -1.015383 -1.001966 -0.997375 -1.001966 -1.015383 -1.036648 -1.064380 -1.097060 -1.133239 -1.171668 -1.211344 -1.251504 -1.291594 -1.331227 -1.370140 -1.408170 -1.445216 -1.481230 -1.516196 
-1.535102 -1.501957 -1.468008 -1.433309 -1.397949 -1.362066 -1.325865 -1.289636 -1.253778 -1.218823 -1.185453 -1.154516 -1.127002 -1.103996 -1.086581 -1.075697 -1.071993 -1.075697 -1.086581 -1.103996 -1.127002 -1.154516 -1.185453 -1.218823 -1.253778 -1.289636 -1.325865 -1.362066 -1.397949 -1.433309 -1.468008 -1.501957 -1.535102 
-1.555040 -1.523699 -1.491776 -1.459350 -1.426536 -1.393497 -1.360458 -1.327713 -1.295649 -1.264751 -1.235615 -1.208941 -1.185511 -1.166145 -1.151627 -1.142619 -1.139564 -1.142619 -1.151627 -1.166145 -1.185511 -1.208941 -1.235615 -1.264751 -1.295649 -1.327713 -1.360458 -1.393497 -1.426536 -1.459350 -1.491776 -1.523699 -1.555040 
-1.575808 -1.546231 -1.516265 -1.486008 -1.455591 -1.425189 -1.395030 -1.365401 -1.336661 -1.309242 -1.283653 -1.260468 -1.240306 -1.223791 -1.211505 -1.203922 -1.201358 -1.203922 -1.211505 -1.223791 -1.240306 -1.260468 -1.283653 -1.309242 -1.336661 -1.365401 -1.395030 -1.425189 -1.455591 -1.486008 -1.516265 -1.546231 -1.575808 
-1.597224 -1.569350 -1.541255 -1.513046 -1.484863 -1.456884 -1.429330 -1.402473 -1.376635 -1.352197 -1.329590 -1.309282 -1.291766 -1.277522 -1.266988 -1.260515 -1.258331 -1.260515 -1.266988 -1.277522 -1.291766 -1.309282 -1.329590 -1.352197 -1.376635 -1.402473 -1.429330 -1.456884 -1.484863 -1.513046 -1.541255 -1.569350 -1.597224 
-1.619128 -1.592884 -1.566560 -1.540269 -1.514153 -1.488386 -1.463177 -1.438776 -1.415472 -1.393594 -1.373505 -1.355589 -1.340238 -1.327829 -1.318696 -1.313102 -1.311217 -1.313102 -1.318696 -1.327829 -1.340238 -1.355589 -1.373505 -1.393594 -1.415472 -1.438776 -1.463177 -1.488386 -1.514153 -1.540269 -1.566560 -1.592884 -1.619128 
-1.641381 -1.616684 -1.592025 -1.567519 -1.543305 -1.519548 -1.496444 -1.474219 -1.453128 -1.433454 -1.415503 -1.399590 -1.386032 -1.375124 -1.367127 -1.362242 -1.360599 -1.362242 -1.367127 -1.375124 -1.386032 -1.399590 -1.415503 -1.433454 -1.453128 -1.474219 -1.496444 -1.519548 -1.543305 -1.567519 -1.592025 -1.616684 -1.641381 
-1.663862 -1.640625 -1.617524 -1.594671 -1.572200 -1.550266 -1.529048 -1.508749 -1.489594 -1.471825 -1.455700 -1.441479 -1.429418 -1.419754 -1.412691 -1.408387 -1.406941 -1.408387 -1.412691 -1.419754 -1.429418 -1.441479 -1.455700 -1.471825 -1.489594 -1.508749 -1.529048 -1.550266 -1.572200 -1.594671 -1.617524 -1.640625 -1.663862 
