47 47
7.177943e-01 0 5
-0.041495 -0.019982 0.001239 0.022117 0.042601 0.062635 0.082158 0.101108 0.119419 0.137021 0.153845 0.169818 0.184865 0.198914 0.211891 0.223726 0.234351 0.243703 0.251723 0.258359 0.263568 0.267315 0.269574 0.270328 0.269574 0.267315 0.263568 0.258359 0.251723 0.243703 0.234351 0.223726 0.211891 0.198914 0.184865 0.169818 0.153845 0.137021 0.119419 0.101108 0.082158 0.062635 0.042601 0.022117 0.001239 -0.019982 -0.041495 
-0.020467 0.001740 0.023671 0.045274 0.066494 0.087272 0.107547 0.127251 0.146315 0.164664 0.182223 0.198914 0.214656 0.229371 0.242979 0.255401 0.266564 0.276397 0.284837 0.291825 0.297314 0.301263 0.303644 0.304440 0.303644 0.301263 0.297314 0.291825 0.284837 0.276397 0.266564 0.255401 0.242979 0.229371 0.214656 0.198914 0.182223 0.164664 0.146315 0.127251 0.107547 0.087272 0.066494 0.045274 0.023671 0.001740 -0.020467 
0.000237 0.023153 0.045809 0.068154 0.090131 0.111678 0.132729 0.153214 0.173059 0.192186 0.210513 0.227955 0.244428 0.259843 0.274115 0.287158 0.298890 0.309235 0.318120 0.325483 0.331268 0.335433 0.337945 0.338785 0.337945 0.335433 0.331268 0.325483 0.318120 0.309235 0.298890 0.287158 0.274115 0.259843 0.244428 0.227955 0.210513 0.192186 0.173059 0.153214 0.132729 0.111678 0.090131 0.068154 0.045809 0.023153 0.000237 
0.020567 0.044203 0.067600 0.090704 0.113456 0.135792 0.157643 0.178936 0.199590 0.219524 0.238651 0.256878 0.274115 0.290266 0.305236 0.318934 0.331268 0.342154 0.351512 0.359273 0.365375 0.369769 0.372420 0.373307 0.372420 0.369769 0.365375 0.359273 0.351512 0.342154 0.331268 0.318934 0.305236 0.290266 0.274115 0.256878 0.238651 0.219524 0.199590 0.178936 0.157643 0.135792 0.113456 0.090704 0.067600 0.044203 0.020567 
0.040471 0.064837 0.088986 0.112863 0.136406 0.159551 0.182223 0.204346 0.225837 0.246608 0.266564 0.285610 0.303644 0.320565 0.336269 0.350656 0.363625 0.375083 0.384942 0.393124 0.399562 0.404200 0.407000 0.407936 0.407000 0.404200 0.399562 0.393124 0.384942 0.375083 0.363625 0.350656 0.336269 0.320565 0.303644 0.285610 0.266564 0.246608 0.225837 0.204346 0.182223 0.159551 0.136406 0.112863 0.088986 0.064837 0.040471 
0.059892 0.084994 0.109904 0.134565 0.158914 0.182883 0.206395 0.229371 0.251723 0.273356 0.294172 0.314066 0.332931 0.350656 0.367129 0.382238 0.395875 0.407936 0.418324 0.426952 0.433746 0.438643 0.441600 0.442589 0.441600 0.438643 0.433746 0.426952 0.418324 0.407936 0.395875 0.382238 0.367129 0.350656 0.332931 0.314066 0.294172 0.273356 0.251723 0.229371 0.206395 0.182883 0.158914 0.134565 0.109904 0.084994 0.059892 
0.078770 0.104612 0.130289 0.155742 0.180906 0.205712 0.230080 0.253927 0.277160 0.299680 0.321382 0.342154 0.361881 0.380442 0.397716 0.413581 0.427918 0.440613 0.451558 0.460657 0.467826 0.472998 0.476121 0.477166 0.476121 0.472998 0.467826 0.460657 0.451558 0.440613 0.427918 0.413581 0.397716 0.380442 0.361881 0.342154 0.321382 0.299680 0.277160 0.253927 0.230080 0.205712 0.180906 0.155742 0.130289 0.104612 0.078770 
0.097043 0.123625 0.150069 0.176317 0.202304 0.227955 0.253191 0.277924 0.302055 0.325483 0.348093 0.369769 0.390385 0.409812 0.427918 0.444571 0.459640 0.472998 0.484527 0.494121 0.501685 0.507145 0.510444 0.511548 0.510444 0.507145 0.501685 0.494121 0.484527 0.472998 0.459640 0.444571 0.427918 0.409812 0.390385 0.369769 0.348093 0.325483 0.302055 0.277924 0.253191 0.227955 0.202304 0.176317 0.150069 0.123625 0.097043 
0.114644 0.141961 0.169171 0.196214 0.223024 0.249525 0.275636 0.301263 0.326306 0.350656 0.374194 0.396795 0.418324 0.438643 0.457609 0.475078 0.490906 0.504956 0.517095 0.527206 0.535185 0.540948 0.544431 0.545597 0.544431 0.540948 0.535185 0.527206 0.517095 0.504956 0.490906 0.475078 0.457609 0.438643 0.418324 0.396795 0.374194 0.350656 0.326306 0.301263 0.275636 0.249525 0.223024 0.196214 0.169171 0.141961 0.114644 
0.131508 0.159551 0.187518 0.215350 0.242979 0.270328 0.297314 0.323839 0.349801 0.375083 0.399562 0.423103 0.445565 0.466797 0.486646 0.504956 0.521569 0.536334 0.549107 0.559756 0.568167 0.574245 0.577921 0.579152 0.577921 0.574245 0.568167 0.559756 0.549107 0.536334 0.521569 0.504956 0.486646 0.466797 0.445565 0.423103 0.399562 0.375083 0.349801 0.323839 0.297314 0.270328 0.242979 0.215350 0.187518 0.159551 0.131508 
0.147564 0.176317 0.205029 0.233638 0.262076 0.290266 0.318120 0.345541 0.372420 0.398638 0.424063 0.448554 0.471960 0.494121 0.514870 0.534039 0.551457 0.566958 0.580384 0.591590 0.600448 0.606854 0.610729 0.612027 0.610729 0.606854 0.600448 0.591590 0.580384 0.566958 0.551457 0.534039 0.514870 0.494121 0.471960 0.448554 0.424063 0.398638 0.372420 0.345541 0.318120 0.290266 0.262076 0.233638 0.205029 0.176317 0.147564 
0.162742 0.192186 0.221622 0.250989 0.280220 0.309235 0.337945 0.366251 0.394040 0.421187 0.447556 0.472998 0.497351 0.520447 0.542107 0.562147 0.580384 0.596636 0.610729 0.622505 0.631821 0.638564 0.642645 0.644011 0.642645 0.638564 0.631821 0.622505 0.610729 0.596636 0.580384 0.562147 0.542107 0.520447 0.497351 0.472998 0.447556 0.421187 0.394040 0.366251 0.337945 0.309235 0.280220 0.250989 0.221622 0.192186 0.162742 
0.176971 0.207080 0.237214 0.267315 0.297314 0.327130 0.356675 0.385846 0.414527 0.442589 0.469890 0.496273 0.521569 0.545597 0.568167 0.589082 0.608143 0.625152 0.639921 0.652274 0.662057 0.669142 0.673432 0.674869 0.673432 0.669142 0.662057 0.652274 0.639921 0.625152 0.608143 0.589082 0.568167 0.545597 0.521569 0.496273 0.469890 0.442589 0.414527 0.385846 0.356675 0.327130 0.297314 0.267315 0.237214 0.207080 0.176971 
0.190181 0.220922 0.251723 0.282524 0.313258 0.343845 0.374194 0.404200 0.433746 0.462697 0.490906 0.518211 0.544431 0.569378 0.592847 0.614629 0.634509 0.652274 0.667718 0.680650 0.690901 0.698330 0.702831 0.704339 0.702831 0.698330 0.690901 0.680650 0.667718 0.652274 0.634509 0.614629 0.592847 0.569378 0.544431 0.518211 0.490906 0.462697 0.433746 0.404200 0.374194 0.343845 0.313258 0.282524 0.251723 0.220922 0.190181 
0.202304 0.233638 0.265064 0.296527 0.327956 0.359273 0.390385 0.421187 0.451558 0.481362 0.510444 0.538637 0.565752 0.591590 0.615935 0.638564 0.659246 0.677753 0.693862 0.707365 0.718079 0.725848 0.730558 0.732136 0.730558 0.725848 0.718079 0.707365 0.693862 0.677753 0.659246 0.638564 0.615935 0.591590 0.565752 0.538637 0.510444 0.481362 0.451558 0.421187 0.390385 0.359273 0.327956 0.296527 0.265064 0.233638 0.202304 
0.213272 0.245154 0.277160 0.309235 0.341310 0.373307 0.405132 0.436680 0.467826 0.498432 0.528340 0.557374 0.585339 0.612027 0.637209 0.660650 0.682104 0.701327 0.718079 0.732136 0.743299 0.751399 0.756312 0.757959 0.756312 0.751399 0.743299 0.732136 0.718079 0.701327 0.682104 0.660650 0.637209 0.612027 0.585339 0.557374 0.528340 0.498432 0.467826 0.436680 0.405132 0.373307 0.341310 0.309235 0.277160 0.245154 0.213272 
0.223024 0.255401 0.287933 0.320565 0.353229 0.385846 0.418324 0.450555 0.482415 0.513761 0.544431 0.574245 0.603002 0.630482 0.656448 0.680650 0.702831 0.722729 0.740088 0.754670 0.766259 0.774675 0.779781 0.781492 0.779781 0.774675 0.766259 0.754670 0.740088 0.722729 0.702831 0.680650 0.656448 0.630482 0.603002 0.574245 0.544431 0.513761 0.482415 0.450555 0.418324 0.385846 0.353229 0.320565 0.287933 0.255401 0.223024 
0.231501 0.264316 0.297314 0.330439 0.363625 0.396795 0.429855 0.462697 0.495196 0.527206 0.558564 0.589082 0.618554 0.646753 0.673432 0.698330 0.721175 0.741691 0.759610 0.774675 0.786656 0.795363 0.800647 0.802419 0.800647 0.795363 0.786656 0.774675 0.759610 0.741691 0.721175 0.698330 0.673432 0.646753 0.618554 0.589082 0.558564 0.527206 0.495196 0.462697 0.429855 0.396795 0.363625 0.330439 0.297314 0.264316 0.231501 
0.238651 0.271840 0.305236 0.338785 0.372420 0.406065 0.439627 0.472998 0.506049 0.538637 0.570591 0.601724 0.631821 0.660650 0.687955 0.713464 0.736895 0.757959 0.776372 0.791865 0.804197 0.813161 0.818605 0.820431 0.818605 0.813161 0.804197 0.791865 0.776372 0.757959 0.736895 0.713464 0.687955 0.660650 0.631821 0.601724 0.570591 0.538637 0.506049 0.472998 0.439627 0.406065 0.372420 0.338785 0.305236 0.271840 0.238651 
0.244428 0.277924 0.311646 0.345541 0.379545 0.413581 0.447556 0.481362 0.514870 0.547934 0.580384 0.612027 0.642645 0.671999 0.699827 0.725848 0.749771 0.771294 0.790124 0.805979 0.818605 0.827789 0.833367 0.835238 0.833367 0.827789 0.818605 0.805979 0.790124 0.771294 0.749771 0.725848 0.699827 0.671999 0.642645 0.612027 0.580384 0.547934 0.514870 0.481362 0.447556 0.413581 0.379545 0.345541 0.311646 0.277924 0.244428 
0.248795 0.282524 0.316495 0.350656 0.384942 0.419277 0.453569 0.487709 0.521569 0.555000 0.587832 0.619868 0.650889 0.680650 0.708884 0.735305 0.759610 0.781492 0.800647 0.816785 0.829643 0.838998 0.844681 0.846588 0.844681 0.838998 0.829643 0.816785 0.800647 0.781492 0.759610 0.735305 0.708884 0.680650 0.650889 0.619868 0.587832 0.555000 0.521569 0.487709 0.453569 0.419277 0.384942 0.350656 0.316495 0.282524 0.248795 
0.251723 0.285610 0.319749 0.354089 0.388566 0.423103 0.457609 0.491976 0.526075 0.559756 0.592847 0.625152 0.656448 0.686487 0.714999 0.741691 0.766259 0.788388 0.807767 0.824099 0.837115 0.846588 0.852344 0.854275 0.852344 0.846588 0.837115 0.824099 0.807767 0.788388 0.766259 0.741691 0.714999 0.686487 0.656448 0.625152 0.592847 0.559756 0.526075 0.491976 0.457609 0.423103 0.388566 0.354089 0.319749 0.285610 0.251723 
0.253191 0.287158 0.321382 0.355812 0.390385 0.425025 0.459640 0.494121 0.528340 0.562147 0.595371 0.627811 0.659246 0.689426 0.718079 0.744910 0.769611 0.791865 0.811358 0.827789 0.840886 0.850419 0.856213 0.858156 0.856213 0.850419 0.840886 0.827789 0.811358 0.791865 0.769611 0.744910 0.718079 0.689426 0.659246 0.627811 0.595371 0.562147 0.528340 0.494121 0.459640 0.425025 0.390385 0.355812 0.321382 0.287158 0.253191 
0.253375 0.287352 0.321586 0.356028 0.390613 0.425265 0.459894 0.494389 0.528624 0.562447 0.595687 0.628144 0.659597 0.689795 0.718465 0.745314 0.770031 0.792301 0.811808 0.828252 0.841359 0.850900 0.856698 0.858643 0.856698 0.850900 0.841359 0.828252 0.811808 0.792301 0.770031 0.745314 0.718465 0.689795 0.659597 0.628144 0.595687 0.562447 0.528624 0.494389 0.459894 0.425265 0.390613 0.356028 0.321586 0.287352 0.253375 
0.253183 0.287149 0.321373 0.355803 0.390375 0.425014 0.459629 0.494109 0.528328 0.562134 0.595357 0.627797 0.659231 0.689410 0.718062 0.744893 0.769593 0.791846 0.811338 0.827769 0.840866 0.850398 0.856192 0.858135 0.856192 0.850398 0.840866 0.827769 0.811338 0.791846 0.769593 0.744893 0.718062 0.689410 0.659231 0.627797 0.595357 0.562134 0.528328 0.494109 0.459629 0.425014 0.390375 0.355803 0.321373 0.287149 0.253183 
0.251699 0.285585 0.319723 0.354061 0.388536 0.423072 0.457577 0.491941 0.526038 0.559717 0.592807 0.625109 0.656403 0.686440 0.714949 0.741639 0.766205 0.788332 0.807709 0.824039 0.837054 0.846526 0.852282 0.854213 0.852282 0.846526 0.837054 0.824039 0.807709 0.788332 0.766205 0.741639 0.714949 0.686440 0.656403 0.625109 0.592807 0.559717 0.526038 0.491941 0.457577 0.423072 0.388536 0.354061 0.319723 0.285585 0.251699 
0.248755 0.282483 0.316452 0.350610 0.384893 0.419226 0.453515 0.487651 0.521508 0.554937 0.587765 0.619798 0.650815 0.680572 0.708803 0.735219 0.759521 0.781400 0.800552 0.816687 0.829543 0.838896 0.844579 0.846485 0.844579 0.838896 0.829543 0.816687 0.800552 0.781400 0.759521 0.735219 0.708803 0.680572 0.650815 0.619798 0.587765 0.554937 0.521508 0.487651 0.453515 0.419226 0.384893 0.350610 0.316452 0.282483 0.248755 
0.244373 0.277866 0.311585 0.345477 0.379478 0.413510 0.447481 0.481282 0.514787 0.547846 0.580291 0.611929 0.642542 0.671891 0.699714 0.725731 0.749648 0.771167 0.789993 0.805844 0.818468 0.827649 0.833226 0.835097 0.833226 0.827649 0.818468 0.805844 0.789993 0.771167 0.749648 0.725731 0.699714 0.671891 0.642542 0.611929 0.580291 0.547846 0.514787 0.481282 0.447481 0.413510 0.379478 0.345477 0.311585 0.277866 0.244373 
0.238581 0.271767 0.305159 0.338703 0.372335 0.405975 0.439532 0.472897 0.505943 0.538525 0.570474 0.601600 0.631692 0.660514 0.687813 0.713316 0.736741 0.757799 0.776207 0.791696 0.804024 0.812987 0.818429 0.820254 0.818429 0.812987 0.804024 0.791696 0.776207 0.757799 0.736741 0.713316 0.687813 0.660514 0.631692 0.601600 0.570474 0.538525 0.505943 0.472897 0.439532 0.405975 0.372335 0.338703 0.305159 0.271767 0.238581 
0.231417 0.264227 0.297220 0.330340 0.363522 0.396686 0.429740 0.462576 0.495068 0.527072 0.558423 0.588934 0.618399 0.646591 0.673262 0.698153 0.720991 0.741501 0.759414 0.774474 0.786452 0.795155 0.800438 0.802209 0.800438 0.795155 0.786452 0.774474 0.759414 0.741501 0.720991 0.698153 0.673262 0.646591 0.618399 0.588934 0.558423 0.527072 0.495068 0.462576 0.429740 0.396686 0.363522 0.330340 0.297220 0.264227 0.231417 
0.222926 0.255298 0.287825 0.320451 0.353109 0.385720 0.418191 0.450415 0.482268 0.513606 0.544269 0.574075 0.602823 0.630295 0.656253 0.680447 0.702620 0.722511 0.739865 0.754441 0.766025 0.774438 0.779542 0.781253 0.779542 0.774438 0.766025 0.754441 0.739865 0.722511 0.702620 0.680447 0.656253 0.630295 0.602823 0.574075 0.544269 0.513606 0.482268 0.450415 0.418191 0.385720 0.353109 0.320451 0.287825 0.255298 0.222926 
0.213161 0.245036 0.277037 0.309105 0.341174 0.373164 0.404982 0.436522 0.467660 0.498258 0.528157 0.557182 0.585139 0.611817 0.636991 0.660423 0.681870 0.701085 0.717830 0.731881 0.743039 0.751136 0.756047 0.757693 0.756047 0.751136 0.743039 0.731881 0.717830 0.701085 0.681870 0.660423 0.636991 0.611817 0.585139 0.557182 0.528157 0.498258 0.467660 0.436522 0.404982 0.373164 0.341174 0.309105 0.277037 0.245036 0.213161 
0.202180 0.233507 0.264928 0.296383 0.327805 0.359114 0.390219 0.421012 0.451375 0.481169 0.510243 0.538426 0.565532 0.591360 0.615696 0.638316 0.658990 0.677489 0.693591 0.707088 0.717797 0.725563 0.730270 0.731847 0.730270 0.725563 0.717797 0.707088 0.693591 0.677489 0.658990 0.638316 0.615696 0.591360 0.565532 0.538426 0.510243 0.481169 0.451375 0.421012 0.390219 0.359114 0.327805 0.296383 0.264928 0.233507 0.202180 
0.190045 0.220779 0.251573 0.282367 0.313093 0.343672 0.374013 0.404010 0.433546 0.462488 0.490688 0.517982 0.544194 0.569130 0.592590 0.614363 0.634234 0.651991 0.667428 0.680354 0.690600 0.698025 0.702523 0.704030 0.702523 0.698025 0.690600 0.680354 0.667428 0.651991 0.634234 0.614363 0.592590 0.569130 0.544194 0.517982 0.490688 0.462488 0.433546 0.404010 0.374013 0.343672 0.313093 0.282367 0.251573 0.220779 0.190045 
0.176823 0.206925 0.237052 0.267145 0.297136 0.326944 0.356480 0.385642 0.414313 0.442366 0.469656 0.496029 0.521315 0.545334 0.567894 0.588800 0.607851 0.624853 0.639614 0.651961 0.661739 0.668820 0.673108 0.674544 0.673108 0.668820 0.661739 0.651961 0.639614 0.624853 0.607851 0.588800 0.567894 0.545334 0.521315 0.496029 0.469656 0.442366 0.414313 0.385642 0.356480 0.326944 0.297136 0.267145 0.237052 0.206925 0.176823 
0.162584 0.192021 0.221449 0.250808 0.280030 0.309036 0.337738 0.366034 0.393813 0.420951 0.447309 0.472741 0.497085 0.520170 0.541820 0.561851 0.580079 0.596323 0.610409 0.622178 0.631490 0.638229 0.642307 0.643673 0.642307 0.638229 0.631490 0.622178 0.610409 0.596323 0.580079 0.561851 0.541820 0.520170 0.497085 0.472741 0.447309 0.420951 0.393813 0.366034 0.337738 0.309036 0.280030 0.250808 0.221449 0.192021 0.162584 
0.147396 0.176142 0.204845 0.233446 0.261875 0.290056 0.317901 0.345313 0.372183 0.398390 0.423805 0.448286 0.471681 0.493832 0.514572 0.533731 0.551141 0.566634 0.580053 0.591252 0.600105 0.606508 0.610381 0.611678 0.610381 0.606508 0.600105 0.591252 0.580053 0.566634 0.551141 0.533731 0.514572 0.493832 0.471681 0.448286 0.423805 0.398390 0.372183 0.345313 0.317901 0.290056 0.261875 0.233446 0.204845 0.176142 0.147396 
0.131331 0.159366 0.187325 0.215148 0.242769 0.270109 0.297085 0.323601 0.349553 0.374825 0.399294 0.422825 0.445276 0.466499 0.486338 0.504638 0.521243 0.536000 0.548766 0.559410 0.567816 0.573891 0.577565 0.578794 0.577565 0.573891 0.567816 0.559410 0.548766 0.536000 0.521243 0.504638 0.486338 0.466499 0.445276 0.422825 0.399294 0.374825 0.349553 0.323601 0.297085 0.270109 0.242769 0.215148 0.187325 0.159366 0.131331 
0.114459 0.141768 0.168970 0.196004 0.222805 0.249298 0.275398 0.301016 0.326049 0.350389 0.373917 0.396508 0.418027 0.438337 0.457294 0.474753 0.490573 0.504615 0.516748 0.526853 0.534828 0.540587 0.544069 0.545233 0.544069 0.540587 0.534828 0.526853 0.516748 0.504615 0.490573 0.474753 0.457294 0.438337 0.418027 0.396508 0.373917 0.350389 0.326049 0.301016 0.275398 0.249298 0.222805 0.196004 0.168970 0.141768 0.114459 
0.096850 0.123424 0.149860 0.176100 0.202077 0.227720 0.252946 0.277669 0.301791 0.325209 0.347809 0.369475 0.390082 0.409499 0.427596 0.444240 0.459301 0.472652 0.484175 0.493763 0.501323 0.506780 0.510077 0.511180 0.510077 0.506780 0.501323 0.493763 0.484175 0.472652 0.459301 0.444240 0.427596 0.409499 0.390082 0.369475 0.347809 0.325209 0.301791 0.277669 0.252946 0.227720 0.202077 0.176100 0.149860 0.123424 0.096850 
0.078570 0.104405 0.130073 0.155517 0.180673 0.205469 0.229829 0.253666 0.276889 0.299400 0.321092 0.341855 0.361572 0.380124 0.397389 0.413246 0.427576 0.440263 0.451202 0.460296 0.467461 0.472629 0.475751 0.476795 0.475751 0.472629 0.467461 0.460296 0.451202 0.440263 0.427576 0.413246 0.397389 0.380124 0.361572 0.341855 0.321092 0.299400 0.276889 0.253666 0.229829 0.205469 0.180673 0.155517 0.130073 0.104405 0.078570 
0.059686 0.084781 0.109682 0.134335 0.158675 0.182634 0.206138 0.229105 0.251447 0.273070 0.293877 0.313762 0.332618 0.350334 0.366798 0.381900 0.395529 0.407584 0.417966 0.426589 0.433379 0.438273 0.441229 0.442217 0.441229 0.438273 0.433379 0.426589 0.417966 0.407584 0.395529 0.381900 0.366798 0.350334 0.332618 0.313762 0.293877 0.273070 0.251447 0.229105 0.206138 0.182634 0.158675 0.134335 0.109682 0.084781 0.059686 
0.040260 0.064618 0.088759 0.112627 0.136162 0.159297 0.181961 0.204075 0.225557 0.246318 0.266266 0.285302 0.303328 0.320240 0.335937 0.350316 0.363278 0.374729 0.384583 0.392760 0.399194 0.403830 0.406628 0.407564 0.406628 0.403830 0.399194 0.392760 0.384583 0.374729 0.363278 0.350316 0.335937 0.320240 0.303328 0.285302 0.266266 0.246318 0.225557 0.204075 0.181961 0.159297 0.136162 0.112627 0.088759 0.064618 0.040260 
0.020351 0.043979 0.067368 0.090464 0.113207 0.135535 0.157377 0.178661 0.199307 0.219232 0.238349 0.256568 0.273796 0.289939 0.304902 0.318593 0.330920 0.341800 0.351153 0.358909 0.365007 0.369399 0.372049 0.372935 0.372049 0.369399 0.365007 0.358909 0.351153 0.341800 0.330920 0.318593 0.304902 0.289939 0.273796 0.256568 0.238349 0.219232 0.199307 0.178661 0.157377 0.135535 0.113207 0.090464 0.067368 0.043979 0.020351 
0.000016 0.022924 0.045573 0.067910 0.089879 0.111417 0.132460 0.152937 0.172773 0.191891 0.210209 0.227644 0.244108 0.259516 0.273780 0.286816 0.298543 0.308881 0.317762 0.325120 0.330903 0.335065 0.337576 0.338415 0.337576 0.335065 0.330903 0.325120 0.317762 0.308881 0.298543 0.286816 0.273780 0.259516 0.244108 0.227644 0.210209 0.191891 0.172773 0.152937 0.132460 0.111417 0.089879 0.067910 0.045573 0.022924 0.000016 
-0.020692 0.001508 0.023431 0.045026 0.066238 0.087009 0.107275 0.126971 0.146026 0.164367 0.181918 0.198601 0.214336 0.229044 0.242644 0.255060 0.266217 0.276045 0.284480 0.291464 0.296950 0.300897 0.303277 0.304072 0.303277 0.300897 0.296950 0.291464 0.284480 0.276045 0.266217 0.255060 0.242644 0.229044 0.214336 0.198601 0.181918 0.164367 0.146026 0.126971 0.107275 0.087009 0.066238 0.045026 0.023431 0.001508 -0.020692 
-0.041723 -0.020217 0.000996 0.021867 0.042343 0.062369 0.081884 0.100826 0.119129 0.136724 0.153540 0.169505 0.184545 0.198587 0.211557 0.223386 0.234006 0.243352 0.251368 0.258001 0.263207 0.266952 0.269209 0.269963 0.269209 0.266952 0.263207 0.258001 0.251368 0.243352 0.234006 0.223386 0.211557 0.198587 0.184545 0.169505 0.153540 0.136724 0.119129 0.100826 0.081884 0.062369 0.042343 0.021867 0.000996 -0.020217 -0.041723 
