31 31
3.186807e-02 0 5
-1.908316 -1.883636 -1.859108 -1.834870 -1.811089 -1.787960 -1.765709 -1.744592 -1.724892 -1.706917 -1.690981 -1.677403 -1.666478 -1.658468 -1.653576 -1.651930 -1.653576 -1.658468 -1.666478 -1.677403 -1.690981 -1.706917 -1.724892 -1.744592 -1.765709 -1.787960 -1.811089 -1.834870 -1.859108 -1.883636 -1.908316 
-1.884514 -1.858168 -1.831853 -1.805712 -1.779917 -1.754680 -1.730250 -1.706917 -1.685009 -1.664890 -1.646947 -1.631572 -1.619143 -1.609994 -1.604390 -1.602503 -1.604390 -1.609994 -1.619143 -1.631572 -1.646947 -1.664890 -1.685009 -1.706917 -1.730250 -1.754680 -1.779917 -1.805712 -1.831853 -1.858168 -1.884514 
-1.860981 -1.832861 -1.804627 -1.776416 -1.748408 -1.720822 -1.693931 -1.668059 -1.643587 -1.620945 -1.600605 -1.583059 -1.568790 -1.558237 -1.551751 -1.549563 -1.551751 -1.558237 -1.568790 -1.583059 -1.600605 -1.620945 -1.643587 -1.668059 -1.693931 -1.720822 -1.748408 -1.776416 -1.804627 -1.832861 -1.860981 
-1.837863 -1.807872 -1.777587 -1.747140 -1.716706 -1.686511 -1.656845 -1.628065 -1.600605 -1.574975 -1.551751 -1.531553 -1.515007 -1.502696 -1.495098 -1.492528 -1.495098 -1.502696 -1.515007 -1.531553 -1.551751 -1.574975 -1.600605 -1.628065 -1.656845 -1.686511 -1.716706 -1.747140 -1.777587 -1.807872 -1.837863 
-1.815336 -1.783386 -1.750930 -1.718083 -1.685009 -1.651930 -1.619143 -1.587033 -1.556088 -1.526904 -1.500181 -1.476706 -1.457300 -1.442751 -1.433722 -1.430660 -1.433722 -1.442751 -1.457300 -1.476706 -1.500181 -1.526904 -1.556088 -1.587033 -1.619143 -1.651930 -1.685009 -1.718083 -1.750930 -1.783386 -1.815336 
-1.793599 -1.759623 -1.724892 -1.689497 -1.653576 -1.617332 -1.581055 -1.545145 -1.510134 -1.476706 -1.445709 -1.418138 -1.395080 -1.377624 -1.366714 -1.363000 -1.366714 -1.377624 -1.395080 -1.418138 -1.445709 -1.476706 -1.510134 -1.545145 -1.581055 -1.617332 -1.653576 -1.689497 -1.724892 -1.759623 -1.793599 
-1.772882 -1.736839 -1.699760 -1.661694 -1.622738 -1.583059 -1.542916 -1.502696 -1.462954 -1.424455 -1.388203 -1.355450 -1.327651 -1.306331 -1.292876 -1.288273 -1.292876 -1.306331 -1.327651 -1.355450 -1.388203 -1.424455 -1.462954 -1.502696 -1.542916 -1.583059 -1.622738 -1.661694 -1.699760 -1.736839 -1.772882 
-1.753434 -1.715323 -1.675862 -1.635046 -1.592913 -1.549563 -1.505192 -1.460138 -1.414935 -1.370389 -1.327651 -1.288273 -1.254196 -1.227603 -1.210596 -1.204734 -1.210596 -1.227603 -1.254196 -1.288273 -1.327651 -1.370389 -1.414935 -1.460138 -1.505192 -1.549563 -1.592913 -1.635046 -1.675862 -1.715323 -1.753434 
-1.735530 -1.695397 -1.653576 -1.609994 -1.564606 -1.517418 -1.468520 -1.418138 -1.366714 -1.315017 -1.264281 -1.216359 -1.173811 -1.139800 -1.117631 -1.109907 -1.117631 -1.139800 -1.173811 -1.216359 -1.264281 -1.315017 -1.366714 -1.418138 -1.468520 -1.517418 -1.564606 -1.609994 -1.653576 -1.695397 -1.735530 
-1.719455 -1.677403 -1.633314 -1.587033 -1.538414 -1.487333 -1.433722 -1.377624 -1.319280 -1.259275 -1.198769 -1.139800 -1.085619 -1.040808 -1.010754 -1.000109 -1.010754 -1.040808 -1.085619 -1.139800 -1.198769 -1.259275 -1.319280 -1.377624 -1.433722 -1.487333 -1.538414 -1.587033 -1.633314 -1.677403 -1.719455 
-1.705496 -1.661694 -1.615511 -1.566704 -1.515007 -1.460138 -1.401825 -1.339839 -1.274079 -1.204734 -1.132570 -1.059452 -0.989116 -0.927998 -0.885138 -0.869535 -0.885138 -0.927998 -0.989116 -1.059452 -1.132570 -1.204734 -1.274079 -1.339839 -1.401825 -1.460138 -1.515007 -1.566704 -1.615511 -1.661694 -1.705496 
-1.693931 -1.648616 -1.600605 -1.549563 -1.495098 -1.436758 -1.374025 -1.306331 -1.233089 -1.153815 -1.068401 -0.977751 -0.885138 -0.798596 -0.733265 -0.708274 -0.733265 -0.798596 -0.885138 -0.977751 -1.068401 -1.153815 -1.233089 -1.306331 -1.374025 -1.436758 -1.495098 -1.549563 -1.600605 -1.648616 -1.693931 
-1.685009 -1.638487 -1.589004 -1.536142 -1.479393 -1.418138 -1.351613 -1.278876 -1.198769 -1.109907 -1.010754 -0.900044 -0.778216 -0.651794 -0.543364 -0.497494 -0.543364 -0.651794 -0.778216 -0.900044 -1.010754 -1.109907 -1.198769 -1.278876 -1.351613 -1.418138 -1.479393 -1.536142 -1.589004 -1.638487 -1.685009 
-1.678937 -1.631572 -1.581055 -1.526904 -1.468520 -1.405149 -1.335824 -1.259275 -1.173811 -1.077119 -0.965988 -0.835951 -0.681240 -0.497494 -0.301104 -0.196121 -0.301104 -0.497494 -0.681240 -0.835951 -0.965988 -1.077119 -1.173811 -1.259275 -1.335824 -1.405149 -1.468520 -1.526904 -1.581055 -1.631572 -1.678937 
-1.675862 -1.628065 -1.577013 -1.522193 -1.462954 -1.398469 -1.327651 -1.249039 -1.160612 -1.059452 -0.941146 -0.798596 -0.619462 -0.380392 -0.040126 0.272039 -0.040126 -0.380392 -0.619462 -0.798596 -0.941146 -1.059452 -1.160612 -1.249039 -1.327651 -1.398469 -1.462954 -1.522193 -1.577013 -1.628065 -1.675862 
-1.675476 -1.627624 -1.576505 -1.521599 -1.462253 -1.397625 -1.326615 -1.247738 -1.158926 -1.057177 -0.937907 -0.793617 -0.610858 -0.362303 0.014258 0.440971 0.014258 -0.362303 -0.610858 -0.793617 -0.937907 -1.057177 -1.158926 -1.247738 -1.326615 -1.397625 -1.462253 -1.521599 -1.576505 -1.627624 -1.675476 
-1.675879 -1.628084 -1.577035 -1.522218 -1.462985 -1.398506 -1.327695 -1.249096 -1.160685 -1.059550 -0.941286 -0.798810 -0.619830 -0.381155 -0.042294 0.266376 -0.042294 -0.381155 -0.619830 -0.798810 -0.941286 -1.059550 -1.160685 -1.249096 -1.327695 -1.398506 -1.462985 -1.522218 -1.577035 -1.628084 -1.675879 
-1.678986 -1.631629 -1.581120 -1.526979 -1.468609 -1.405256 -1.335954 -1.259439 -1.174021 -1.077398 -0.966375 -0.836523 -0.682150 -0.499083 -0.303995 -0.200105 -0.303995 -0.499083 -0.682150 -0.836523 -0.966375 -1.077398 -1.174021 -1.259439 -1.335954 -1.405256 -1.468609 -1.526979 -1.581120 -1.631629 -1.678986 
-1.685090 -1.638579 -1.589110 -1.536264 -1.479537 -1.418309 -1.351820 -1.279132 -1.199093 -1.110327 -1.011318 -0.900828 -0.779345 -0.653449 -0.545661 -0.500134 -0.545661 -0.653449 -0.779345 -0.900828 -1.011318 -1.110327 -1.199093 -1.279132 -1.351820 -1.418309 -1.479537 -1.536264 -1.589110 -1.638579 -1.685090 
-1.694042 -1.648741 -1.600748 -1.549728 -1.495291 -1.436985 -1.374298 -1.306662 -1.233499 -1.154332 -1.069066 -0.978621 -0.886284 -0.800082 -0.735073 -0.710224 -0.735073 -0.800082 -0.886284 -0.978621 -1.069066 -1.154332 -1.233499 -1.306662 -1.374298 -1.436985 -1.495291 -1.549728 -1.600748 -1.648741 -1.694042 
-1.705634 -1.661849 -1.615688 -1.566907 -1.515241 -1.460412 -1.402148 -1.340225 -1.274547 -1.205306 -1.133277 -1.060329 -0.990196 -0.929294 -0.886610 -0.871078 -0.886610 -0.929294 -0.990196 -1.060329 -1.133277 -1.205306 -1.274547 -1.340225 -1.402148 -1.460412 -1.515241 -1.566907 -1.615688 -1.661849 -1.705634 
-1.719617 -1.677585 -1.633519 -1.587267 -1.538682 -1.487642 -1.434083 -1.378048 -1.319781 -1.259872 -1.199481 -1.140646 -1.086610 -1.041940 -1.011992 -1.001386 -1.011992 -1.041940 -1.086610 -1.140646 -1.199481 -1.259872 -1.319781 -1.378048 -1.434083 -1.487642 -1.538682 -1.587267 -1.633519 -1.677585 -1.719617 
-1.735714 -1.695601 -1.653805 -1.610253 -1.564900 -1.517754 -1.468905 -1.418583 -1.367230 -1.315616 -1.264975 -1.217157 -1.174715 -1.140799 -1.118697 -1.110997 -1.118697 -1.140799 -1.174715 -1.217157 -1.264975 -1.315616 -1.367230 -1.418583 -1.468905 -1.517754 -1.564900 -1.610253 -1.653805 -1.695601 -1.735714 
-1.753636 -1.715547 -1.676111 -1.635325 -1.593226 -1.549917 -1.505594 -1.460594 -1.415454 -1.370978 -1.328317 -1.289019 -1.255020 -1.228494 -1.211532 -1.205686 -1.211532 -1.228494 -1.255020 -1.289019 -1.328317 -1.370978 -1.415454 -1.460594 -1.505594 -1.549917 -1.593226 -1.635325 -1.676111 -1.715547 -1.753636 
-1.773098 -1.737077 -1.700024 -1.661987 -1.623065 -1.583424 -1.543324 -1.503153 -1.463467 -1.425027 -1.388837 -1.356147 -1.328406 -1.307134 -1.293711 -1.289119 -1.293711 -1.307134 -1.328406 -1.356147 -1.388837 -1.425027 -1.463467 -1.503153 -1.543324 -1.583424 -1.623065 -1.661987 -1.700024 -1.737077 -1.773098 
-1.793828 -1.759873 -1.725168 -1.689801 -1.653911 -1.617702 -1.581465 -1.545599 -1.510634 -1.477256 -1.446310 -1.418788 -1.395775 -1.378355 -1.367468 -1.363762 -1.367468 -1.378355 -1.395775 -1.418788 -1.446310 -1.477256 -1.510634 -1.545599 -1.581465 -1.617702 -1.653911 -1.689801 -1.725168 -1.759873 -1.793828 
-1.815574 -1.783645 -1.751213 -1.718393 -1.685349 -1.652302 -1.619551 -1.587479 -1.556574 -1.527431 -1.500751 -1.477314 -1.457943 -1.443421 -1.434410 -1.431354 -1.434410 -1.443421 -1.457943 -1.477314 -1.500751 -1.527431 -1.556574 -1.587479 -1.619551 -1.652302 -1.685349 -1.718393 -1.751213 -1.783645 -1.815574 
-1.838109 -1.808138 -1.777876 -1.747454 -1.717047 -1.686882 -1.657247 -1.628500 -1.601075 -1.575480 -1.552290 -1.532123 -1.515604 -1.503315 -1.495730 -1.493166 -1.495730 -1.503315 -1.515604 -1.532123 -1.552290 -1.575480 -1.601075 -1.628500 -1.657247 -1.686882 -1.717047 -1.747454 -1.777876 -1.808138 -1.838109 
-1.861232 -1.833132 -1.804919 -1.776731 -1.748747 -1.721189 -1.694326 -1.668483 -1.644040 -1.621428 -1.601116 -1.583596 -1.569349 -1.558812 -1.552337 -1.550152 -1.552337 -1.558812 -1.569349 -1.583596 -1.601116 -1.621428 -1.644040 -1.668483 -1.694326 -1.721189 -1.748747 -1.776731 -1.804919 -1.833132 -1.861232 
-1.884769 -1.858441 -1.832146 -1.806026 -1.780254 -1.755041 -1.730636 -1.707328 -1.685446 -1.665352 -1.647432 -1.632079 -1.619667 -1.610531 -1.604936 -1.603051 -1.604936 -1.610531 -1.619667 -1.632079 -1.647432 -1.665352 -1.685446 -1.707328 -1.730636 -1.755041 -1.780254 -1.806026 -1.832146 -1.858441 -1.884769 
-1.908572 -1.883910 -1.859400 -1.835182 -1.811422 -1.788314 -1.766085 -1.744990 -1.725313 -1.707358 -1.691443 -1.677882 -1.666972 -1.658973 -1.654087 -1.652444 -1.654087 -1.658973 -1.666972 -1.677882 -1.691443 -1.707358 -1.725313 -1.744990 -1.766085 -1.788314 -1.811422 -1.835182 -1.859400 -1.883910 -1.908572 
