41 41
4.408545e-01 0 5
-0.881420 -0.862434 -0.843541 -0.824795 -0.806261 -0.788011 -0.770127 -0.752699 -0.735829 -0.719625 -0.704207 -0.689698 -0.676230 -0.663936 -0.652948 -0.643393 -0.635391 -0.629048 -0.624450 -0.621664 -0.620731 -0.621664 -0.624450 -0.629048 -0.635391 -0.643393 -0.652948 -0.663936 -0.676230 -0.689698 -0.704207 -0.719625 -0.735829 -0.752699 -0.770127 -0.788011 -0.806261 -0.824795 -0.843541 -0.862434 -0.881420 
-0.862933 -0.843017 -0.823146 -0.803375 -0.783769 -0.764404 -0.745367 -0.726755 -0.708676 -0.691252 -0.674614 -0.658904 -0.644272 -0.630871 -0.618857 -0.608381 -0.599587 -0.592600 -0.587528 -0.584451 -0.583420 -0.584451 -0.587528 -0.592600 -0.599587 -0.608381 -0.618857 -0.630871 -0.644272 -0.658904 -0.674614 -0.691252 -0.708676 -0.726755 -0.745367 -0.764404 -0.783769 -0.803375 -0.823146 -0.843017 -0.862933 
-0.844585 -0.823696 -0.802795 -0.781937 -0.761188 -0.740628 -0.720344 -0.700442 -0.681039 -0.662266 -0.644272 -0.627215 -0.611268 -0.596608 -0.583420 -0.571883 -0.562169 -0.554433 -0.548807 -0.545390 -0.544244 -0.545390 -0.548807 -0.554433 -0.562169 -0.571883 -0.583420 -0.596608 -0.611268 -0.627215 -0.644272 -0.662266 -0.681039 -0.700442 -0.720344 -0.740628 -0.761188 -0.781937 -0.802795 -0.823696 -0.844585 
-0.826437 -0.804532 -0.782548 -0.760542 -0.738578 -0.716736 -0.695108 -0.673803 -0.652948 -0.632686 -0.613180 -0.594609 -0.577171 -0.561074 -0.546533 -0.533765 -0.522980 -0.514366 -0.508088 -0.504268 -0.502986 -0.504268 -0.508088 -0.514366 -0.522980 -0.533765 -0.546533 -0.561074 -0.577171 -0.594609 -0.613180 -0.632686 -0.652948 -0.673803 -0.695108 -0.716736 -0.738578 -0.760542 -0.782548 -0.804532 -0.826437 
-0.808555 -0.785593 -0.762478 -0.739263 -0.716010 -0.692799 -0.669723 -0.646896 -0.624450 -0.602541 -0.581348 -0.561074 -0.541941 -0.524194 -0.508088 -0.493884 -0.481838 -0.472186 -0.465131 -0.460832 -0.459387 -0.460832 -0.465131 -0.472186 -0.481838 -0.493884 -0.508088 -0.524194 -0.541941 -0.561074 -0.581348 -0.602541 -0.624450 -0.646896 -0.669723 -0.692799 -0.716010 -0.739263 -0.762478 -0.785593 -0.808555 
-0.791013 -0.766958 -0.742666 -0.718183 -0.693570 -0.668902 -0.644272 -0.619795 -0.595610 -0.571883 -0.548807 -0.526610 -0.505546 -0.485897 -0.467969 -0.452077 -0.438537 -0.427643 -0.419657 -0.414778 -0.413137 -0.414778 -0.419657 -0.427643 -0.438537 -0.452077 -0.467969 -0.485897 -0.505546 -0.526610 -0.548807 -0.571883 -0.595610 -0.619795 -0.644272 -0.668902 -0.693570 -0.718183 -0.742666 -0.766958 -0.791013 
-0.773895 -0.748717 -0.723207 -0.697403 -0.671361 -0.645149 -0.618857 -0.592600 -0.566518 -0.540784 -0.515609 -0.491241 -0.467969 -0.446122 -0.426060 -0.408169 -0.392840 -0.380449 -0.371328 -0.365742 -0.363860 -0.365742 -0.371328 -0.380449 -0.392840 -0.408169 -0.426060 -0.446122 -0.467969 -0.491241 -0.515609 -0.540784 -0.566518 -0.592600 -0.618857 -0.645149 -0.671361 -0.697403 -0.723207 -0.748717 -0.773895 
-0.757293 -0.730969 -0.704207 -0.677036 -0.649501 -0.621664 -0.593606 -0.565435 -0.537291 -0.509352 -0.481838 -0.455019 -0.429220 -0.404819 -0.382245 -0.361969 -0.344479 -0.330257 -0.319740 -0.313276 -0.311095 -0.313276 -0.319740 -0.330257 -0.344479 -0.361969 -0.382245 -0.404819 -0.429220 -0.455019 -0.481838 -0.509352 -0.537291 -0.565435 -0.593606 -0.621664 -0.649501 -0.677036 -0.704207 -0.730969 -0.757293 
-0.741308 -0.713825 -0.685786 -0.657212 -0.628133 -0.598596 -0.568673 -0.538459 -0.508088 -0.477732 -0.447620 -0.418038 -0.389343 -0.361969 -0.336422 -0.313276 -0.293148 -0.276661 -0.264395 -0.256825 -0.254266 -0.256825 -0.264395 -0.276661 -0.293148 -0.313276 -0.336422 -0.361969 -0.389343 -0.418038 -0.447620 -0.477732 -0.508088 -0.538459 -0.568673 -0.598596 -0.628133 -0.657212 -0.685786 -0.713825 -0.741308 
-0.726048 -0.697403 -0.668079 -0.638078 -0.607414 -0.576119 -0.544244 -0.511868 -0.479106 -0.446122 -0.413137 -0.380449 -0.348441 -0.317598 -0.288515 -0.261890 -0.238503 -0.219173 -0.204682 -0.195690 -0.192641 -0.195690 -0.204682 -0.219173 -0.238503 -0.261890 -0.288515 -0.317598 -0.348441 -0.380449 -0.413137 -0.446122 -0.479106 -0.511868 -0.544244 -0.576119 -0.607414 -0.638078 -0.668079 -0.697403 -0.726048 
-0.711627 -0.681834 -0.651229 -0.619795 -0.587528 -0.554433 -0.520539 -0.485897 -0.450598 -0.414778 -0.378643 -0.342482 -0.306693 -0.271806 -0.238503 -0.207628 -0.180170 -0.157212 -0.139833 -0.128972 -0.125275 -0.128972 -0.139833 -0.157212 -0.180170 -0.207628 -0.238503 -0.271806 -0.306693 -0.342482 -0.378643 -0.414778 -0.450598 -0.485897 -0.520539 -0.554433 -0.587528 -0.619795 -0.651229 -0.681834 -0.711627 
-0.698165 -0.667254 -0.635391 -0.602541 -0.568673 -0.533765 -0.497813 -0.460832 -0.422873 -0.384033 -0.344479 -0.304471 -0.264395 -0.224805 -0.186461 -0.150364 -0.117760 -0.090092 -0.068877 -0.055491 -0.050910 -0.055491 -0.068877 -0.090092 -0.117760 -0.150364 -0.186461 -0.224805 -0.264395 -0.304471 -0.344479 -0.384033 -0.422873 -0.460832 -0.497813 -0.533765 -0.568673 -0.602541 -0.635391 -0.667254 -0.698165 
-0.685786 -0.653805 -0.620731 -0.586505 -0.551068 -0.514366 -0.476354 -0.437000 -0.396304 -0.354301 -0.311095 -0.266883 -0.222000 -0.176982 -0.132630 -0.090092 -0.050910 -0.017013 0.009433 0.026342 0.032170 0.026342 0.009433 -0.017013 -0.050910 -0.090092 -0.132630 -0.176982 -0.222000 -0.266883 -0.311095 -0.354301 -0.396304 -0.437000 -0.476354 -0.514366 -0.551068 -0.586505 -0.620731 -0.653805 -0.685786 
-0.674614 -0.641630 -0.607414 -0.571883 -0.534944 -0.496508 -0.456481 -0.414778 -0.371328 -0.326088 -0.279064 -0.230349 -0.180170 -0.128972 -0.077520 -0.027045 0.020612 0.062907 0.096704 0.118728 0.126400 0.118728 0.096704 0.062907 0.020612 -0.027045 -0.077520 -0.128972 -0.180170 -0.230349 -0.279064 -0.326088 -0.371328 -0.414778 -0.456481 -0.496508 -0.534944 -0.571883 -0.607414 -0.641630 -0.674614 
-0.664768 -0.630871 -0.595610 -0.558873 -0.520539 -0.480474 -0.438537 -0.394576 -0.348441 -0.299985 -0.249090 -0.195690 -0.139833 -0.081762 -0.022066 0.038099 0.096704 0.150520 0.195005 0.224827 0.235387 0.224827 0.195005 0.150520 0.096704 0.038099 -0.022066 -0.081762 -0.139833 -0.195690 -0.249090 -0.299985 -0.348441 -0.394576 -0.438537 -0.480474 -0.520539 -0.558873 -0.595610 -0.630871 -0.664768 
-0.656363 -0.621664 -0.585479 -0.547672 -0.508088 -0.466553 -0.422873 -0.376828 -0.328179 -0.276661 -0.222000 -0.163927 -0.102222 -0.036791 0.032170 0.103887 0.176500 0.246292 0.306887 0.349350 0.364802 0.349350 0.306887 0.246292 0.176500 0.103887 0.032170 -0.036791 -0.102222 -0.163927 -0.222000 -0.276661 -0.328179 -0.376828 -0.422873 -0.466553 -0.508088 -0.547672 -0.585479 -0.621664 -0.656363 
-0.649501 -0.614132 -0.577171 -0.538459 -0.497813 -0.455019 -0.409833 -0.361969 -0.311095 -0.256825 -0.198713 -0.136250 -0.068877 0.003977 0.082779 0.167615 0.257563 0.349350 0.435005 0.499584 0.524267 0.499584 0.435005 0.349350 0.257563 0.167615 0.082779 0.003977 -0.068877 -0.136250 -0.198713 -0.256825 -0.311095 -0.361969 -0.409833 -0.455019 -0.497813 -0.538459 -0.577171 -0.614132 -0.649501 
-0.644272 -0.608381 -0.570816 -0.531396 -0.489913 -0.446122 -0.399734 -0.350405 -0.297721 -0.241180 -0.180170 -0.113940 -0.041562 0.038099 0.126400 0.224827 0.334585 0.455159 0.580005 0.686819 0.731920 0.686819 0.580005 0.455159 0.334585 0.224827 0.126400 0.038099 -0.041562 -0.113940 -0.180170 -0.241180 -0.297721 -0.350405 -0.399734 -0.446122 -0.489913 -0.531396 -0.570816 -0.608381 -0.644272 
-0.640745 -0.604498 -0.566518 -0.526610 -0.484549 -0.440066 -0.392840 -0.342482 -0.288515 -0.230349 -0.167237 -0.098226 -0.022066 0.062907 0.158959 0.269228 0.398047 0.550955 0.731920 0.924335 1.026653 0.924335 0.731920 0.550955 0.398047 0.269228 0.158959 0.062907 -0.022066 -0.098226 -0.167237 -0.230349 -0.288515 -0.342482 -0.392840 -0.440066 -0.484549 -0.526610 -0.566518 -0.604498 -0.640745 
-0.638969 -0.602541 -0.564350 -0.524194 -0.481838 -0.437000 -0.389343 -0.338454 -0.283821 -0.224805 -0.160586 -0.090092 -0.011885 0.076025 0.176500 0.293856 0.435005 0.611884 0.846796 1.177818 1.476172 1.177818 0.846796 0.611884 0.435005 0.293856 0.176500 0.076025 -0.011885 -0.090092 -0.160586 -0.224805 -0.283821 -0.338454 -0.389343 -0.437000 -0.481838 -0.524194 -0.564350 -0.602541 -0.638969 
-0.638746 -0.602296 -0.564078 -0.523891 -0.481497 -0.436615 -0.388904 -0.337947 -0.283230 -0.224106 -0.159746 -0.089062 -0.010591 0.077701 0.178758 0.297066 0.439929 0.620362 0.864504 1.230233 1.634516 1.230233 0.864504 0.620362 0.439929 0.297066 0.178758 0.077701 -0.010591 -0.089062 -0.159746 -0.224106 -0.283230 -0.337947 -0.388904 -0.436615 -0.481497 -0.523891 -0.564078 -0.602296 -0.638746 
-0.638979 -0.602552 -0.564361 -0.524207 -0.481853 -0.437017 -0.389362 -0.338476 -0.283847 -0.224835 -0.160622 -0.090137 -0.011941 0.075952 0.176402 0.293717 0.434793 0.611520 0.846048 1.175725 1.470820 1.175725 0.846048 0.611520 0.434793 0.293717 0.176402 0.075952 -0.011941 -0.090137 -0.160622 -0.224835 -0.283847 -0.338476 -0.389362 -0.437017 -0.481853 -0.524207 -0.564361 -0.602552 -0.638979 
-0.640774 -0.604530 -0.566552 -0.526649 -0.484593 -0.440116 -0.392897 -0.342547 -0.288591 -0.230438 -0.167344 -0.098356 -0.022228 0.062699 0.158683 0.268844 0.397482 0.550056 0.730359 0.921512 1.022778 0.921512 0.730359 0.550056 0.397482 0.268844 0.158683 0.062699 -0.022228 -0.098356 -0.167344 -0.230438 -0.288591 -0.342547 -0.392897 -0.440116 -0.484593 -0.526649 -0.566552 -0.604530 -0.640774 
-0.644319 -0.608433 -0.570873 -0.531460 -0.489984 -0.446203 -0.399826 -0.350510 -0.297843 -0.241323 -0.180341 -0.114147 -0.041817 0.037778 0.125982 0.224267 0.333808 0.454042 0.578374 0.684559 0.729326 0.684559 0.578374 0.454042 0.333808 0.224267 0.125982 0.037778 -0.041817 -0.114147 -0.180341 -0.241323 -0.297843 -0.350510 -0.399826 -0.446203 -0.489984 -0.531460 -0.570873 -0.608433 -0.644319 
-0.649567 -0.614203 -0.577250 -0.538547 -0.497911 -0.455129 -0.409958 -0.362112 -0.311260 -0.257018 -0.198940 -0.136522 -0.069206 0.003570 0.082265 0.166955 0.256701 0.348214 0.433536 0.497798 0.522342 0.497798 0.433536 0.348214 0.256701 0.166955 0.082265 0.003570 -0.069206 -0.136522 -0.198940 -0.257018 -0.311260 -0.362112 -0.409958 -0.455129 -0.497911 -0.538547 -0.577250 -0.614203 -0.649567 
-0.656445 -0.621754 -0.585579 -0.547782 -0.508210 -0.466690 -0.423028 -0.377004 -0.328380 -0.276894 -0.222273 -0.164249 -0.102606 -0.037256 0.031601 0.103185 0.175629 0.245220 0.305602 0.347891 0.363274 0.347891 0.305602 0.245220 0.175629 0.103185 0.031601 -0.037256 -0.102606 -0.164249 -0.222273 -0.276894 -0.328380 -0.377004 -0.423028 -0.466690 -0.508210 -0.547782 -0.585579 -0.621754 -0.656445 
-0.664867 -0.630979 -0.595728 -0.559004 -0.520684 -0.480636 -0.438718 -0.394781 -0.348674 -0.300252 -0.249398 -0.196049 -0.140254 -0.082260 -0.022659 0.037392 0.095864 0.149536 0.193881 0.223599 0.234120 0.223599 0.193881 0.149536 0.095864 0.037392 -0.022659 -0.082260 -0.140254 -0.196049 -0.249398 -0.300252 -0.348674 -0.394781 -0.438718 -0.480636 -0.520684 -0.559004 -0.595728 -0.630979 -0.664867 
-0.674727 -0.641753 -0.607550 -0.572031 -0.535109 -0.496691 -0.456685 -0.415007 -0.371586 -0.326381 -0.279398 -0.230733 -0.180614 -0.129486 -0.078116 -0.027735 0.019818 0.062009 0.095712 0.117669 0.125317 0.117669 0.095712 0.062009 0.019818 -0.027735 -0.078116 -0.129486 -0.180614 -0.230733 -0.279398 -0.326381 -0.371586 -0.415007 -0.456685 -0.496691 -0.535109 -0.572031 -0.607550 -0.641753 -0.674727 
-0.685913 -0.653943 -0.620881 -0.586670 -0.551250 -0.514567 -0.476576 -0.437249 -0.396582 -0.354614 -0.311448 -0.267282 -0.222454 -0.177498 -0.133217 -0.090755 -0.051653 -0.017833 0.008547 0.025411 0.031223 0.025411 0.008547 -0.017833 -0.051653 -0.090755 -0.133217 -0.177498 -0.222454 -0.267282 -0.311448 -0.354614 -0.396582 -0.437249 -0.476576 -0.514567 -0.551250 -0.586670 -0.620881 -0.653943 -0.685913 
-0.698304 -0.667405 -0.635556 -0.602721 -0.568869 -0.533981 -0.498051 -0.461095 -0.423165 -0.384359 -0.344843 -0.304878 -0.264851 -0.225315 -0.187031 -0.150996 -0.118453 -0.090843 -0.069676 -0.056321 -0.051752 -0.056321 -0.069676 -0.090843 -0.118453 -0.150996 -0.187031 -0.225315 -0.264851 -0.304878 -0.344843 -0.384359 -0.423165 -0.461095 -0.498051 -0.533981 -0.568869 -0.602721 -0.635556 -0.667405 -0.698304 
-0.711777 -0.681996 -0.651405 -0.619986 -0.587736 -0.554662 -0.520789 -0.486172 -0.450900 -0.415112 -0.379013 -0.342891 -0.307145 -0.272305 -0.239052 -0.208227 -0.180818 -0.157904 -0.140560 -0.129723 -0.126033 -0.129723 -0.140560 -0.157904 -0.180818 -0.208227 -0.239052 -0.272305 -0.307145 -0.342891 -0.379013 -0.415112 -0.450900 -0.486172 -0.520789 -0.554662 -0.587736 -0.619986 -0.651405 -0.681996 -0.711777 
-0.726207 -0.697575 -0.668265 -0.638279 -0.607633 -0.576357 -0.544503 -0.512151 -0.479415 -0.446460 -0.413508 -0.380855 -0.348885 -0.318083 -0.289041 -0.262457 -0.239109 -0.219813 -0.205349 -0.196375 -0.193332 -0.196375 -0.205349 -0.219813 -0.239109 -0.262457 -0.289041 -0.318083 -0.348885 -0.380855 -0.413508 -0.446460 -0.479415 -0.512151 -0.544503 -0.576357 -0.607633 -0.638279 -0.668265 -0.697575 -0.726207 
-0.741476 -0.714005 -0.685981 -0.657422 -0.628359 -0.598841 -0.568938 -0.538748 -0.508401 -0.478072 -0.447989 -0.418439 -0.389778 -0.362438 -0.336926 -0.313813 -0.293716 -0.277257 -0.265012 -0.257456 -0.254900 -0.257456 -0.265012 -0.277257 -0.293716 -0.313813 -0.336926 -0.362438 -0.389778 -0.418439 -0.447989 -0.478072 -0.508401 -0.538748 -0.568938 -0.598841 -0.628359 -0.657422 -0.685981 -0.714005 -0.741476 
-0.757469 -0.731157 -0.704408 -0.677252 -0.649734 -0.621914 -0.593876 -0.565726 -0.537606 -0.509691 -0.482203 -0.455413 -0.429642 -0.405271 -0.382727 -0.362478 -0.345014 -0.330814 -0.320313 -0.313860 -0.311683 -0.313860 -0.320313 -0.330814 -0.345014 -0.362478 -0.382727 -0.405271 -0.429642 -0.455413 -0.482203 -0.509691 -0.537606 -0.565726 -0.593876 -0.621914 -0.649734 -0.677252 -0.704408 -0.731157 -0.757469 
-0.774077 -0.748911 -0.723413 -0.697624 -0.671598 -0.645403 -0.619130 -0.592892 -0.566831 -0.541120 -0.515969 -0.491626 -0.468379 -0.446557 -0.426520 -0.408653 -0.393345 -0.380971 -0.371864 -0.366286 -0.364408 -0.366286 -0.371864 -0.380971 -0.393345 -0.408653 -0.426520 -0.446557 -0.468379 -0.491626 -0.515969 -0.541120 -0.566831 -0.592892 -0.619130 -0.645403 -0.671598 -0.697624 -0.723413 -0.748911 -0.774077 
-0.791199 -0.767156 -0.742877 -0.718408 -0.693810 -0.669158 -0.644545 -0.620087 -0.595922 -0.572215 -0.549161 -0.526985 -0.505943 -0.486317 -0.468410 -0.452538 -0.439014 -0.428136 -0.420160 -0.415288 -0.413650 -0.415288 -0.420160 -0.428136 -0.439014 -0.452538 -0.468410 -0.486317 -0.505943 -0.526985 -0.549161 -0.572215 -0.595922 -0.620087 -0.644545 -0.669158 -0.693810 -0.718408 -0.742877 -0.767156 -0.791199 
-0.808745 -0.785795 -0.762692 -0.739490 -0.716252 -0.693056 -0.669997 -0.647186 -0.624758 -0.602868 -0.581694 -0.561439 -0.542326 -0.524597 -0.508509 -0.494322 -0.482291 -0.472651 -0.465605 -0.461312 -0.459869 -0.461312 -0.465605 -0.472651 -0.482291 -0.494322 -0.508509 -0.524597 -0.542326 -0.561439 -0.581694 -0.602868 -0.624758 -0.647186 -0.669997 -0.693056 -0.716252 -0.739490 -0.762692 -0.785795 -0.808745 
-0.826631 -0.804737 -0.782765 -0.760771 -0.738821 -0.716993 -0.695380 -0.674091 -0.653252 -0.633007 -0.613518 -0.594965 -0.577543 -0.561463 -0.546937 -0.534184 -0.523411 -0.514808 -0.508537 -0.504722 -0.503442 -0.504722 -0.508537 -0.514808 -0.523411 -0.534184 -0.546937 -0.561463 -0.577543 -0.594965 -0.613518 -0.633007 -0.653252 -0.674091 -0.695380 -0.716993 -0.738821 -0.760771 -0.782765 -0.804737 -0.826631 
-0.844782 -0.823903 -0.803013 -0.782167 -0.761431 -0.740884 -0.720614 -0.700727 -0.681338 -0.662581 -0.644602 -0.627561 -0.611628 -0.596983 -0.583808 -0.572283 -0.562580 -0.554853 -0.549234 -0.545821 -0.544676 -0.545821 -0.549234 -0.554853 -0.562580 -0.572283 -0.583808 -0.596983 -0.611628 -0.627561 -0.644602 -0.662581 -0.681338 -0.700727 -0.720614 -0.740884 -0.761431 -0.782167 -0.803013 -0.823903 -0.844782 
-0.863131 -0.843226 -0.823365 -0.803605 -0.784011 -0.764659 -0.745635 -0.727035 -0.708970 -0.691560 -0.674936 -0.659240 -0.644621 -0.631233 -0.619230 -0.608765 -0.599980 -0.593000 -0.587934 -0.584860 -0.583830 -0.584860 -0.587934 -0.593000 -0.599980 -0.608765 -0.619230 -0.631233 -0.644621 -0.659240 -0.674936 -0.691560 -0.708970 -0.727035 -0.745635 -0.764659 -0.784011 -0.803605 -0.823365 -0.843226 -0.863131 
-0.881619 -0.862643 -0.843760 -0.825025 -0.806502 -0.788264 -0.770391 -0.752976 -0.736118 -0.719927 -0.704521 -0.690024 -0.676568 -0.664285 -0.653307 -0.643762 -0.635768 -0.629431 -0.624838 -0.622055 -0.621122 -0.622055 -0.624838 -0.629431 -0.635768 -0.643762 -0.653307 -0.664285 -0.676568 -0.690024 -0.704521 -0.719927 -0.736118 -0.752976 -0.770391 -0.788264 -0.806502 -0.825025 -0.843760 -0.862643 -0.881619 
