31 31
2.730496e-02 0 5
-1.981296 -1.956616 -1.932087 -1.907849 -1.884067 -1.860937 -1.838685 -1.817568 -1.797868 -1.779891 -1.763955 -1.750376 -1.739452 -1.731441 -1.726548 -1.724903 -1.726548 -1.731441 -1.739452 -1.750376 -1.763955 -1.779891 -1.797868 -1.817568 -1.838685 -1.860937 -1.884067 -1.907849 -1.932087 -1.956616 -1.981296 
-1.957494 -1.931147 -1.904831 -1.878689 -1.852894 -1.827657 -1.803226 -1.779891 -1.757983 -1.737864 -1.719920 -1.704544 -1.692114 -1.682965 -1.677361 -1.675473 -1.677361 -1.682965 -1.692114 -1.704544 -1.719920 -1.737864 -1.757983 -1.779891 -1.803226 -1.827657 -1.852894 -1.878689 -1.904831 -1.931147 -1.957494 
-1.933960 -1.905840 -1.877604 -1.849393 -1.821383 -1.793797 -1.766905 -1.741033 -1.716559 -1.693917 -1.673576 -1.656029 -1.641760 -1.631206 -1.624720 -1.622531 -1.624720 -1.631206 -1.641760 -1.656029 -1.673576 -1.693917 -1.716559 -1.741033 -1.766905 -1.793797 -1.821383 -1.849393 -1.877604 -1.905840 -1.933960 
-1.910842 -1.880850 -1.850564 -1.820116 -1.789681 -1.759485 -1.729818 -1.701037 -1.673576 -1.647945 -1.624720 -1.604520 -1.587974 -1.575662 -1.568064 -1.565495 -1.568064 -1.575662 -1.587974 -1.604520 -1.624720 -1.647945 -1.673576 -1.701037 -1.729818 -1.759485 -1.789681 -1.820116 -1.850564 -1.880850 -1.910842 
-1.888314 -1.856363 -1.823906 -1.791058 -1.757983 -1.724903 -1.692114 -1.660003 -1.629057 -1.599871 -1.573148 -1.549671 -1.530264 -1.515714 -1.506686 -1.503624 -1.506686 -1.515714 -1.530264 -1.549671 -1.573148 -1.599871 -1.629057 -1.660003 -1.692114 -1.724903 -1.757983 -1.791058 -1.823906 -1.856363 -1.888314 
-1.866577 -1.832599 -1.797868 -1.762471 -1.726548 -1.690303 -1.654025 -1.618114 -1.583101 -1.549671 -1.518673 -1.491100 -1.468042 -1.450585 -1.439674 -1.435959 -1.439674 -1.450585 -1.468042 -1.491100 -1.518673 -1.549671 -1.583101 -1.618114 -1.654025 -1.690303 -1.726548 -1.762471 -1.797868 -1.832599 -1.866577 
-1.845858 -1.809814 -1.772734 -1.734667 -1.695710 -1.656029 -1.615884 -1.575662 -1.535919 -1.497418 -1.461164 -1.428409 -1.400608 -1.379287 -1.365832 -1.361228 -1.365832 -1.379287 -1.400608 -1.428409 -1.461164 -1.497418 -1.535919 -1.575662 -1.615884 -1.656029 -1.695710 -1.734667 -1.772734 -1.809814 -1.845858 
-1.826411 -1.788298 -1.748836 -1.708018 -1.665883 -1.622531 -1.578159 -1.533103 -1.487898 -1.443349 -1.400608 -1.361228 -1.327148 -1.300554 -1.283546 -1.277683 -1.283546 -1.300554 -1.327148 -1.361228 -1.400608 -1.443349 -1.487898 -1.533103 -1.578159 -1.622531 -1.665883 -1.708018 -1.748836 -1.788298 -1.826411 
-1.808506 -1.768371 -1.726548 -1.682965 -1.637575 -1.590385 -1.541485 -1.491100 -1.439674 -1.387974 -1.337235 -1.289309 -1.246758 -1.212745 -1.190573 -1.182848 -1.190573 -1.212745 -1.246758 -1.289309 -1.337235 -1.387974 -1.439674 -1.491100 -1.541485 -1.590385 -1.637575 -1.682965 -1.726548 -1.768371 -1.808506 
-1.792430 -1.750376 -1.706286 -1.660003 -1.611382 -1.560299 -1.506686 -1.450585 -1.392237 -1.332228 -1.271718 -1.212745 -1.158559 -1.113744 -1.083687 -1.073041 -1.083687 -1.113744 -1.158559 -1.212745 -1.271718 -1.332228 -1.392237 -1.450585 -1.506686 -1.560299 -1.611382 -1.660003 -1.706286 -1.750376 -1.792430 
-1.778471 -1.734667 -1.688483 -1.639674 -1.587974 -1.533103 -1.474787 -1.412797 -1.347033 -1.277683 -1.205514 -1.132389 -1.062047 -1.000922 -0.958057 -0.942452 -0.958057 -1.000922 -1.062047 -1.132389 -1.205514 -1.277683 -1.347033 -1.412797 -1.474787 -1.533103 -1.587974 -1.639674 -1.688483 -1.734667 -1.778471 
-1.766905 -1.721588 -1.673576 -1.622531 -1.568064 -1.509721 -1.446986 -1.379287 -1.306040 -1.226761 -1.141339 -1.050680 -0.958057 -0.871504 -0.806164 -0.781169 -0.806164 -0.871504 -0.958057 -1.050680 -1.141339 -1.226761 -1.306040 -1.379287 -1.446986 -1.509721 -1.568064 -1.622531 -1.673576 -1.721588 -1.766905 
-1.757983 -1.711459 -1.661974 -1.609110 -1.552358 -1.491100 -1.424571 -1.351830 -1.271718 -1.182848 -1.083687 -0.972965 -0.851121 -0.724680 -0.616229 -0.570349 -0.616229 -0.724680 -0.851121 -0.972965 -1.083687 -1.182848 -1.271718 -1.351830 -1.424571 -1.491100 -1.552358 -1.609110 -1.661974 -1.711459 -1.757983 
-1.751910 -1.704544 -1.654025 -1.599871 -1.541485 -1.478111 -1.408781 -1.332228 -1.246758 -1.150058 -1.038916 -0.908864 -0.754130 -0.570349 -0.373909 -0.268893 -0.373909 -0.570349 -0.754130 -0.908864 -1.038916 -1.150058 -1.246758 -1.332228 -1.408781 -1.478111 -1.541485 -1.599871 -1.654025 -1.704544 -1.751910 
-1.748836 -1.701037 -1.649983 -1.595160 -1.535919 -1.471431 -1.400608 -1.321992 -1.233558 -1.132389 -1.014071 -0.871504 -0.692342 -0.453219 -0.112836 0.199507 -0.112836 -0.453219 -0.692342 -0.871504 -1.014071 -1.132389 -1.233558 -1.321992 -1.400608 -1.471431 -1.535919 -1.595160 -1.649983 -1.701037 -1.748836 
-1.748449 -1.700596 -1.649475 -1.594567 -1.535217 -1.470587 -1.399573 -1.320691 -1.231871 -1.130114 -1.010833 -0.866525 -0.683737 -0.435126 -0.058427 0.368579 -0.058427 -0.435126 -0.683737 -0.866525 -1.010833 -1.130114 -1.231871 -1.320691 -1.399573 -1.470587 -1.535217 -1.594567 -1.649475 -1.700596 -1.748449 
-1.748852 -1.701056 -1.650005 -1.595186 -1.535950 -1.471467 -1.400653 -1.322048 -1.233631 -1.132488 -1.014211 -0.871719 -0.692710 -0.453983 -0.115005 0.193840 -0.115005 -0.453983 -0.692710 -0.871719 -1.014211 -1.132488 -1.233631 -1.322048 -1.400653 -1.471467 -1.535950 -1.595186 -1.650005 -1.701056 -1.748852 
-1.751960 -1.704601 -1.654090 -1.599947 -1.541574 -1.478218 -1.408912 -1.332392 -1.246968 -1.150337 -1.039303 -0.909436 -0.755041 -0.571939 -0.376801 -0.272878 -0.376801 -0.571939 -0.755041 -0.909436 -1.039303 -1.150337 -1.246968 -1.332392 -1.408912 -1.478218 -1.541574 -1.599947 -1.654090 -1.704601 -1.751960 
-1.758064 -1.711551 -1.662080 -1.609232 -1.552502 -1.491272 -1.424779 -1.352087 -1.272042 -1.183269 -1.084251 -0.973749 -0.852251 -0.726335 -0.618527 -0.572990 -0.618527 -0.726335 -0.852251 -0.973749 -1.084251 -1.183269 -1.272042 -1.352087 -1.424779 -1.491272 -1.552502 -1.609232 -1.662080 -1.711551 -1.758064 
-1.767016 -1.721714 -1.673719 -1.622697 -1.568257 -1.509949 -1.447258 -1.379618 -1.306450 -1.227278 -1.142004 -1.051550 -0.959203 -0.872990 -0.807972 -0.783119 -0.807972 -0.872990 -0.959203 -1.051550 -1.142004 -1.227278 -1.306450 -1.379618 -1.447258 -1.509949 -1.568257 -1.622697 -1.673719 -1.721714 -1.767016 
-1.778609 -1.734822 -1.688659 -1.639876 -1.588208 -1.533377 -1.475110 -1.413183 -1.347501 -1.278255 -1.206221 -1.133266 -1.063127 -1.002218 -0.959530 -0.943995 -0.959530 -1.002218 -1.063127 -1.133266 -1.206221 -1.278255 -1.347501 -1.413183 -1.475110 -1.533377 -1.588208 -1.639876 -1.688659 -1.734822 -1.778609 
-1.792592 -1.750558 -1.706491 -1.660237 -1.611650 -1.560608 -1.507046 -1.451008 -1.392738 -1.332825 -1.272429 -1.213590 -1.159550 -1.114876 -1.084925 -1.074318 -1.084925 -1.114876 -1.159550 -1.213590 -1.272429 -1.332825 -1.392738 -1.451008 -1.507046 -1.560608 -1.611650 -1.660237 -1.706491 -1.750558 -1.792592 
-1.808689 -1.768576 -1.726778 -1.683224 -1.637870 -1.590721 -1.541870 -1.491545 -1.440190 -1.388573 -1.337929 -1.290108 -1.247662 -1.213744 -1.191639 -1.183939 -1.191639 -1.213744 -1.247662 -1.290108 -1.337929 -1.388573 -1.440190 -1.491545 -1.541870 -1.590721 -1.637870 -1.683224 -1.726778 -1.768576 -1.808689 
-1.826612 -1.788522 -1.749085 -1.708297 -1.666197 -1.622885 -1.578560 -1.533559 -1.488416 -1.443938 -1.401274 -1.361974 -1.327973 -1.301445 -1.284482 -1.278636 -1.284482 -1.301445 -1.327973 -1.361974 -1.401274 -1.443938 -1.488416 -1.533559 -1.578560 -1.622885 -1.666197 -1.708297 -1.749085 -1.788522 -1.826612 
-1.846075 -1.810053 -1.772998 -1.734960 -1.696037 -1.656394 -1.616293 -1.576120 -1.536432 -1.497990 -1.461798 -1.429106 -1.401363 -1.380090 -1.366667 -1.362074 -1.366667 -1.380090 -1.401363 -1.429106 -1.461798 -1.497990 -1.536432 -1.576120 -1.616293 -1.656394 -1.696037 -1.734960 -1.772998 -1.810053 -1.846075 
-1.866805 -1.832850 -1.798143 -1.762775 -1.726884 -1.690674 -1.654435 -1.618567 -1.583601 -1.550222 -1.519274 -1.491751 -1.468737 -1.451315 -1.440428 -1.436721 -1.440428 -1.451315 -1.468737 -1.491751 -1.519274 -1.550222 -1.583601 -1.618567 -1.654435 -1.690674 -1.726884 -1.762775 -1.798143 -1.832850 -1.866805 
-1.888552 -1.856622 -1.824189 -1.791368 -1.758323 -1.725275 -1.692522 -1.660449 -1.629543 -1.600399 -1.573717 -1.550280 -1.530907 -1.516385 -1.507373 -1.504317 -1.507373 -1.516385 -1.530907 -1.550280 -1.573717 -1.600399 -1.629543 -1.660449 -1.692522 -1.725275 -1.758323 -1.791368 -1.824189 -1.856622 -1.888552 
-1.911087 -1.881116 -1.850853 -1.820430 -1.790022 -1.759856 -1.730220 -1.701472 -1.674046 -1.648450 -1.625259 -1.605091 -1.588572 -1.576281 -1.568697 -1.566132 -1.568697 -1.576281 -1.588572 -1.605091 -1.625259 -1.648450 -1.674046 -1.701472 -1.730220 -1.759856 -1.790022 -1.820430 -1.850853 -1.881116 -1.911087 
-1.934211 -1.906111 -1.877896 -1.849708 -1.821723 -1.794164 -1.767300 -1.741456 -1.717013 -1.694399 -1.674087 -1.656566 -1.642318 -1.631781 -1.625306 -1.623121 -1.625306 -1.631781 -1.642318 -1.656566 -1.674087 -1.694399 -1.717013 -1.741456 -1.767300 -1.794164 -1.821723 -1.849708 -1.877896 -1.906111 -1.934211 
-1.957749 -1.931420 -1.905124 -1.879004 -1.853231 -1.828017 -1.803611 -1.780302 -1.758420 -1.738325 -1.720405 -1.705051 -1.692638 -1.683502 -1.677907 -1.676022 -1.677907 -1.683502 -1.692638 -1.705051 -1.720405 -1.738325 -1.758420 -1.780302 -1.803611 -1.828017 -1.853231 -1.879004 -1.905124 -1.931420 -1.957749 
-1.981553 -1.956890 -1.932380 -1.908161 -1.884400 -1.861291 -1.839061 -1.817966 -1.798288 -1.780333 -1.764417 -1.750855 -1.739945 -1.731946 -1.727060 -1.725417 -1.727060 -1.731946 -1.739945 -1.750855 -1.764417 -1.780333 -1.798288 -1.817966 -1.839061 -1.861291 -1.884400 -1.908161 -1.932380 -1.956890 -1.981553 
