65 65
2.067456e+00 0 5
-0.520867 -0.508181 -0.495543 -0.482966 -0.470465 -0.458054 -0.445752 -0.433575 -0.421545 -0.409681 -0.398006 -0.386544 -0.375321 -0.364362 -0.353696 -0.343352 -0.333360 -0.323751 -0.314557 -0.305811 -0.297545 -0.289792 -0.282584 -0.275952 -0.269925 -0.264534 -0.259803 -0.255757 -0.252416 -0.249799 -0.247919 -0.246787 -0.246409 -0.246787 -0.247919 -0.249799 -0.252416 -0.255757 -0.259803 -0.264534 -0.269925 -0.275952 -0.282584 -0.289792 -0.297545 -0.305811 -0.314557 -0.323751 -0.333360 -0.343352 -0.353696 -0.364362 -0.375321 -0.386544 -0.398006 -0.409681 -0.421545 -0.433575 -0.445752 -0.458054 -0.470465 -0.482966 -0.495543 -0.508181 -0.520867 
-0.508385 -0.495333 -0.482317 -0.469351 -0.456449 -0.443628 -0.430904 -0.418296 -0.405824 -0.393511 -0.381380 -0.369455 -0.357763 -0.346333 -0.335194 -0.324377 -0.313916 -0.303842 -0.294192 -0.285001 -0.276303 -0.268136 -0.260534 -0.253533 -0.247165 -0.241462 -0.236454 -0.232168 -0.228628 -0.225852 -0.223858 -0.222657 -0.222256 -0.222657 -0.223858 -0.225852 -0.228628 -0.232168 -0.236454 -0.241462 -0.247165 -0.253533 -0.260534 -0.268136 -0.276303 -0.285001 -0.294192 -0.303842 -0.313916 -0.324377 -0.335194 -0.346333 -0.357763 -0.369455 -0.381380 -0.393511 -0.405824 -0.418296 -0.430904 -0.443628 -0.456449 -0.469351 -0.482317 -0.495333 -0.508385 
-0.495963 -0.482534 -0.469128 -0.455760 -0.442443 -0.429195 -0.416032 -0.402974 -0.390042 -0.377258 -0.364646 -0.352233 -0.340047 -0.328118 -0.316476 -0.305156 -0.294192 -0.283621 -0.273481 -0.263809 -0.254646 -0.246031 -0.238002 -0.230599 -0.223858 -0.217816 -0.212506 -0.207957 -0.204197 -0.201248 -0.199128 -0.197851 -0.197424 -0.197851 -0.199128 -0.201248 -0.204197 -0.207957 -0.212506 -0.217816 -0.223858 -0.230599 -0.238002 -0.246031 -0.254646 -0.263809 -0.273481 -0.283621 -0.294192 -0.305156 -0.316476 -0.328118 -0.340047 -0.352233 -0.364646 -0.377258 -0.390042 -0.402974 -0.416032 -0.429195 -0.442443 -0.455760 -0.469128 -0.482534 -0.495963 
-0.483615 -0.469797 -0.455990 -0.442206 -0.428460 -0.414769 -0.401150 -0.387623 -0.374210 -0.360932 -0.347816 -0.334889 -0.322180 -0.309721 -0.297545 -0.285689 -0.274188 -0.263084 -0.252416 -0.242227 -0.232560 -0.223458 -0.214965 -0.207125 -0.199977 -0.193564 -0.187921 -0.183084 -0.179082 -0.175942 -0.173683 -0.172322 -0.171867 -0.172322 -0.173683 -0.175942 -0.179082 -0.183084 -0.187921 -0.193564 -0.199977 -0.207125 -0.214965 -0.223458 -0.232560 -0.242227 -0.252416 -0.263084 -0.274188 -0.285689 -0.297545 -0.309721 -0.322180 -0.334889 -0.347816 -0.360932 -0.374210 -0.387623 -0.401150 -0.414769 -0.428460 -0.442206 -0.455990 -0.469797 -0.483615 
-0.471354 -0.457138 -0.442917 -0.428705 -0.414516 -0.400367 -0.386274 -0.372258 -0.358341 -0.344547 -0.330901 -0.317432 -0.304171 -0.291151 -0.278407 -0.265978 -0.253904 -0.242227 -0.230992 -0.220244 -0.210031 -0.200401 -0.191403 -0.183084 -0.175491 -0.168669 -0.162661 -0.157506 -0.153238 -0.149886 -0.147474 -0.146020 -0.145534 -0.146020 -0.147474 -0.149886 -0.153238 -0.157506 -0.162661 -0.168669 -0.175491 -0.183084 -0.191403 -0.200401 -0.210031 -0.220244 -0.230992 -0.242227 -0.253904 -0.265978 -0.278407 -0.291151 -0.304171 -0.317432 -0.330901 -0.344547 -0.358341 -0.372258 -0.386274 -0.400367 -0.414516 -0.428705 -0.442917 -0.457138 -0.471354 
-0.459197 -0.444573 -0.429928 -0.415275 -0.400628 -0.386003 -0.371419 -0.356895 -0.342453 -0.328118 -0.313916 -0.299876 -0.286032 -0.272417 -0.259070 -0.246031 -0.233342 -0.221050 -0.209203 -0.197851 -0.187046 -0.176841 -0.167291 -0.158448 -0.150366 -0.143096 -0.136685 -0.131178 -0.126614 -0.123028 -0.120446 -0.118888 -0.118368 -0.118888 -0.120446 -0.123028 -0.126614 -0.131178 -0.136685 -0.143096 -0.150366 -0.158448 -0.167291 -0.176841 -0.187046 -0.197851 -0.209203 -0.221050 -0.233342 -0.246031 -0.259070 -0.272417 -0.286032 -0.299876 -0.313916 -0.328118 -0.342453 -0.356895 -0.371419 -0.386003 -0.400628 -0.415275 -0.429928 -0.444573 -0.459197 
-0.447162 -0.432120 -0.417040 -0.401933 -0.386814 -0.371699 -0.356605 -0.341552 -0.326563 -0.311662 -0.296877 -0.282237 -0.267777 -0.253533 -0.239543 -0.225852 -0.212506 -0.199553 -0.187046 -0.175040 -0.163592 -0.152761 -0.142606 -0.133189 -0.124569 -0.116802 -0.109945 -0.104048 -0.099156 -0.095308 -0.092537 -0.090864 -0.090305 -0.090864 -0.092537 -0.095308 -0.099156 -0.104048 -0.109945 -0.116802 -0.124569 -0.133189 -0.142606 -0.152761 -0.163592 -0.175040 -0.187046 -0.199553 -0.212506 -0.225852 -0.239543 -0.253533 -0.267777 -0.282237 -0.296877 -0.311662 -0.326563 -0.341552 -0.356605 -0.371699 -0.386814 -0.401933 -0.417040 -0.432120 -0.447162 
-0.435267 -0.419798 -0.404272 -0.388700 -0.373096 -0.357474 -0.341853 -0.326252 -0.310693 -0.295201 -0.279804 -0.264534 -0.249424 -0.234512 -0.219840 -0.205454 -0.191403 -0.177739 -0.164520 -0.151805 -0.139657 -0.128141 -0.117325 -0.107275 -0.098060 -0.089745 -0.082392 -0.076061 -0.070802 -0.066663 -0.063679 -0.061877 -0.061275 -0.061877 -0.063679 -0.066663 -0.070802 -0.076061 -0.082392 -0.089745 -0.098060 -0.107275 -0.117325 -0.128141 -0.139657 -0.151805 -0.164520 -0.177739 -0.191403 -0.205454 -0.219840 -0.234512 -0.249424 -0.264534 -0.279804 -0.295201 -0.310693 -0.326252 -0.341853 -0.357474 -0.373096 -0.388700 -0.404272 -0.419798 -0.435267 
-0.423532 -0.407628 -0.391647 -0.375598 -0.359495 -0.343352 -0.327186 -0.311016 -0.294865 -0.278757 -0.262721 -0.246787 -0.230992 -0.215374 -0.199977 -0.184850 -0.170043 -0.155615 -0.141626 -0.128141 -0.115230 -0.102966 -0.091422 -0.080676 -0.070802 -0.061877 -0.053972 -0.047155 -0.041486 -0.037018 -0.033795 -0.031848 -0.031197 -0.031848 -0.033795 -0.037018 -0.041486 -0.047155 -0.053972 -0.061877 -0.070802 -0.080676 -0.091422 -0.102966 -0.115230 -0.128141 -0.141626 -0.155615 -0.170043 -0.184850 -0.199977 -0.215374 -0.230992 -0.246787 -0.262721 -0.278757 -0.294865 -0.311016 -0.327186 -0.343352 -0.359495 -0.375598 -0.391647 -0.407628 -0.423532 
-0.411978 -0.395632 -0.379186 -0.362650 -0.346036 -0.329357 -0.312629 -0.295872 -0.279106 -0.262357 -0.245652 -0.229023 -0.212506 -0.196141 -0.179975 -0.164056 -0.148441 -0.133189 -0.118368 -0.104048 -0.090305 -0.077220 -0.064875 -0.053357 -0.042753 -0.033147 -0.024624 -0.017262 -0.011131 -0.006294 -0.002801 -0.000689 0.000017 -0.000689 -0.002801 -0.006294 -0.011131 -0.017262 -0.024624 -0.033147 -0.042753 -0.053357 -0.064875 -0.077220 -0.090305 -0.104048 -0.118368 -0.133189 -0.148441 -0.164056 -0.179975 -0.196141 -0.212506 -0.229023 -0.245652 -0.262357 -0.279106 -0.295872 -0.312629 -0.329357 -0.346036 -0.362650 -0.379186 -0.395632 -0.411978 
-0.400628 -0.383834 -0.366916 -0.349883 -0.332746 -0.315518 -0.298213 -0.280849 -0.263447 -0.246031 -0.228628 -0.211270 -0.193994 -0.176841 -0.159858 -0.143096 -0.126614 -0.110477 -0.094755 -0.079527 -0.064875 -0.050888 -0.037660 -0.025287 -0.013868 -0.003502 0.005716 0.013693 0.020346 0.025603 0.029403 0.031701 0.032470 0.031701 0.029403 0.025603 0.020346 0.013693 0.005716 -0.003502 -0.013868 -0.025287 -0.037660 -0.050888 -0.064875 -0.079527 -0.094755 -0.110477 -0.126614 -0.143096 -0.159858 -0.176841 -0.193994 -0.211270 -0.228628 -0.246031 -0.263447 -0.280849 -0.298213 -0.315518 -0.332746 -0.349883 -0.366916 -0.383834 -0.400628 
-0.389506 -0.372258 -0.354862 -0.337324 -0.319655 -0.301864 -0.283967 -0.265978 -0.247919 -0.229811 -0.211683 -0.193564 -0.175491 -0.157506 -0.139657 -0.121997 -0.104588 -0.087497 -0.070802 -0.054586 -0.038939 -0.023961 -0.009755 0.003569 0.015898 0.027118 0.037119 0.045792 0.053040 0.058775 0.062925 0.065438 0.066279 0.065438 0.062925 0.058775 0.053040 0.045792 0.037119 0.027118 0.015898 0.003569 -0.009755 -0.023961 -0.038939 -0.054586 -0.070802 -0.087497 -0.104588 -0.121997 -0.139657 -0.157506 -0.175491 -0.193564 -0.211683 -0.229811 -0.247919 -0.265978 -0.283967 -0.301864 -0.319655 -0.337324 -0.354862 -0.372258 -0.389506 
-0.378636 -0.360932 -0.343052 -0.325003 -0.306792 -0.288429 -0.269925 -0.251296 -0.232560 -0.213738 -0.194855 -0.175942 -0.157034 -0.138173 -0.119408 -0.100793 -0.082392 -0.064277 -0.046529 -0.029237 -0.012502 0.003569 0.018858 0.033241 0.046591 0.058775 0.069663 0.079129 0.087055 0.093339 0.097893 0.100652 0.101576 0.100652 0.097893 0.093339 0.087055 0.079129 0.069663 0.058775 0.046591 0.033241 0.018858 0.003569 -0.012502 -0.029237 -0.046529 -0.064277 -0.082392 -0.100793 -0.119408 -0.138173 -0.157034 -0.175942 -0.194855 -0.213738 -0.232560 -0.251296 -0.269925 -0.288429 -0.306792 -0.325003 -0.343052 -0.360932 -0.378636 
-0.368046 -0.349883 -0.331517 -0.312951 -0.294192 -0.275247 -0.256126 -0.236842 -0.217410 -0.197851 -0.178187 -0.158448 -0.138668 -0.118888 -0.099156 -0.079527 -0.060067 -0.040851 -0.021963 -0.003502 0.014426 0.031701 0.048193 0.063761 0.078258 0.091533 0.103431 0.113805 0.122512 0.129429 0.134450 0.137495 0.138516 0.137495 0.134450 0.129429 0.122512 0.113805 0.103431 0.091533 0.078258 0.063761 0.048193 0.031701 0.014426 -0.003502 -0.021963 -0.040851 -0.060067 -0.079527 -0.099156 -0.118888 -0.138668 -0.158448 -0.178187 -0.197851 -0.217410 -0.236842 -0.256126 -0.275247 -0.294192 -0.312951 -0.331517 -0.349883 -0.368046 
-0.357763 -0.339142 -0.320287 -0.301203 -0.281891 -0.262357 -0.242609 -0.222657 -0.202514 -0.182198 -0.161729 -0.141134 -0.120446 -0.099702 -0.078951 -0.058249 -0.037660 -0.017262 0.002856 0.022590 0.041825 0.060429 0.078258 0.095154 0.110947 0.125461 0.138516 0.149934 0.159546 0.167199 0.172764 0.176145 0.177278 0.176145 0.172764 0.167199 0.159546 0.149934 0.138516 0.125461 0.110947 0.095154 0.078258 0.060429 0.041825 0.022590 0.002856 -0.017262 -0.037660 -0.058249 -0.078951 -0.099702 -0.120446 -0.141134 -0.161729 -0.182198 -0.202514 -0.222657 -0.242609 -0.262357 -0.281891 -0.301203 -0.320287 -0.339142 -0.357763 
-0.347816 -0.328738 -0.309397 -0.289792 -0.269925 -0.249799 -0.229417 -0.208788 -0.187921 -0.166830 -0.145534 -0.124056 -0.102424 -0.080676 -0.058856 -0.037018 -0.015229 0.006434 0.027878 0.048996 0.069663 0.089735 0.109054 0.127440 0.144700 0.160629 0.175015 0.187643 0.198308 0.206824 0.213031 0.216807 0.218074 0.216807 0.213031 0.206824 0.198308 0.187643 0.175015 0.160629 0.144700 0.127440 0.109054 0.089735 0.069663 0.048996 0.027878 0.006434 -0.015229 -0.037018 -0.058856 -0.080676 -0.102424 -0.124056 -0.145534 -0.166830 -0.187921 -0.208788 -0.229417 -0.249799 -0.269925 -0.289792 -0.309397 -0.328738 -0.347816 
-0.338234 -0.318704 -0.298879 -0.278757 -0.258336 -0.237616 -0.216597 -0.195284 -0.173683 -0.151805 -0.129662 -0.107275 -0.084670 -0.061877 -0.038939 -0.015908 0.007154 0.030167 0.053040 0.075659 0.097893 0.119587 0.140566 0.160629 0.179556 0.197108 0.213031 0.227070 0.238974 0.248510 0.255478 0.259725 0.261151 0.259725 0.255478 0.248510 0.238974 0.227070 0.213031 0.197108 0.179556 0.160629 0.140566 0.119587 0.097893 0.075659 0.053040 0.030167 0.007154 -0.015908 -0.038939 -0.061877 -0.084670 -0.107275 -0.129662 -0.151805 -0.173683 -0.195284 -0.216597 -0.237616 -0.258336 -0.278757 -0.298879 -0.318704 -0.338234 
-0.329047 -0.309072 -0.288770 -0.268136 -0.247165 -0.225852 -0.204197 -0.182198 -0.159858 -0.137182 -0.114179 -0.090864 -0.067257 -0.043385 -0.019284 0.004999 0.029403 0.053854 0.078258 0.102502 0.126449 0.149934 0.172764 0.194718 0.215544 0.234962 0.252675 0.268370 0.281740 0.292493 0.300376 0.305190 0.306809 0.305190 0.300376 0.292493 0.281740 0.268370 0.252675 0.234962 0.215544 0.194718 0.172764 0.149934 0.126449 0.102502 0.078258 0.053854 0.029403 0.004999 -0.019284 -0.043385 -0.067257 -0.090864 -0.114179 -0.137182 -0.159858 -0.182198 -0.204197 -0.225852 -0.247165 -0.268136 -0.288770 -0.309072 -0.329047 
-0.320287 -0.299876 -0.279106 -0.257969 -0.236454 -0.214557 -0.192269 -0.169586 -0.146505 -0.123028 -0.099156 -0.074898 -0.050268 -0.025287 0.000017 0.025603 0.051417 0.077390 0.103431 0.129429 0.155243 0.180701 0.205596 0.229682 0.252675 0.274251 0.294056 0.311711 0.326832 0.339052 0.348045 0.353552 0.355406 0.353552 0.348045 0.339052 0.326832 0.311711 0.294056 0.274251 0.252675 0.229682 0.205596 0.180701 0.155243 0.129429 0.103431 0.077390 0.051417 0.025603 0.000017 -0.025287 -0.050268 -0.074898 -0.099156 -0.123028 -0.146505 -0.169586 -0.192269 -0.214557 -0.236454 -0.257969 -0.279106 -0.299876 -0.320287 
-0.311985 -0.291151 -0.269925 -0.248296 -0.226250 -0.203777 -0.180865 -0.157506 -0.133690 -0.109413 -0.084670 -0.059462 -0.033795 -0.007682 0.018858 0.045792 0.073077 0.100652 0.128433 0.156314 0.184155 0.211781 0.238974 0.265465 0.290937 0.315016 0.337281 0.357271 0.374506 0.388516 0.398875 0.405239 0.407386 0.405239 0.398875 0.388516 0.374506 0.357271 0.337281 0.315016 0.290937 0.265465 0.238974 0.211781 0.184155 0.156314 0.128433 0.100652 0.073077 0.045792 0.018858 -0.007682 -0.033795 -0.059462 -0.084670 -0.109413 -0.133690 -0.157506 -0.180865 -0.203777 -0.226250 -0.248296 -0.269925 -0.291151 -0.311985 
-0.304171 -0.282930 -0.261264 -0.239159 -0.216597 -0.193564 -0.170043 -0.146020 -0.121480 -0.096411 -0.070802 -0.044645 -0.017937 0.009321 0.037119 0.065438 0.094245 0.123493 0.153110 0.183000 0.213031 0.243030 0.272772 0.301973 0.330281 0.357271 0.382444 0.405239 0.425051 0.441272 0.453335 0.460778 0.463295 0.460778 0.453335 0.441272 0.425051 0.405239 0.382444 0.357271 0.330281 0.301973 0.272772 0.243030 0.213031 0.183000 0.153110 0.123493 0.094245 0.065438 0.037119 0.009321 -0.017937 -0.044645 -0.070802 -0.096411 -0.121480 -0.146020 -0.170043 -0.193564 -0.216597 -0.239159 -0.261264 -0.282930 -0.304171 
-0.296877 -0.275247 -0.253161 -0.230599 -0.207541 -0.183968 -0.159858 -0.135190 -0.109945 -0.084101 -0.057641 -0.030545 -0.002801 0.025603 0.054669 0.084394 0.114762 0.145741 0.177278 0.209294 0.241673 0.274251 0.306809 0.339052 0.370603 0.400983 0.429610 0.455799 0.478788 0.497779 0.512008 0.520834 0.523827 0.520834 0.512008 0.497779 0.478788 0.455799 0.429610 0.400983 0.370603 0.339052 0.306809 0.274251 0.241673 0.209294 0.177278 0.145741 0.114762 0.084394 0.054669 0.025603 -0.002801 -0.030545 -0.057641 -0.084101 -0.109945 -0.135190 -0.159858 -0.183968 -0.207541 -0.230599 -0.253161 -0.275247 -0.296877 
-0.290132 -0.268136 -0.245652 -0.222657 -0.199128 -0.175040 -0.150366 -0.125081 -0.099156 -0.072563 -0.045274 -0.017262 0.011500 0.041037 0.071366 0.102502 0.134450 0.167199 0.200721 0.234962 0.269831 0.305190 0.340833 0.376474 0.411720 0.446048 0.478788 0.509115 0.536064 0.558580 0.575614 0.586255 0.589876 0.586255 0.575614 0.558580 0.536064 0.509115 0.478788 0.446048 0.411720 0.376474 0.340833 0.305190 0.269831 0.234962 0.200721 0.167199 0.134450 0.102502 0.071366 0.041037 0.011500 -0.017262 -0.045274 -0.072563 -0.099156 -0.125081 -0.150366 -0.175040 -0.199128 -0.222657 -0.245652 -0.268136 -0.290132 
-0.283967 -0.261629 -0.238773 -0.215374 -0.191403 -0.166830 -0.141626 -0.115755 -0.089184 -0.061877 -0.033795 -0.004900 0.024847 0.055487 0.087055 0.119587 0.153110 0.187643 0.223187 0.259725 0.297202 0.335518 0.374506 0.413907 0.453335 0.492246 0.529892 0.565293 0.597236 0.624316 0.645063 0.658146 0.662621 0.658146 0.645063 0.624316 0.597236 0.565293 0.529892 0.492246 0.453335 0.413907 0.374506 0.335518 0.297202 0.259725 0.223187 0.187643 0.153110 0.119587 0.087055 0.055487 0.024847 -0.004900 -0.033795 -0.061877 -0.089184 -0.115755 -0.141626 -0.166830 -0.191403 -0.215374 -0.238773 -0.261629 -0.283967 
-0.278407 -0.255757 -0.232560 -0.208788 -0.184409 -0.159388 -0.133690 -0.107275 -0.080102 -0.052125 -0.023296 0.006434 0.037119 0.068814 0.101576 0.135462 0.170528 0.206824 0.244392 0.283256 0.323416 0.364828 0.407386 0.450889 0.495001 0.539192 0.582671 0.624316 0.662621 0.695717 0.721509 0.737986 0.743662 0.737986 0.721509 0.695717 0.662621 0.624316 0.582671 0.539192 0.495001 0.450889 0.407386 0.364828 0.323416 0.283256 0.244392 0.206824 0.170528 0.135462 0.101576 0.068814 0.037119 0.006434 -0.023296 -0.052125 -0.080102 -0.107275 -0.133690 -0.159388 -0.184409 -0.208788 -0.232560 -0.255757 -0.278407 
-0.273481 -0.250548 -0.227044 -0.202936 -0.178187 -0.152761 -0.126614 -0.099702 -0.071977 -0.043385 -0.013868 0.016635 0.048193 0.080876 0.114762 0.149934 0.186476 0.224477 0.264022 0.305190 0.348045 0.392623 0.438908 0.486800 0.536064 0.586255 0.636612 0.685927 0.732403 0.773578 0.806425 0.827805 0.835247 0.827805 0.806425 0.773578 0.732403 0.685927 0.636612 0.586255 0.536064 0.486800 0.438908 0.392623 0.348045 0.305190 0.264022 0.224477 0.186476 0.149934 0.114762 0.080876 0.048193 0.016635 -0.013868 -0.043385 -0.071977 -0.099702 -0.126614 -0.152761 -0.178187 -0.202936 -0.227044 -0.250548 -0.273481 
-0.269211 -0.246031 -0.222256 -0.197851 -0.172776 -0.146990 -0.120446 -0.093092 -0.064875 -0.035732 -0.005598 0.025603 0.057950 0.091533 0.126449 0.162806 0.200721 0.240321 0.281740 0.325120 0.370603 0.418322 0.468383 0.520834 0.575614 0.632464 0.690787 0.749436 0.806425 0.858627 0.901675 0.930479 0.940668 0.930479 0.901675 0.858627 0.806425 0.749436 0.690787 0.632464 0.575614 0.520834 0.468383 0.418322 0.370603 0.325120 0.281740 0.240321 0.200721 0.162806 0.126449 0.091533 0.057950 0.025603 -0.005598 -0.035732 -0.064875 -0.093092 -0.120446 -0.146990 -0.172776 -0.197851 -0.222256 -0.246031 -0.269211 
-0.265618 -0.242227 -0.218222 -0.193564 -0.168210 -0.142116 -0.115230 -0.087497 -0.058856 -0.029237 0.001434 0.033241 0.066279 0.100652 0.136477 0.173888 0.213031 0.254074 0.297202 0.342622 0.390564 0.441272 0.495001 0.551996 0.612447 0.676412 0.743662 0.813401 0.883779 0.951182 1.009490 1.050222 1.065016 1.050222 1.009490 0.951182 0.883779 0.813401 0.743662 0.676412 0.612447 0.551996 0.495001 0.441272 0.390564 0.342622 0.297202 0.254074 0.213031 0.173888 0.136477 0.100652 0.066279 0.033241 0.001434 -0.029237 -0.058856 -0.087497 -0.115230 -0.142116 -0.168210 -0.193564 -0.218222 -0.242227 -0.265618 
-0.262721 -0.239159 -0.214965 -0.190101 -0.164520 -0.138173 -0.111008 -0.082963 -0.053972 -0.023961 0.007154 0.039465 0.073077 0.108111 0.144700 0.183000 0.223187 0.265465 0.310069 0.357271 0.407386 0.460778 0.517867 0.579125 0.645063 0.716190 0.792897 0.875182 0.962044 1.050222 1.132035 1.193378 1.216739 1.193378 1.132035 1.050222 0.962044 0.875182 0.792897 0.716190 0.645063 0.579125 0.517867 0.460778 0.407386 0.357271 0.310069 0.265465 0.223187 0.183000 0.144700 0.108111 0.073077 0.039465 0.007154 -0.023961 -0.053972 -0.082963 -0.111008 -0.138173 -0.164520 -0.190101 -0.214965 -0.239159 -0.262721 
-0.260534 -0.236842 -0.212506 -0.187484 -0.161729 -0.135190 -0.107811 -0.079527 -0.050268 -0.019955 0.011500 0.044200 0.078258 0.113805 0.150990 0.189986 0.230995 0.274251 0.320032 0.368668 0.420551 0.476157 0.536064 0.600976 0.671752 0.749436 0.835247 0.930479 1.036072 1.151212 1.269312 1.369291 1.411172 1.369291 1.269312 1.151212 1.036072 0.930479 0.835247 0.749436 0.671752 0.600976 0.536064 0.476157 0.420551 0.368668 0.320032 0.274251 0.230995 0.189986 0.150990 0.113805 0.078258 0.044200 0.011500 -0.019955 -0.050268 -0.079527 -0.107811 -0.135190 -0.161729 -0.187484 -0.212506 -0.236842 -0.260534 
-0.259070 -0.235290 -0.210858 -0.185730 -0.159858 -0.133189 -0.105665 -0.077220 -0.047779 -0.017262 0.014426 0.047391 0.081752 0.117650 0.155243 0.194718 0.236294 0.280230 0.326832 0.376474 0.429610 0.486800 0.548750 0.616357 0.690787 0.773578 0.866801 0.973277 1.096795 1.241944 1.411172 1.587257 1.678908 1.587257 1.411172 1.241944 1.096795 0.973277 0.866801 0.773578 0.690787 0.616357 0.548750 0.486800 0.429610 0.376474 0.326832 0.280230 0.236294 0.194718 0.155243 0.117650 0.081752 0.047391 0.014426 -0.017262 -0.047779 -0.077220 -0.105665 -0.133189 -0.159858 -0.185730 -0.210858 -0.235290 -0.259070 
-0.258336 -0.234512 -0.210031 -0.184850 -0.158919 -0.132185 -0.104588 -0.076061 -0.046529 -0.015908 0.015898 0.048996 0.083512 0.119587 0.157388 0.197108 0.238974 0.283256 0.330281 0.380443 0.434228 0.492246 0.555272 0.624316 0.700720 0.786333 0.883779 0.996968 1.132035 1.299261 1.516840 1.811293 2.059487 1.811293 1.516840 1.299261 1.132035 0.996968 0.883779 0.786333 0.700720 0.624316 0.555272 0.492246 0.434228 0.380443 0.330281 0.283256 0.238974 0.197108 0.157388 0.119587 0.083512 0.048996 0.015898 -0.015908 -0.046529 -0.076061 -0.104588 -0.132185 -0.158919 -0.184850 -0.210031 -0.234512 -0.258336 
-0.258244 -0.234415 -0.209928 -0.184739 -0.158801 -0.132059 -0.104453 -0.075916 -0.046372 -0.015738 0.016082 0.049197 0.083732 0.119830 0.157657 0.197407 0.239310 0.283637 0.330715 0.380942 0.434810 0.492933 0.556096 0.625323 0.701983 0.787962 0.885964 1.000054 1.136723 1.307211 1.532990 1.856248 2.182521 1.856248 1.532990 1.307211 1.136723 1.000054 0.885964 0.787962 0.701983 0.625323 0.556096 0.492933 0.434810 0.380942 0.330715 0.283637 0.239310 0.197407 0.157657 0.119830 0.083732 0.049197 0.016082 -0.015738 -0.046372 -0.075916 -0.104453 -0.132059 -0.158801 -0.184739 -0.209928 -0.234415 -0.258244 
-0.258340 -0.234516 -0.210036 -0.184854 -0.158924 -0.132190 -0.104593 -0.076067 -0.046536 -0.015915 0.015890 0.048987 0.083502 0.119577 0.157376 0.197095 0.238959 0.283240 0.330262 0.380421 0.434203 0.492216 0.555237 0.624272 0.700666 0.786262 0.883685 0.996835 1.131833 1.298920 1.516157 1.809487 2.055214 1.809487 1.516157 1.298920 1.131833 0.996835 0.883685 0.786262 0.700666 0.624272 0.555237 0.492216 0.434203 0.380421 0.330262 0.283240 0.238959 0.197095 0.157376 0.119577 0.083502 0.048987 0.015890 -0.015915 -0.046536 -0.076067 -0.104593 -0.132190 -0.158924 -0.184854 -0.210036 -0.234516 -0.258340 
-0.259082 -0.235303 -0.210871 -0.185744 -0.159873 -0.133205 -0.105682 -0.077238 -0.047800 -0.017284 0.014402 0.047365 0.081724 0.117618 0.155208 0.194680 0.236251 0.280181 0.326777 0.376410 0.429535 0.486713 0.548646 0.616230 0.690628 0.773375 0.866534 0.972907 1.096255 1.241096 1.409726 1.584707 1.675466 1.584707 1.409726 1.241096 1.096255 0.972907 0.866534 0.773375 0.690628 0.616230 0.548646 0.486713 0.429535 0.376410 0.326777 0.280181 0.236251 0.194680 0.155208 0.117618 0.081724 0.047365 0.014402 -0.017284 -0.047800 -0.077238 -0.105682 -0.133205 -0.159873 -0.185744 -0.210871 -0.235303 -0.259082 
-0.260554 -0.236863 -0.212528 -0.187507 -0.161754 -0.135217 -0.107840 -0.079558 -0.050302 -0.019992 0.011461 0.044157 0.078211 0.113753 0.150933 0.189923 0.230924 0.274171 0.319942 0.368564 0.420431 0.476016 0.535897 0.600773 0.671503 0.749123 0.834842 0.929939 1.035327 1.150150 1.267777 1.367187 1.408769 1.367187 1.267777 1.150150 1.035327 0.929939 0.834842 0.749123 0.671503 0.600773 0.535897 0.476016 0.420431 0.368564 0.319942 0.274171 0.230924 0.189923 0.150933 0.113753 0.078211 0.044157 0.011461 -0.019992 -0.050302 -0.079558 -0.107840 -0.135217 -0.161754 -0.187507 -0.212528 -0.236863 -0.260554 
-0.262748 -0.239188 -0.214996 -0.190133 -0.164555 -0.138211 -0.111048 -0.083006 -0.054018 -0.024011 0.007099 0.039405 0.073013 0.108040 0.144622 0.182913 0.223090 0.265356 0.309946 0.357130 0.407224 0.460590 0.517645 0.578859 0.644741 0.715793 0.792398 0.874543 0.961213 1.049134 1.130636 1.191685 1.214919 1.191685 1.130636 1.049134 0.961213 0.874543 0.792398 0.715793 0.644741 0.578859 0.517645 0.460590 0.407224 0.357130 0.309946 0.265356 0.223090 0.182913 0.144622 0.108040 0.073013 0.039405 0.007099 -0.024011 -0.054018 -0.083006 -0.111048 -0.138211 -0.164555 -0.190133 -0.214996 -0.239188 -0.262748 
-0.265653 -0.242264 -0.218261 -0.193605 -0.168255 -0.142164 -0.115281 -0.087552 -0.058914 -0.029301 0.001365 0.033166 0.066197 0.100562 0.136379 0.173779 0.212910 0.253938 0.297049 0.342449 0.390365 0.441042 0.494734 0.551680 0.612070 0.675958 0.743108 0.812719 0.882937 0.950149 1.008256 1.048825 1.063554 1.048825 1.008256 0.950149 0.882937 0.812719 0.743108 0.675958 0.612070 0.551680 0.494734 0.441042 0.390365 0.342449 0.297049 0.253938 0.212910 0.173779 0.136379 0.100562 0.066197 0.033166 0.001365 -0.029301 -0.058914 -0.087552 -0.115281 -0.142164 -0.168255 -0.193605 -0.218261 -0.242264 -0.265653 
-0.269253 -0.246075 -0.222303 -0.197901 -0.172830 -0.147047 -0.120507 -0.093158 -0.064946 -0.035809 -0.005680 0.025513 0.057853 0.091426 0.126332 0.162677 0.200578 0.240161 0.281561 0.324918 0.370374 0.418060 0.468080 0.520482 0.575201 0.631976 0.690208 0.748748 0.805610 0.857673 0.900589 0.929294 0.939445 0.929294 0.900589 0.857673 0.805610 0.748748 0.690208 0.631976 0.575201 0.520482 0.468080 0.418060 0.370374 0.324918 0.281561 0.240161 0.200578 0.162677 0.126332 0.091426 0.057853 0.025513 -0.005680 -0.035809 -0.064946 -0.093158 -0.120507 -0.147047 -0.172830 -0.197901 -0.222303 -0.246075 -0.269253 
-0.273530 -0.250601 -0.227100 -0.202995 -0.178250 -0.152827 -0.126685 -0.099779 -0.072059 -0.043473 -0.013963 0.016532 0.048080 0.080753 0.114628 0.149787 0.186314 0.224296 0.263820 0.304964 0.347791 0.392335 0.438579 0.486423 0.535629 0.585752 0.636029 0.685253 0.731630 0.772704 0.805462 0.826777 0.834196 0.826777 0.805462 0.772704 0.731630 0.685253 0.636029 0.585752 0.535629 0.486423 0.438579 0.392335 0.347791 0.304964 0.263820 0.224296 0.186314 0.149787 0.114628 0.080753 0.048080 0.016532 -0.013963 -0.043473 -0.072059 -0.099779 -0.126685 -0.152827 -0.178250 -0.202995 -0.227100 -0.250601 -0.273530 
-0.278464 -0.255816 -0.232623 -0.208855 -0.184480 -0.159464 -0.133771 -0.107362 -0.080194 -0.052224 -0.023403 0.006318 0.036993 0.068677 0.101427 0.135299 0.170348 0.206626 0.244172 0.283011 0.323142 0.364520 0.407039 0.450496 0.494555 0.538686 0.582097 0.623667 0.661895 0.694917 0.720645 0.737079 0.742740 0.737079 0.720645 0.694917 0.661895 0.623667 0.582097 0.538686 0.494555 0.450496 0.407039 0.364520 0.323142 0.283011 0.244172 0.206626 0.170348 0.135299 0.101427 0.068677 0.036993 0.006318 -0.023403 -0.052224 -0.080194 -0.107362 -0.133771 -0.159464 -0.184480 -0.208855 -0.232623 -0.255816 -0.278464 
-0.284030 -0.261695 -0.238844 -0.215449 -0.191482 -0.166915 -0.141715 -0.115851 -0.089287 -0.061987 -0.033914 -0.005028 0.024710 0.055337 0.086893 0.119410 0.152916 0.187429 0.222952 0.259464 0.296913 0.335197 0.374148 0.413506 0.452887 0.491745 0.529333 0.564674 0.596556 0.623580 0.644282 0.657334 0.661799 0.657334 0.644282 0.623580 0.596556 0.564674 0.529333 0.491745 0.452887 0.413506 0.374148 0.335197 0.296913 0.259464 0.222952 0.187429 0.152916 0.119410 0.086893 0.055337 0.024710 -0.005028 -0.033914 -0.061987 -0.089287 -0.115851 -0.141715 -0.166915 -0.191482 -0.215449 -0.238844 -0.261695 -0.284030 
-0.290202 -0.268209 -0.245729 -0.222739 -0.199215 -0.175132 -0.150464 -0.125185 -0.099268 -0.072683 -0.045403 -0.017400 0.011352 0.040876 0.071192 0.102313 0.134243 0.166973 0.200474 0.234691 0.269532 0.304860 0.340468 0.376071 0.411275 0.445557 0.478249 0.508527 0.535429 0.557902 0.574901 0.585520 0.589133 0.585520 0.574901 0.557902 0.535429 0.508527 0.478249 0.445557 0.411275 0.376071 0.340468 0.304860 0.269532 0.234691 0.200474 0.166973 0.134243 0.102313 0.071192 0.040876 0.011352 -0.017400 -0.045403 -0.072683 -0.099268 -0.125185 -0.150464 -0.175132 -0.199215 -0.222739 -0.245729 -0.268209 -0.290202 
-0.296952 -0.275327 -0.253245 -0.230687 -0.207635 -0.184067 -0.159964 -0.135303 -0.110065 -0.084230 -0.057778 -0.030692 -0.002959 0.025432 0.054485 0.084195 0.114546 0.145506 0.177022 0.209015 0.241367 0.273917 0.306443 0.338652 0.370165 0.400506 0.429092 0.455241 0.478192 0.497150 0.511353 0.520162 0.523149 0.520162 0.511353 0.497150 0.478192 0.455241 0.429092 0.400506 0.370165 0.338652 0.306443 0.273917 0.241367 0.209015 0.177022 0.145506 0.114546 0.084195 0.054485 0.025432 -0.002959 -0.030692 -0.057778 -0.084230 -0.110065 -0.135303 -0.159964 -0.184067 -0.207635 -0.230687 -0.253245 -0.275327 -0.296952 
-0.304252 -0.283015 -0.261354 -0.239254 -0.216698 -0.193670 -0.170156 -0.146140 -0.121608 -0.096548 -0.070948 -0.044801 -0.018104 0.009142 0.036926 0.065230 0.094021 0.123250 0.152847 0.182715 0.212722 0.242694 0.272407 0.301577 0.329853 0.356809 0.381948 0.404710 0.424492 0.440686 0.452729 0.460159 0.462671 0.460159 0.452729 0.440686 0.424492 0.404710 0.381948 0.356809 0.329853 0.301577 0.272407 0.242694 0.212722 0.182715 0.152847 0.123250 0.094021 0.065230 0.036926 0.009142 -0.018104 -0.044801 -0.070948 -0.096548 -0.121608 -0.146140 -0.170156 -0.193670 -0.216698 -0.239254 -0.261354 -0.283015 -0.304252 
-0.312072 -0.291242 -0.270021 -0.248397 -0.226357 -0.203890 -0.180985 -0.157633 -0.133825 -0.109556 -0.084822 -0.059625 -0.033969 -0.007868 0.018658 0.045578 0.072847 0.100404 0.128166 0.156026 0.183844 0.211446 0.238612 0.265077 0.290520 0.314570 0.336806 0.356769 0.373979 0.387968 0.398310 0.404664 0.406807 0.404664 0.398310 0.387968 0.373979 0.356769 0.336806 0.314570 0.290520 0.265077 0.238612 0.211446 0.183844 0.156026 0.128166 0.100404 0.072847 0.045578 0.018658 -0.007868 -0.033969 -0.059625 -0.084822 -0.109556 -0.133825 -0.157633 -0.180985 -0.203890 -0.226357 -0.248397 -0.270021 -0.291242 -0.312072 
-0.320379 -0.299973 -0.279208 -0.258075 -0.236567 -0.214675 -0.192394 -0.169718 -0.146646 -0.123177 -0.099315 -0.075067 -0.050448 -0.025479 -0.000188 0.025383 0.051182 0.077138 0.103162 0.129140 0.154933 0.180368 0.205240 0.229302 0.252270 0.273821 0.293601 0.311233 0.326334 0.338537 0.347517 0.353015 0.354867 0.353015 0.347517 0.338537 0.326334 0.311233 0.293601 0.273821 0.252270 0.229302 0.205240 0.180368 0.154933 0.129140 0.103162 0.077138 0.051182 0.025383 -0.000188 -0.025479 -0.050448 -0.075067 -0.099315 -0.123177 -0.146646 -0.169718 -0.192394 -0.214675 -0.236567 -0.258075 -0.279208 -0.299973 -0.320379 
-0.329144 -0.309173 -0.288876 -0.268248 -0.247282 -0.225976 -0.204328 -0.182336 -0.160004 -0.137336 -0.114343 -0.091038 -0.067442 -0.043581 -0.019493 0.004775 0.029165 0.053600 0.077987 0.102213 0.126141 0.149605 0.172415 0.194347 0.215151 0.234548 0.252240 0.267916 0.281268 0.292007 0.299879 0.304686 0.306303 0.304686 0.299879 0.292007 0.281268 0.267916 0.252240 0.234548 0.215151 0.194347 0.172415 0.149605 0.126141 0.102213 0.077987 0.053600 0.029165 0.004775 -0.019493 -0.043581 -0.067442 -0.091038 -0.114343 -0.137336 -0.160004 -0.182336 -0.204328 -0.225976 -0.247282 -0.268248 -0.288876 -0.309173 -0.329144 
-0.338335 -0.318809 -0.298990 -0.278874 -0.258458 -0.237744 -0.216733 -0.195427 -0.173834 -0.151964 -0.129831 -0.107454 -0.084859 -0.062078 -0.039152 -0.016134 0.006914 0.029912 0.052769 0.075371 0.097587 0.119264 0.140224 0.160268 0.179176 0.196708 0.212614 0.226637 0.238526 0.248050 0.255010 0.259250 0.260675 0.259250 0.255010 0.248050 0.238526 0.226637 0.212614 0.196708 0.179176 0.160268 0.140224 0.119264 0.097587 0.075371 0.052769 0.029912 0.006914 -0.016134 -0.039152 -0.062078 -0.084859 -0.107454 -0.129831 -0.151964 -0.173834 -0.195427 -0.216733 -0.237744 -0.258458 -0.278874 -0.298990 -0.318809 -0.338335 
-0.347921 -0.328848 -0.309512 -0.289913 -0.270052 -0.249932 -0.229557 -0.208935 -0.188076 -0.166994 -0.145707 -0.124238 -0.102616 -0.080879 -0.059071 -0.037246 -0.015470 0.006179 0.027608 0.048711 0.069361 0.089417 0.108719 0.127088 0.144332 0.160245 0.174614 0.187228 0.197882 0.206388 0.212587 0.216358 0.217624 0.216358 0.212587 0.206388 0.197882 0.187228 0.174614 0.160245 0.144332 0.127088 0.108719 0.089417 0.069361 0.048711 0.027608 0.006179 -0.015470 -0.037246 -0.059071 -0.080879 -0.102616 -0.124238 -0.145707 -0.166994 -0.188076 -0.208935 -0.229557 -0.249932 -0.270052 -0.289913 -0.309512 -0.328848 -0.347921 
-0.357872 -0.339255 -0.320406 -0.301327 -0.282021 -0.262494 -0.242753 -0.222808 -0.202673 -0.182365 -0.161905 -0.141319 -0.120640 -0.099908 -0.079168 -0.058477 -0.037901 -0.017516 0.002588 0.022308 0.041528 0.060117 0.077931 0.094812 0.110590 0.125090 0.138132 0.149538 0.159139 0.166783 0.172343 0.175719 0.176852 0.175719 0.172343 0.166783 0.159139 0.149538 0.138132 0.125090 0.110590 0.094812 0.077931 0.060117 0.041528 0.022308 0.002588 -0.017516 -0.037901 -0.058477 -0.079168 -0.099908 -0.120640 -0.141319 -0.161905 -0.182365 -0.202673 -0.222808 -0.242753 -0.262494 -0.282021 -0.301327 -0.320406 -0.339255 -0.357872 
-0.368159 -0.350000 -0.331639 -0.313079 -0.294326 -0.275387 -0.256273 -0.236996 -0.217572 -0.198020 -0.178365 -0.158636 -0.138865 -0.119095 -0.099373 -0.079756 -0.060308 -0.041103 -0.022229 -0.003780 0.014134 0.031396 0.047873 0.063428 0.077913 0.091175 0.103062 0.113425 0.122123 0.129033 0.134048 0.137090 0.138110 0.137090 0.134048 0.129033 0.122123 0.113425 0.103062 0.091175 0.077913 0.063428 0.047873 0.031396 0.014134 -0.003780 -0.022229 -0.041103 -0.060308 -0.079756 -0.099373 -0.119095 -0.138865 -0.158636 -0.178365 -0.198020 -0.217572 -0.236996 -0.256273 -0.275387 -0.294326 -0.313079 -0.331639 -0.350000 -0.368159 
-0.378752 -0.361052 -0.343178 -0.325134 -0.306929 -0.288572 -0.270075 -0.251453 -0.232724 -0.213909 -0.195035 -0.176130 -0.157232 -0.138381 -0.119626 -0.101022 -0.082632 -0.064528 -0.046791 -0.029512 -0.012789 0.003270 0.018546 0.032918 0.046256 0.058429 0.069307 0.078763 0.086682 0.092960 0.097509 0.100265 0.101188 0.100265 0.097509 0.092960 0.086682 0.078763 0.069307 0.058429 0.046256 0.032918 0.018546 0.003270 -0.012789 -0.029512 -0.046791 -0.064528 -0.082632 -0.101022 -0.119626 -0.138381 -0.157232 -0.176130 -0.195035 -0.213909 -0.232724 -0.251453 -0.270075 -0.288572 -0.306929 -0.325134 -0.343178 -0.361052 -0.378752 
-0.389624 -0.372381 -0.354990 -0.337458 -0.319794 -0.302010 -0.284119 -0.266137 -0.248085 -0.229985 -0.211864 -0.193754 -0.175690 -0.157714 -0.139874 -0.122224 -0.104825 -0.087746 -0.071061 -0.054856 -0.039221 -0.024253 -0.010059 0.003254 0.015573 0.026784 0.036775 0.045441 0.052682 0.058411 0.062557 0.065067 0.065908 0.065067 0.062557 0.058411 0.052682 0.045441 0.036775 0.026784 0.015573 0.003254 -0.010059 -0.024253 -0.039221 -0.054856 -0.071061 -0.087746 -0.104825 -0.122224 -0.139874 -0.157714 -0.175690 -0.193754 -0.211864 -0.229985 -0.248085 -0.266137 -0.284119 -0.302010 -0.319794 -0.337458 -0.354990 -0.372381 -0.389624 
-0.400749 -0.383960 -0.367047 -0.350019 -0.332888 -0.315665 -0.298367 -0.281009 -0.263614 -0.246205 -0.228810 -0.211461 -0.194193 -0.177049 -0.160074 -0.143322 -0.126850 -0.110722 -0.095011 -0.079793 -0.065151 -0.051174 -0.037956 -0.025593 -0.014183 -0.003825 0.005384 0.013354 0.020002 0.025254 0.029050 0.031346 0.032115 0.031346 0.029050 0.025254 0.020002 0.013354 0.005384 -0.003825 -0.014183 -0.025593 -0.037956 -0.051174 -0.065151 -0.079793 -0.095011 -0.110722 -0.126850 -0.143322 -0.160074 -0.177049 -0.194193 -0.211461 -0.228810 -0.246205 -0.263614 -0.281009 -0.298367 -0.315665 -0.332888 -0.350019 -0.367047 -0.383960 -0.400749 
-0.412101 -0.395760 -0.379319 -0.362789 -0.346180 -0.329507 -0.312785 -0.296034 -0.279275 -0.262533 -0.245835 -0.229214 -0.212705 -0.196349 -0.180190 -0.164280 -0.148674 -0.133432 -0.118620 -0.104309 -0.090575 -0.077499 -0.065164 -0.053655 -0.043058 -0.033461 -0.024945 -0.017589 -0.011463 -0.006630 -0.003140 -0.001030 -0.000325 -0.001030 -0.003140 -0.006630 -0.011463 -0.017589 -0.024945 -0.033461 -0.043058 -0.053655 -0.065164 -0.077499 -0.090575 -0.104309 -0.118620 -0.133432 -0.148674 -0.164280 -0.180190 -0.196349 -0.212705 -0.229214 -0.245835 -0.262533 -0.279275 -0.296034 -0.312785 -0.329507 -0.346180 -0.362789 -0.379319 -0.395760 -0.412101 
-0.423657 -0.407758 -0.391782 -0.375738 -0.359640 -0.343503 -0.327343 -0.311179 -0.295035 -0.278934 -0.262904 -0.246978 -0.231190 -0.215580 -0.200192 -0.185072 -0.170274 -0.155854 -0.141873 -0.128398 -0.115496 -0.103240 -0.091704 -0.080965 -0.071099 -0.062181 -0.054282 -0.047470 -0.041806 -0.037342 -0.034122 -0.032177 -0.031526 -0.032177 -0.034122 -0.037342 -0.041806 -0.047470 -0.054282 -0.062181 -0.071099 -0.080965 -0.091704 -0.103240 -0.115496 -0.128398 -0.141873 -0.155854 -0.170274 -0.185072 -0.200192 -0.215580 -0.231190 -0.246978 -0.262904 -0.278934 -0.295035 -0.311179 -0.327343 -0.343503 -0.359640 -0.375738 -0.391782 -0.407758 -0.423657 
-0.435394 -0.419930 -0.404409 -0.388842 -0.373242 -0.357626 -0.342011 -0.326416 -0.310863 -0.295378 -0.279988 -0.264724 -0.249621 -0.234717 -0.220053 -0.205675 -0.191631 -0.177975 -0.164764 -0.152057 -0.139916 -0.128409 -0.117600 -0.107558 -0.098349 -0.090040 -0.082693 -0.076366 -0.071112 -0.066976 -0.063994 -0.062194 -0.061592 -0.062194 -0.063994 -0.066976 -0.071112 -0.076366 -0.082693 -0.090040 -0.098349 -0.107558 -0.117600 -0.128409 -0.139916 -0.152057 -0.164764 -0.177975 -0.191631 -0.205675 -0.220053 -0.234717 -0.249621 -0.264724 -0.279988 -0.295378 -0.310863 -0.326416 -0.342011 -0.357626 -0.373242 -0.388842 -0.404409 -0.419930 -0.435394 
-0.447291 -0.432253 -0.417178 -0.402076 -0.386962 -0.371852 -0.356764 -0.341717 -0.326734 -0.311839 -0.297060 -0.282427 -0.267974 -0.253736 -0.239754 -0.226070 -0.212731 -0.199786 -0.187286 -0.175287 -0.163846 -0.153022 -0.142875 -0.133464 -0.124849 -0.117089 -0.110237 -0.104344 -0.099456 -0.095611 -0.092841 -0.091170 -0.090612 -0.091170 -0.092841 -0.095611 -0.099456 -0.104344 -0.110237 -0.117089 -0.124849 -0.133464 -0.142875 -0.153022 -0.163846 -0.175287 -0.187286 -0.199786 -0.212731 -0.226070 -0.239754 -0.253736 -0.267974 -0.282427 -0.297060 -0.311839 -0.326734 -0.341717 -0.356764 -0.371852 -0.386962 -0.402076 -0.417178 -0.432253 -0.447291 
-0.459327 -0.444707 -0.430067 -0.415419 -0.400777 -0.386158 -0.371579 -0.357060 -0.342624 -0.328294 -0.314098 -0.300066 -0.286228 -0.272620 -0.259279 -0.246246 -0.233564 -0.221279 -0.209439 -0.198094 -0.187295 -0.177097 -0.167553 -0.158716 -0.150640 -0.143374 -0.136968 -0.131465 -0.126904 -0.123321 -0.120741 -0.119185 -0.118664 -0.119185 -0.120741 -0.123321 -0.126904 -0.131465 -0.136968 -0.143374 -0.150640 -0.158716 -0.167553 -0.177097 -0.187295 -0.198094 -0.209439 -0.221279 -0.233564 -0.246246 -0.259279 -0.272620 -0.286228 -0.300066 -0.314098 -0.328294 -0.342624 -0.357060 -0.371579 -0.386158 -0.400777 -0.415419 -0.430067 -0.444707 -0.459327 
-0.471485 -0.457273 -0.443057 -0.428850 -0.414666 -0.400521 -0.386434 -0.372423 -0.358512 -0.344723 -0.331083 -0.317620 -0.304365 -0.291351 -0.278614 -0.266191 -0.254124 -0.242453 -0.231224 -0.220482 -0.210276 -0.200652 -0.191659 -0.183345 -0.175757 -0.168940 -0.162937 -0.157785 -0.153519 -0.150170 -0.147760 -0.146307 -0.145821 -0.146307 -0.147760 -0.150170 -0.153519 -0.157785 -0.162937 -0.168940 -0.175757 -0.183345 -0.191659 -0.200652 -0.210276 -0.220482 -0.231224 -0.242453 -0.254124 -0.266191 -0.278614 -0.291351 -0.304365 -0.317620 -0.331083 -0.344723 -0.358512 -0.372423 -0.386434 -0.400521 -0.414666 -0.428850 -0.443057 -0.457273 -0.471485 
-0.483747 -0.469933 -0.456130 -0.442351 -0.428610 -0.414924 -0.401310 -0.387789 -0.374380 -0.361108 -0.347997 -0.335076 -0.322373 -0.309920 -0.297750 -0.285899 -0.274405 -0.263306 -0.252644 -0.242461 -0.232800 -0.223703 -0.215216 -0.207380 -0.200237 -0.193828 -0.188189 -0.183355 -0.179356 -0.176217 -0.173961 -0.172600 -0.172146 -0.172600 -0.173961 -0.176217 -0.179356 -0.183355 -0.188189 -0.193828 -0.200237 -0.207380 -0.215216 -0.223703 -0.232800 -0.242461 -0.252644 -0.263306 -0.274405 -0.285899 -0.297750 -0.309920 -0.322373 -0.335076 -0.347997 -0.361108 -0.374380 -0.387789 -0.401310 -0.414924 -0.428610 -0.442351 -0.456130 -0.469933 -0.483747 
-0.496097 -0.482671 -0.469269 -0.455905 -0.442594 -0.429350 -0.416192 -0.403139 -0.390212 -0.377433 -0.364827 -0.352419 -0.340238 -0.328314 -0.316678 -0.305364 -0.294406 -0.283840 -0.273705 -0.264039 -0.254881 -0.246271 -0.238247 -0.230848 -0.224112 -0.218074 -0.212766 -0.208221 -0.204463 -0.201516 -0.199398 -0.198121 -0.197695 -0.198121 -0.199398 -0.201516 -0.204463 -0.208221 -0.212766 -0.218074 -0.224112 -0.230848 -0.238247 -0.246271 -0.254881 -0.264039 -0.273705 -0.283840 -0.294406 -0.305364 -0.316678 -0.328314 -0.340238 -0.352419 -0.364827 -0.377433 -0.390212 -0.403139 -0.416192 -0.429350 -0.442594 -0.455905 -0.469269 -0.482671 -0.496097 
-0.508519 -0.495471 -0.482459 -0.469497 -0.456600 -0.443783 -0.431063 -0.418460 -0.405994 -0.393685 -0.381559 -0.369639 -0.357953 -0.346528 -0.335394 -0.324583 -0.314126 -0.304058 -0.294413 -0.285226 -0.276534 -0.268371 -0.260774 -0.253776 -0.247412 -0.241713 -0.236709 -0.232425 -0.228887 -0.226113 -0.224120 -0.222920 -0.222519 -0.222920 -0.224120 -0.226113 -0.228887 -0.232425 -0.236709 -0.241713 -0.247412 -0.253776 -0.260774 -0.268371 -0.276534 -0.285226 -0.294413 -0.304058 -0.314126 -0.324583 -0.335394 -0.346528 -0.357953 -0.369639 -0.381559 -0.393685 -0.405994 -0.418460 -0.431063 -0.443783 -0.456600 -0.469497 -0.482459 -0.495471 -0.508519 
-0.521001 -0.508319 -0.495686 -0.483113 -0.470615 -0.458209 -0.445911 -0.433739 -0.421713 -0.409854 -0.398184 -0.386727 -0.375508 -0.364554 -0.353893 -0.343554 -0.333567 -0.323963 -0.314774 -0.306033 -0.297771 -0.290022 -0.282818 -0.276190 -0.270167 -0.264779 -0.260051 -0.256007 -0.252668 -0.250053 -0.248174 -0.247043 -0.246665 -0.247043 -0.248174 -0.250053 -0.252668 -0.256007 -0.260051 -0.264779 -0.270167 -0.276190 -0.282818 -0.290022 -0.297771 -0.306033 -0.314774 -0.323963 -0.333567 -0.343554 -0.353893 -0.364554 -0.375508 -0.386727 -0.398184 -0.409854 -0.421713 -0.433739 -0.445911 -0.458209 -0.470615 -0.483113 -0.495686 -0.508319 -0.521001 
