43 43
5.395106e-01 0 5
-0.136578 -0.113947 -0.091688 -0.069863 -0.048539 -0.027786 -0.007681 0.011697 0.030266 0.047940 0.064632 0.080254 0.094717 0.107936 0.119827 0.130311 0.139317 0.146780 0.152645 0.156866 0.159413 0.160264 0.159413 0.156866 0.152645 0.146780 0.139317 0.130311 0.119827 0.107936 0.094717 0.080254 0.064632 0.047940 0.030266 0.011697 -0.007681 -0.027786 -0.048539 -0.069863 -0.091688 -0.113947 -0.136578 
-0.114509 -0.091108 -0.068062 -0.045436 -0.023300 -0.001728 0.019199 0.039397 0.058778 0.077249 0.094717 0.111085 0.126259 0.140142 0.152645 0.163679 0.173165 0.181032 0.187218 0.191673 0.194361 0.195259 0.194361 0.191673 0.187218 0.181032 0.173165 0.163679 0.152645 0.140142 0.126259 0.111085 0.094717 0.077249 0.058778 0.039397 0.019199 -0.001728 -0.023300 -0.045436 -0.068062 -0.091108 -0.114509 
-0.092848 -0.068663 -0.044814 -0.021367 0.001603 0.024018 0.045794 0.066841 0.087065 0.106367 0.124645 0.141795 0.157714 0.172297 0.185444 0.197060 0.207055 0.215350 0.221877 0.226580 0.229419 0.230368 0.229419 0.226580 0.221877 0.215350 0.207055 0.197060 0.185444 0.172297 0.157714 0.141795 0.124645 0.106367 0.087065 0.066841 0.045794 0.024018 0.001603 -0.021367 -0.044814 -0.068663 -0.092848 
-0.071660 -0.046679 -0.022012 0.002271 0.026094 0.049375 0.072024 0.093948 0.115044 0.135208 0.154330 0.172297 0.188996 0.204314 0.218139 0.230368 0.240900 0.249649 0.256537 0.261503 0.264502 0.265504 0.264502 0.261503 0.256537 0.249649 0.240900 0.230368 0.218139 0.204314 0.188996 0.172297 0.154330 0.135208 0.115044 0.093948 0.072024 0.049375 0.026094 0.002271 -0.022012 -0.046679 -0.071660 
-0.051011 -0.025226 0.000268 0.025401 0.050093 0.074259 0.097803 0.120627 0.142623 0.163679 0.183676 0.202493 0.220006 0.236091 0.250628 0.263501 0.274599 0.283826 0.291097 0.296341 0.299509 0.300568 0.299509 0.296341 0.291097 0.283826 0.274599 0.263501 0.250628 0.236091 0.220006 0.202493 0.183676 0.163679 0.142623 0.120627 0.097803 0.074259 0.050093 0.025401 0.000268 -0.025226 -0.051011 
-0.030973 -0.004381 0.021948 0.047940 0.073513 0.098577 0.123035 0.146780 0.169700 0.191673 0.212573 0.232270 0.250628 0.267514 0.282794 0.296341 0.308034 0.317763 0.325436 0.330973 0.334319 0.335439 0.334319 0.330973 0.325436 0.317763 0.308034 0.296341 0.282794 0.267514 0.250628 0.232270 0.212573 0.191673 0.169700 0.146780 0.123035 0.098577 0.073513 0.047940 0.021948 -0.004381 -0.030973 
-0.011621 0.015778 0.042943 0.069798 0.096258 0.122231 0.147615 0.172297 0.196159 0.219072 0.240900 0.261503 0.280736 0.298451 0.314503 0.328752 0.341065 0.351321 0.359414 0.365260 0.368793 0.369976 0.368793 0.365260 0.359414 0.351321 0.341065 0.328752 0.314503 0.298451 0.280736 0.261503 0.240900 0.219072 0.196159 0.172297 0.147615 0.122231 0.096258 0.069798 0.042943 0.015778 -0.011621 
0.006967 0.035167 0.063164 0.090880 0.118229 0.145114 0.171430 0.197060 0.221877 0.245746 0.268522 0.290053 0.310183 0.328752 0.345603 0.360579 0.373536 0.384339 0.392872 0.399038 0.402768 0.404016 0.402768 0.399038 0.392872 0.384339 0.373536 0.360579 0.345603 0.328752 0.310183 0.290053 0.268522 0.245746 0.221877 0.197060 0.171430 0.145114 0.118229 0.090880 0.063164 0.035167 0.006967 
0.024709 0.053698 0.082516 0.111085 0.139317 0.167112 0.194361 0.220941 0.246719 0.271553 0.295289 0.317763 0.338808 0.358252 0.375921 0.391646 0.405266 0.416635 0.425622 0.432122 0.436054 0.437370 0.436054 0.432122 0.425622 0.416635 0.405266 0.391646 0.375921 0.358252 0.338808 0.317763 0.295289 0.271553 0.246719 0.220941 0.194361 0.167112 0.139317 0.111085 0.082516 0.053698 0.024709 
0.041523 0.071281 0.100904 0.130311 0.159413 0.188106 0.216279 0.243803 0.270541 0.296341 0.321040 0.344465 0.366436 0.386765 0.405266 0.421755 0.436054 0.448002 0.457456 0.464298 0.468439 0.469826 0.468439 0.464298 0.457456 0.448002 0.436054 0.421755 0.405266 0.386765 0.366436 0.344465 0.321040 0.296341 0.270541 0.243803 0.216279 0.188106 0.159413 0.130311 0.100904 0.071281 0.041523 
0.057322 0.087826 0.118229 0.148450 0.178399 0.207972 0.237050 0.265504 0.293189 0.319946 0.345603 0.369976 0.392872 0.414091 0.433430 0.450689 0.465675 0.478211 0.488139 0.495329 0.499684 0.501142 0.499684 0.495329 0.488139 0.478211 0.465675 0.450689 0.433430 0.414091 0.392872 0.369976 0.345603 0.319946 0.293189 0.265504 0.237050 0.207972 0.178399 0.148450 0.118229 0.087826 0.057322 
0.072024 0.103240 0.134389 0.165393 0.196159 0.226580 0.256537 0.285895 0.314503 0.342196 0.368793 0.394100 0.417911 0.440011 0.460184 0.478211 0.493885 0.507010 0.517414 0.524954 0.529523 0.531053 0.529523 0.524954 0.517414 0.507010 0.493885 0.478211 0.460184 0.440011 0.417911 0.394100 0.368793 0.342196 0.314503 0.285895 0.256537 0.226580 0.196159 0.165393 0.134389 0.103240 0.072024 
0.085545 0.117431 0.149287 0.181032 0.212573 0.243803 0.274599 0.304823 0.334319 0.362915 0.390422 0.416635 0.441336 0.464298 0.485287 0.504069 0.520419 0.534125 0.545000 0.552887 0.557668 0.559270 0.557668 0.552887 0.545000 0.534125 0.520419 0.504069 0.485287 0.464298 0.441336 0.416635 0.390422 0.362915 0.334319 0.304823 0.274599 0.243803 0.212573 0.181032 0.149287 0.117431 0.085545 
0.097803 0.130311 0.162823 0.195259 0.227525 0.259512 0.291097 0.322136 0.352471 0.381922 0.410293 0.437370 0.462924 0.486711 0.508485 0.527996 0.545000 0.559270 0.570602 0.578826 0.583814 0.585485 0.583814 0.578826 0.570602 0.559270 0.545000 0.527996 0.508485 0.486711 0.462924 0.437370 0.410293 0.381922 0.352471 0.322136 0.291097 0.259512 0.227525 0.195259 0.162823 0.130311 0.097803 
0.108722 0.141795 0.174905 0.207972 0.240900 0.273582 0.305892 0.337683 0.368793 0.399038 0.428214 0.456097 0.482447 0.507010 0.529523 0.549720 0.567343 0.582147 0.593913 0.602457 0.607642 0.609380 0.607642 0.602457 0.593913 0.582147 0.567343 0.549720 0.529523 0.507010 0.482447 0.456097 0.428214 0.399038 0.368793 0.337683 0.305892 0.273582 0.240900 0.207972 0.174905 0.141795 0.108722 
0.118229 0.151804 0.185444 0.219072 0.252592 0.285895 0.318854 0.351321 0.383129 0.414091 0.443994 0.472609 0.499684 0.524954 0.548143 0.568970 0.587162 0.602457 0.614623 0.623464 0.628830 0.630630 0.628830 0.623464 0.614623 0.602457 0.587162 0.568970 0.548143 0.524954 0.499684 0.472609 0.443994 0.414091 0.383129 0.351321 0.318854 0.285895 0.252592 0.219072 0.185444 0.151804 0.118229 
0.126259 0.160264 0.194361 0.228471 0.262501 0.296341 0.329862 0.362915 0.395331 0.426917 0.457456 0.486711 0.514423 0.540316 0.564101 0.585485 0.604180 0.619912 0.632434 0.641538 0.647066 0.648920 0.647066 0.641538 0.632434 0.619912 0.604180 0.585485 0.564101 0.540316 0.514423 0.486711 0.457456 0.426917 0.395331 0.362915 0.329862 0.296341 0.262501 0.228471 0.194361 0.160264 0.126259 
0.132755 0.167112 0.201584 0.236091 0.270541 0.304823 0.338808 0.372347 0.405266 0.437370 0.468439 0.498229 0.526473 0.552887 0.577172 0.599025 0.618144 0.634244 0.647066 0.656393 0.662058 0.663959 0.662058 0.656393 0.647066 0.634244 0.618144 0.599025 0.577172 0.552887 0.526473 0.498229 0.468439 0.437370 0.405266 0.372347 0.338808 0.304823 0.270541 0.236091 0.201584 0.167112 0.132755 
0.137670 0.172297 0.207055 0.241866 0.276638 0.311260 0.345603 0.379515 0.412822 0.445327 0.476806 0.507010 0.535667 0.562486 0.587162 0.609380 0.628830 0.645218 0.658276 0.667777 0.673549 0.675486 0.673549 0.667777 0.658276 0.645218 0.628830 0.609380 0.587162 0.562486 0.535667 0.507010 0.476806 0.445327 0.412822 0.379515 0.345603 0.311260 0.276638 0.241866 0.207055 0.172297 0.137670 
0.140968 0.175777 0.210729 0.245746 0.280736 0.315588 0.350173 0.384339 0.417911 0.450689 0.482447 0.512933 0.541873 0.568970 0.593913 0.616381 0.636059 0.652645 0.665865 0.675486 0.681333 0.683294 0.681333 0.675486 0.665865 0.652645 0.636059 0.616381 0.593913 0.568970 0.541873 0.512933 0.482447 0.450689 0.417911 0.384339 0.350173 0.315588 0.280736 0.245746 0.210729 0.175777 0.140968 
0.142623 0.177524 0.212573 0.247694 0.282794 0.317763 0.352471 0.386765 0.420471 0.453387 0.485287 0.515917 0.545000 0.572238 0.597316 0.619912 0.639706 0.656393 0.669695 0.679378 0.685262 0.687236 0.685262 0.679378 0.669695 0.656393 0.639706 0.619912 0.597316 0.572238 0.545000 0.515917 0.485287 0.453387 0.420471 0.386765 0.352471 0.317763 0.282794 0.247694 0.212573 0.177524 0.142623 
0.142831 0.177743 0.212804 0.247938 0.283052 0.318036 0.352758 0.387069 0.420791 0.453725 0.485642 0.516291 0.545392 0.572648 0.597743 0.620355 0.640164 0.656863 0.670175 0.679866 0.685755 0.687731 0.685755 0.679866 0.670175 0.656863 0.640164 0.620355 0.597743 0.572648 0.545392 0.516291 0.485642 0.453725 0.420791 0.387069 0.352758 0.318036 0.283052 0.247938 0.212804 0.177743 0.142831 
0.142614 0.177514 0.212563 0.247684 0.282783 0.317751 0.352458 0.386752 0.420457 0.453372 0.485271 0.515901 0.544983 0.572220 0.597298 0.619893 0.639687 0.656373 0.669674 0.679356 0.685241 0.687215 0.685241 0.679356 0.669674 0.656373 0.639687 0.619893 0.597298 0.572220 0.544983 0.515901 0.485271 0.453372 0.420457 0.386752 0.352458 0.317751 0.282783 0.247684 0.212563 0.177514 0.142614 
0.140942 0.175749 0.210699 0.245714 0.280703 0.315553 0.350136 0.384300 0.417870 0.450645 0.482401 0.512885 0.541823 0.568918 0.593858 0.616324 0.636001 0.652585 0.665803 0.675423 0.681269 0.683231 0.681269 0.675423 0.665803 0.652585 0.636001 0.616324 0.593858 0.568918 0.541823 0.512885 0.482401 0.450645 0.417870 0.384300 0.350136 0.315553 0.280703 0.245714 0.210699 0.175749 0.140942 
0.137626 0.172250 0.207006 0.241814 0.276583 0.311202 0.345541 0.379450 0.412754 0.445255 0.476730 0.506930 0.535584 0.562400 0.587071 0.609286 0.628734 0.645119 0.658174 0.667674 0.673445 0.675382 0.673445 0.667674 0.658174 0.645119 0.628734 0.609286 0.587071 0.562400 0.535584 0.506930 0.476730 0.445255 0.412754 0.379450 0.345541 0.311202 0.276583 0.241814 0.207006 0.172250 0.137626 
0.132694 0.167048 0.201516 0.236019 0.270465 0.304743 0.338724 0.372257 0.405172 0.437271 0.468335 0.498119 0.526358 0.552767 0.577048 0.598896 0.618011 0.634108 0.646927 0.656251 0.661915 0.663815 0.661915 0.656251 0.646927 0.634108 0.618011 0.598896 0.577048 0.552767 0.526358 0.498119 0.468335 0.437271 0.405172 0.372257 0.338724 0.304743 0.270465 0.236019 0.201516 0.167048 0.132694 
0.126180 0.160181 0.194274 0.228379 0.262405 0.296239 0.329754 0.362802 0.395212 0.426791 0.457324 0.486573 0.514279 0.540165 0.563944 0.585323 0.604013 0.619741 0.632259 0.641361 0.646887 0.648741 0.646887 0.641361 0.632259 0.619741 0.604013 0.585323 0.563944 0.540165 0.514279 0.486573 0.457324 0.426791 0.395212 0.362802 0.329754 0.296239 0.262405 0.228379 0.194274 0.160181 0.126180 
0.118134 0.151704 0.185340 0.218961 0.252476 0.285772 0.318724 0.351185 0.382986 0.413940 0.443836 0.472444 0.499511 0.524774 0.547956 0.568778 0.586963 0.602254 0.614416 0.623253 0.628618 0.630416 0.628618 0.623253 0.614416 0.602254 0.586963 0.568778 0.547956 0.524774 0.499511 0.472444 0.443836 0.413940 0.382986 0.351185 0.318724 0.285772 0.252476 0.218961 0.185340 0.151704 0.118134 
0.108612 0.141680 0.174783 0.207843 0.240765 0.273440 0.305742 0.337526 0.368628 0.398865 0.428032 0.455907 0.482249 0.506804 0.529309 0.549499 0.567116 0.581914 0.593675 0.602217 0.607399 0.609136 0.607399 0.602217 0.593675 0.581914 0.567116 0.549499 0.529309 0.506804 0.482249 0.455907 0.428032 0.398865 0.368628 0.337526 0.305742 0.273440 0.240765 0.207843 0.174783 0.141680 0.108612 
0.097679 0.130180 0.162686 0.195114 0.227372 0.259352 0.290928 0.321959 0.352285 0.381728 0.410090 0.437158 0.462702 0.486481 0.508247 0.527750 0.544747 0.559011 0.570338 0.578559 0.583545 0.585216 0.583545 0.578559 0.570338 0.559011 0.544747 0.527750 0.508247 0.486481 0.462702 0.437158 0.410090 0.381728 0.352285 0.321959 0.290928 0.259352 0.227372 0.195114 0.162686 0.130180 0.097679 
0.085406 0.117285 0.149134 0.180871 0.212404 0.243626 0.274413 0.304628 0.334115 0.362701 0.390198 0.416402 0.441094 0.464046 0.485026 0.503801 0.520144 0.533844 0.544714 0.552597 0.557376 0.558977 0.557376 0.552597 0.544714 0.533844 0.520144 0.503801 0.485026 0.464046 0.441094 0.416402 0.390198 0.362701 0.334115 0.304628 0.274413 0.243626 0.212404 0.180871 0.149134 0.117285 0.085406 
0.071873 0.103080 0.134222 0.165218 0.195975 0.226387 0.256335 0.285683 0.314282 0.341965 0.368552 0.393849 0.417650 0.439741 0.459905 0.477924 0.493590 0.506709 0.517108 0.524644 0.529210 0.530740 0.529210 0.524644 0.517108 0.506709 0.493590 0.477924 0.459905 0.439741 0.417650 0.393849 0.368552 0.341965 0.314282 0.285683 0.256335 0.226387 0.195975 0.165218 0.134222 0.103080 0.071873 
0.057158 0.087654 0.118048 0.148261 0.178201 0.207764 0.236834 0.265278 0.292953 0.319699 0.345346 0.369709 0.392595 0.413804 0.433134 0.450385 0.465364 0.477894 0.487817 0.495003 0.499355 0.500812 0.499355 0.495003 0.487817 0.477894 0.465364 0.450385 0.433134 0.413804 0.392595 0.369709 0.345346 0.319699 0.292953 0.265278 0.236834 0.207764 0.178201 0.148261 0.118048 0.087654 0.057158 
0.041347 0.071098 0.100712 0.130110 0.159202 0.187887 0.216049 0.243563 0.270291 0.296081 0.320769 0.344184 0.366145 0.386465 0.404957 0.421437 0.435729 0.447671 0.457120 0.463958 0.468097 0.469483 0.468097 0.463958 0.457120 0.447671 0.435729 0.421437 0.404957 0.386465 0.366145 0.344184 0.320769 0.296081 0.270291 0.243563 0.216049 0.187887 0.159202 0.130110 0.100712 0.071098 0.041347 
0.024523 0.053504 0.082313 0.110873 0.139096 0.166881 0.194119 0.220689 0.246458 0.271281 0.295006 0.317470 0.338506 0.357940 0.375600 0.391316 0.404930 0.416292 0.425275 0.431771 0.435701 0.437016 0.435701 0.431771 0.425275 0.416292 0.404930 0.391316 0.375600 0.357940 0.338506 0.317470 0.295006 0.271281 0.246458 0.220689 0.194119 0.166881 0.139096 0.110873 0.082313 0.053504 0.024523 
0.006772 0.034963 0.062951 0.090658 0.117997 0.144873 0.171179 0.196798 0.221605 0.245464 0.268229 0.289750 0.309870 0.328431 0.345272 0.360241 0.373191 0.383988 0.392516 0.398679 0.402406 0.403653 0.402406 0.398679 0.392516 0.383988 0.373191 0.360241 0.345272 0.328431 0.309870 0.289750 0.268229 0.245464 0.221605 0.196798 0.171179 0.144873 0.117997 0.090658 0.062951 0.034963 0.006772 
-0.011825 0.015566 0.042722 0.069567 0.096018 0.121981 0.147354 0.172027 0.195878 0.218781 0.240599 0.261193 0.280415 0.298122 0.314166 0.328407 0.340713 0.350963 0.359052 0.364894 0.368425 0.369607 0.368425 0.364894 0.359052 0.350963 0.340713 0.328407 0.314166 0.298122 0.280415 0.261193 0.240599 0.218781 0.195878 0.172027 0.147354 0.121981 0.096018 0.069567 0.042722 0.015566 -0.011825 
-0.031185 -0.004601 0.021719 0.047701 0.073265 0.098319 0.122767 0.146502 0.169412 0.191375 0.212266 0.231953 0.250302 0.267179 0.282451 0.295990 0.307676 0.317400 0.325068 0.330603 0.333947 0.335065 0.333947 0.330603 0.325068 0.317400 0.307676 0.295990 0.282451 0.267179 0.250302 0.231953 0.212266 0.191375 0.169412 0.146502 0.122767 0.098319 0.073265 0.047701 0.021719 -0.004601 -0.031185 
-0.051230 -0.025454 0.000032 0.025156 0.049838 0.073994 0.097529 0.120343 0.142330 0.163375 0.183363 0.202170 0.219674 0.235751 0.250281 0.263146 0.274238 0.283460 0.290726 0.295967 0.299133 0.300192 0.299133 0.295967 0.290726 0.283460 0.274238 0.263146 0.250281 0.235751 0.219674 0.202170 0.183363 0.163375 0.142330 0.120343 0.097529 0.073994 0.049838 0.025156 0.000032 -0.025454 -0.051230 
-0.071885 -0.046912 -0.022254 0.002019 0.025833 0.049105 0.071745 0.093659 0.114745 0.134900 0.154013 0.171971 0.188661 0.203971 0.217789 0.230010 0.240537 0.249281 0.256165 0.261128 0.264125 0.265127 0.264125 0.261128 0.256165 0.249281 0.240537 0.230010 0.217789 0.203971 0.188661 0.171971 0.154013 0.134900 0.114745 0.093659 0.071745 0.049105 0.025833 0.002019 -0.022254 -0.046912 -0.071885 
-0.093078 -0.068902 -0.045061 -0.021624 0.001337 0.023743 0.045510 0.066548 0.086762 0.106055 0.124324 0.141466 0.157377 0.171952 0.185092 0.196701 0.206691 0.214981 0.221505 0.226205 0.229042 0.229990 0.229042 0.226205 0.221505 0.214981 0.206691 0.196701 0.185092 0.171952 0.157377 0.141466 0.124324 0.106055 0.086762 0.066548 0.045510 0.023743 0.001337 -0.021624 -0.045061 -0.068902 -0.093078 
-0.114744 -0.091351 -0.068314 -0.045697 -0.023569 -0.002006 0.018912 0.039101 0.058472 0.076935 0.094394 0.110755 0.125920 0.139796 0.152292 0.163320 0.172801 0.180664 0.186846 0.191298 0.193984 0.194882 0.193984 0.191298 0.186846 0.180664 0.172801 0.163320 0.152292 0.139796 0.125920 0.110755 0.094394 0.076935 0.058472 0.039101 0.018912 -0.002006 -0.023569 -0.045697 -0.068314 -0.091351 -0.114744 
-0.136817 -0.114195 -0.091944 -0.070127 -0.048812 -0.028068 -0.007971 0.011398 0.029959 0.047624 0.064308 0.079922 0.094378 0.107590 0.119474 0.129953 0.138954 0.146413 0.152274 0.156493 0.159038 0.159888 0.159038 0.156493 0.152274 0.146413 0.138954 0.129953 0.119474 0.107590 0.094378 0.079922 0.064308 0.047624 0.029959 0.011398 -0.007971 -0.028068 -0.048812 -0.070127 -0.091944 -0.114195 -0.136817 
