55 55
1.270574e+00 0 5
0.143270 0.162671 0.181880 0.200864 0.219591 0.238025 0.256128 0.273859 0.291176 0.308035 0.324388 0.340187 0.355384 0.369926 0.383763 0.396842 0.409111 0.420519 0.431017 0.440556 0.449091 0.456581 0.462988 0.468277 0.472421 0.475398 0.477190 0.477789 0.477190 0.475398 0.472421 0.468277 0.462988 0.456581 0.449091 0.440556 0.431017 0.420519 0.409111 0.396842 0.383763 0.369926 0.355384 0.340187 0.324388 0.308035 0.291176 0.273859 0.256128 0.238025 0.219591 0.200864 0.181880 0.162671 0.143270 
0.162300 0.182262 0.202044 0.221615 0.240939 0.259980 0.278698 0.297051 0.314993 0.332479 0.349459 0.365882 0.381694 0.396842 0.411268 0.424918 0.437736 0.449665 0.460651 0.470642 0.479588 0.487444 0.494167 0.499721 0.504074 0.507201 0.509085 0.509714 0.509085 0.507201 0.504074 0.499721 0.494167 0.487444 0.479588 0.470642 0.460651 0.449665 0.437736 0.424918 0.411268 0.396842 0.381694 0.365882 0.349459 0.332479 0.314993 0.297051 0.278698 0.259980 0.240939 0.221615 0.202044 0.182262 0.162300 
0.181116 0.201650 0.222020 0.242192 0.262130 0.281795 0.301148 0.320144 0.338735 0.356873 0.374506 0.391579 0.408035 0.423816 0.438862 0.453114 0.466509 0.478988 0.490491 0.500961 0.510344 0.518589 0.525650 0.531485 0.536061 0.539350 0.541331 0.541993 0.541331 0.539350 0.536061 0.531485 0.525650 0.518589 0.510344 0.500961 0.490491 0.478988 0.466509 0.453114 0.438862 0.423816 0.408035 0.391579 0.374506 0.356873 0.338735 0.320144 0.301148 0.281795 0.262130 0.242192 0.222020 0.201650 0.181116 
0.199686 0.220805 0.241774 0.262560 0.283127 0.303436 0.323442 0.343101 0.362364 0.381178 0.399489 0.417239 0.434367 0.450812 0.466509 0.481393 0.495397 0.508457 0.520507 0.531485 0.541331 0.549990 0.557409 0.563545 0.568359 0.571820 0.573905 0.574602 0.573905 0.571820 0.568359 0.563545 0.557409 0.549990 0.541331 0.531485 0.520507 0.508457 0.495397 0.481393 0.466509 0.450812 0.434367 0.417239 0.399489 0.381178 0.362364 0.343101 0.323442 0.303436 0.283127 0.262560 0.241774 0.220805 0.199686 
0.217977 0.239689 0.261269 0.282683 0.303894 0.324861 0.345539 0.365882 0.385838 0.405352 0.424367 0.442821 0.460651 0.477789 0.494167 0.509714 0.524360 0.538032 0.550661 0.562176 0.572514 0.581612 0.589414 0.595870 0.600937 0.604581 0.606778 0.607512 0.606778 0.604581 0.600937 0.595870 0.589414 0.581612 0.572514 0.562176 0.550661 0.538032 0.524360 0.509714 0.494167 0.477789 0.460651 0.442821 0.424367 0.405352 0.385838 0.365882 0.345539 0.324861 0.303894 0.282683 0.261269 0.239689 0.217977 
0.235952 0.258265 0.280466 0.302520 0.324388 0.346028 0.367396 0.388441 0.409111 0.429348 0.449091 0.468277 0.486836 0.504698 0.521789 0.538032 0.553351 0.567669 0.580907 0.592992 0.603851 0.613415 0.621623 0.628420 0.633757 0.637598 0.639913 0.640687 0.639913 0.637598 0.633757 0.628420 0.621623 0.613415 0.603851 0.592992 0.580907 0.567669 0.553351 0.538032 0.521789 0.504698 0.486836 0.468277 0.449091 0.429348 0.409111 0.388441 0.367396 0.346028 0.324388 0.302520 0.280466 0.258265 0.235952 
0.253572 0.276494 0.299324 0.322027 0.344563 0.366891 0.388963 0.410728 0.432132 0.453114 0.473610 0.493553 0.512870 0.531485 0.549319 0.566291 0.582317 0.597313 0.611195 0.623881 0.635291 0.645350 0.653990 0.661149 0.666774 0.670823 0.673265 0.674081 0.673265 0.670823 0.666774 0.661149 0.653990 0.645350 0.635291 0.623881 0.611195 0.597313 0.582317 0.566291 0.549319 0.531485 0.512870 0.493553 0.473610 0.453114 0.432132 0.410728 0.388963 0.366891 0.344563 0.322027 0.299324 0.276494 0.253572 
0.270798 0.294333 0.317798 0.341157 0.364372 0.387398 0.410189 0.432690 0.454845 0.476592 0.497864 0.518589 0.538691 0.558088 0.576697 0.594429 0.611195 0.626903 0.641462 0.654781 0.666774 0.677357 0.686454 0.693998 0.699929 0.704200 0.706777 0.707639 0.706777 0.704200 0.699929 0.693998 0.686454 0.677357 0.666774 0.654781 0.641462 0.626903 0.611195 0.594429 0.576697 0.558088 0.538691 0.518589 0.497864 0.476592 0.454845 0.432690 0.410189 0.387398 0.364372 0.341157 0.317798 0.294333 0.270798 
0.287587 0.311737 0.335841 0.359862 0.383763 0.407497 0.431017 0.454268 0.477190 0.499721 0.521789 0.543319 0.564230 0.584438 0.603851 0.622375 0.639913 0.656367 0.671636 0.685622 0.698229 0.709365 0.718947 0.726899 0.733154 0.737662 0.740382 0.741292 0.740382 0.737662 0.733154 0.726899 0.718947 0.709365 0.698229 0.685622 0.671636 0.656367 0.639913 0.622375 0.603851 0.584438 0.564230 0.543319 0.521789 0.499721 0.477190 0.454268 0.431017 0.407497 0.383763 0.359862 0.335841 0.311737 0.287587 
0.303894 0.328659 0.353403 0.378090 0.402681 0.427129 0.451387 0.475398 0.499101 0.522431 0.545313 0.567669 0.589414 0.610457 0.630702 0.650048 0.668390 0.685622 0.701634 0.716319 0.729572 0.741292 0.751385 0.759768 0.766368 0.771126 0.773998 0.774959 0.773998 0.771126 0.766368 0.759768 0.751385 0.741292 0.729572 0.716319 0.701634 0.685622 0.668390 0.650048 0.630702 0.610457 0.589414 0.567669 0.545313 0.522431 0.499101 0.475398 0.451387 0.427129 0.402681 0.378090 0.353403 0.328659 0.303894 
0.319674 0.345051 0.370433 0.395786 0.421067 0.446234 0.471234 0.496013 0.520507 0.544647 0.568359 0.591558 0.614157 0.636059 0.657161 0.677357 0.696533 0.714573 0.731361 0.746777 0.760707 0.773039 0.783671 0.792509 0.799472 0.804495 0.807528 0.808542 0.807528 0.804495 0.799472 0.792509 0.783671 0.773039 0.760707 0.746777 0.731361 0.714573 0.696533 0.677357 0.657161 0.636059 0.614157 0.591558 0.568359 0.544647 0.520507 0.496013 0.471234 0.446234 0.421067 0.395786 0.370433 0.345051 0.319674 
0.334878 0.360862 0.386878 0.412891 0.438862 0.464746 0.490491 0.516041 0.541331 0.566291 0.590843 0.614900 0.638369 0.661149 0.683131 0.704200 0.724237 0.743115 0.760707 0.776884 0.791521 0.804495 0.815691 0.825007 0.832352 0.837654 0.840857 0.841928 0.840857 0.837654 0.832352 0.825007 0.815691 0.804495 0.791521 0.776884 0.760707 0.743115 0.724237 0.704200 0.683131 0.661149 0.638369 0.614900 0.590843 0.566291 0.541331 0.516041 0.490491 0.464746 0.438862 0.412891 0.386878 0.360862 0.334878 
0.349459 0.376040 0.402681 0.429348 0.456002 0.482598 0.509085 0.535405 0.561493 0.587276 0.612674 0.637598 0.661949 0.685622 0.708501 0.730466 0.751385 0.771126 0.789549 0.806515 0.821886 0.835528 0.847314 0.857129 0.864875 0.870468 0.873849 0.874981 0.873849 0.870468 0.864875 0.857129 0.847314 0.835528 0.821886 0.806515 0.789549 0.771126 0.751385 0.730466 0.708501 0.685622 0.661949 0.637598 0.612674 0.587276 0.561493 0.535405 0.509085 0.482598 0.456002 0.429348 0.402681 0.376040 0.349459 
0.363367 0.390531 0.417785 0.445094 0.472421 0.499721 0.526942 0.554026 0.580907 0.607512 0.633757 0.659551 0.684790 0.709365 0.733154 0.756028 0.777849 0.798473 0.817749 0.835528 0.851657 0.865989 0.878387 0.888722 0.896885 0.902783 0.906350 0.907544 0.906350 0.902783 0.896885 0.888722 0.878387 0.865989 0.851657 0.835528 0.817749 0.798473 0.777849 0.756028 0.733154 0.709365 0.684790 0.659551 0.633757 0.607512 0.580907 0.554026 0.526942 0.499721 0.472421 0.445094 0.417785 0.390531 0.363367 
0.376552 0.404282 0.432132 0.460068 0.488052 0.516041 0.543983 0.571820 0.599485 0.626903 0.653990 0.680650 0.706777 0.732257 0.756961 0.780753 0.803487 0.825007 0.845154 0.863762 0.880669 0.895712 0.908740 0.919612 0.928206 0.934420 0.938180 0.939439 0.938180 0.934420 0.928206 0.919612 0.908740 0.895712 0.880669 0.863762 0.845154 0.825007 0.803487 0.780753 0.756961 0.732257 0.706777 0.680650 0.653990 0.626903 0.599485 0.571820 0.543983 0.516041 0.488052 0.460068 0.432132 0.404282 0.376552 
0.388963 0.417239 0.445664 0.474205 0.502827 0.531485 0.560129 0.588701 0.617133 0.645350 0.673265 0.700781 0.727788 0.754167 0.779784 0.804495 0.828144 0.850568 0.871593 0.891043 0.908740 0.924508 0.938180 0.949602 0.958638 0.965177 0.969135 0.970460 0.969135 0.965177 0.958638 0.949602 0.938180 0.924508 0.908740 0.891043 0.871593 0.850568 0.828144 0.804495 0.779784 0.754167 0.727788 0.700781 0.673265 0.645350 0.617133 0.588701 0.560129 0.531485 0.502827 0.474205 0.445664 0.417239 0.388963 
0.400551 0.429348 0.458322 0.487444 0.516677 0.545979 0.575299 0.604581 0.633757 0.662751 0.691473 0.719826 0.747696 0.774959 0.801476 0.827097 0.851657 0.874981 0.896885 0.917179 0.935671 0.952170 0.966494 0.978473 0.987959 0.994828 0.998988 1.000381 0.998988 0.994828 0.987959 0.978473 0.966494 0.952170 0.935671 0.917179 0.896885 0.874981 0.851657 0.827097 0.801476 0.774959 0.747696 0.719826 0.691473 0.662751 0.633757 0.604581 0.575299 0.545979 0.516677 0.487444 0.458322 0.429348 0.400551 
0.411268 0.440556 0.470050 0.499721 0.529534 0.559448 0.589414 0.619374 0.649262 0.679001 0.708501 0.737662 0.766368 0.794491 0.821886 0.848396 0.873849 0.898060 0.920832 0.941963 0.961245 0.978473 0.993448 1.005985 1.015922 1.023123 1.027485 1.028947 1.027485 1.023123 1.015922 1.005985 0.993448 0.978473 0.961245 0.941963 0.920832 0.898060 0.873849 0.848396 0.821886 0.794491 0.766368 0.737662 0.708501 0.679001 0.649262 0.619374 0.589414 0.559448 0.529534 0.499721 0.470050 0.440556 0.411268 
0.421067 0.450812 0.480791 0.510975 0.541331 0.571820 0.602392 0.632992 0.663553 0.693998 0.724237 0.754167 0.783671 0.812617 0.840857 0.868225 0.894541 0.919612 0.943230 0.965177 0.985233 1.003176 1.018792 1.031880 1.042263 1.049792 1.054355 1.055884 1.054355 1.049792 1.042263 1.031880 1.018792 1.003176 0.985233 0.965177 0.943230 0.919612 0.894541 0.868225 0.840857 0.812617 0.783671 0.754167 0.724237 0.693998 0.663553 0.632992 0.602392 0.571820 0.541331 0.510975 0.480791 0.450812 0.421067 
0.429904 0.460068 0.490491 0.521147 0.552005 0.583023 0.614157 0.645350 0.676536 0.707639 0.738567 0.769218 0.799472 0.829194 0.858230 0.886410 0.913548 0.939439 0.963864 0.986595 1.007395 1.026028 1.042263 1.055884 1.066700 1.074548 1.079307 1.080902 1.079307 1.074548 1.066700 1.055884 1.042263 1.026028 1.007395 0.986595 0.963864 0.939439 0.913548 0.886410 0.858230 0.829194 0.799472 0.769218 0.738567 0.707639 0.676536 0.645350 0.614157 0.583023 0.552005 0.521147 0.490491 0.460068 0.429904 
0.437736 0.468277 0.499101 0.530184 0.561493 0.592992 0.624635 0.656367 0.688123 0.719826 0.751385 0.782697 0.813640 0.844076 0.873849 0.902783 0.930684 0.957339 0.982520 1.005985 1.027485 1.046769 1.063589 1.077716 1.088942 1.097093 1.102038 1.103696 1.102038 1.097093 1.088942 1.077716 1.063589 1.046769 1.027485 1.005985 0.982520 0.957339 0.930684 0.902783 0.873849 0.844076 0.813640 0.782697 0.751385 0.719826 0.688123 0.656367 0.624635 0.592992 0.561493 0.530184 0.499101 0.468277 0.437736 
0.444525 0.475398 0.506575 0.538032 0.569741 0.601664 0.633757 0.665967 0.698229 0.730466 0.762588 0.794491 0.826051 0.857129 0.887565 0.917179 0.945771 0.973119 0.998988 1.023123 1.045263 1.065143 1.082501 1.097093 1.108697 1.117128 1.122245 1.123961 1.122245 1.117128 1.108697 1.097093 1.082501 1.065143 1.045263 1.023123 0.998988 0.973119 0.945771 0.917179 0.887565 0.857129 0.826051 0.794491 0.762588 0.730466 0.698229 0.665967 0.633757 0.601664 0.569741 0.538032 0.506575 0.475398 0.444525 
0.450238 0.481393 0.512870 0.544647 0.576697 0.608983 0.641462 0.674081 0.706777 0.739474 0.772082 0.804495 0.836590 0.868225 0.899237 0.929444 0.958638 0.986595 1.013066 1.037791 1.060495 1.080902 1.098737 1.113741 1.125682 1.134362 1.139632 1.141399 1.139632 1.134362 1.125682 1.113741 1.098737 1.080902 1.060495 1.037791 1.013066 0.986595 0.958638 0.929444 0.899237 0.868225 0.836590 0.804495 0.772082 0.739474 0.706777 0.674081 0.641462 0.608983 0.576697 0.544647 0.512870 0.481393 0.450238 
0.454845 0.486229 0.517951 0.549990 0.582317 0.614900 0.647695 0.680650 0.713702 0.746777 0.779784 0.812617 0.845154 0.877249 0.908740 0.939439 0.969135 0.997598 1.024573 1.049792 1.072970 1.093819 1.112055 1.127408 1.139632 1.148522 1.153922 1.155733 1.153922 1.148522 1.139632 1.127408 1.112055 1.093819 1.072970 1.049792 1.024573 0.997598 0.969135 0.939439 0.908740 0.877249 0.845154 0.812617 0.779784 0.746777 0.713702 0.680650 0.647695 0.614900 0.582317 0.549990 0.517951 0.486229 0.454845 
0.458322 0.489881 0.521789 0.554026 0.586566 0.619374 0.652410 0.685622 0.718947 0.752311 0.785624 0.818781 0.851657 0.884107 0.915966 0.947045 0.977130 1.005985 1.033352 1.058954 1.082501 1.103696 1.122245 1.137870 1.150316 1.159371 1.164872 1.166718 1.164872 1.159371 1.150316 1.137870 1.122245 1.103696 1.082501 1.058954 1.033352 1.005985 0.977130 0.947045 0.915966 0.884107 0.851657 0.818781 0.785624 0.752311 0.718947 0.685622 0.652410 0.619374 0.586566 0.554026 0.521789 0.489881 0.458322 
0.460651 0.492326 0.524360 0.556731 0.589414 0.622375 0.655574 0.688959 0.722468 0.756028 0.789549 0.822925 0.856031 0.888722 0.920832 0.952170 0.982520 1.011643 1.039278 1.065143 1.088942 1.110374 1.129138 1.144950 1.157549 1.166718 1.172289 1.174157 1.172289 1.166718 1.157549 1.144950 1.129138 1.110374 1.088942 1.065143 1.039278 1.011643 0.982520 0.952170 0.920832 0.888722 0.856031 0.822925 0.789549 0.756028 0.722468 0.688959 0.655574 0.622375 0.589414 0.556731 0.524360 0.492326 0.460651 
0.461818 0.493553 0.525650 0.558088 0.590843 0.623881 0.657161 0.690634 0.724237 0.757895 0.791521 0.825007 0.858230 0.891043 0.923280 0.954749 0.985233 1.014492 1.042263 1.068261 1.092189 1.113741 1.132615 1.148522 1.161199 1.170426 1.176032 1.177913 1.176032 1.170426 1.161199 1.148522 1.132615 1.113741 1.092189 1.068261 1.042263 1.014492 0.985233 0.954749 0.923280 0.891043 0.858230 0.825007 0.791521 0.757895 0.724237 0.690634 0.657161 0.623881 0.590843 0.558088 0.525650 0.493553 0.461818 
0.461964 0.493706 0.525811 0.558258 0.591022 0.624069 0.657360 0.690844 0.724458 0.758129 0.791768 0.825268 0.858505 0.891334 0.923587 0.955072 0.985573 1.014850 1.042637 1.068652 1.092596 1.114164 1.133051 1.148970 1.161657 1.170891 1.176502 1.178384 1.176502 1.170891 1.161657 1.148970 1.133051 1.114164 1.092596 1.068652 1.042637 1.014850 0.985573 0.955072 0.923587 0.891334 0.858505 0.825268 0.791768 0.758129 0.724458 0.690844 0.657360 0.624069 0.591022 0.558258 0.525811 0.493706 0.461964 
0.461812 0.493546 0.525643 0.558081 0.590835 0.623873 0.657153 0.690625 0.724227 0.757885 0.791510 0.824996 0.858218 0.891031 0.923267 0.954735 0.985219 1.014477 1.042247 1.068244 1.092171 1.113723 1.132596 1.148503 1.161179 1.170405 1.176012 1.177893 1.176012 1.170405 1.161179 1.148503 1.132596 1.113723 1.092171 1.068244 1.042247 1.014477 0.985219 0.954735 0.923267 0.891031 0.858218 0.824996 0.791510 0.757885 0.724227 0.690625 0.657153 0.623873 0.590835 0.558081 0.525643 0.493546 0.461812 
0.460632 0.492307 0.524339 0.556709 0.589391 0.622351 0.655548 0.688932 0.722440 0.755998 0.789517 0.822891 0.855995 0.888685 0.920793 0.952128 0.982476 1.011597 1.039230 1.065092 1.088890 1.110320 1.129082 1.144892 1.157490 1.166658 1.172228 1.174097 1.172228 1.166658 1.157490 1.144892 1.129082 1.110320 1.088890 1.065092 1.039230 1.011597 0.982476 0.952128 0.920793 0.888685 0.855995 0.822891 0.789517 0.755998 0.722440 0.688932 0.655548 0.622351 0.589391 0.556709 0.524339 0.492307 0.460632 
0.458291 0.489848 0.521754 0.553990 0.586527 0.619334 0.652368 0.685577 0.718900 0.752261 0.785572 0.818725 0.851598 0.884045 0.915901 0.946976 0.977058 1.005909 1.033273 1.058872 1.082415 1.103607 1.122153 1.137775 1.150220 1.159273 1.164773 1.166618 1.164773 1.159273 1.150220 1.137775 1.122153 1.103607 1.082415 1.058872 1.033273 1.005909 0.977058 0.946976 0.915901 0.884045 0.851598 0.818725 0.785572 0.752261 0.718900 0.685577 0.652368 0.619334 0.586527 0.553990 0.521754 0.489848 0.458291 
0.454802 0.486183 0.517903 0.549939 0.582264 0.614844 0.647636 0.680587 0.713637 0.746708 0.779711 0.812540 0.845072 0.877164 0.908650 0.939344 0.969035 0.997493 1.024464 1.049678 1.072851 1.093696 1.111928 1.127277 1.139499 1.148387 1.153785 1.155596 1.153785 1.148387 1.139499 1.127277 1.111928 1.093696 1.072851 1.049678 1.024464 0.997493 0.969035 0.939344 0.908650 0.877164 0.845072 0.812540 0.779711 0.746708 0.713637 0.680587 0.647636 0.614844 0.582264 0.549939 0.517903 0.486183 0.454802 
0.450183 0.481334 0.512809 0.544583 0.576629 0.608912 0.641387 0.674002 0.706694 0.739386 0.771989 0.804397 0.836487 0.868116 0.899123 0.929324 0.958513 0.986463 1.012928 1.037647 1.060346 1.080747 1.098578 1.113578 1.125515 1.134192 1.139461 1.141228 1.139461 1.134192 1.125515 1.113578 1.098578 1.080747 1.060346 1.037647 1.012928 0.986463 0.958513 0.929324 0.899123 0.868116 0.836487 0.804397 0.771989 0.739386 0.706694 0.674002 0.641387 0.608912 0.576629 0.544583 0.512809 0.481334 0.450183 
0.444458 0.475327 0.506501 0.537954 0.569659 0.601578 0.633667 0.665872 0.698128 0.730360 0.762477 0.794373 0.825927 0.856999 0.887429 0.917036 0.945620 0.972962 0.998823 1.022951 1.045085 1.064959 1.082312 1.096899 1.108499 1.116927 1.122043 1.123758 1.122043 1.116927 1.108499 1.096899 1.082312 1.064959 1.045085 1.022951 0.998823 0.972962 0.945620 0.917036 0.887429 0.856999 0.825927 0.794373 0.762477 0.730360 0.698128 0.665872 0.633667 0.601578 0.569659 0.537954 0.506501 0.475327 0.444458 
0.437657 0.468194 0.499015 0.530093 0.561398 0.592892 0.624530 0.656256 0.688006 0.719703 0.751256 0.782561 0.813497 0.843926 0.873691 0.902618 0.930511 0.957158 0.982331 1.005788 1.027281 1.046558 1.063373 1.077494 1.088716 1.096864 1.101807 1.103464 1.101807 1.096864 1.088716 1.077494 1.063373 1.046558 1.027281 1.005788 0.982331 0.957158 0.930511 0.902618 0.873691 0.843926 0.813497 0.782561 0.751256 0.719703 0.688006 0.656256 0.624530 0.592892 0.561398 0.530093 0.499015 0.468194 0.437657 
0.429814 0.459974 0.490393 0.521044 0.551896 0.582909 0.614037 0.645224 0.676404 0.707500 0.738421 0.769065 0.799311 0.829024 0.858052 0.886224 0.913353 0.939235 0.963652 0.986375 1.007167 1.025793 1.042021 1.055638 1.066448 1.074293 1.079050 1.080644 1.079050 1.074293 1.066448 1.055638 1.042021 1.025793 1.007167 0.986375 0.963652 0.939235 0.913353 0.886224 0.858052 0.829024 0.799311 0.769065 0.738421 0.707500 0.676404 0.645224 0.614037 0.582909 0.551896 0.521044 0.490393 0.459974 0.429814 
0.420967 0.450707 0.480681 0.510859 0.541210 0.571693 0.602259 0.632852 0.663406 0.693844 0.724075 0.753997 0.783493 0.812430 0.840661 0.868020 0.894328 0.919389 0.942998 0.964937 0.984985 1.002920 1.018529 1.031611 1.041989 1.049515 1.054076 1.055605 1.054076 1.049515 1.041989 1.031611 1.018529 1.002920 0.984985 0.964937 0.942998 0.919389 0.894328 0.868020 0.840661 0.812430 0.783493 0.753997 0.724075 0.693844 0.663406 0.632852 0.602259 0.571693 0.541210 0.510859 0.480681 0.450707 0.420967 
0.411158 0.440441 0.469929 0.499594 0.529401 0.559309 0.589268 0.619221 0.649102 0.678833 0.708325 0.737477 0.766174 0.794288 0.821674 0.848175 0.873619 0.897820 0.920583 0.941705 0.960979 0.978198 0.993166 1.005698 1.015630 1.022827 1.027187 1.028648 1.027187 1.022827 1.015630 1.005698 0.993166 0.978198 0.960979 0.941705 0.920583 0.897820 0.873619 0.848175 0.821674 0.794288 0.766174 0.737477 0.708325 0.678833 0.649102 0.619221 0.589268 0.559309 0.529401 0.499594 0.469929 0.440441 0.411158 
0.400431 0.429222 0.458191 0.487307 0.516533 0.545828 0.575142 0.604416 0.633584 0.662569 0.691284 0.719627 0.747488 0.774742 0.801250 0.826860 0.851411 0.874725 0.896620 0.916905 0.935388 0.951880 0.966196 0.978170 0.987651 0.994516 0.998673 1.000066 0.998673 0.994516 0.987651 0.978170 0.966196 0.951880 0.935388 0.916905 0.896620 0.874725 0.851411 0.826860 0.801250 0.774742 0.747488 0.719627 0.691284 0.662569 0.633584 0.604416 0.575142 0.545828 0.516533 0.487307 0.458191 0.429222 0.400431 
0.388834 0.417104 0.445523 0.474058 0.502673 0.531324 0.559960 0.588524 0.616949 0.645157 0.673063 0.700570 0.727568 0.753937 0.779544 0.804245 0.827885 0.850299 0.871315 0.890756 0.908444 0.924204 0.937869 0.949285 0.958317 0.964852 0.968808 0.970132 0.968808 0.964852 0.958317 0.949285 0.937869 0.924204 0.908444 0.890756 0.871315 0.850299 0.827885 0.804245 0.779544 0.753937 0.727568 0.700570 0.673063 0.645157 0.616949 0.588524 0.559960 0.531324 0.502673 0.474058 0.445523 0.417104 0.388834 
0.376414 0.404138 0.431982 0.459911 0.487889 0.515870 0.543804 0.571633 0.599290 0.626700 0.653777 0.680428 0.706546 0.732016 0.756710 0.780493 0.803216 0.824727 0.844864 0.863463 0.880361 0.895397 0.908418 0.919285 0.927874 0.934085 0.937842 0.939100 0.937842 0.934085 0.927874 0.919285 0.908418 0.895397 0.880361 0.863463 0.844864 0.824727 0.803216 0.780493 0.756710 0.732016 0.706546 0.680428 0.653777 0.626700 0.599290 0.571633 0.543804 0.515870 0.487889 0.459911 0.431982 0.404138 0.376414 
0.363222 0.390379 0.417626 0.444929 0.472249 0.499541 0.526754 0.553830 0.580703 0.607299 0.633535 0.659319 0.684549 0.709114 0.732894 0.755758 0.777569 0.798183 0.817450 0.835220 0.851340 0.865666 0.878057 0.888386 0.896544 0.902439 0.906004 0.907197 0.906004 0.902439 0.896544 0.888386 0.878057 0.865666 0.851340 0.835220 0.817450 0.798183 0.777569 0.755758 0.732894 0.709114 0.684549 0.659319 0.633535 0.607299 0.580703 0.553830 0.526754 0.499541 0.472249 0.444929 0.417626 0.390379 0.363222 
0.349306 0.375880 0.402514 0.429175 0.455822 0.482410 0.508889 0.535201 0.561280 0.587055 0.612444 0.637358 0.661699 0.685362 0.708232 0.730187 0.751097 0.770828 0.789242 0.806200 0.821563 0.835197 0.846976 0.856787 0.864528 0.870118 0.873497 0.874628 0.873497 0.870118 0.864528 0.856787 0.846976 0.835197 0.821563 0.806200 0.789242 0.770828 0.751097 0.730187 0.708232 0.685362 0.661699 0.637358 0.612444 0.587055 0.561280 0.535201 0.508889 0.482410 0.455822 0.429175 0.402514 0.375880 0.349306 
0.334718 0.360695 0.386704 0.412711 0.438674 0.464550 0.490288 0.515829 0.541111 0.566062 0.590604 0.614652 0.638112 0.660882 0.682855 0.703915 0.723942 0.742811 0.760394 0.776563 0.791192 0.804159 0.815349 0.824660 0.832001 0.837299 0.840500 0.841571 0.840500 0.837299 0.832001 0.824660 0.815349 0.804159 0.791192 0.776563 0.760394 0.742811 0.723942 0.703915 0.682855 0.660882 0.638112 0.614652 0.590604 0.566062 0.541111 0.515829 0.490288 0.464550 0.438674 0.412711 0.386704 0.360695 0.334718 
0.319507 0.344878 0.370253 0.395598 0.420873 0.446031 0.471024 0.495794 0.520280 0.544412 0.568114 0.591304 0.613894 0.635786 0.656879 0.677066 0.696233 0.714264 0.731043 0.746451 0.760374 0.772699 0.783326 0.792158 0.799117 0.804137 0.807169 0.808182 0.807169 0.804137 0.799117 0.792158 0.783326 0.772699 0.760374 0.746451 0.731043 0.714264 0.696233 0.677066 0.656879 0.635786 0.613894 0.591304 0.568114 0.544412 0.520280 0.495794 0.471024 0.446031 0.420873 0.395598 0.370253 0.344878 0.319507 
0.303722 0.328480 0.353217 0.377897 0.402480 0.426921 0.451171 0.475173 0.498868 0.522189 0.545062 0.567409 0.589145 0.610179 0.630415 0.649752 0.668086 0.685309 0.701313 0.715990 0.729236 0.740949 0.751037 0.759415 0.766011 0.770767 0.773637 0.774597 0.773637 0.770767 0.766011 0.759415 0.751037 0.740949 0.729236 0.715990 0.701313 0.685309 0.668086 0.649752 0.630415 0.610179 0.589145 0.567409 0.545062 0.522189 0.498868 0.475173 0.451171 0.426921 0.402480 0.377897 0.353217 0.328480 0.303722 
0.287409 0.311552 0.335649 0.359664 0.383557 0.407284 0.430795 0.454038 0.476952 0.499474 0.521534 0.543055 0.563958 0.584156 0.603560 0.622076 0.639606 0.656051 0.671312 0.685291 0.697891 0.709021 0.718598 0.726545 0.732797 0.737302 0.740021 0.740930 0.740021 0.737302 0.732797 0.726545 0.718598 0.709021 0.697891 0.685291 0.671312 0.656051 0.639606 0.622076 0.603560 0.584156 0.563958 0.543055 0.521534 0.499474 0.476952 0.454038 0.430795 0.407284 0.383557 0.359664 0.335649 0.311552 0.287409 
0.270615 0.294143 0.317601 0.340954 0.364161 0.387180 0.409963 0.432456 0.454603 0.476342 0.497605 0.518322 0.538414 0.557803 0.576404 0.594128 0.610886 0.626586 0.641137 0.654449 0.666435 0.677013 0.686105 0.693644 0.699572 0.703841 0.706417 0.707278 0.706417 0.703841 0.699572 0.693644 0.686105 0.677013 0.666435 0.654449 0.641137 0.626586 0.610886 0.594128 0.576404 0.557803 0.538414 0.518322 0.497605 0.476342 0.454603 0.432456 0.409963 0.387180 0.364161 0.340954 0.317601 0.294143 0.270615 
0.253385 0.276300 0.299123 0.321819 0.344348 0.366668 0.388733 0.410490 0.431886 0.452860 0.473348 0.493282 0.512591 0.531198 0.549024 0.565988 0.582006 0.596995 0.610870 0.623549 0.634953 0.645006 0.653641 0.660796 0.666418 0.670465 0.672906 0.673721 0.672906 0.670465 0.666418 0.660796 0.653641 0.645006 0.634953 0.623549 0.610870 0.596995 0.582006 0.565988 0.549024 0.531198 0.512591 0.493282 0.473348 0.452860 0.431886 0.410490 0.388733 0.366668 0.344348 0.321819 0.299123 0.276300 0.253385 
0.235760 0.258067 0.280262 0.302308 0.324169 0.345802 0.367162 0.388200 0.408862 0.429091 0.448827 0.468004 0.486556 0.504409 0.521492 0.537728 0.553040 0.567350 0.580582 0.592661 0.603513 0.613073 0.621276 0.628069 0.633404 0.637242 0.639556 0.640329 0.639556 0.637242 0.633404 0.628069 0.621276 0.613073 0.603513 0.592661 0.580582 0.567350 0.553040 0.537728 0.521492 0.504409 0.486556 0.468004 0.448827 0.429091 0.408862 0.388200 0.367162 0.345802 0.324169 0.302308 0.280262 0.258067 0.235760 
0.217782 0.239487 0.261061 0.282468 0.303672 0.324632 0.345303 0.365638 0.385587 0.405093 0.424100 0.442547 0.460369 0.477499 0.493870 0.509410 0.524048 0.537714 0.550336 0.561846 0.572178 0.581271 0.589069 0.595521 0.600585 0.604228 0.606424 0.607157 0.606424 0.604228 0.600585 0.595521 0.589069 0.581271 0.572178 0.561846 0.550336 0.537714 0.524048 0.509410 0.493870 0.477499 0.460369 0.442547 0.424100 0.405093 0.385587 0.365638 0.345303 0.324632 0.303672 0.282468 0.261061 0.239487 0.217782 
0.199488 0.220600 0.241563 0.262343 0.282903 0.303204 0.323204 0.342855 0.362111 0.380918 0.399221 0.416964 0.434085 0.450522 0.466212 0.481088 0.495086 0.508139 0.520184 0.531156 0.540997 0.549651 0.557067 0.563199 0.568010 0.571469 0.573554 0.574250 0.573554 0.571469 0.568010 0.563199 0.557067 0.549651 0.540997 0.531156 0.520184 0.508139 0.495086 0.481088 0.466212 0.450522 0.434085 0.416964 0.399221 0.380918 0.362111 0.342855 0.323204 0.303204 0.282903 0.262343 0.241563 0.220600 0.199488 
0.180915 0.201443 0.221806 0.241972 0.261903 0.281562 0.300908 0.319896 0.338481 0.356612 0.374237 0.391302 0.407751 0.423526 0.438565 0.452810 0.466199 0.478672 0.490170 0.500634 0.510013 0.518253 0.525310 0.531142 0.535715 0.539002 0.540983 0.541644 0.540983 0.539002 0.535715 0.531142 0.525310 0.518253 0.510013 0.500634 0.490170 0.478672 0.466199 0.452810 0.438565 0.423526 0.407751 0.391302 0.374237 0.356612 0.338481 0.319896 0.300908 0.281562 0.261903 0.241972 0.221806 0.201443 0.180915 
0.162097 0.182052 0.201828 0.221392 0.240710 0.259745 0.278456 0.296802 0.314738 0.332217 0.349190 0.365606 0.381411 0.396552 0.410972 0.424616 0.437427 0.449350 0.460331 0.470317 0.479259 0.487111 0.493830 0.499381 0.503732 0.506858 0.508741 0.509369 0.508741 0.506858 0.503732 0.499381 0.493830 0.487111 0.479259 0.470317 0.460331 0.449350 0.437427 0.424616 0.410972 0.396552 0.381411 0.365606 0.349190 0.332217 0.314738 0.296802 0.278456 0.259745 0.240710 0.221392 0.201828 0.182052 0.162097 
0.143065 0.162460 0.181662 0.200640 0.219361 0.237789 0.255885 0.273609 0.290920 0.307772 0.324118 0.339911 0.355101 0.369637 0.383468 0.396541 0.408804 0.420207 0.430700 0.440234 0.448765 0.456251 0.462654 0.467941 0.472083 0.475058 0.476850 0.477448 0.476850 0.475058 0.472083 0.467941 0.462654 0.456251 0.448765 0.440234 0.430700 0.420207 0.408804 0.396541 0.383468 0.369637 0.355101 0.339911 0.324118 0.307772 0.290920 0.273609 0.255885 0.237789 0.219361 0.200640 0.181662 0.162460 0.143065 
