67 67
2.412961e+00 0 5
-0.473589 -0.461224 -0.448904 -0.436643 -0.424453 -0.412348 -0.400344 -0.388457 -0.376704 -0.365106 -0.353681 -0.342451 -0.331440 -0.320670 -0.310167 -0.299957 -0.290067 -0.280525 -0.271360 -0.262601 -0.254279 -0.246422 -0.239060 -0.232223 -0.225939 -0.220233 -0.215133 -0.210661 -0.206839 -0.203685 -0.201215 -0.199442 -0.198374 -0.198018 -0.198374 -0.199442 -0.201215 -0.203685 -0.206839 -0.210661 -0.215133 -0.220233 -0.225939 -0.232223 -0.239060 -0.246422 -0.254279 -0.262601 -0.271360 -0.280525 -0.290067 -0.299957 -0.310167 -0.320670 -0.331440 -0.342451 -0.353681 -0.365106 -0.376704 -0.388457 -0.400344 -0.412348 -0.424453 -0.436643 -0.448904 -0.461224 -0.473589 
-0.461417 -0.448706 -0.436031 -0.423404 -0.410838 -0.398348 -0.385948 -0.373657 -0.361492 -0.349473 -0.337621 -0.325957 -0.314507 -0.303295 -0.292348 -0.281693 -0.271360 -0.261379 -0.251781 -0.242597 -0.233861 -0.225605 -0.217861 -0.210661 -0.204037 -0.198018 -0.192633 -0.187908 -0.183867 -0.180530 -0.177916 -0.176039 -0.174908 -0.174531 -0.174908 -0.176039 -0.177916 -0.180530 -0.183867 -0.187908 -0.192633 -0.198018 -0.204037 -0.210661 -0.217861 -0.225605 -0.233861 -0.242597 -0.251781 -0.261379 -0.271360 -0.281693 -0.292348 -0.303295 -0.314507 -0.325957 -0.337621 -0.349473 -0.361492 -0.373657 -0.385948 -0.398348 -0.410838 -0.423404 -0.436031 -0.448706 -0.461417 
-0.449301 -0.436235 -0.423194 -0.410189 -0.397235 -0.384345 -0.371535 -0.358823 -0.346227 -0.333768 -0.321467 -0.309348 -0.297435 -0.285756 -0.274338 -0.263211 -0.252407 -0.241957 -0.231895 -0.222256 -0.213075 -0.204388 -0.196231 -0.188638 -0.181645 -0.175285 -0.169590 -0.164589 -0.160308 -0.156772 -0.154000 -0.152009 -0.150809 -0.150408 -0.150809 -0.152009 -0.154000 -0.156772 -0.160308 -0.164589 -0.169590 -0.175285 -0.181645 -0.188638 -0.196231 -0.204388 -0.213075 -0.222256 -0.231895 -0.241957 -0.252407 -0.263211 -0.274338 -0.285756 -0.297435 -0.309348 -0.321467 -0.333768 -0.346227 -0.358823 -0.371535 -0.384345 -0.397235 -0.410189 -0.423194 -0.436235 -0.449301 
-0.437254 -0.423824 -0.410406 -0.397012 -0.383656 -0.370352 -0.357116 -0.343966 -0.330921 -0.318001 -0.305230 -0.292632 -0.280232 -0.268059 -0.256143 -0.244514 -0.233207 -0.222256 -0.211697 -0.201569 -0.191909 -0.182758 -0.174153 -0.166134 -0.158740 -0.152009 -0.145975 -0.140671 -0.136129 -0.132373 -0.129428 -0.127311 -0.126036 -0.125610 -0.126036 -0.127311 -0.129428 -0.132373 -0.136129 -0.140671 -0.145975 -0.152009 -0.158740 -0.166134 -0.174153 -0.182758 -0.191909 -0.201569 -0.211697 -0.222256 -0.233207 -0.244514 -0.256143 -0.268059 -0.280232 -0.292632 -0.305230 -0.318001 -0.330921 -0.343966 -0.357116 -0.370352 -0.383656 -0.397012 -0.410406 -0.423824 -0.437254 
-0.425290 -0.411486 -0.397680 -0.383885 -0.370115 -0.356382 -0.342704 -0.329099 -0.315585 -0.302185 -0.288921 -0.275819 -0.262906 -0.250212 -0.237767 -0.225605 -0.213762 -0.202276 -0.191185 -0.180530 -0.170354 -0.160699 -0.151609 -0.143128 -0.135297 -0.128159 -0.121754 -0.116120 -0.111289 -0.107293 -0.104157 -0.101901 -0.100542 -0.100088 -0.100542 -0.101901 -0.104157 -0.107293 -0.111289 -0.116120 -0.121754 -0.128159 -0.135297 -0.143128 -0.151609 -0.160699 -0.170354 -0.180530 -0.191185 -0.202276 -0.213762 -0.225605 -0.237767 -0.250212 -0.262906 -0.275819 -0.288921 -0.302185 -0.315585 -0.329099 -0.342704 -0.356382 -0.370115 -0.383885 -0.397680 -0.411486 -0.425290 
-0.413423 -0.399236 -0.385033 -0.370825 -0.356627 -0.342451 -0.328316 -0.314237 -0.300236 -0.286333 -0.272554 -0.258923 -0.245469 -0.232223 -0.219218 -0.206490 -0.194076 -0.182016 -0.170354 -0.159133 -0.148399 -0.138200 -0.128583 -0.119597 -0.111289 -0.103707 -0.096895 -0.090895 -0.085747 -0.081485 -0.078138 -0.075730 -0.074278 -0.073793 -0.074278 -0.075730 -0.078138 -0.081485 -0.085747 -0.090895 -0.096895 -0.103707 -0.111289 -0.119597 -0.128583 -0.138200 -0.148399 -0.159133 -0.170354 -0.182016 -0.194076 -0.206490 -0.219218 -0.232223 -0.245469 -0.258923 -0.272554 -0.286333 -0.300236 -0.314237 -0.328316 -0.342451 -0.356627 -0.370825 -0.385033 -0.399236 -0.413423 
-0.401669 -0.387090 -0.372479 -0.357848 -0.343209 -0.328577 -0.313967 -0.299398 -0.284889 -0.270462 -0.256143 -0.241957 -0.227933 -0.214105 -0.200507 -0.187176 -0.174153 -0.161480 -0.149204 -0.137373 -0.126036 -0.115246 -0.105055 -0.095518 -0.086688 -0.078618 -0.071358 -0.064956 -0.059458 -0.054901 -0.051320 -0.048742 -0.047187 -0.046667 -0.047187 -0.048742 -0.051320 -0.054901 -0.059458 -0.064956 -0.071358 -0.078618 -0.086688 -0.095518 -0.105055 -0.115246 -0.126036 -0.137373 -0.149204 -0.161480 -0.174153 -0.187176 -0.200507 -0.214105 -0.227933 -0.241957 -0.256143 -0.270462 -0.284889 -0.299398 -0.313967 -0.328577 -0.343209 -0.357848 -0.372479 -0.387090 -0.401669 
-0.390045 -0.375066 -0.360038 -0.344972 -0.329881 -0.314777 -0.299677 -0.284599 -0.269563 -0.254590 -0.239706 -0.224937 -0.210315 -0.195872 -0.181645 -0.167674 -0.154000 -0.140671 -0.127736 -0.115246 -0.103256 -0.091824 -0.081009 -0.070869 -0.061466 -0.052858 -0.045104 -0.038257 -0.032369 -0.027485 -0.023643 -0.020876 -0.019206 -0.018648 -0.019206 -0.020876 -0.023643 -0.027485 -0.032369 -0.038257 -0.045104 -0.052858 -0.061466 -0.070869 -0.081009 -0.091824 -0.103256 -0.115246 -0.127736 -0.140671 -0.154000 -0.167674 -0.181645 -0.195872 -0.210315 -0.224937 -0.239706 -0.254590 -0.269563 -0.284599 -0.299677 -0.314777 -0.329881 -0.344972 -0.360038 -0.375066 -0.390045 
-0.378569 -0.363182 -0.347728 -0.332217 -0.316661 -0.301072 -0.285467 -0.269863 -0.254279 -0.238737 -0.223264 -0.207885 -0.192633 -0.177541 -0.162649 -0.147996 -0.133629 -0.119597 -0.105952 -0.092751 -0.080054 -0.067924 -0.056426 -0.045626 -0.035592 -0.026391 -0.018089 -0.010748 -0.004427 0.000823 0.004956 0.007935 0.009734 0.010335 0.009734 0.007935 0.004956 0.000823 -0.004427 -0.010748 -0.018089 -0.026391 -0.035592 -0.045626 -0.056426 -0.067924 -0.080054 -0.092751 -0.105952 -0.119597 -0.133629 -0.147996 -0.162649 -0.177541 -0.192633 -0.207885 -0.223264 -0.238737 -0.254279 -0.269863 -0.285467 -0.301072 -0.316661 -0.332217 -0.347728 -0.363182 -0.378569 
-0.367259 -0.351458 -0.335570 -0.319604 -0.303572 -0.287486 -0.271360 -0.255212 -0.239060 -0.222928 -0.206839 -0.190822 -0.174908 -0.159133 -0.143536 -0.128159 -0.113052 -0.098266 -0.083859 -0.069890 -0.056426 -0.043535 -0.031289 -0.019764 -0.009034 0.000823 0.009734 0.017625 0.024431 0.030090 0.034550 0.037768 0.039711 0.040361 0.039711 0.037768 0.034550 0.030090 0.024431 0.017625 0.009734 0.000823 -0.009034 -0.019764 -0.031289 -0.043535 -0.056426 -0.069890 -0.083859 -0.098266 -0.113052 -0.128159 -0.143536 -0.159133 -0.174908 -0.190822 -0.206839 -0.222928 -0.239060 -0.255212 -0.271360 -0.287486 -0.303572 -0.319604 -0.335570 -0.351458 -0.367259 
-0.356137 -0.339916 -0.323586 -0.307157 -0.290638 -0.274041 -0.257381 -0.240672 -0.223934 -0.207188 -0.190459 -0.173774 -0.157167 -0.140671 -0.124329 -0.108184 -0.092288 -0.076695 -0.061466 -0.046667 -0.032369 -0.018648 -0.005584 0.006741 0.018239 0.028826 0.038414 0.046922 0.054272 0.060392 0.065220 0.068707 0.070815 0.071520 0.070815 0.068707 0.065220 0.060392 0.054272 0.046922 0.038414 0.028826 0.018239 0.006741 -0.005584 -0.018648 -0.032369 -0.046667 -0.061466 -0.076695 -0.092288 -0.108184 -0.124329 -0.140671 -0.157167 -0.173774 -0.190459 -0.207188 -0.223934 -0.240672 -0.257381 -0.274041 -0.290638 -0.307157 -0.323586 -0.339916 -0.356137 
-0.345224 -0.328577 -0.311800 -0.294899 -0.277885 -0.260766 -0.243557 -0.226272 -0.208928 -0.191547 -0.174153 -0.156772 -0.139437 -0.122185 -0.105055 -0.088096 -0.071358 -0.054901 -0.038788 -0.023091 -0.007887 0.006741 0.020704 0.033910 0.046261 0.057660 0.068007 0.077208 0.085170 0.091811 0.097058 0.100850 0.103144 0.103912 0.103144 0.100850 0.097058 0.091811 0.085170 0.077208 0.068007 0.057660 0.046261 0.033910 0.020704 0.006741 -0.007887 -0.023091 -0.038788 -0.054901 -0.071358 -0.088096 -0.105055 -0.122185 -0.139437 -0.156772 -0.174153 -0.191547 -0.208928 -0.226272 -0.243557 -0.260766 -0.277885 -0.294899 -0.311800 -0.328577 -0.345224 
-0.334541 -0.317466 -0.300236 -0.282858 -0.265339 -0.247689 -0.229919 -0.212042 -0.194076 -0.176039 -0.157954 -0.139849 -0.121754 -0.103707 -0.085747 -0.067924 -0.050291 -0.032908 -0.015845 0.000823 0.017013 0.032632 0.047585 0.061765 0.075065 0.087371 0.098570 0.108551 0.117208 0.124441 0.130165 0.134307 0.136814 0.137654 0.136814 0.134307 0.130165 0.124441 0.117208 0.108551 0.098570 0.087371 0.075065 0.061765 0.047585 0.032632 0.017013 0.000823 -0.015845 -0.032908 -0.050291 -0.067924 -0.085747 -0.103707 -0.121754 -0.139849 -0.157954 -0.176039 -0.194076 -0.212042 -0.229919 -0.247689 -0.265339 -0.282858 -0.300236 -0.317466 -0.334541 
-0.324114 -0.306607 -0.288921 -0.271061 -0.253032 -0.234841 -0.216499 -0.198018 -0.179412 -0.160699 -0.141901 -0.123044 -0.104157 -0.085276 -0.066443 -0.047706 -0.029120 -0.010748 0.007337 0.025056 0.042318 0.059023 0.075065 0.090325 0.104681 0.118005 0.130165 0.141031 0.150477 0.158387 0.164658 0.169202 0.171955 0.172877 0.171955 0.169202 0.164658 0.158387 0.150477 0.141031 0.130165 0.118005 0.104681 0.090325 0.075065 0.059023 0.042318 0.025056 0.007337 -0.010748 -0.029120 -0.047706 -0.066443 -0.085276 -0.104157 -0.123044 -0.141901 -0.160699 -0.179412 -0.198018 -0.216499 -0.234841 -0.253032 -0.271061 -0.288921 -0.306607 -0.324114 
-0.313967 -0.296028 -0.277885 -0.259538 -0.240993 -0.222256 -0.203333 -0.184236 -0.164976 -0.145569 -0.126036 -0.106399 -0.086688 -0.066937 -0.047187 -0.027485 -0.007887 0.011541 0.030724 0.049579 0.068007 0.085902 0.103144 0.119604 0.135141 0.149609 0.162855 0.174729 0.185080 0.193768 0.200670 0.205679 0.208718 0.209736 0.208718 0.205679 0.200670 0.193768 0.185080 0.174729 0.162855 0.149609 0.135141 0.119604 0.103144 0.085902 0.068007 0.049579 0.030724 0.011541 -0.007887 -0.027485 -0.047187 -0.066937 -0.086688 -0.106399 -0.126036 -0.145569 -0.164976 -0.184236 -0.203333 -0.222256 -0.240993 -0.259538 -0.277885 -0.296028 -0.313967 
-0.304126 -0.285756 -0.267154 -0.248321 -0.229258 -0.209969 -0.190459 -0.170735 -0.150809 -0.130693 -0.110404 -0.089964 -0.069399 -0.048742 -0.028031 -0.007313 0.013356 0.033910 0.054272 0.074353 0.094051 0.113248 0.131816 0.149609 0.166469 0.182228 0.196710 0.209736 0.221128 0.230717 0.238353 0.243905 0.247277 0.248408 0.247277 0.243905 0.238353 0.230717 0.221128 0.209736 0.196710 0.182228 0.166469 0.149609 0.131816 0.113248 0.094051 0.074353 0.054272 0.033910 0.013356 -0.007313 -0.028031 -0.048742 -0.069399 -0.089964 -0.110404 -0.130693 -0.150809 -0.170735 -0.190459 -0.209969 -0.229258 -0.248321 -0.267154 -0.285756 -0.304126 
-0.294616 -0.275819 -0.256762 -0.237443 -0.217861 -0.198018 -0.177916 -0.157561 -0.136958 -0.116120 -0.095058 -0.073793 -0.052346 -0.030748 -0.009034 0.012750 0.034550 0.056301 0.077925 0.099329 0.120406 0.141031 0.161062 0.180339 0.198685 0.215906 0.231799 0.246150 0.258747 0.269386 0.277881 0.284072 0.287838 0.289102 0.287838 0.284072 0.277881 0.269386 0.258747 0.246150 0.231799 0.215906 0.198685 0.180339 0.161062 0.141031 0.120406 0.099329 0.077925 0.056301 0.034550 0.012750 -0.009034 -0.030748 -0.052346 -0.073793 -0.095058 -0.116120 -0.136958 -0.157561 -0.177916 -0.198018 -0.217861 -0.237443 -0.256762 -0.275819 -0.294616 
-0.285467 -0.266248 -0.246739 -0.226937 -0.206839 -0.186443 -0.165748 -0.144757 -0.123472 -0.101901 -0.080054 -0.057944 -0.035592 -0.013022 0.009734 0.032632 0.055623 0.078643 0.101613 0.124441 0.147014 0.169202 0.190849 0.211781 0.231799 0.250681 0.268189 0.284072 0.298075 0.309948 0.319458 0.326408 0.330643 0.332066 0.330643 0.326408 0.319458 0.309948 0.298075 0.284072 0.268189 0.250681 0.231799 0.211781 0.190849 0.169202 0.147014 0.124441 0.101613 0.078643 0.055623 0.032632 0.009734 -0.013022 -0.035592 -0.057944 -0.080054 -0.101901 -0.123472 -0.144757 -0.165748 -0.186443 -0.206839 -0.226937 -0.246739 -0.266248 -0.285467 
-0.276706 -0.257071 -0.237118 -0.216840 -0.196231 -0.175285 -0.154000 -0.132373 -0.110404 -0.088096 -0.065453 -0.042485 -0.019206 0.004363 0.028195 0.052253 0.076492 0.100850 0.125253 0.149609 0.173802 0.197696 0.221128 0.243905 0.265805 0.286579 0.305947 0.323612 0.339265 0.352597 0.363320 0.371179 0.375979 0.377594 0.375979 0.371179 0.363320 0.352597 0.339265 0.323612 0.305947 0.286579 0.265805 0.243905 0.221128 0.197696 0.173802 0.149609 0.125253 0.100850 0.076492 0.052253 0.028195 0.004363 -0.019206 -0.042485 -0.065453 -0.088096 -0.110404 -0.132373 -0.154000 -0.175285 -0.196231 -0.216840 -0.237118 -0.257071 -0.276706 
-0.268360 -0.248321 -0.227933 -0.207188 -0.186076 -0.164589 -0.142719 -0.120461 -0.097810 -0.074763 -0.051320 -0.027485 -0.003266 0.021323 0.046261 0.071520 0.097058 0.122822 0.148742 0.174729 0.200670 0.226425 0.251822 0.276656 0.300680 0.323612 0.345129 0.364878 0.382481 0.397558 0.409741 0.418705 0.424195 0.426043 0.424195 0.418705 0.409741 0.397558 0.382481 0.364878 0.345129 0.323612 0.300680 0.276656 0.251822 0.226425 0.200670 0.174729 0.148742 0.122822 0.097058 0.071520 0.046261 0.021323 -0.003266 -0.027485 -0.051320 -0.074763 -0.097810 -0.120461 -0.142719 -0.164589 -0.186076 -0.207188 -0.227933 -0.248321 -0.268360 
-0.260460 -0.240028 -0.219218 -0.198018 -0.176415 -0.154397 -0.131954 -0.109074 -0.085747 -0.061967 -0.037726 -0.013022 0.012145 0.037768 0.063835 0.090325 0.117208 0.144438 0.171955 0.199676 0.227493 0.255268 0.282826 0.309948 0.336368 0.361768 0.385777 0.407974 0.427902 0.445082 0.459046 0.469369 0.475712 0.477852 0.475712 0.469369 0.459046 0.445082 0.427902 0.407974 0.385777 0.361768 0.336368 0.309948 0.282826 0.255268 0.227493 0.199676 0.171955 0.144438 0.117208 0.090325 0.063835 0.037768 0.012145 -0.013022 -0.037726 -0.061967 -0.085747 -0.109074 -0.131954 -0.154397 -0.176415 -0.198018 -0.219218 -0.240028 -0.260460 
-0.253032 -0.232223 -0.211007 -0.189367 -0.167289 -0.144757 -0.121754 -0.098266 -0.074278 -0.049775 -0.024745 0.000823 0.026936 0.053598 0.080806 0.108551 0.136814 0.165562 0.194746 0.224297 0.254116 0.284072 0.313993 0.343654 0.372772 0.400996 0.427902 0.452994 0.475712 0.495456 0.511619 0.523638 0.531053 0.533561 0.531053 0.523638 0.511619 0.495456 0.475712 0.452994 0.427902 0.400996 0.372772 0.343654 0.313993 0.284072 0.254116 0.224297 0.194746 0.165562 0.136814 0.108551 0.080806 0.053598 0.026936 0.000823 -0.024745 -0.049775 -0.074278 -0.098266 -0.121754 -0.144757 -0.167289 -0.189367 -0.211007 -0.232223 -0.253032 
-0.246105 -0.224937 -0.203333 -0.181274 -0.158740 -0.135713 -0.112172 -0.088096 -0.063464 -0.038257 -0.012454 0.013963 0.041012 0.068707 0.097058 0.126068 0.155732 0.186035 0.216945 0.248408 0.280345 0.312640 0.345129 0.377594 0.409741 0.441192 0.471471 0.499998 0.526092 0.548995 0.567912 0.582085 0.590875 0.593856 0.590875 0.582085 0.567912 0.548995 0.526092 0.499998 0.471471 0.441192 0.409741 0.377594 0.345129 0.312640 0.280345 0.248408 0.216945 0.186035 0.155732 0.126068 0.097058 0.068707 0.041012 0.013963 -0.012454 -0.038257 -0.063464 -0.088096 -0.112172 -0.135713 -0.158740 -0.181274 -0.203333 -0.224937 -0.246105 
-0.239706 -0.218201 -0.196231 -0.173774 -0.150809 -0.127311 -0.103256 -0.078618 -0.053370 -0.027485 -0.000935 0.026308 0.054272 0.082982 0.112462 0.142731 0.173802 0.205679 0.238353 0.271793 0.305947 0.340722 0.375979 0.411516 0.447043 0.482171 0.516377 0.548995 0.579203 0.606042 0.628463 0.645422 0.656015 0.659620 0.656015 0.645422 0.628463 0.606042 0.579203 0.548995 0.516377 0.482171 0.447043 0.411516 0.375979 0.340722 0.305947 0.271793 0.238353 0.205679 0.173802 0.142731 0.112462 0.082982 0.054272 0.026308 -0.000935 -0.027485 -0.053370 -0.078618 -0.103256 -0.127311 -0.150809 -0.173774 -0.196231 -0.218201 -0.239706 
-0.233861 -0.212042 -0.189732 -0.166905 -0.143536 -0.119597 -0.095058 -0.069890 -0.044058 -0.017529 0.009734 0.037768 0.066611 0.096304 0.126883 0.158387 0.190849 0.224297 0.258747 0.294203 0.330643 0.368015 0.406217 0.445082 0.484350 0.523638 0.562401 0.599895 0.635146 0.666946 0.693898 0.714545 0.727562 0.732015 0.727562 0.714545 0.693898 0.666946 0.635146 0.599895 0.562401 0.523638 0.484350 0.445082 0.406217 0.368015 0.330643 0.294203 0.258747 0.224297 0.190849 0.158387 0.126883 0.096304 0.066611 0.037768 0.009734 -0.017529 -0.044058 -0.069890 -0.095058 -0.119597 -0.143536 -0.166905 -0.189732 -0.212042 -0.233861 
-0.228596 -0.206490 -0.183867 -0.160699 -0.136958 -0.112612 -0.087627 -0.061967 -0.035592 -0.008461 0.019470 0.048248 0.077925 0.108551 0.140184 0.172877 0.206689 0.241674 0.277881 0.315352 0.354109 0.394152 0.435435 0.477852 0.521201 0.565146 0.609157 0.652447 0.693898 0.732015 0.764938 0.790589 0.806973 0.812617 0.806973 0.790589 0.764938 0.732015 0.693898 0.652447 0.609157 0.565146 0.521201 0.477852 0.435435 0.394152 0.354109 0.315352 0.277881 0.241674 0.206689 0.172877 0.140184 0.108551 0.077925 0.048248 0.019470 -0.008461 -0.035592 -0.061967 -0.087627 -0.112612 -0.136958 -0.160699 -0.183867 -0.206490 -0.228596 
-0.223934 -0.201569 -0.178665 -0.155191 -0.131114 -0.106399 -0.081009 -0.054901 -0.028031 -0.000350 0.028195 0.057660 0.088107 0.119604 0.152221 0.186035 0.221128 0.257584 0.295489 0.334928 0.375979 0.418705 0.463139 0.509263 0.556977 0.606042 0.656015 0.706135 0.755200 0.801423 0.842356 0.875001 0.896242 0.903635 0.896242 0.875001 0.842356 0.801423 0.755200 0.706135 0.656015 0.606042 0.556977 0.509263 0.463139 0.418705 0.375979 0.334928 0.295489 0.257584 0.221128 0.186035 0.152221 0.119604 0.088107 0.057660 0.028195 -0.000350 -0.028031 -0.054901 -0.081009 -0.106399 -0.131114 -0.155191 -0.178665 -0.201569 -0.223934 
-0.219895 -0.197304 -0.174153 -0.150408 -0.126036 -0.100996 -0.075247 -0.048742 -0.021431 0.006741 0.035834 0.065915 0.097058 0.129342 0.162855 0.197696 0.233970 0.271793 0.311291 0.352597 0.395851 0.441192 0.488750 0.538630 0.590875 0.645422 0.702007 0.760034 0.818358 0.875001 0.926858 0.969599 0.998186 1.008296 0.998186 0.969599 0.926858 0.875001 0.818358 0.760034 0.702007 0.645422 0.590875 0.538630 0.488750 0.441192 0.395851 0.352597 0.311291 0.271793 0.233970 0.197696 0.162855 0.129342 0.097058 0.065915 0.035834 0.006741 -0.021431 -0.048742 -0.075247 -0.100996 -0.126036 -0.150408 -0.174153 -0.197304 -0.219895 
-0.216499 -0.193716 -0.170354 -0.146380 -0.121754 -0.096436 -0.070380 -0.043535 -0.015845 0.012750 0.042318 0.072934 0.104681 0.137654 0.171955 0.207702 0.245026 0.284072 0.325007 0.368015 0.413299 0.461087 0.511619 0.565146 0.621906 0.682086 0.745735 0.812617 0.881932 0.951833 1.018728 1.076551 1.116919 1.131575 1.116919 1.076551 1.018728 0.951833 0.881932 0.812617 0.745735 0.682086 0.621906 0.565146 0.511619 0.461087 0.413299 0.368015 0.325007 0.284072 0.245026 0.207702 0.171955 0.137654 0.104681 0.072934 0.042318 0.012750 -0.015845 -0.043535 -0.070380 -0.096436 -0.121754 -0.146380 -0.170354 -0.193716 -0.216499 
-0.213762 -0.190822 -0.167289 -0.143128 -0.118296 -0.092751 -0.066443 -0.039318 -0.011318 0.017625 0.047585 0.078643 0.110893 0.144438 0.179398 0.215906 0.254116 0.294203 0.336368 0.380845 0.427902 0.477852 0.531053 0.587920 0.648916 0.714545 0.785300 0.861557 0.943297 1.029503 1.116919 1.197926 1.258594 1.281682 1.258594 1.197926 1.116919 1.029503 0.943297 0.861557 0.785300 0.714545 0.648916 0.587920 0.531053 0.477852 0.427902 0.380845 0.336368 0.294203 0.254116 0.215906 0.179398 0.144438 0.110893 0.078643 0.047585 0.017625 -0.011318 -0.039318 -0.066443 -0.092751 -0.118296 -0.143128 -0.167289 -0.190822 -0.213762 
-0.211697 -0.188638 -0.164976 -0.140671 -0.115683 -0.089964 -0.063464 -0.036126 -0.007887 0.021323 0.051583 0.082982 0.115619 0.149609 0.185080 0.222181 0.261085 0.301990 0.345129 0.390778 0.439262 0.490971 0.546375 0.606042 0.670668 0.741099 0.818358 0.903635 0.998186 1.102898 1.216899 1.333601 1.432181 1.473410 1.432181 1.333601 1.216899 1.102898 0.998186 0.903635 0.818358 0.741099 0.670668 0.606042 0.546375 0.490971 0.439262 0.390778 0.345129 0.301990 0.261085 0.222181 0.185080 0.149609 0.115619 0.082982 0.051583 0.021323 -0.007887 -0.036126 -0.063464 -0.089964 -0.115683 -0.140671 -0.164976 -0.188638 -0.211697 
-0.210315 -0.187176 -0.163426 -0.139025 -0.113931 -0.088096 -0.061466 -0.033984 -0.005584 0.023808 0.054272 0.085902 0.118803 0.153095 0.188916 0.226425 0.265805 0.307276 0.351091 0.397558 0.447043 0.499998 0.556977 0.618675 0.685978 0.760034 0.842356 0.934975 1.040644 1.163046 1.306579 1.473410 1.646243 1.735824 1.646243 1.473410 1.306579 1.163046 1.040644 0.934975 0.842356 0.760034 0.685978 0.618675 0.556977 0.499998 0.447043 0.397558 0.351091 0.307276 0.265805 0.226425 0.188916 0.153095 0.118803 0.085902 0.054272 0.023808 -0.005584 -0.033984 -0.061466 -0.088096 -0.113931 -0.139025 -0.163426 -0.187176 -0.210315 
-0.209622 -0.186443 -0.162649 -0.138200 -0.113052 -0.087158 -0.060463 -0.032908 -0.004427 0.025056 0.055623 0.087371 0.120406 0.154851 0.190849 0.228565 0.268189 0.309948 0.354109 0.400996 0.450999 0.504600 0.562401 0.625169 0.693898 0.769915 0.855033 0.951833 1.064138 1.197926 1.363153 1.577232 1.864661 2.103958 1.864661 1.577232 1.363153 1.197926 1.064138 0.951833 0.855033 0.769915 0.693898 0.625169 0.562401 0.504600 0.450999 0.400996 0.354109 0.309948 0.268189 0.228565 0.190849 0.154851 0.120406 0.087371 0.055623 0.025056 -0.004427 -0.032908 -0.060463 -0.087158 -0.113052 -0.138200 -0.162649 -0.186443 -0.209622 
-0.209536 -0.186351 -0.162551 -0.138096 -0.112942 -0.087041 -0.060338 -0.032773 -0.004282 0.025212 0.055793 0.087555 0.120606 0.155071 0.191092 0.228833 0.268488 0.310283 0.354488 0.401428 0.451497 0.505180 0.563085 0.625989 0.694901 0.771170 0.856652 0.954002 1.067197 1.202565 1.370995 1.593073 1.908240 2.221200 1.908240 1.593073 1.370995 1.202565 1.067197 0.954002 0.856652 0.771170 0.694901 0.625989 0.563085 0.505180 0.451497 0.401428 0.354488 0.310283 0.268488 0.228833 0.191092 0.155071 0.120606 0.087555 0.055793 0.025212 -0.004282 -0.032773 -0.060338 -0.087041 -0.112942 -0.138096 -0.162551 -0.186351 -0.209536 
-0.209626 -0.186447 -0.162653 -0.138204 -0.113057 -0.087163 -0.060469 -0.032914 -0.004433 0.025049 0.055616 0.087363 0.120397 0.154842 0.190839 0.228553 0.268176 0.309933 0.354093 0.400977 0.450977 0.504575 0.562372 0.625133 0.693855 0.769860 0.854963 0.951739 1.064005 1.197726 1.362817 1.576562 1.862908 2.099868 1.862908 1.576562 1.362817 1.197726 1.064005 0.951739 0.854963 0.769860 0.693855 0.625133 0.562372 0.504575 0.450977 0.400977 0.354093 0.309933 0.268176 0.228553 0.190839 0.154842 0.120397 0.087363 0.055616 0.025049 -0.004433 -0.032914 -0.060469 -0.087163 -0.113057 -0.138204 -0.162653 -0.186447 -0.209626 
-0.210326 -0.187188 -0.163438 -0.139039 -0.113945 -0.088111 -0.061482 -0.034001 -0.005602 0.023787 0.054250 0.085878 0.118777 0.153067 0.188885 0.226390 0.265767 0.307233 0.351042 0.397502 0.446980 0.499924 0.556889 0.618571 0.685851 0.759877 0.842155 0.934709 1.040278 1.162511 1.305742 1.471986 1.643746 1.732464 1.643746 1.471986 1.305742 1.162511 1.040278 0.934709 0.842155 0.759877 0.685851 0.618571 0.556889 0.499924 0.446980 0.397502 0.351042 0.307233 0.265767 0.226390 0.188885 0.153067 0.118777 0.085878 0.054250 0.023787 -0.005602 -0.034001 -0.061482 -0.088111 -0.113945 -0.139039 -0.163438 -0.187188 -0.210326 
-0.211716 -0.188658 -0.164996 -0.140693 -0.115706 -0.089989 -0.063491 -0.036155 -0.007918 0.021289 0.051547 0.082943 0.115576 0.149562 0.185028 0.222124 0.261022 0.301919 0.345050 0.390688 0.439159 0.490851 0.546234 0.605875 0.670467 0.740851 0.818046 0.903233 0.997651 1.102160 1.215848 1.332086 1.430108 1.471045 1.430108 1.332086 1.215848 1.102160 0.997651 0.903233 0.818046 0.740851 0.670467 0.605875 0.546234 0.490851 0.439159 0.390688 0.345050 0.301919 0.261022 0.222124 0.185028 0.149562 0.115576 0.082943 0.051547 0.021289 -0.007918 -0.036155 -0.063491 -0.089989 -0.115706 -0.140693 -0.164996 -0.188658 -0.211716 
-0.213788 -0.190849 -0.167318 -0.143158 -0.118329 -0.092786 -0.066480 -0.039358 -0.011361 0.017579 0.047535 0.078589 0.110834 0.144374 0.179327 0.215828 0.254029 0.294106 0.336259 0.380722 0.427762 0.477690 0.530865 0.587699 0.648652 0.714224 0.784905 0.861061 0.942662 1.028678 1.115841 1.196542 1.256921 1.279883 1.256921 1.196542 1.115841 1.028678 0.942662 0.861061 0.784905 0.714224 0.648652 0.587699 0.530865 0.477690 0.427762 0.380722 0.336259 0.294106 0.254029 0.215828 0.179327 0.144374 0.110834 0.078589 0.047535 0.017579 -0.011361 -0.039358 -0.066480 -0.092786 -0.118329 -0.143158 -0.167318 -0.190849 -0.213788 
-0.216532 -0.193750 -0.170391 -0.146419 -0.121796 -0.096481 -0.070427 -0.043585 -0.015899 0.012691 0.042254 0.072865 0.104607 0.137572 0.171866 0.207604 0.244917 0.283952 0.324872 0.367862 0.413126 0.460888 0.511390 0.564879 0.621592 0.681711 0.745283 0.812066 0.881254 0.950997 1.017703 1.075329 1.115535 1.130127 1.115535 1.075329 1.017703 0.950997 0.881254 0.812066 0.745283 0.681711 0.621592 0.564879 0.511390 0.460888 0.413126 0.367862 0.324872 0.283952 0.244917 0.207604 0.171866 0.137572 0.104607 0.072865 0.042254 0.012691 -0.015899 -0.043585 -0.070427 -0.096481 -0.121796 -0.146419 -0.170391 -0.193750 -0.216532 
-0.219935 -0.197346 -0.174197 -0.150456 -0.126086 -0.101049 -0.075304 -0.048803 -0.021497 0.006670 0.035758 0.065833 0.096968 0.129244 0.162749 0.197579 0.233841 0.271651 0.311132 0.352419 0.395649 0.440963 0.488488 0.538328 0.590524 0.645011 0.701522 0.759458 0.817673 0.874190 0.925910 0.968521 0.997011 1.007084 0.997011 0.968521 0.925910 0.874190 0.817673 0.759458 0.701522 0.645011 0.590524 0.538328 0.488488 0.440963 0.395649 0.352419 0.311132 0.271651 0.233841 0.197579 0.162749 0.129244 0.096968 0.065833 0.035758 0.006670 -0.021497 -0.048803 -0.075304 -0.101049 -0.126086 -0.150456 -0.174197 -0.197346 -0.219935 
-0.223981 -0.201619 -0.178717 -0.155246 -0.131173 -0.106462 -0.081075 -0.054972 -0.028107 -0.000432 0.028107 0.057565 0.088004 0.119492 0.152099 0.185901 0.220981 0.257421 0.295309 0.334727 0.375754 0.418451 0.462851 0.508935 0.556600 0.605609 0.655514 0.705555 0.754530 0.800654 0.841488 0.874043 0.895221 0.902591 0.895221 0.874043 0.841488 0.800654 0.754530 0.705555 0.655514 0.605609 0.556600 0.508935 0.462851 0.418451 0.375754 0.334727 0.295309 0.257421 0.220981 0.185901 0.152099 0.119492 0.088004 0.057565 0.028107 -0.000432 -0.028107 -0.054972 -0.081075 -0.106462 -0.131173 -0.155246 -0.178717 -0.201619 -0.223981 
-0.228650 -0.206546 -0.183926 -0.160762 -0.137025 -0.112683 -0.087703 -0.062047 -0.035678 -0.008554 0.019370 0.048141 0.077809 0.108426 0.140047 0.172728 0.206526 0.241495 0.277683 0.315132 0.353865 0.393879 0.435128 0.477506 0.520809 0.564702 0.608653 0.651875 0.693253 0.731293 0.764142 0.789730 0.806072 0.811700 0.806072 0.789730 0.764142 0.731293 0.693253 0.651875 0.608653 0.564702 0.520809 0.477506 0.435128 0.393879 0.353865 0.315132 0.277683 0.241495 0.206526 0.172728 0.140047 0.108426 0.077809 0.048141 0.019370 -0.008554 -0.035678 -0.062047 -0.087703 -0.112683 -0.137025 -0.160762 -0.183926 -0.206546 -0.228650 
-0.233921 -0.212105 -0.189798 -0.166975 -0.143610 -0.119676 -0.095142 -0.069980 -0.044154 -0.017632 0.009624 0.037649 0.066484 0.096166 0.126734 0.158225 0.190672 0.224103 0.258534 0.293968 0.330383 0.367727 0.405897 0.444725 0.483951 0.523191 0.561902 0.599339 0.634530 0.666269 0.693167 0.713767 0.726755 0.731196 0.726755 0.713767 0.693167 0.666269 0.634530 0.599339 0.561902 0.523191 0.483951 0.444725 0.405897 0.367727 0.330383 0.293968 0.258534 0.224103 0.190672 0.158225 0.126734 0.096166 0.066484 0.037649 0.009624 -0.017632 -0.044154 -0.069980 -0.095142 -0.119676 -0.143610 -0.166975 -0.189798 -0.212105 -0.233921 
-0.239772 -0.218270 -0.196304 -0.173852 -0.150891 -0.127398 -0.103348 -0.078716 -0.053474 -0.027596 -0.001054 0.026180 0.054134 0.082833 0.112301 0.142557 0.173613 0.205473 0.238127 0.271547 0.305676 0.340424 0.375650 0.411152 0.446642 0.481727 0.515888 0.548458 0.578618 0.605409 0.627787 0.644712 0.655283 0.658880 0.655283 0.644712 0.627787 0.605409 0.578618 0.548458 0.515888 0.481727 0.446642 0.411152 0.375650 0.340424 0.305676 0.271547 0.238127 0.205473 0.173613 0.142557 0.112301 0.082833 0.054134 0.026180 -0.001054 -0.027596 -0.053474 -0.078716 -0.103348 -0.127398 -0.150891 -0.173852 -0.196304 -0.218270 -0.239772 
-0.246176 -0.225013 -0.203413 -0.181358 -0.158829 -0.135807 -0.112271 -0.088201 -0.063577 -0.038377 -0.012583 0.013826 0.040865 0.068549 0.096887 0.125884 0.155533 0.185819 0.216710 0.248152 0.280066 0.312335 0.344796 0.377229 0.409341 0.440755 0.470995 0.499482 0.525537 0.548402 0.567286 0.581432 0.590206 0.593181 0.590206 0.581432 0.567286 0.548402 0.525537 0.499482 0.470995 0.440755 0.409341 0.377229 0.344796 0.312335 0.280066 0.248152 0.216710 0.185819 0.155533 0.125884 0.096887 0.068549 0.040865 0.013826 -0.012583 -0.038377 -0.063577 -0.088201 -0.112271 -0.135807 -0.158829 -0.181358 -0.203413 -0.225013 -0.246176 
-0.253109 -0.232304 -0.211092 -0.189458 -0.167384 -0.144857 -0.121861 -0.098379 -0.074398 -0.049903 -0.024881 0.000678 0.026781 0.053431 0.080627 0.108359 0.136607 0.165338 0.194504 0.224035 0.253832 0.283764 0.313658 0.343290 0.372378 0.400569 0.427441 0.452499 0.475185 0.494898 0.511035 0.523034 0.530436 0.532939 0.530436 0.523034 0.511035 0.494898 0.475185 0.452499 0.427441 0.400569 0.372378 0.343290 0.313658 0.283764 0.253832 0.224035 0.194504 0.165338 0.136607 0.108359 0.080627 0.053431 0.026781 0.000678 -0.024881 -0.049903 -0.074398 -0.098379 -0.121861 -0.144857 -0.167384 -0.189458 -0.211092 -0.232304 -0.253109 
-0.260542 -0.240115 -0.219309 -0.198114 -0.176516 -0.154504 -0.132067 -0.109193 -0.085874 -0.062101 -0.037869 -0.013174 0.011982 0.037594 0.063649 0.090126 0.116994 0.144208 0.171708 0.199409 0.227206 0.254958 0.282491 0.309587 0.335980 0.361352 0.385332 0.407501 0.427402 0.444557 0.458499 0.468807 0.475139 0.477275 0.475139 0.468807 0.458499 0.444557 0.427402 0.407501 0.385332 0.361352 0.335980 0.309587 0.282491 0.254958 0.227206 0.199409 0.171708 0.144208 0.116994 0.090126 0.063649 0.037594 0.011982 -0.013174 -0.037869 -0.062101 -0.085874 -0.109193 -0.132067 -0.154504 -0.176516 -0.198114 -0.219309 -0.240115 -0.260542 
-0.268448 -0.248413 -0.228030 -0.207289 -0.186182 -0.164701 -0.142838 -0.120586 -0.097942 -0.074903 -0.051469 -0.027643 -0.003435 0.021143 0.046069 0.071315 0.096839 0.122587 0.148491 0.174459 0.200381 0.226115 0.251490 0.276301 0.300301 0.323208 0.344701 0.364425 0.382005 0.397061 0.409227 0.418179 0.423660 0.425506 0.423660 0.418179 0.409227 0.397061 0.382005 0.364425 0.344701 0.323208 0.300301 0.276301 0.251490 0.226115 0.200381 0.174459 0.148491 0.122587 0.096839 0.071315 0.046069 0.021143 -0.003435 -0.027643 -0.051469 -0.074903 -0.097942 -0.120586 -0.142838 -0.164701 -0.186182 -0.207289 -0.228030 -0.248413 -0.268448 
-0.276798 -0.257168 -0.237220 -0.216946 -0.196342 -0.175403 -0.154124 -0.132504 -0.110542 -0.088242 -0.065607 -0.042649 -0.019380 0.004178 0.027998 0.052044 0.076269 0.100613 0.125000 0.149338 0.173513 0.197389 0.220800 0.243556 0.265435 0.286187 0.305534 0.323178 0.338812 0.352127 0.362835 0.370684 0.375478 0.377090 0.375478 0.370684 0.362835 0.352127 0.338812 0.323178 0.305534 0.286187 0.265435 0.243556 0.220800 0.197389 0.173513 0.149338 0.125000 0.100613 0.076269 0.052044 0.027998 0.004178 -0.019380 -0.042649 -0.065607 -0.088242 -0.110542 -0.132504 -0.154124 -0.175403 -0.196342 -0.216946 -0.237220 -0.257168 -0.276798 
-0.285564 -0.266349 -0.246845 -0.227048 -0.206955 -0.186565 -0.165877 -0.144892 -0.123615 -0.102052 -0.080213 -0.058113 -0.035770 -0.013210 0.009533 0.032420 0.055398 0.078403 0.101359 0.124171 0.146727 0.168897 0.190527 0.211440 0.231438 0.250301 0.267791 0.283656 0.297643 0.309501 0.319000 0.325941 0.330170 0.331591 0.330170 0.325941 0.319000 0.309501 0.297643 0.283656 0.267791 0.250301 0.231438 0.211440 0.190527 0.168897 0.146727 0.124171 0.101359 0.078403 0.055398 0.032420 0.009533 -0.013210 -0.035770 -0.058113 -0.080213 -0.102052 -0.123615 -0.144892 -0.165877 -0.186565 -0.206955 -0.227048 -0.246845 -0.266349 -0.285564 
-0.294717 -0.275924 -0.256872 -0.237558 -0.217982 -0.198144 -0.178049 -0.157700 -0.137105 -0.116274 -0.095222 -0.073965 -0.052528 -0.030940 -0.009237 0.012535 0.034323 0.056061 0.077670 0.099059 0.120121 0.140730 0.160745 0.180005 0.198334 0.215539 0.231415 0.245750 0.258334 0.268961 0.277446 0.283630 0.287391 0.288653 0.287391 0.283630 0.277446 0.268961 0.258334 0.245750 0.231415 0.215539 0.198334 0.180005 0.160745 0.140730 0.120121 0.099059 0.077670 0.056061 0.034323 0.012535 -0.009237 -0.030940 -0.052528 -0.073965 -0.095222 -0.116274 -0.137105 -0.157700 -0.178049 -0.198144 -0.217982 -0.237558 -0.256872 -0.275924 -0.294717 
-0.304230 -0.285865 -0.267268 -0.248440 -0.229383 -0.210099 -0.190595 -0.170879 -0.150960 -0.130851 -0.110571 -0.090140 -0.069584 -0.048936 -0.028236 -0.007529 0.013128 0.033669 0.054018 0.074086 0.093769 0.112952 0.131505 0.149282 0.166127 0.181872 0.196340 0.209353 0.220732 0.230312 0.237938 0.243484 0.246852 0.247982 0.246852 0.243484 0.237938 0.230312 0.220732 0.209353 0.196340 0.181872 0.166127 0.149282 0.131505 0.112952 0.093769 0.074086 0.054018 0.033669 0.013128 -0.007529 -0.028236 -0.048936 -0.069584 -0.090140 -0.110571 -0.130851 -0.150960 -0.170879 -0.190595 -0.210099 -0.229383 -0.248440 -0.267268 -0.285865 -0.304230 
-0.314074 -0.296140 -0.278002 -0.259660 -0.241121 -0.222390 -0.203473 -0.184382 -0.165129 -0.145730 -0.126205 -0.106577 -0.086875 -0.067134 -0.047393 -0.027702 -0.008116 0.011300 0.030472 0.049314 0.067729 0.085611 0.102839 0.119285 0.134809 0.149264 0.162498 0.174360 0.184700 0.193380 0.200274 0.205278 0.208313 0.209331 0.208313 0.205278 0.200274 0.193380 0.184700 0.174360 0.162498 0.149264 0.134809 0.119285 0.102839 0.085611 0.067729 0.049314 0.030472 0.011300 -0.008116 -0.027702 -0.047393 -0.067134 -0.086875 -0.106577 -0.126205 -0.145730 -0.165129 -0.184382 -0.203473 -0.222390 -0.241121 -0.259660 -0.278002 -0.296140 -0.314074 
-0.324225 -0.306723 -0.289042 -0.271186 -0.253163 -0.234978 -0.216642 -0.198167 -0.179568 -0.160863 -0.142073 -0.123223 -0.104345 -0.085474 -0.066650 -0.047923 -0.029348 -0.010987 0.007087 0.024794 0.042044 0.058737 0.074766 0.090014 0.104359 0.117670 0.129819 0.140675 0.150113 0.158015 0.164279 0.168819 0.171569 0.172490 0.171569 0.168819 0.164279 0.158015 0.150113 0.140675 0.129819 0.117670 0.104359 0.090014 0.074766 0.058737 0.042044 0.024794 0.007087 -0.010987 -0.029348 -0.047923 -0.066650 -0.085474 -0.104345 -0.123223 -0.142073 -0.160863 -0.179568 -0.198167 -0.216642 -0.234978 -0.253163 -0.271186 -0.289042 -0.306723 -0.324225 
-0.334655 -0.317584 -0.300359 -0.282986 -0.265473 -0.247828 -0.230064 -0.212194 -0.194234 -0.176205 -0.158128 -0.140030 -0.121944 -0.103905 -0.085955 -0.068141 -0.050518 -0.033145 -0.016093 0.000564 0.016743 0.032352 0.047293 0.061462 0.074751 0.087047 0.098236 0.108209 0.116857 0.124084 0.129802 0.133940 0.136445 0.137283 0.136445 0.133940 0.129802 0.124084 0.116857 0.108209 0.098236 0.087047 0.074751 0.061462 0.047293 0.032352 0.016743 0.000564 -0.016093 -0.033145 -0.050518 -0.068141 -0.085955 -0.103905 -0.121944 -0.140030 -0.158128 -0.176205 -0.194234 -0.212194 -0.230064 -0.247828 -0.265473 -0.282986 -0.300359 -0.317584 -0.334655 
-0.345340 -0.328698 -0.311925 -0.295030 -0.278021 -0.260908 -0.243704 -0.226426 -0.209089 -0.191715 -0.174327 -0.156954 -0.139628 -0.122383 -0.105263 -0.088312 -0.071584 -0.055136 -0.039033 -0.023347 -0.008153 0.006465 0.020418 0.033614 0.045956 0.057345 0.067684 0.076877 0.084832 0.091467 0.096709 0.100498 0.102790 0.103557 0.102790 0.100498 0.096709 0.091467 0.084832 0.076877 0.067684 0.057345 0.045956 0.033614 0.020418 0.006465 -0.008153 -0.023347 -0.039033 -0.055136 -0.071584 -0.088312 -0.105263 -0.122383 -0.139628 -0.156954 -0.174327 -0.191715 -0.209089 -0.226426 -0.243704 -0.260908 -0.278021 -0.295030 -0.311925 -0.328698 -0.345340 
-0.356256 -0.340039 -0.323714 -0.307290 -0.290776 -0.274185 -0.257530 -0.240827 -0.224096 -0.207357 -0.190635 -0.173957 -0.157357 -0.140870 -0.124536 -0.108400 -0.092512 -0.076928 -0.061708 -0.046919 -0.032630 -0.018918 -0.005863 0.006452 0.017942 0.028520 0.038101 0.046602 0.053946 0.060060 0.064885 0.068368 0.070474 0.071178 0.070474 0.068368 0.064885 0.060060 0.053946 0.046602 0.038101 0.028520 0.017942 0.006452 -0.005863 -0.018918 -0.032630 -0.046919 -0.061708 -0.076928 -0.092512 -0.108400 -0.124536 -0.140870 -0.157357 -0.173957 -0.190635 -0.207357 -0.224096 -0.240827 -0.257530 -0.274185 -0.290776 -0.307290 -0.323714 -0.340039 -0.356256 
-0.367380 -0.351583 -0.335700 -0.319739 -0.303712 -0.287631 -0.271511 -0.255369 -0.239224 -0.223097 -0.207015 -0.191005 -0.175099 -0.159331 -0.143741 -0.128373 -0.113274 -0.098497 -0.084098 -0.070138 -0.056682 -0.043799 -0.031562 -0.020045 -0.009323 0.000527 0.009430 0.017316 0.024116 0.029771 0.034227 0.037441 0.039383 0.040033 0.039383 0.037441 0.034227 0.029771 0.024116 0.017316 0.009430 0.000527 -0.009323 -0.020045 -0.031562 -0.043799 -0.056682 -0.070138 -0.084098 -0.098497 -0.113274 -0.128373 -0.143741 -0.159331 -0.175099 -0.191005 -0.207015 -0.223097 -0.239224 -0.255369 -0.271511 -0.287631 -0.303712 -0.319739 -0.335700 -0.351583 -0.367380 
-0.378691 -0.363309 -0.347860 -0.332354 -0.316802 -0.301219 -0.285619 -0.270021 -0.254443 -0.238908 -0.223440 -0.208068 -0.192823 -0.177739 -0.162853 -0.148208 -0.133849 -0.119824 -0.106187 -0.092995 -0.080306 -0.068183 -0.056693 -0.045900 -0.035873 -0.026679 -0.018384 -0.011048 -0.004732 0.000514 0.004643 0.007620 0.009417 0.010018 0.009417 0.007620 0.004643 0.000514 -0.004732 -0.011048 -0.018384 -0.026679 -0.035873 -0.045900 -0.056693 -0.068183 -0.080306 -0.092995 -0.106187 -0.119824 -0.133849 -0.148208 -0.162853 -0.177739 -0.192823 -0.208068 -0.223440 -0.238908 -0.254443 -0.270021 -0.285619 -0.301219 -0.316802 -0.332354 -0.347860 -0.363309 -0.378691 
-0.390169 -0.375195 -0.360171 -0.345110 -0.330023 -0.314925 -0.299830 -0.284758 -0.269727 -0.254761 -0.239882 -0.225121 -0.210505 -0.196069 -0.181849 -0.167884 -0.154218 -0.140896 -0.127968 -0.115485 -0.103503 -0.092078 -0.081270 -0.071137 -0.061740 -0.053139 -0.045390 -0.038548 -0.032665 -0.027784 -0.023946 -0.021180 -0.019512 -0.018954 -0.019512 -0.021180 -0.023946 -0.027784 -0.032665 -0.038548 -0.045390 -0.053139 -0.061740 -0.071137 -0.081270 -0.092078 -0.103503 -0.115485 -0.127968 -0.140896 -0.154218 -0.167884 -0.181849 -0.196069 -0.210505 -0.225121 -0.239882 -0.254761 -0.269727 -0.284758 -0.299830 -0.314925 -0.330023 -0.345110 -0.360171 -0.375195 -0.390169 
-0.401795 -0.387220 -0.372614 -0.357987 -0.343353 -0.328726 -0.314121 -0.299557 -0.285054 -0.270633 -0.256319 -0.242139 -0.228122 -0.214301 -0.200709 -0.187385 -0.174368 -0.161702 -0.149433 -0.137608 -0.126278 -0.115495 -0.105311 -0.095780 -0.086956 -0.078891 -0.071636 -0.065239 -0.059744 -0.055191 -0.051612 -0.049036 -0.047483 -0.046963 -0.047483 -0.049036 -0.051612 -0.055191 -0.059744 -0.065239 -0.071636 -0.078891 -0.086956 -0.095780 -0.105311 -0.115495 -0.126278 -0.137608 -0.149433 -0.161702 -0.174368 -0.187385 -0.200709 -0.214301 -0.228122 -0.242139 -0.256319 -0.270633 -0.285054 -0.299557 -0.314121 -0.328726 -0.343353 -0.357987 -0.372614 -0.387220 -0.401795 
-0.413550 -0.399367 -0.385168 -0.370965 -0.356771 -0.342601 -0.328470 -0.314397 -0.300401 -0.286504 -0.272730 -0.259105 -0.245657 -0.232417 -0.219418 -0.206696 -0.194289 -0.182236 -0.170580 -0.159365 -0.148637 -0.138444 -0.128833 -0.119852 -0.111550 -0.103973 -0.097165 -0.091170 -0.086026 -0.081766 -0.078422 -0.076015 -0.074564 -0.074080 -0.074564 -0.076015 -0.078422 -0.081766 -0.086026 -0.091170 -0.097165 -0.103973 -0.111550 -0.119852 -0.128833 -0.138444 -0.148637 -0.159365 -0.170580 -0.182236 -0.194289 -0.206696 -0.219418 -0.232417 -0.245657 -0.259105 -0.272730 -0.286504 -0.300401 -0.314397 -0.328470 -0.342601 -0.356771 -0.370965 -0.385168 -0.399367 -0.413550 
-0.425418 -0.411618 -0.397817 -0.384026 -0.370260 -0.356532 -0.342859 -0.329259 -0.315750 -0.302355 -0.289097 -0.276001 -0.263093 -0.250404 -0.237965 -0.225809 -0.213972 -0.202492 -0.191407 -0.180758 -0.170588 -0.160939 -0.151854 -0.143378 -0.135552 -0.128419 -0.122018 -0.116387 -0.111560 -0.107566 -0.104432 -0.102179 -0.100820 -0.100366 -0.100820 -0.102179 -0.104432 -0.107566 -0.111560 -0.116387 -0.122018 -0.128419 -0.135552 -0.143378 -0.151854 -0.160939 -0.170588 -0.180758 -0.191407 -0.202492 -0.213972 -0.225809 -0.237965 -0.250404 -0.263093 -0.276001 -0.289097 -0.302355 -0.315750 -0.329259 -0.342859 -0.356532 -0.370260 -0.384026 -0.397817 -0.411618 -0.425418 
-0.437383 -0.423957 -0.410543 -0.397153 -0.383801 -0.370502 -0.357271 -0.344125 -0.331085 -0.318171 -0.305405 -0.292812 -0.280418 -0.268250 -0.256339 -0.244716 -0.233415 -0.222469 -0.211916 -0.201793 -0.192139 -0.182992 -0.174392 -0.166379 -0.158989 -0.152262 -0.146232 -0.140932 -0.136392 -0.132639 -0.129696 -0.127580 -0.126306 -0.125880 -0.126306 -0.127580 -0.129696 -0.132639 -0.136392 -0.140932 -0.146232 -0.152262 -0.158989 -0.166379 -0.174392 -0.182992 -0.192139 -0.201793 -0.211916 -0.222469 -0.233415 -0.244716 -0.256339 -0.268250 -0.280418 -0.292812 -0.305405 -0.318171 -0.331085 -0.344125 -0.357271 -0.370502 -0.383801 -0.397153 -0.410543 -0.423957 -0.437383 
-0.449431 -0.436369 -0.423332 -0.410331 -0.397381 -0.384495 -0.371690 -0.358983 -0.346392 -0.333937 -0.321641 -0.309527 -0.297620 -0.285946 -0.274533 -0.263411 -0.252612 -0.242167 -0.232110 -0.222476 -0.213301 -0.204618 -0.196466 -0.188877 -0.181889 -0.175533 -0.169841 -0.164842 -0.160565 -0.157031 -0.154261 -0.152270 -0.151072 -0.150671 -0.151072 -0.152270 -0.154261 -0.157031 -0.160565 -0.164842 -0.169841 -0.175533 -0.181889 -0.188877 -0.196466 -0.204618 -0.213301 -0.222476 -0.232110 -0.242167 -0.252612 -0.263411 -0.274533 -0.285946 -0.297620 -0.309527 -0.321641 -0.333937 -0.346392 -0.358983 -0.371690 -0.384495 -0.397381 -0.410331 -0.423332 -0.436369 -0.449431 
-0.461547 -0.448840 -0.436169 -0.423546 -0.410984 -0.398498 -0.386103 -0.373816 -0.361656 -0.349641 -0.337794 -0.326135 -0.314690 -0.303483 -0.292540 -0.281890 -0.271562 -0.261586 -0.251993 -0.242814 -0.234083 -0.225831 -0.218091 -0.210895 -0.204275 -0.198259 -0.192877 -0.188155 -0.184117 -0.180782 -0.178170 -0.176294 -0.175164 -0.174786 -0.175164 -0.176294 -0.178170 -0.180782 -0.184117 -0.188155 -0.192877 -0.198259 -0.204275 -0.210895 -0.218091 -0.225831 -0.234083 -0.242814 -0.251993 -0.261586 -0.271562 -0.281890 -0.292540 -0.303483 -0.314690 -0.326135 -0.337794 -0.349641 -0.361656 -0.373816 -0.386103 -0.398498 -0.410984 -0.423546 -0.436169 -0.448840 -0.461547 
-0.473721 -0.461359 -0.449043 -0.436785 -0.424599 -0.412498 -0.400498 -0.388615 -0.376867 -0.365273 -0.353853 -0.342628 -0.331621 -0.320856 -0.310357 -0.300152 -0.290266 -0.280729 -0.271569 -0.262815 -0.254496 -0.246644 -0.239286 -0.232453 -0.226171 -0.220469 -0.215372 -0.210903 -0.207083 -0.203931 -0.201463 -0.199690 -0.198623 -0.198267 -0.198623 -0.199690 -0.201463 -0.203931 -0.207083 -0.210903 -0.215372 -0.220469 -0.226171 -0.232453 -0.239286 -0.246644 -0.254496 -0.262815 -0.271569 -0.280729 -0.290266 -0.300152 -0.310357 -0.320856 -0.331621 -0.342628 -0.353853 -0.365273 -0.376867 -0.388615 -0.400498 -0.412498 -0.424599 -0.436785 -0.449043 -0.461359 -0.473721 
