59 59
1.517777e+00 0 5
-0.586759 -0.572993 -0.559281 -0.545641 -0.532092 -0.518656 -0.505357 -0.492218 -0.479269 -0.466537 -0.454056 -0.441858 -0.429979 -0.418457 -0.407331 -0.396642 -0.386432 -0.376746 -0.367625 -0.359115 -0.351257 -0.344095 -0.337667 -0.332012 -0.327164 -0.323154 -0.320006 -0.317743 -0.316379 -0.315923 -0.316379 -0.317743 -0.320006 -0.323154 -0.327164 -0.332012 -0.337667 -0.344095 -0.351257 -0.359115 -0.367625 -0.376746 -0.386432 -0.396642 -0.407331 -0.418457 -0.429979 -0.441858 -0.454056 -0.466537 -0.479269 -0.492218 -0.505357 -0.518656 -0.532092 -0.545641 -0.559281 -0.572993 -0.586759 
-0.573238 -0.559028 -0.544856 -0.530740 -0.516702 -0.502761 -0.488943 -0.475274 -0.461781 -0.448496 -0.435452 -0.422684 -0.410231 -0.398133 -0.386432 -0.375174 -0.364404 -0.354170 -0.344519 -0.335502 -0.327164 -0.319555 -0.312718 -0.306696 -0.301529 -0.297251 -0.293891 -0.291474 -0.290016 -0.289529 -0.290016 -0.291474 -0.293891 -0.297251 -0.301529 -0.306696 -0.312718 -0.319555 -0.327164 -0.335502 -0.344519 -0.354170 -0.364404 -0.375174 -0.386432 -0.398133 -0.410231 -0.422684 -0.435452 -0.448496 -0.461781 -0.475274 -0.488943 -0.502761 -0.516702 -0.530740 -0.544856 -0.559028 -0.573238 
-0.559787 -0.545118 -0.530470 -0.515861 -0.501313 -0.486846 -0.472485 -0.458258 -0.444193 -0.430323 -0.416682 -0.403309 -0.390244 -0.377529 -0.365212 -0.353340 -0.341963 -0.331135 -0.320908 -0.311336 -0.302473 -0.294373 -0.287085 -0.280659 -0.275139 -0.270564 -0.266969 -0.264381 -0.262820 -0.262298 -0.262820 -0.264381 -0.266969 -0.270564 -0.275139 -0.280659 -0.287085 -0.294373 -0.302473 -0.311336 -0.320908 -0.331135 -0.341963 -0.353340 -0.365212 -0.377529 -0.390244 -0.403309 -0.416682 -0.430323 -0.444193 -0.458258 -0.472485 -0.486846 -0.501313 -0.515861 -0.530470 -0.545118 -0.559787 
-0.546425 -0.531282 -0.516142 -0.501022 -0.485944 -0.470928 -0.456001 -0.441188 -0.426521 -0.412033 -0.397761 -0.383743 -0.370024 -0.356650 -0.343669 -0.331135 -0.319102 -0.307628 -0.296772 -0.286594 -0.277155 -0.268514 -0.260729 -0.253855 -0.247943 -0.243038 -0.239181 -0.236402 -0.234726 -0.234165 -0.234726 -0.236402 -0.239181 -0.243038 -0.247943 -0.253855 -0.260729 -0.268514 -0.277155 -0.286594 -0.296772 -0.307628 -0.319102 -0.331135 -0.343669 -0.356650 -0.370024 -0.383743 -0.397761 -0.412033 -0.426521 -0.441188 -0.456001 -0.470928 -0.485944 -0.501022 -0.516142 -0.531282 -0.546425 
-0.533170 -0.517540 -0.501893 -0.486245 -0.470616 -0.455029 -0.439509 -0.424083 -0.408783 -0.393643 -0.378702 -0.364000 -0.349583 -0.335502 -0.321808 -0.308559 -0.295814 -0.283638 -0.272095 -0.261252 -0.251178 -0.241940 -0.233604 -0.226232 -0.219884 -0.214612 -0.210462 -0.207470 -0.205663 -0.205059 -0.205663 -0.207470 -0.210462 -0.214612 -0.219884 -0.226232 -0.233604 -0.241940 -0.251178 -0.261252 -0.272095 -0.283638 -0.295814 -0.308559 -0.321808 -0.335502 -0.349583 -0.364000 -0.378702 -0.393643 -0.408783 -0.424083 -0.439509 -0.455029 -0.470616 -0.486245 -0.501893 -0.517540 -0.533170 
-0.520047 -0.503917 -0.487746 -0.471552 -0.455353 -0.439172 -0.423034 -0.406967 -0.391002 -0.375174 -0.359524 -0.344095 -0.328934 -0.314094 -0.299633 -0.285611 -0.272095 -0.259153 -0.246858 -0.235285 -0.224511 -0.214612 -0.205663 -0.197737 -0.190901 -0.185217 -0.180737 -0.177505 -0.175553 -0.174900 -0.175553 -0.177505 -0.180737 -0.185217 -0.190901 -0.197737 -0.205663 -0.214612 -0.224511 -0.235285 -0.246858 -0.259153 -0.272095 -0.285611 -0.299633 -0.314094 -0.328934 -0.344095 -0.359524 -0.375174 -0.391002 -0.406967 -0.423034 -0.439172 -0.455353 -0.471552 -0.487746 -0.503917 -0.520047 
-0.507078 -0.490435 -0.473727 -0.456970 -0.440181 -0.423384 -0.406602 -0.389864 -0.373201 -0.356650 -0.340250 -0.324048 -0.308094 -0.292442 -0.277155 -0.262298 -0.247943 -0.234165 -0.221046 -0.208669 -0.197121 -0.186487 -0.176856 -0.168309 -0.160925 -0.154777 -0.149926 -0.146422 -0.144305 -0.143596 -0.144305 -0.146422 -0.149926 -0.154777 -0.160925 -0.168309 -0.176856 -0.186487 -0.197121 -0.208669 -0.221046 -0.234165 -0.247943 -0.262298 -0.277155 -0.292442 -0.308094 -0.324048 -0.340250 -0.356650 -0.373201 -0.389864 -0.406602 -0.423384 -0.440181 -0.456970 -0.473727 -0.490435 -0.507078 
-0.494289 -0.477122 -0.459863 -0.442526 -0.425130 -0.407694 -0.390244 -0.372805 -0.355412 -0.338099 -0.320908 -0.303886 -0.287085 -0.270564 -0.254388 -0.238627 -0.223360 -0.208669 -0.194645 -0.181380 -0.168973 -0.157522 -0.147126 -0.137881 -0.129880 -0.123207 -0.117934 -0.114123 -0.111817 -0.111046 -0.111817 -0.114123 -0.117934 -0.123207 -0.129880 -0.137881 -0.147126 -0.157522 -0.168973 -0.181380 -0.194645 -0.208669 -0.223360 -0.238627 -0.254388 -0.270564 -0.287085 -0.303886 -0.320908 -0.338099 -0.355412 -0.372805 -0.390244 -0.407694 -0.425130 -0.442526 -0.459863 -0.477122 -0.494289 
-0.481708 -0.464007 -0.446185 -0.428254 -0.410231 -0.392136 -0.373992 -0.355825 -0.337667 -0.319555 -0.301529 -0.283638 -0.265936 -0.248484 -0.231350 -0.214612 -0.198353 -0.182663 -0.167643 -0.153397 -0.140034 -0.127669 -0.116414 -0.106383 -0.097683 -0.090412 -0.084659 -0.080495 -0.077975 -0.077131 -0.077975 -0.080495 -0.084659 -0.090412 -0.097683 -0.106383 -0.116414 -0.127669 -0.140034 -0.153397 -0.167643 -0.182663 -0.198353 -0.214612 -0.231350 -0.248484 -0.265936 -0.283638 -0.301529 -0.319555 -0.337667 -0.355825 -0.373992 -0.392136 -0.410231 -0.428254 -0.446185 -0.464007 -0.481708 
-0.469365 -0.451122 -0.432724 -0.414185 -0.395520 -0.376746 -0.357884 -0.338961 -0.320006 -0.301056 -0.282151 -0.263341 -0.244680 -0.226232 -0.208070 -0.190274 -0.172934 -0.156152 -0.140034 -0.124700 -0.110273 -0.096882 -0.084659 -0.073736 -0.064239 -0.056286 -0.049981 -0.045412 -0.042643 -0.041716 -0.042643 -0.045412 -0.049981 -0.056286 -0.064239 -0.073736 -0.084659 -0.096882 -0.110273 -0.124700 -0.140034 -0.156152 -0.172934 -0.190274 -0.208070 -0.226232 -0.244680 -0.263341 -0.282151 -0.301056 -0.320006 -0.338961 -0.357884 -0.376746 -0.395520 -0.414185 -0.432724 -0.451122 -0.469365 
-0.457292 -0.438498 -0.419517 -0.400359 -0.381036 -0.361565 -0.341963 -0.322257 -0.302473 -0.282647 -0.262820 -0.243038 -0.223360 -0.203848 -0.184580 -0.165640 -0.147126 -0.129145 -0.111817 -0.095275 -0.079657 -0.065112 -0.051793 -0.039854 -0.029445 -0.020707 -0.013765 -0.008727 -0.005670 -0.004646 -0.005670 -0.008727 -0.013765 -0.020707 -0.029445 -0.039854 -0.051793 -0.065112 -0.079657 -0.095275 -0.111817 -0.129145 -0.147126 -0.165640 -0.184580 -0.203848 -0.223360 -0.243038 -0.262820 -0.282647 -0.302473 -0.322257 -0.341963 -0.361565 -0.381036 -0.400359 -0.419517 -0.438498 -0.457292 
-0.445522 -0.426174 -0.406602 -0.386815 -0.366822 -0.346637 -0.326276 -0.305762 -0.285119 -0.264381 -0.243586 -0.222783 -0.202025 -0.181380 -0.160925 -0.140750 -0.120956 -0.101662 -0.082999 -0.065112 -0.048160 -0.032313 -0.017748 -0.004646 0.006814 0.016462 0.024143 0.029730 0.033123 0.034261 0.033123 0.029730 0.024143 0.016462 0.006814 -0.004646 -0.017748 -0.032313 -0.048160 -0.065112 -0.082999 -0.101662 -0.120956 -0.140750 -0.160925 -0.181380 -0.202025 -0.222783 -0.243586 -0.264381 -0.285119 -0.305762 -0.326276 -0.346637 -0.366822 -0.386815 -0.406602 -0.426174 -0.445522 
-0.434090 -0.414185 -0.394019 -0.373597 -0.352924 -0.332012 -0.310875 -0.289529 -0.268000 -0.246315 -0.224511 -0.202634 -0.180737 -0.158887 -0.137161 -0.115652 -0.094469 -0.073736 -0.053597 -0.034212 -0.015762 0.001561 0.017549 0.031989 0.044666 0.055374 0.063924 0.070156 0.073946 0.075219 0.073946 0.070156 0.063924 0.055374 0.044666 0.031989 0.017549 0.001561 -0.015762 -0.034212 -0.053597 -0.073736 -0.094469 -0.115652 -0.137161 -0.158887 -0.180737 -0.202634 -0.224511 -0.246315 -0.268000 -0.289529 -0.310875 -0.332012 -0.352924 -0.373597 -0.394019 -0.414185 -0.434090 
-0.423034 -0.402574 -0.381812 -0.360750 -0.339391 -0.317743 -0.295814 -0.273620 -0.251178 -0.228515 -0.205663 -0.182663 -0.159567 -0.136439 -0.113356 -0.090412 -0.067720 -0.045412 -0.023642 -0.002588 0.017549 0.036548 0.054168 0.070156 0.084252 0.096206 0.105782 0.112781 0.117046 0.118479 0.117046 0.112781 0.105782 0.096206 0.084252 0.070156 0.054168 0.036548 0.017549 -0.002588 -0.023642 -0.045412 -0.067720 -0.090412 -0.113356 -0.136439 -0.159567 -0.182663 -0.205663 -0.228515 -0.251178 -0.273620 -0.295814 -0.317743 -0.339391 -0.360750 -0.381812 -0.402574 -0.423034 
-0.412393 -0.391380 -0.370024 -0.348323 -0.326276 -0.303886 -0.281157 -0.258099 -0.234726 -0.211057 -0.187121 -0.162953 -0.138600 -0.114123 -0.089596 -0.065112 -0.040786 -0.016756 0.006814 0.029730 0.051769 0.072678 0.092177 0.109965 0.125730 0.139159 0.149961 0.157880 0.162717 0.164344 0.162717 0.157880 0.149961 0.139159 0.125730 0.109965 0.092177 0.072678 0.051769 0.029730 0.006814 -0.016756 -0.040786 -0.065112 -0.089596 -0.114123 -0.138600 -0.162953 -0.187121 -0.211057 -0.234726 -0.258099 -0.281157 -0.303886 -0.326276 -0.348323 -0.370024 -0.391380 -0.412393 
-0.402205 -0.380648 -0.358705 -0.336369 -0.313636 -0.290503 -0.266969 -0.243038 -0.218719 -0.194023 -0.168973 -0.143596 -0.117934 -0.092040 -0.065983 -0.039854 -0.013765 0.012143 0.037697 0.062690 0.086875 0.109965 0.131637 0.151531 0.169269 0.184463 0.196743 0.205780 0.211315 0.213179 0.211315 0.205780 0.196743 0.184463 0.169269 0.151531 0.131637 0.109965 0.086875 0.062690 0.037697 0.012143 -0.013765 -0.039854 -0.065983 -0.092040 -0.117934 -0.143596 -0.168973 -0.194023 -0.218719 -0.243038 -0.266969 -0.290503 -0.313636 -0.336369 -0.358705 -0.380648 -0.402205 
-0.392513 -0.370423 -0.347902 -0.324941 -0.301529 -0.277658 -0.253321 -0.228515 -0.203242 -0.177505 -0.151318 -0.124700 -0.097683 -0.070310 -0.042643 -0.014765 0.013218 0.041165 0.068901 0.096206 0.122812 0.148398 0.172590 0.194963 0.215053 0.232377 0.246461 0.256875 0.263274 0.265433 0.263274 0.256875 0.246461 0.232377 0.215053 0.194963 0.172590 0.148398 0.122812 0.096206 0.068901 0.041165 0.013218 -0.014765 -0.042643 -0.070310 -0.097683 -0.124700 -0.151318 -0.177505 -0.203242 -0.228515 -0.253321 -0.277658 -0.301529 -0.324941 -0.347902 -0.370423 -0.392513 
-0.383358 -0.360750 -0.337667 -0.314094 -0.290016 -0.265418 -0.240287 -0.214612 -0.188385 -0.161602 -0.134265 -0.106383 -0.077975 -0.049072 -0.019723 0.010002 0.040005 0.070156 0.100279 0.130151 0.159485 0.187929 0.215053 0.240357 0.263274 0.283197 0.299510 0.311645 0.319132 0.321663 0.319132 0.311645 0.299510 0.283197 0.263274 0.240357 0.215053 0.187929 0.159485 0.130151 0.100279 0.070156 0.040005 0.010002 -0.019723 -0.049072 -0.077975 -0.106383 -0.134265 -0.161602 -0.188385 -0.214612 -0.240287 -0.265418 -0.290016 -0.314094 -0.337667 -0.360750 -0.383358 
-0.374780 -0.351675 -0.328050 -0.303886 -0.279161 -0.253855 -0.227946 -0.201415 -0.174246 -0.146422 -0.117934 -0.088777 -0.058955 -0.028484 0.002606 0.034261 0.066404 0.098916 0.131637 0.164344 0.196743 0.228454 0.258995 0.287781 0.314123 0.337250 0.356360 0.370680 0.379564 0.382577 0.379564 0.370680 0.356360 0.337250 0.314123 0.287781 0.258995 0.228454 0.196743 0.164344 0.131637 0.098916 0.066404 0.034261 0.002606 -0.028484 -0.058955 -0.088777 -0.117934 -0.146422 -0.174246 -0.201415 -0.227946 -0.253855 -0.279161 -0.303886 -0.328050 -0.351675 -0.374780 
-0.366822 -0.343243 -0.319102 -0.294373 -0.269027 -0.243038 -0.216377 -0.189016 -0.160925 -0.132079 -0.102453 -0.072027 -0.040786 -0.008727 0.024143 0.057796 0.092177 0.127197 0.162717 0.198532 0.234355 0.269791 0.304314 0.337250 0.367769 0.394895 0.417565 0.434719 0.445437 0.449085 0.445437 0.434719 0.417565 0.394895 0.367769 0.337250 0.304314 0.269791 0.234355 0.198532 0.162717 0.127197 0.092177 0.057796 0.024143 -0.008727 -0.040786 -0.072027 -0.102453 -0.132079 -0.160925 -0.189016 -0.216377 -0.243038 -0.269027 -0.294373 -0.319102 -0.343243 -0.366822 
-0.359524 -0.335502 -0.310875 -0.285611 -0.259679 -0.233042 -0.205663 -0.177505 -0.148528 -0.118692 -0.087957 -0.056286 -0.023642 0.010002 0.044666 0.080353 0.117046 0.154692 0.193191 0.232377 0.271990 0.311645 0.350792 0.388681 0.424325 0.456498 0.483783 0.504693 0.517881 0.522393 0.517881 0.504693 0.483783 0.456498 0.424325 0.388681 0.350792 0.311645 0.271990 0.232377 0.193191 0.154692 0.117046 0.080353 0.044666 0.010002 -0.023642 -0.056286 -0.087957 -0.118692 -0.148528 -0.177505 -0.205663 -0.233042 -0.259679 -0.285611 -0.310875 -0.335502 -0.359524 
-0.352924 -0.328492 -0.303416 -0.277658 -0.251178 -0.223936 -0.195885 -0.166977 -0.137161 -0.106383 -0.074587 -0.041716 -0.007711 0.027485 0.063924 0.101647 0.140683 0.181030 0.222649 0.265433 0.309184 0.353565 0.398044 0.441827 0.483783 0.522393 0.555767 0.581786 0.598413 0.604142 0.598413 0.581786 0.555767 0.522393 0.483783 0.441827 0.398044 0.353565 0.309184 0.265433 0.222649 0.181030 0.140683 0.101647 0.063924 0.027485 -0.007711 -0.041716 -0.074587 -0.106383 -0.137161 -0.166977 -0.195885 -0.223936 -0.251178 -0.277658 -0.303416 -0.328492 -0.352924 
-0.347059 -0.322257 -0.296772 -0.270564 -0.243586 -0.215790 -0.187121 -0.157522 -0.126929 -0.095275 -0.062486 -0.028484 0.006814 0.043495 0.081648 0.121362 0.162717 0.205780 0.250590 0.297133 0.345312 0.394895 0.445437 0.496175 0.545893 0.592779 0.634342 0.667519 0.689121 0.696643 0.689121 0.667519 0.634342 0.592779 0.545893 0.496175 0.445437 0.394895 0.345312 0.297133 0.250590 0.205780 0.162717 0.121362 0.081648 0.043495 0.006814 -0.028484 -0.062486 -0.095275 -0.126929 -0.157522 -0.187121 -0.215790 -0.243586 -0.270564 -0.296772 -0.322257 -0.347059 
-0.341963 -0.316834 -0.290988 -0.264381 -0.236960 -0.208669 -0.179448 -0.149227 -0.117934 -0.085486 -0.051793 -0.016756 0.019734 0.057796 0.097559 0.139159 0.182742 0.228454 0.276430 0.326782 0.379564 0.434719 0.491994 0.550794 0.609970 0.667519 0.720279 0.763823 0.792978 0.803295 0.792978 0.763823 0.720279 0.667519 0.609970 0.550794 0.491994 0.434719 0.379564 0.326782 0.276430 0.228454 0.182742 0.139159 0.097559 0.057796 0.019734 -0.016756 -0.051793 -0.085486 -0.117934 -0.149227 -0.179448 -0.208669 -0.236960 -0.264381 -0.290988 -0.316834 -0.341963 
-0.337667 -0.312258 -0.286103 -0.259153 -0.231350 -0.202634 -0.172934 -0.142176 -0.110273 -0.077131 -0.042643 -0.006692 0.030858 0.070156 0.111371 0.154692 0.200331 0.248520 0.299510 0.353565 0.410935 0.471823 0.536298 0.604142 0.674566 0.745717 0.813944 0.873039 0.914366 0.929385 0.914366 0.873039 0.813944 0.745717 0.674566 0.604142 0.536298 0.471823 0.410935 0.353565 0.299510 0.248520 0.200331 0.154692 0.111371 0.070156 0.030858 -0.006692 -0.042643 -0.077131 -0.110273 -0.142176 -0.172934 -0.202634 -0.231350 -0.259153 -0.286103 -0.312258 -0.337667 
-0.334197 -0.308559 -0.282151 -0.254920 -0.226804 -0.197737 -0.167643 -0.136439 -0.104030 -0.070310 -0.035159 0.001561 0.040005 0.080353 0.122812 0.167619 0.215053 0.265433 0.319132 0.376578 0.438255 0.504693 0.576420 0.653853 0.737020 0.824947 0.914366 0.997494 1.059941 1.083752 1.059941 0.997494 0.914366 0.824947 0.737020 0.653853 0.576420 0.504693 0.438255 0.376578 0.319132 0.265433 0.215053 0.167619 0.122812 0.080353 0.040005 0.001561 -0.035159 -0.070310 -0.104030 -0.136439 -0.167643 -0.197737 -0.226804 -0.254920 -0.282151 -0.308559 -0.334197 
-0.331574 -0.305762 -0.279161 -0.251715 -0.223360 -0.194023 -0.163627 -0.132079 -0.099279 -0.065112 -0.029445 0.007874 0.047018 0.088193 0.131637 0.177630 0.226508 0.278671 0.334604 0.394895 0.460266 0.531599 0.609970 0.696643 0.792978 0.900004 1.017005 1.137400 1.239688 1.282652 1.239688 1.137400 1.017005 0.900004 0.792978 0.696643 0.609970 0.531599 0.460266 0.394895 0.334604 0.278671 0.226508 0.177630 0.131637 0.088193 0.047018 0.007874 -0.029445 -0.065112 -0.099279 -0.132079 -0.163627 -0.194023 -0.223360 -0.251715 -0.279161 -0.305762 -0.331574 
-0.329816 -0.303886 -0.277155 -0.249564 -0.221046 -0.191528 -0.160925 -0.129145 -0.096079 -0.061606 -0.025586 0.012143 0.051769 0.093515 0.137642 0.184463 0.234355 0.287781 0.345312 0.407667 0.475763 0.550794 0.634342 0.728545 0.836328 0.961666 1.109461 1.282652 1.464170 1.559321 1.464170 1.282652 1.109461 0.961666 0.836328 0.728545 0.634342 0.550794 0.475763 0.407667 0.345312 0.287781 0.234355 0.184463 0.137642 0.093515 0.051769 0.012143 -0.025586 -0.061606 -0.096079 -0.129145 -0.160925 -0.191528 -0.221046 -0.249564 -0.277155 -0.303886 -0.329816 
-0.328934 -0.302945 -0.276148 -0.248484 -0.219884 -0.190274 -0.159567 -0.127669 -0.094469 -0.059841 -0.023642 0.014296 0.054168 0.096206 0.140683 0.187929 0.238345 0.292426 0.350792 0.414234 0.483783 0.560814 0.647223 0.745717 0.860342 0.997494 1.168003 1.391395 1.697774 1.961591 1.697774 1.391395 1.168003 0.997494 0.860342 0.745717 0.647223 0.560814 0.483783 0.414234 0.350792 0.292426 0.238345 0.187929 0.140683 0.096206 0.054168 0.014296 -0.023642 -0.059841 -0.094469 -0.127669 -0.159567 -0.190274 -0.219884 -0.248484 -0.276148 -0.302945 -0.328934 
-0.328824 -0.302827 -0.276022 -0.248349 -0.219739 -0.190117 -0.159397 -0.127484 -0.094267 -0.059620 -0.023398 0.014566 0.054469 0.096543 0.141064 0.188364 0.238847 0.293011 0.351483 0.415064 0.484798 0.562087 0.648868 0.747927 0.863470 1.002263 1.176132 1.408063 1.745106 2.095126 1.745106 1.408063 1.176132 1.002263 0.863470 0.747927 0.648868 0.562087 0.484798 0.415064 0.351483 0.293011 0.238847 0.188364 0.141064 0.096543 0.054469 0.014566 -0.023398 -0.059620 -0.094267 -0.127484 -0.159397 -0.190117 -0.219739 -0.248349 -0.276022 -0.302827 -0.328824 
-0.328939 -0.302950 -0.276154 -0.248490 -0.219890 -0.190281 -0.159575 -0.127677 -0.094477 -0.059851 -0.023653 0.014284 0.054155 0.096191 0.140666 0.187910 0.238323 0.292401 0.350762 0.414198 0.483739 0.560759 0.647152 0.745621 0.860207 0.997289 1.167654 1.390691 1.695876 1.956991 1.695876 1.390691 1.167654 0.997289 0.860207 0.745621 0.647152 0.560759 0.483739 0.414198 0.350762 0.292401 0.238323 0.187910 0.140666 0.096191 0.054155 0.014284 -0.023653 -0.059851 -0.094477 -0.127677 -0.159575 -0.190281 -0.219890 -0.248490 -0.276154 -0.302950 -0.328939 
-0.329830 -0.303901 -0.277171 -0.249581 -0.221065 -0.191548 -0.160947 -0.129168 -0.096105 -0.061635 -0.025618 0.012108 0.051731 0.093472 0.137593 0.184407 0.234291 0.287707 0.345224 0.407562 0.475635 0.550635 0.634138 0.728274 0.835954 0.961118 1.108596 1.281167 1.461530 1.555738 1.461530 1.281167 1.108596 0.961118 0.835954 0.728274 0.634138 0.550635 0.475635 0.407562 0.345224 0.287707 0.234291 0.184407 0.137593 0.093472 0.051731 0.012108 -0.025618 -0.061635 -0.096105 -0.129168 -0.160947 -0.191548 -0.221065 -0.249581 -0.277171 -0.303901 -0.329830 
-0.331597 -0.305787 -0.279188 -0.251744 -0.223391 -0.194057 -0.163663 -0.132118 -0.099322 -0.065159 -0.029497 0.007816 0.046955 0.088122 0.131557 0.177539 0.226404 0.278550 0.334462 0.394726 0.460062 0.531348 0.609653 0.696234 0.792432 0.899248 1.015924 1.135833 1.237532 1.280185 1.237532 1.135833 1.015924 0.899248 0.792432 0.696234 0.609653 0.531348 0.460062 0.394726 0.334462 0.278550 0.226404 0.177539 0.131557 0.088122 0.046955 0.007816 -0.029497 -0.065159 -0.099322 -0.132118 -0.163663 -0.194057 -0.223391 -0.251744 -0.279188 -0.305787 -0.331597 
-0.334229 -0.308594 -0.282189 -0.254960 -0.226847 -0.197783 -0.167693 -0.136493 -0.104089 -0.070375 -0.035230 0.001482 0.039918 0.080256 0.122702 0.167496 0.214911 0.265270 0.318942 0.376354 0.437987 0.504368 0.576019 0.653349 0.736374 0.824105 0.913261 0.996071 1.058216 1.081896 1.058216 0.996071 0.913261 0.824105 0.736374 0.653349 0.576019 0.504368 0.437987 0.376354 0.318942 0.265270 0.214911 0.167496 0.122702 0.080256 0.039918 0.001482 -0.035230 -0.070375 -0.104089 -0.136493 -0.167693 -0.197783 -0.226847 -0.254960 -0.282189 -0.308594 -0.334229 
-0.337709 -0.312302 -0.286151 -0.259204 -0.231405 -0.202693 -0.172998 -0.142245 -0.110348 -0.077212 -0.042733 -0.006791 0.030748 0.070034 0.111234 0.154538 0.200156 0.248320 0.299280 0.353295 0.410617 0.471444 0.535840 0.603583 0.673877 0.744865 0.812898 0.871788 0.912947 0.927900 0.912947 0.871788 0.812898 0.744865 0.673877 0.603583 0.535840 0.471444 0.410617 0.353295 0.299280 0.248320 0.200156 0.154538 0.111234 0.070034 0.030748 -0.006791 -0.042733 -0.077212 -0.110348 -0.142245 -0.172998 -0.202693 -0.231405 -0.259204 -0.286151 -0.312302 -0.337709 
-0.342014 -0.316888 -0.291046 -0.264442 -0.237026 -0.208740 -0.179524 -0.149310 -0.118024 -0.085584 -0.051900 -0.016873 0.019605 0.057652 0.097398 0.138979 0.182539 0.228223 0.276166 0.326477 0.379209 0.434303 0.491503 0.550211 0.609275 0.666695 0.719315 0.762724 0.791778 0.802057 0.791778 0.762724 0.719315 0.666695 0.609275 0.550211 0.491503 0.434303 0.379209 0.326477 0.276166 0.228223 0.182539 0.138979 0.097398 0.057652 0.019605 -0.016873 -0.051900 -0.085584 -0.118024 -0.149310 -0.179524 -0.208740 -0.237026 -0.264442 -0.291046 -0.316888 -0.342014 
-0.347118 -0.322320 -0.296839 -0.270636 -0.243663 -0.215872 -0.187209 -0.157617 -0.127032 -0.095387 -0.062609 -0.028619 0.006666 0.043332 0.081467 0.121160 0.162490 0.205525 0.250300 0.296802 0.344932 0.394457 0.444930 0.495587 0.545214 0.591999 0.633460 0.666545 0.688083 0.695581 0.688083 0.666545 0.633460 0.591999 0.545214 0.495587 0.444930 0.394457 0.344932 0.296802 0.250300 0.205525 0.162490 0.121160 0.081467 0.043332 0.006666 -0.028619 -0.062609 -0.095387 -0.127032 -0.157617 -0.187209 -0.215872 -0.243663 -0.270636 -0.296839 -0.322320 -0.347118 
-0.352991 -0.328563 -0.303492 -0.277739 -0.251265 -0.224029 -0.195985 -0.167084 -0.137277 -0.106509 -0.074725 -0.041866 -0.007875 0.027305 0.063724 0.101426 0.140436 0.180755 0.222339 0.265084 0.308789 0.353116 0.397534 0.441248 0.483129 0.521661 0.554960 0.580915 0.597498 0.603211 0.597498 0.580915 0.554960 0.521661 0.483129 0.441248 0.397534 0.353116 0.308789 0.265084 0.222339 0.180755 0.140436 0.101426 0.063724 0.027305 -0.007875 -0.041866 -0.074725 -0.106509 -0.137277 -0.167084 -0.195985 -0.224029 -0.251265 -0.277739 -0.303492 -0.328563 -0.352991 
-0.359599 -0.335581 -0.310959 -0.285701 -0.259775 -0.233145 -0.205774 -0.177624 -0.148656 -0.118830 -0.088107 -0.056449 -0.023820 0.009807 0.044451 0.080117 0.116785 0.154402 0.192868 0.232017 0.271587 0.311194 0.350288 0.388119 0.423702 0.455814 0.483042 0.503905 0.517063 0.521564 0.517063 0.503905 0.483042 0.455814 0.423702 0.388119 0.350288 0.311194 0.271587 0.232017 0.192868 0.154402 0.116785 0.080117 0.044451 0.009807 -0.023820 -0.056449 -0.088107 -0.118830 -0.148656 -0.177624 -0.205774 -0.233145 -0.259775 -0.285701 -0.310959 -0.335581 -0.359599 
-0.366904 -0.343331 -0.319195 -0.294471 -0.269132 -0.243150 -0.216497 -0.189144 -0.161064 -0.132228 -0.102614 -0.072202 -0.040976 -0.008934 0.023917 0.057548 0.091905 0.126897 0.162386 0.198166 0.233950 0.269343 0.303820 0.336708 0.367177 0.394255 0.416882 0.434002 0.444696 0.448336 0.444696 0.434002 0.416882 0.394255 0.367177 0.336708 0.303820 0.269343 0.233950 0.198166 0.162386 0.126897 0.091905 0.057548 0.023917 -0.008934 -0.040976 -0.072202 -0.102614 -0.132228 -0.161064 -0.189144 -0.216497 -0.243150 -0.269132 -0.294471 -0.319195 -0.343331 -0.366904 
-0.374869 -0.351769 -0.328150 -0.303992 -0.279274 -0.253975 -0.228075 -0.201553 -0.174394 -0.146581 -0.118105 -0.088962 -0.059156 -0.028701 0.002370 0.034004 0.066123 0.098609 0.131301 0.163976 0.196340 0.228013 0.258515 0.287261 0.313562 0.336651 0.355727 0.370021 0.378888 0.381894 0.378888 0.370021 0.355727 0.336651 0.313562 0.287261 0.258515 0.228013 0.196340 0.163976 0.131301 0.098609 0.066123 0.034004 0.002370 -0.028701 -0.059156 -0.088962 -0.118105 -0.146581 -0.174394 -0.201553 -0.228075 -0.253975 -0.279274 -0.303992 -0.328150 -0.351769 -0.374869 
-0.383453 -0.360850 -0.337774 -0.314208 -0.290137 -0.265546 -0.240424 -0.214758 -0.188541 -0.161770 -0.134445 -0.106576 -0.078183 -0.049297 -0.019966 0.009738 0.039719 0.069845 0.099942 0.129784 0.159088 0.187498 0.214589 0.239858 0.262742 0.282634 0.298921 0.311035 0.318509 0.321036 0.318509 0.311035 0.298921 0.282634 0.262742 0.239858 0.214589 0.187498 0.159088 0.129784 0.099942 0.069845 0.039719 0.009738 -0.019966 -0.049297 -0.078183 -0.106576 -0.134445 -0.161770 -0.188541 -0.214758 -0.240424 -0.265546 -0.290137 -0.314208 -0.337774 -0.360850 -0.383453 
-0.392615 -0.370530 -0.348016 -0.325061 -0.301656 -0.277792 -0.253464 -0.228668 -0.203405 -0.177680 -0.151505 -0.124900 -0.097898 -0.070541 -0.042892 -0.015033 0.012928 0.040853 0.068564 0.095843 0.122422 0.147979 0.172142 0.194486 0.214548 0.231847 0.245910 0.256308 0.262696 0.264851 0.262696 0.256308 0.245910 0.231847 0.214548 0.194486 0.172142 0.147979 0.122422 0.095843 0.068564 0.040853 0.012928 -0.015033 -0.042892 -0.070541 -0.097898 -0.124900 -0.151505 -0.177680 -0.203405 -0.228668 -0.253464 -0.277792 -0.301656 -0.325061 -0.348016 -0.370530 -0.392615 
-0.402312 -0.380761 -0.358824 -0.336495 -0.313769 -0.290644 -0.267119 -0.243198 -0.218888 -0.194204 -0.169165 -0.143802 -0.118154 -0.092276 -0.066236 -0.040125 -0.014056 0.011831 0.037363 0.062333 0.086493 0.109559 0.131205 0.151075 0.168789 0.183963 0.196225 0.205249 0.210776 0.212637 0.210776 0.205249 0.196225 0.183963 0.168789 0.151075 0.131205 0.109559 0.086493 0.062333 0.037363 0.011831 -0.014056 -0.040125 -0.066236 -0.092276 -0.118154 -0.143802 -0.169165 -0.194204 -0.218888 -0.243198 -0.267119 -0.290644 -0.313769 -0.336495 -0.358824 -0.380761 -0.402312 
-0.412505 -0.391498 -0.370149 -0.348454 -0.326415 -0.304032 -0.281312 -0.258263 -0.234900 -0.211243 -0.187318 -0.163163 -0.138824 -0.114362 -0.089850 -0.065384 -0.041076 -0.017065 0.006484 0.029379 0.051397 0.072284 0.091761 0.109528 0.125273 0.138686 0.149473 0.157382 0.162211 0.163836 0.162211 0.157382 0.149473 0.138686 0.125273 0.109528 0.091761 0.072284 0.051397 0.029379 0.006484 -0.017065 -0.041076 -0.065384 -0.089850 -0.114362 -0.138824 -0.163163 -0.187318 -0.211243 -0.234900 -0.258263 -0.281312 -0.304032 -0.326415 -0.348454 -0.370149 -0.391498 -0.412505 
-0.423151 -0.402696 -0.381941 -0.360885 -0.339534 -0.317894 -0.295974 -0.273789 -0.251357 -0.228705 -0.205864 -0.182877 -0.159794 -0.136680 -0.113612 -0.090684 -0.068009 -0.045718 -0.023967 -0.002932 0.017186 0.036166 0.053767 0.069737 0.083817 0.095756 0.105321 0.112310 0.116570 0.118001 0.116570 0.112310 0.105321 0.095756 0.083817 0.069737 0.053767 0.036166 0.017186 -0.002932 -0.023967 -0.045718 -0.068009 -0.090684 -0.113612 -0.136680 -0.159794 -0.182877 -0.205864 -0.228705 -0.251357 -0.273789 -0.295974 -0.317894 -0.339534 -0.360885 -0.381941 -0.402696 -0.423151 
-0.434211 -0.414312 -0.394153 -0.373737 -0.353072 -0.332168 -0.311038 -0.289702 -0.268182 -0.246508 -0.224715 -0.202850 -0.180965 -0.159128 -0.137416 -0.115923 -0.094755 -0.074038 -0.053916 -0.034548 -0.016115 0.001191 0.017163 0.031587 0.044250 0.054945 0.063486 0.069710 0.073496 0.074767 0.073496 0.069710 0.063486 0.054945 0.044250 0.031587 0.017163 0.001191 -0.016115 -0.034548 -0.053916 -0.074038 -0.094755 -0.115923 -0.137416 -0.159128 -0.180965 -0.202850 -0.224715 -0.246508 -0.268182 -0.289702 -0.311038 -0.332168 -0.353072 -0.373737 -0.394153 -0.414312 -0.434211 
-0.445647 -0.426304 -0.406739 -0.386959 -0.366974 -0.346796 -0.326444 -0.305938 -0.285304 -0.264576 -0.243792 -0.223000 -0.202254 -0.181622 -0.161180 -0.141018 -0.121239 -0.101960 -0.083312 -0.065440 -0.048503 -0.032671 -0.018120 -0.005031 0.006416 0.016053 0.023726 0.029307 0.032696 0.033833 0.032696 0.029307 0.023726 0.016053 0.006416 -0.005031 -0.018120 -0.032671 -0.048503 -0.065440 -0.083312 -0.101960 -0.121239 -0.141018 -0.161180 -0.181622 -0.202254 -0.223000 -0.243792 -0.264576 -0.285304 -0.305938 -0.326444 -0.346796 -0.366974 -0.386959 -0.406739 -0.426304 -0.445647 
-0.457420 -0.438633 -0.419658 -0.400506 -0.381191 -0.361726 -0.342133 -0.322435 -0.302661 -0.282845 -0.263027 -0.243256 -0.223589 -0.204090 -0.184833 -0.165906 -0.147405 -0.129437 -0.112124 -0.095595 -0.079990 -0.065459 -0.052153 -0.040225 -0.029826 -0.021097 -0.014163 -0.009130 -0.006077 -0.005053 -0.006077 -0.009130 -0.014163 -0.021097 -0.029826 -0.040225 -0.052153 -0.065459 -0.079990 -0.095595 -0.112124 -0.129437 -0.147405 -0.165906 -0.184833 -0.204090 -0.223589 -0.243256 -0.263027 -0.282845 -0.302661 -0.322435 -0.342133 -0.361726 -0.381191 -0.400506 -0.419658 -0.438633 -0.457420 
-0.469497 -0.451259 -0.432868 -0.414335 -0.395677 -0.376910 -0.358056 -0.339141 -0.320195 -0.301254 -0.282359 -0.263559 -0.244909 -0.226472 -0.208321 -0.190537 -0.173210 -0.156439 -0.140334 -0.125012 -0.110597 -0.097218 -0.085006 -0.074093 -0.064605 -0.056660 -0.050362 -0.045797 -0.043031 -0.042105 -0.043031 -0.045797 -0.050362 -0.056660 -0.064605 -0.074093 -0.085006 -0.097218 -0.110597 -0.125012 -0.140334 -0.156439 -0.173210 -0.190537 -0.208321 -0.226472 -0.244909 -0.263559 -0.282359 -0.301254 -0.320195 -0.339141 -0.358056 -0.376910 -0.395677 -0.414335 -0.432868 -0.451259 -0.469497 
-0.481842 -0.464147 -0.446330 -0.428406 -0.410390 -0.392302 -0.374166 -0.356007 -0.337857 -0.319754 -0.301737 -0.283856 -0.266164 -0.248722 -0.231599 -0.214872 -0.198624 -0.182946 -0.167937 -0.153701 -0.140350 -0.127995 -0.116750 -0.106727 -0.098035 -0.090771 -0.085024 -0.080864 -0.078346 -0.077503 -0.078346 -0.080864 -0.085024 -0.090771 -0.098035 -0.106727 -0.116750 -0.127995 -0.140350 -0.153701 -0.167937 -0.182946 -0.198624 -0.214872 -0.231599 -0.248722 -0.266164 -0.283856 -0.301737 -0.319754 -0.337857 -0.356007 -0.374166 -0.392302 -0.410390 -0.428406 -0.446330 -0.464147 -0.481842 
-0.494425 -0.477264 -0.460011 -0.442681 -0.425291 -0.407862 -0.390419 -0.372988 -0.355603 -0.338298 -0.321116 -0.304103 -0.287312 -0.270800 -0.254634 -0.238883 -0.223626 -0.208946 -0.194932 -0.181677 -0.169279 -0.157837 -0.147450 -0.138214 -0.130220 -0.123552 -0.118285 -0.114477 -0.112174 -0.111403 -0.112174 -0.114477 -0.118285 -0.123552 -0.130220 -0.138214 -0.147450 -0.157837 -0.169279 -0.181677 -0.194932 -0.208946 -0.223626 -0.238883 -0.254634 -0.270800 -0.287312 -0.304103 -0.321116 -0.338298 -0.355603 -0.372988 -0.390419 -0.407862 -0.425291 -0.442681 -0.460011 -0.477264 -0.494425 
-0.507216 -0.490579 -0.473877 -0.457126 -0.440344 -0.423553 -0.406779 -0.390048 -0.373392 -0.356849 -0.340458 -0.324264 -0.308319 -0.292676 -0.277398 -0.262550 -0.248204 -0.234436 -0.221327 -0.208959 -0.197419 -0.186794 -0.177170 -0.168630 -0.161253 -0.155110 -0.150263 -0.146763 -0.144647 -0.143939 -0.144647 -0.146763 -0.150263 -0.155110 -0.161253 -0.168630 -0.177170 -0.186794 -0.197419 -0.208959 -0.221327 -0.234436 -0.248204 -0.262550 -0.277398 -0.292676 -0.308319 -0.324264 -0.340458 -0.356849 -0.373392 -0.390048 -0.406779 -0.423553 -0.440344 -0.457126 -0.473877 -0.490579 -0.507216 
-0.520187 -0.504062 -0.487898 -0.471709 -0.455517 -0.439343 -0.423211 -0.407151 -0.391193 -0.375373 -0.359731 -0.344309 -0.329157 -0.314326 -0.299873 -0.285860 -0.272352 -0.259419 -0.247132 -0.235568 -0.224802 -0.214910 -0.205968 -0.198048 -0.191218 -0.185538 -0.181062 -0.177833 -0.175882 -0.175230 -0.175882 -0.177833 -0.181062 -0.185538 -0.191218 -0.198048 -0.205968 -0.214910 -0.224802 -0.235568 -0.247132 -0.259419 -0.272352 -0.285860 -0.299873 -0.314326 -0.329157 -0.344309 -0.359731 -0.375373 -0.391193 -0.407151 -0.423211 -0.439343 -0.455517 -0.471709 -0.487898 -0.504062 -0.520187 
-0.533312 -0.517688 -0.502045 -0.486403 -0.470781 -0.455200 -0.439686 -0.424267 -0.408974 -0.393841 -0.378907 -0.364213 -0.349804 -0.335730 -0.322044 -0.308803 -0.296067 -0.283898 -0.272363 -0.261528 -0.251461 -0.242230 -0.233900 -0.226534 -0.220190 -0.214923 -0.210775 -0.207786 -0.205981 -0.205378 -0.205981 -0.207786 -0.210775 -0.214923 -0.220190 -0.226534 -0.233900 -0.242230 -0.251461 -0.261528 -0.272363 -0.283898 -0.296067 -0.308803 -0.322044 -0.335730 -0.349804 -0.364213 -0.378907 -0.393841 -0.408974 -0.424267 -0.439686 -0.455200 -0.470781 -0.486403 -0.502045 -0.517688 -0.533312 
-0.546568 -0.531430 -0.516295 -0.501182 -0.486109 -0.471099 -0.456178 -0.441372 -0.426711 -0.412230 -0.397965 -0.383955 -0.370243 -0.356876 -0.343902 -0.331376 -0.319350 -0.307884 -0.297035 -0.286864 -0.277431 -0.268795 -0.261016 -0.254147 -0.248239 -0.243339 -0.239485 -0.236708 -0.235033 -0.234473 -0.235033 -0.236708 -0.239485 -0.243339 -0.248239 -0.254147 -0.261016 -0.268795 -0.277431 -0.286864 -0.297035 -0.307884 -0.319350 -0.331376 -0.343902 -0.356876 -0.370243 -0.383955 -0.397965 -0.412230 -0.426711 -0.441372 -0.456178 -0.471099 -0.486109 -0.501182 -0.516295 -0.531430 -0.546568 
-0.559931 -0.545267 -0.530624 -0.516021 -0.501478 -0.487017 -0.472662 -0.458441 -0.444383 -0.430519 -0.416885 -0.403518 -0.390460 -0.377752 -0.365442 -0.353576 -0.342207 -0.331385 -0.321164 -0.311599 -0.302742 -0.294647 -0.287364 -0.280943 -0.275427 -0.270855 -0.267263 -0.264677 -0.263117 -0.262595 -0.263117 -0.264677 -0.267263 -0.270855 -0.275427 -0.280943 -0.287364 -0.294647 -0.302742 -0.311599 -0.321164 -0.331385 -0.342207 -0.353576 -0.365442 -0.377752 -0.390460 -0.403518 -0.416885 -0.430519 -0.444383 -0.458441 -0.472662 -0.487017 -0.501478 -0.516021 -0.530624 -0.545267 -0.559931 
-0.573383 -0.559177 -0.545010 -0.530900 -0.516867 -0.502932 -0.489120 -0.475456 -0.461969 -0.448690 -0.435652 -0.422891 -0.410444 -0.398353 -0.386659 -0.375407 -0.364643 -0.354415 -0.344770 -0.335758 -0.327426 -0.319822 -0.312989 -0.306972 -0.301808 -0.297533 -0.294176 -0.291760 -0.290304 -0.289817 -0.290304 -0.291760 -0.294176 -0.297533 -0.301808 -0.306972 -0.312989 -0.319822 -0.327426 -0.335758 -0.344770 -0.354415 -0.364643 -0.375407 -0.386659 -0.398353 -0.410444 -0.422891 -0.435652 -0.448690 -0.461969 -0.475456 -0.489120 -0.502932 -0.516867 -0.530900 -0.545010 -0.559177 -0.573383 
-0.586905 -0.573143 -0.559436 -0.545801 -0.532257 -0.518827 -0.505533 -0.492400 -0.479456 -0.466730 -0.454255 -0.442063 -0.430190 -0.418673 -0.407553 -0.396871 -0.386667 -0.376986 -0.367871 -0.359366 -0.351513 -0.344355 -0.337932 -0.332280 -0.327436 -0.323428 -0.320283 -0.318021 -0.316657 -0.316202 -0.316657 -0.318021 -0.320283 -0.323428 -0.327436 -0.332280 -0.337932 -0.344355 -0.351513 -0.359366 -0.367871 -0.376986 -0.386667 -0.396871 -0.407553 -0.418673 -0.430190 -0.442063 -0.454255 -0.466730 -0.479456 -0.492400 -0.505533 -0.518827 -0.532257 -0.545801 -0.559436 -0.573143 -0.586905 
