37 37
2.035752e-01 0 5
-1.167013 -1.146135 -1.125366 -1.104785 -1.084480 -1.064557 -1.045132 -1.026338 -1.008322 -0.991245 -0.975278 -0.960600 -0.947394 -0.935842 -0.926115 -0.918369 -0.912735 -0.909313 -0.908165 -0.909313 -0.912735 -0.918369 -0.926115 -0.935842 -0.947394 -0.960600 -0.975278 -0.991245 -1.008322 -1.026338 -1.045132 -1.064557 -1.084480 -1.104785 -1.125366 -1.146135 -1.167013 
-1.146747 -1.124719 -1.102733 -1.080868 -1.059217 -1.037888 -1.017009 -0.996722 -0.977192 -0.958598 -0.941137 -0.925018 -0.910457 -0.897672 -0.886871 -0.878245 -0.871957 -0.868132 -0.866848 -0.868132 -0.871957 -0.878245 -0.886871 -0.897672 -0.910457 -0.925018 -0.941137 -0.958598 -0.977192 -0.996722 -1.017009 -1.037888 -1.059217 -1.080868 -1.102733 -1.124719 -1.146747 
-1.126657 -1.103418 -1.080142 -1.056905 -1.033803 -1.010949 -0.988476 -0.966540 -0.945320 -0.925018 -0.905859 -0.888087 -0.871957 -0.857732 -0.845668 -0.836001 -0.828935 -0.824629 -0.823182 -0.824629 -0.828935 -0.836001 -0.845668 -0.857732 -0.871957 -0.888087 -0.905859 -0.925018 -0.945320 -0.966540 -0.988476 -1.010949 -1.033803 -1.056905 -1.080142 -1.103418 -1.126657 
-1.106825 -1.082317 -1.057677 -1.032981 -1.008322 -0.983816 -0.959600 -0.935842 -0.912735 -0.890507 -0.869412 -0.849734 -0.831778 -0.815861 -0.802298 -0.791387 -0.783387 -0.778500 -0.776856 -0.778500 -0.783387 -0.791387 -0.802298 -0.815861 -0.831778 -0.849734 -0.869412 -0.890507 -0.912735 -0.935842 -0.959600 -0.983816 -1.008322 -1.032981 -1.057677 -1.082317 -1.106825 
-1.087346 -1.061514 -1.035443 -1.009200 -0.982877 -0.956586 -0.930469 -0.904701 -0.879490 -0.855086 -0.831778 -0.809896 -0.789801 -0.771880 -0.756524 -0.744111 -0.734973 -0.729377 -0.727492 -0.729377 -0.734973 -0.744111 -0.756524 -0.771880 -0.789801 -0.809896 -0.831778 -0.855086 -0.879490 -0.904701 -0.930469 -0.956586 -0.982877 -1.009200 -1.035443 -1.061514 -1.087346 
-1.068325 -1.041125 -1.013558 -0.985687 -0.957593 -0.929386 -0.901203 -0.873223 -0.845668 -0.818807 -0.792966 -0.768524 -0.745911 -0.725597 -0.708075 -0.693826 -0.683287 -0.676811 -0.674626 -0.676811 -0.683287 -0.693826 -0.708075 -0.725597 -0.745911 -0.768524 -0.792966 -0.818807 -0.845668 -0.873223 -0.901203 -0.929386 -0.957593 -0.985687 -1.013558 -1.041125 -1.068325 
-1.049885 -1.021278 -0.992164 -0.962590 -0.932628 -0.902373 -0.871957 -0.841556 -0.811396 -0.781765 -0.753021 -0.725597 -0.700002 -0.676811 -0.656642 -0.640121 -0.627829 -0.620243 -0.617677 -0.620243 -0.627829 -0.640121 -0.656642 -0.676811 -0.700002 -0.725597 -0.753021 -0.781765 -0.811396 -0.841556 -0.871957 -0.902373 -0.932628 -0.962590 -0.992164 -1.021278 -1.049885 
-1.032157 -1.002121 -0.971420 -0.940084 -0.908165 -0.875743 -0.842932 -0.809896 -0.776856 -0.744111 -0.712044 -0.681142 -0.652000 -0.625318 -0.601880 -0.582506 -0.567981 -0.558968 -0.555912 -0.558968 -0.567981 -0.582506 -0.601880 -0.625318 -0.652000 -0.681142 -0.712044 -0.744111 -0.776856 -0.809896 -0.842932 -0.875743 -0.908165 -0.940084 -0.971420 -1.002121 -1.032157 
-1.015287 -0.983816 -0.951507 -0.918369 -0.884427 -0.849734 -0.814379 -0.778500 -0.742302 -0.706074 -0.670214 -0.635255 -0.601880 -0.570935 -0.543411 -0.520395 -0.502972 -0.492082 -0.488375 -0.492082 -0.502972 -0.520395 -0.543411 -0.570935 -0.601880 -0.635255 -0.670214 -0.706074 -0.742302 -0.778500 -0.814379 -0.849734 -0.884427 -0.918369 -0.951507 -0.983816 -1.015287 
-0.999431 -0.966540 -0.932628 -0.897672 -0.861667 -0.824629 -0.786608 -0.747701 -0.708075 -0.667988 -0.627829 -0.588151 -0.549717 -0.513530 -0.480840 -0.453096 -0.431820 -0.418394 -0.413800 -0.418394 -0.431820 -0.453096 -0.480840 -0.513530 -0.549717 -0.588151 -0.627829 -0.667988 -0.708075 -0.747701 -0.786608 -0.824629 -0.861667 -0.897672 -0.932628 -0.966540 -0.999431 
-0.984753 -0.950483 -0.914999 -0.878245 -0.840175 -0.800759 -0.759994 -0.717915 -0.674626 -0.630322 -0.585340 -0.540214 -0.495750 -0.453096 -0.413800 -0.379799 -0.353268 -0.336302 -0.330454 -0.336302 -0.353268 -0.379799 -0.413800 -0.453096 -0.495750 -0.540214 -0.585340 -0.630322 -0.674626 -0.717915 -0.759994 -0.800759 -0.840175 -0.878245 -0.914999 -0.950483 -0.984753 
-0.971420 -0.935842 -0.898853 -0.860360 -0.820272 -0.778500 -0.734973 -0.689648 -0.642529 -0.593707 -0.543411 -0.492082 -0.440488 -0.389862 -0.342051 -0.299610 -0.265689 -0.243581 -0.235879 -0.243581 -0.265689 -0.299610 -0.342051 -0.389862 -0.440488 -0.492082 -0.543411 -0.593707 -0.642529 -0.689648 -0.734973 -0.778500 -0.820272 -0.860360 -0.898853 -0.935842 -0.971420 
-0.959600 -0.922815 -0.884427 -0.844302 -0.802298 -0.758263 -0.712044 -0.663493 -0.612490 -0.558968 -0.502972 -0.444742 -0.384867 -0.324505 -0.265689 -0.211661 -0.166988 -0.137032 -0.126422 -0.137032 -0.166988 -0.211661 -0.265689 -0.324505 -0.384867 -0.444742 -0.502972 -0.558968 -0.612490 -0.663493 -0.712044 -0.758263 -0.802298 -0.844302 -0.884427 -0.922815 -0.959600 
-0.949456 -0.911598 -0.871957 -0.830359 -0.786608 -0.740484 -0.691743 -0.640121 -0.585340 -0.527128 -0.465259 -0.399638 -0.330454 -0.258479 -0.185573 -0.115467 -0.054569 -0.011876 0.003663 -0.011876 -0.054569 -0.115467 -0.185573 -0.258479 -0.330454 -0.399638 -0.465259 -0.527128 -0.585340 -0.640121 -0.691743 -0.740484 -0.786608 -0.830359 -0.871957 -0.911598 -0.949456 
-0.941137 -0.902373 -0.861667 -0.818807 -0.773546 -0.725597 -0.674626 -0.620243 -0.561999 -0.499380 -0.431820 -0.358741 -0.279666 -0.194495 -0.104141 -0.011876 0.074292 0.139305 0.164166 0.139305 0.074292 -0.011876 -0.104141 -0.194495 -0.279666 -0.358741 -0.431820 -0.499380 -0.561999 -0.620243 -0.674626 -0.725597 -0.773546 -0.818807 -0.861667 -0.902373 -0.941137 
-0.934773 -0.895299 -0.853755 -0.809896 -0.763430 -0.714012 -0.661224 -0.604563 -0.543411 -0.477010 -0.404424 -0.324505 -0.235879 -0.137032 -0.026723 0.094576 0.220332 0.328079 0.373623 0.328079 0.220332 0.094576 -0.026723 -0.137032 -0.235879 -0.324505 -0.404424 -0.477010 -0.543411 -0.604563 -0.661224 -0.714012 -0.763430 -0.809896 -0.853755 -0.895299 -0.934773 
-0.930469 -0.890507 -0.848384 -0.803831 -0.756524 -0.706074 -0.652000 -0.593707 -0.530446 -0.461252 -0.384867 -0.299610 -0.203187 -0.092419 0.037104 0.191054 0.373623 0.568326 0.672174 0.568326 0.373623 0.191054 0.037104 -0.092419 -0.203187 -0.299610 -0.384867 -0.461252 -0.530446 -0.593707 -0.652000 -0.706074 -0.756524 -0.803831 -0.848384 -0.890507 -0.930469 
-0.928298 -0.888087 -0.845668 -0.800759 -0.753021 -0.702038 -0.647296 -0.588151 -0.523778 -0.453096 -0.374654 -0.286445 -0.185573 -0.067668 0.074292 0.252473 0.489781 0.826107 1.132324 0.826107 0.489781 0.252473 0.074292 -0.067668 -0.185573 -0.286445 -0.374654 -0.453096 -0.523778 -0.588151 -0.647296 -0.702038 -0.753021 -0.800759 -0.845668 -0.888087 -0.928298 
-0.928026 -0.887783 -0.845327 -0.800374 -0.752581 -0.701530 -0.646704 -0.587450 -0.522935 -0.452062 -0.373356 -0.284763 -0.183306 -0.064441 0.079247 0.261023 0.507708 0.879647 1.296647 0.879647 0.507708 0.261023 0.079247 -0.064441 -0.183306 -0.284763 -0.373356 -0.452062 -0.522935 -0.587450 -0.646704 -0.701530 -0.752581 -0.800374 -0.845327 -0.887783 -0.928026 
-0.928310 -0.888100 -0.845683 -0.800776 -0.753040 -0.702060 -0.647322 -0.588182 -0.523814 -0.453140 -0.374711 -0.286518 -0.185671 -0.067807 0.074078 0.252106 0.489024 0.823971 1.126796 0.823971 0.489024 0.252106 0.074078 -0.067807 -0.185671 -0.286518 -0.374711 -0.453140 -0.523814 -0.588182 -0.647322 -0.702060 -0.753040 -0.800776 -0.845683 -0.888100 -0.928310 
-0.930504 -0.890546 -0.848427 -0.803880 -0.756581 -0.706139 -0.652075 -0.593796 -0.530552 -0.461382 -0.385030 -0.299819 -0.203465 -0.092805 0.036535 0.190149 0.372046 0.565464 0.668237 0.565464 0.372046 0.190149 0.036535 -0.092805 -0.203465 -0.299819 -0.385030 -0.461382 -0.530552 -0.593796 -0.652075 -0.706139 -0.756581 -0.803880 -0.848427 -0.890546 -0.930504 
-0.934831 -0.895363 -0.853827 -0.809977 -0.763522 -0.714117 -0.661347 -0.604707 -0.543582 -0.477217 -0.404680 -0.324828 -0.236298 -0.137594 -0.027504 0.093452 0.218688 0.325797 0.371002 0.325797 0.218688 0.093452 -0.027504 -0.137594 -0.236298 -0.324828 -0.404680 -0.477217 -0.543582 -0.604707 -0.661347 -0.714117 -0.763522 -0.809977 -0.853827 -0.895363 -0.934831 
-0.941216 -0.902461 -0.861765 -0.818918 -0.773672 -0.725740 -0.674791 -0.620435 -0.562226 -0.499651 -0.432150 -0.359150 -0.280182 -0.195158 -0.105008 -0.013018 0.072813 0.137506 0.162226 0.137506 0.072813 -0.013018 -0.105008 -0.195158 -0.280182 -0.359150 -0.432150 -0.499651 -0.562226 -0.620435 -0.674791 -0.725740 -0.773672 -0.818918 -0.861765 -0.902461 -0.941216 
-0.949556 -0.911708 -0.872080 -0.830497 -0.786763 -0.740660 -0.691945 -0.640355 -0.585613 -0.527450 -0.465645 -0.400104 -0.331025 -0.259183 -0.186447 -0.116543 -0.055860 -0.013343 0.002126 -0.013343 -0.055860 -0.116543 -0.186447 -0.259183 -0.331025 -0.400104 -0.465645 -0.527450 -0.585613 -0.640355 -0.691945 -0.740660 -0.786763 -0.830497 -0.872080 -0.911708 -0.949556 
-0.959719 -0.922946 -0.884572 -0.844464 -0.802480 -0.758468 -0.712277 -0.663761 -0.612799 -0.559328 -0.503394 -0.445242 -0.385462 -0.325214 -0.266532 -0.212650 -0.168116 -0.138265 -0.127695 -0.138265 -0.168116 -0.212650 -0.266532 -0.325214 -0.385462 -0.445242 -0.503394 -0.559328 -0.612799 -0.663761 -0.712277 -0.758468 -0.802480 -0.844464 -0.884572 -0.922946 -0.959719 
-0.971555 -0.935991 -0.899018 -0.860543 -0.820476 -0.778729 -0.735232 -0.689941 -0.642864 -0.594092 -0.543855 -0.492597 -0.441086 -0.390554 -0.342848 -0.300511 -0.266685 -0.244644 -0.236966 -0.244644 -0.266685 -0.300511 -0.342848 -0.390554 -0.441086 -0.492597 -0.543855 -0.594092 -0.642864 -0.689941 -0.735232 -0.778729 -0.820476 -0.860543 -0.899018 -0.935991 -0.971555 
-0.984903 -0.950649 -0.915181 -0.878446 -0.840398 -0.801008 -0.760272 -0.718228 -0.674979 -0.630722 -0.585795 -0.540732 -0.496338 -0.453761 -0.414545 -0.380622 -0.354157 -0.337236 -0.331404 -0.337236 -0.354157 -0.380622 -0.414545 -0.453761 -0.496338 -0.540732 -0.585795 -0.630722 -0.674979 -0.718228 -0.760272 -0.801008 -0.840398 -0.878446 -0.915181 -0.950649 -0.984903 
-0.999596 -0.966720 -0.932824 -0.897888 -0.861905 -0.824893 -0.786901 -0.748028 -0.708439 -0.668396 -0.628286 -0.588663 -0.550288 -0.514163 -0.481535 -0.453849 -0.432621 -0.419227 -0.414645 -0.419227 -0.432621 -0.453849 -0.481535 -0.514163 -0.550288 -0.588663 -0.628286 -0.668396 -0.708439 -0.748028 -0.786901 -0.824893 -0.861905 -0.897888 -0.932824 -0.966720 -0.999596 
-1.015463 -0.984007 -0.951716 -0.918597 -0.884677 -0.850009 -0.814682 -0.778835 -0.742672 -0.706483 -0.670668 -0.635755 -0.602430 -0.571535 -0.544060 -0.521089 -0.503701 -0.492835 -0.489136 -0.492835 -0.503701 -0.521089 -0.544060 -0.571535 -0.602430 -0.635755 -0.670668 -0.706483 -0.742672 -0.778835 -0.814682 -0.850009 -0.884677 -0.918597 -0.951716 -0.984007 -1.015463 
-1.032343 -1.002322 -0.971638 -0.940322 -0.908425 -0.876026 -0.843242 -0.810235 -0.777228 -0.744518 -0.712489 -0.681627 -0.652527 -0.625887 -0.602488 -0.583148 -0.568650 -0.559655 -0.556604 -0.559655 -0.568650 -0.583148 -0.602488 -0.625887 -0.652527 -0.681627 -0.712489 -0.744518 -0.777228 -0.810235 -0.843242 -0.876026 -0.908425 -0.940322 -0.971638 -1.002322 -1.032343 
-1.050080 -1.021488 -0.992390 -0.962836 -0.932894 -0.902661 -0.872271 -0.841897 -0.811766 -0.782167 -0.753456 -0.726067 -0.700507 -0.677349 -0.657212 -0.640718 -0.628447 -0.620874 -0.618314 -0.620874 -0.628447 -0.640718 -0.657212 -0.677349 -0.700507 -0.726067 -0.753456 -0.782167 -0.811766 -0.841897 -0.872271 -0.902661 -0.932894 -0.962836 -0.992390 -1.021488 -1.050080 
-1.068527 -1.041341 -1.013791 -0.985938 -0.957864 -0.929677 -0.901518 -0.873563 -0.846034 -0.819201 -0.793389 -0.768976 -0.746393 -0.726108 -0.708611 -0.694383 -0.683862 -0.677396 -0.675214 -0.677396 -0.683862 -0.694383 -0.708611 -0.726108 -0.746393 -0.768976 -0.793389 -0.819201 -0.846034 -0.873563 -0.901518 -0.929677 -0.957864 -0.985938 -1.013791 -1.041341 -1.068527 
-1.087553 -1.061736 -1.035680 -1.009454 -0.983150 -0.956879 -0.930783 -0.905037 -0.879850 -0.855471 -0.832189 -0.810332 -0.790262 -0.772364 -0.757030 -0.744634 -0.735510 -0.729923 -0.728040 -0.729923 -0.735510 -0.744634 -0.757030 -0.772364 -0.790262 -0.810332 -0.832189 -0.855471 -0.879850 -0.905037 -0.930783 -0.956879 -0.983150 -1.009454 -1.035680 -1.061736 -1.087553 
-1.107037 -1.082542 -1.057918 -1.033238 -1.008596 -0.984108 -0.959912 -0.936174 -0.913089 -0.890882 -0.869810 -0.850154 -0.832219 -0.816322 -0.802777 -0.791880 -0.783891 -0.779011 -0.777370 -0.779011 -0.783891 -0.791880 -0.802777 -0.816322 -0.832219 -0.850154 -0.869810 -0.890882 -0.913089 -0.936174 -0.959912 -0.984108 -1.008596 -1.033238 -1.057918 -1.082542 -1.107037 
-1.126872 -1.103646 -1.080384 -1.057163 -1.034077 -1.011240 -0.988785 -0.966867 -0.945666 -0.925384 -0.906245 -0.888491 -0.872380 -0.858172 -0.846122 -0.836467 -0.829410 -0.825110 -0.823665 -0.825110 -0.829410 -0.836467 -0.846122 -0.858172 -0.872380 -0.888491 -0.906245 -0.925384 -0.945666 -0.966867 -0.988785 -1.011240 -1.034077 -1.057163 -1.080384 -1.103646 -1.126872 
-1.146964 -1.124949 -1.102977 -1.081126 -1.059489 -1.038176 -1.017313 -0.997044 -0.977530 -0.958954 -0.941510 -0.925408 -0.910862 -0.898091 -0.887303 -0.878687 -0.872407 -0.868587 -0.867304 -0.868587 -0.872407 -0.878687 -0.887303 -0.898091 -0.910862 -0.925408 -0.941510 -0.958954 -0.977530 -0.997044 -1.017313 -1.038176 -1.059489 -1.081126 -1.102977 -1.124949 -1.146964 
-1.167231 -1.146366 -1.125610 -1.105041 -1.084751 -1.064841 -1.045431 -1.026653 -1.008653 -0.991591 -0.975639 -0.960975 -0.947783 -0.936243 -0.926527 -0.918789 -0.913162 -0.909744 -0.908598 -0.909744 -0.913162 -0.918789 -0.926527 -0.936243 -0.947783 -0.960975 -0.975639 -0.991591 -1.008653 -1.026653 -1.045431 -1.064841 -1.084751 -1.105041 -1.125610 -1.146366 -1.167231 
