61 61
1.690441e+00 0 5
0.196078 0.214166 0.232106 0.249875 0.267449 0.284801 0.301904 0.318726 0.335238 0.351406 0.367196 0.382571 0.397495 0.411929 0.425833 0.439168 0.451892 0.463966 0.475347 0.485996 0.495873 0.504941 0.513163 0.520505 0.526937 0.532429 0.536958 0.540502 0.543046 0.544577 0.545088 0.544577 0.543046 0.540502 0.536958 0.532429 0.526937 0.520505 0.513163 0.504941 0.495873 0.485996 0.475347 0.463966 0.451892 0.439168 0.425833 0.411929 0.397495 0.382571 0.367196 0.351406 0.335238 0.318726 0.301904 0.284801 0.267449 0.249875 0.232106 0.214166 0.196078 
0.213855 0.232425 0.250858 0.269131 0.287218 0.305093 0.322725 0.340085 0.357140 0.373854 0.390193 0.406117 0.421589 0.436566 0.451007 0.464869 0.478108 0.490680 0.502542 0.513650 0.523960 0.533433 0.542027 0.549707 0.556438 0.562188 0.566932 0.570646 0.573312 0.574916 0.575452 0.574916 0.573312 0.570646 0.566932 0.562188 0.556438 0.549707 0.542027 0.533433 0.523960 0.513650 0.502542 0.490680 0.478108 0.464869 0.451007 0.436566 0.421589 0.406117 0.390193 0.373854 0.357140 0.340085 0.322725 0.305093 0.287218 0.269131 0.250858 0.232425 0.213855 
0.231468 0.250530 0.269467 0.288256 0.306871 0.325282 0.343461 0.361376 0.378991 0.396272 0.413181 0.429677 0.445719 0.461263 0.476266 0.490680 0.504460 0.517558 0.529927 0.541519 0.552287 0.562188 0.571178 0.579216 0.586265 0.592290 0.597263 0.601157 0.603953 0.605637 0.606199 0.605637 0.603953 0.601157 0.597263 0.592290 0.586265 0.579216 0.571178 0.562188 0.552287 0.541519 0.529927 0.517558 0.504460 0.490680 0.476266 0.461263 0.445719 0.429677 0.413181 0.396272 0.378991 0.361376 0.343461 0.325282 0.306871 0.288256 0.269467 0.250530 0.231468 
0.248894 0.268457 0.287910 0.307227 0.326381 0.345344 0.364085 0.382571 0.400766 0.418634 0.436133 0.453223 0.469859 0.485996 0.501585 0.516579 0.530926 0.544577 0.557479 0.569582 0.580836 0.591190 0.600599 0.609018 0.616405 0.622723 0.627940 0.632027 0.634962 0.636730 0.637321 0.636730 0.634962 0.632027 0.627940 0.622723 0.616405 0.609018 0.600599 0.591190 0.580836 0.569582 0.557479 0.544577 0.530926 0.516579 0.501585 0.485996 0.469859 0.453223 0.436133 0.418634 0.400766 0.382571 0.364085 0.345344 0.326381 0.307227 0.287910 0.268457 0.248894 
0.266107 0.286181 0.306159 0.326015 0.345722 0.365250 0.384568 0.403642 0.422435 0.440908 0.459020 0.476726 0.493980 0.510734 0.526937 0.542536 0.557479 0.571711 0.585175 0.597818 0.609583 0.620419 0.630272 0.639095 0.646842 0.653472 0.658949 0.663241 0.666325 0.668183 0.668803 0.668183 0.666325 0.663241 0.658949 0.653472 0.646842 0.639095 0.630272 0.620419 0.609583 0.597818 0.585175 0.571711 0.557479 0.542536 0.526937 0.510734 0.493980 0.476726 0.459020 0.440908 0.422435 0.403642 0.384568 0.365250 0.345722 0.326015 0.306159 0.286181 0.266107 
0.283080 0.303673 0.324185 0.344590 0.364862 0.384969 0.404879 0.424557 0.443965 0.463064 0.481808 0.500153 0.518049 0.535445 0.552287 0.568521 0.584088 0.598929 0.612985 0.626196 0.638503 0.649847 0.660172 0.669424 0.677554 0.684516 0.690270 0.694781 0.698024 0.699978 0.700630 0.699978 0.698024 0.694781 0.690270 0.684516 0.677554 0.669424 0.660172 0.649847 0.638503 0.626196 0.612985 0.598929 0.584088 0.568521 0.552287 0.535445 0.518049 0.500153 0.481808 0.463064 0.443965 0.424557 0.404879 0.384969 0.364862 0.344590 0.324185 0.303673 0.283080 
0.299786 0.320905 0.341959 0.362923 0.383769 0.404466 0.424982 0.445280 0.465321 0.485063 0.504460 0.523466 0.542027 0.560091 0.577600 0.594495 0.610715 0.626196 0.640874 0.654685 0.667563 0.679445 0.690270 0.699978 0.708514 0.715829 0.721878 0.726624 0.730036 0.732092 0.732779 0.732092 0.730036 0.726624 0.721878 0.715829 0.708514 0.699978 0.690270 0.679445 0.667563 0.654685 0.640874 0.626196 0.610715 0.594495 0.577600 0.560091 0.542027 0.523466 0.504460 0.485063 0.465321 0.445280 0.424982 0.404466 0.383769 0.362923 0.341959 0.320905 0.299786 
0.316194 0.337844 0.359447 0.380978 0.402408 0.423707 0.444841 0.465773 0.486463 0.506866 0.526937 0.546624 0.565875 0.584631 0.602833 0.620419 0.637321 0.653472 0.668803 0.683244 0.696725 0.709176 0.720529 0.730720 0.739689 0.747380 0.753744 0.758739 0.762331 0.764497 0.765220 0.764497 0.762331 0.758739 0.753744 0.747380 0.739689 0.730720 0.720529 0.709176 0.696725 0.683244 0.668803 0.653472 0.637321 0.620419 0.602833 0.584631 0.565875 0.546624 0.526937 0.506866 0.486463 0.465773 0.444841 0.423707 0.402408 0.380978 0.359447 0.337844 0.316194 
0.332273 0.354458 0.376615 0.398720 0.420743 0.442654 0.464417 0.485996 0.507348 0.528430 0.549192 0.569582 0.589544 0.609018 0.627940 0.646243 0.663857 0.680709 0.696725 0.711829 0.725944 0.738995 0.750907 0.761611 0.771039 0.779129 0.785828 0.791088 0.794873 0.797155 0.797918 0.797155 0.794873 0.791088 0.785828 0.779129 0.771039 0.761611 0.750907 0.738995 0.725944 0.711829 0.696725 0.680709 0.663857 0.646243 0.627940 0.609018 0.589544 0.569582 0.549192 0.528430 0.507348 0.485996 0.464417 0.442654 0.420743 0.398720 0.376615 0.354458 0.332273 
0.347990 0.370713 0.393428 0.416111 0.438734 0.461263 0.483666 0.505903 0.527932 0.549707 0.571178 0.592290 0.612985 0.633199 0.652866 0.671915 0.690270 0.707853 0.724586 0.740384 0.755167 0.768850 0.781354 0.792599 0.802513 0.811028 0.818083 0.823626 0.827616 0.830023 0.830827 0.830023 0.827616 0.823626 0.818083 0.811028 0.802513 0.792599 0.781354 0.768850 0.755167 0.740384 0.724586 0.707853 0.690270 0.671915 0.652866 0.633199 0.612985 0.592290 0.571178 0.549707 0.527932 0.505903 0.483666 0.461263 0.438734 0.416111 0.393428 0.370713 0.347990 
0.363310 0.386572 0.409847 0.433112 0.456338 0.479493 0.502542 0.525447 0.548164 0.570646 0.592841 0.614693 0.636140 0.657118 0.677554 0.697374 0.716498 0.734844 0.752324 0.768850 0.784333 0.798681 0.811808 0.823626 0.834055 0.843019 0.850452 0.856296 0.860505 0.863044 0.863893 0.863044 0.860505 0.856296 0.850452 0.843019 0.834055 0.823626 0.811808 0.798681 0.784333 0.768850 0.752324 0.734844 0.716498 0.697374 0.677554 0.657118 0.636140 0.614693 0.592841 0.570646 0.548164 0.525447 0.502542 0.479493 0.456338 0.433112 0.409847 0.386572 0.363310 
0.378198 0.401997 0.425833 0.449681 0.473512 0.497296 0.520998 0.544577 0.567991 0.591190 0.614123 0.636730 0.658949 0.680709 0.701937 0.722554 0.742475 0.761611 0.779870 0.797155 0.813371 0.828417 0.842199 0.854621 0.865594 0.875034 0.882868 0.889031 0.893472 0.896152 0.897048 0.896152 0.893472 0.889031 0.882868 0.875034 0.865594 0.854621 0.842199 0.828417 0.813371 0.797155 0.779870 0.761611 0.742475 0.722554 0.701937 0.680709 0.658949 0.636730 0.614123 0.591190 0.567991 0.544577 0.520998 0.497296 0.473512 0.449681 0.425833 0.401997 0.378198 
0.392618 0.416951 0.441344 0.465773 0.490210 0.514625 0.538981 0.563239 0.587356 0.611282 0.634962 0.658338 0.681342 0.703903 0.725944 0.747380 0.768122 0.788077 0.807143 0.825219 0.842199 0.857976 0.872445 0.885502 0.897048 0.906991 0.915248 0.921749 0.926436 0.929265 0.930211 0.929265 0.926436 0.921749 0.915248 0.906991 0.897048 0.885502 0.872445 0.857976 0.842199 0.825219 0.807143 0.788077 0.768122 0.747380 0.725944 0.703903 0.681342 0.658338 0.634962 0.611282 0.587356 0.563239 0.538981 0.514625 0.490210 0.465773 0.441344 0.416951 0.392618 
0.406531 0.431392 0.456338 0.481344 0.506384 0.531427 0.556438 0.581377 0.606199 0.630856 0.655292 0.679445 0.703247 0.726624 0.749494 0.771770 0.793356 0.814153 0.834055 0.852950 0.870725 0.887264 0.902451 0.916173 0.928320 0.938792 0.947497 0.954355 0.959301 0.962288 0.963287 0.962288 0.959301 0.954355 0.947497 0.938792 0.928320 0.916173 0.902451 0.887264 0.870725 0.852950 0.834055 0.814153 0.793356 0.771770 0.749494 0.726624 0.703247 0.679445 0.655292 0.630856 0.606199 0.581377 0.556438 0.531427 0.506384 0.481344 0.456338 0.431392 0.406531 
0.419898 0.445280 0.470770 0.496347 0.521984 0.547650 0.573312 0.598929 0.624457 0.649847 0.675041 0.699978 0.724586 0.748789 0.772502 0.795633 0.818083 0.839744 0.860505 0.880246 0.898843 0.916173 0.932108 0.946524 0.959301 0.970328 0.979501 0.986734 0.991955 0.995108 0.996163 0.995108 0.991955 0.986734 0.979501 0.970328 0.959301 0.946524 0.932108 0.916173 0.898843 0.880246 0.860505 0.839744 0.818083 0.795633 0.772502 0.748789 0.724586 0.699978 0.675041 0.649847 0.624457 0.598929 0.573312 0.547650 0.521984 0.496347 0.470770 0.445280 0.419898 
0.432682 0.458572 0.484597 0.510734 0.536958 0.563239 0.589544 0.615834 0.642063 0.668183 0.694135 0.719855 0.745273 0.770308 0.794873 0.818872 0.842199 0.864743 0.886382 0.906991 0.926436 0.944582 0.961291 0.976428 0.989861 1.001466 1.011131 1.018757 1.024264 1.027593 1.028706 1.027593 1.024264 1.018757 1.011131 1.001466 0.989861 0.976428 0.961291 0.944582 0.926436 0.906991 0.886382 0.864743 0.842199 0.818872 0.794873 0.770308 0.745273 0.719855 0.694135 0.668183 0.642063 0.615834 0.589544 0.563239 0.536958 0.510734 0.484597 0.458572 0.432682 
0.444841 0.471227 0.497772 0.524455 0.551254 0.578138 0.605075 0.632027 0.658949 0.685790 0.712494 0.738995 0.765220 0.791088 0.816508 0.841380 0.865594 0.889031 0.911564 0.933058 0.953370 0.972354 0.989861 1.005743 1.019854 1.032060 1.042235 1.050270 1.056076 1.059587 1.060762 1.059587 1.056076 1.050270 1.042235 1.032060 1.019854 1.005743 0.989861 0.972354 0.953370 0.933058 0.911564 0.889031 0.865594 0.841380 0.816508 0.791088 0.765220 0.738995 0.712494 0.685790 0.658949 0.632027 0.605075 0.578138 0.551254 0.524455 0.497772 0.471227 0.444841 
0.456338 0.483201 0.510249 0.537463 0.564819 0.592290 0.619844 0.647442 0.675041 0.702592 0.730036 0.757307 0.784333 0.811028 0.837300 0.863044 0.888147 0.912483 0.935918 0.958309 0.979501 0.999340 1.017662 1.034306 1.049115 1.061940 1.072641 1.081100 1.087216 1.090916 1.092155 1.090916 1.087216 1.081100 1.072641 1.061940 1.049115 1.034306 1.017662 0.999340 0.979501 0.958309 0.935918 0.912483 0.888147 0.863044 0.837300 0.811028 0.784333 0.757307 0.730036 0.702592 0.675041 0.647442 0.619844 0.592290 0.564819 0.537463 0.510249 0.483201 0.456338 
0.467132 0.494453 0.521984 0.549707 0.577600 0.605637 0.633787 0.662012 0.690270 0.718510 0.746677 0.774703 0.802513 0.830023 0.857136 0.883745 0.909731 0.934964 0.959301 0.982591 1.004671 1.025371 1.044519 1.061940 1.077460 1.090916 1.102157 1.111050 1.117484 1.121379 1.122683 1.121379 1.117484 1.111050 1.102157 1.090916 1.077460 1.061940 1.044519 1.025371 1.004671 0.982591 0.959301 0.934964 0.909731 0.883745 0.857136 0.830023 0.802513 0.774703 0.746677 0.718510 0.690270 0.662012 0.633787 0.605637 0.577600 0.549707 0.521984 0.494453 0.467132 
0.477186 0.504941 0.532931 0.561139 0.589544 0.618122 0.646842 0.675669 0.704560 0.733466 0.762331 0.791088 0.819661 0.847965 0.875900 0.903356 0.930211 0.956328 0.981559 1.005743 1.028706 1.050270 1.070246 1.088447 1.104684 1.118780 1.130568 1.139901 1.146660 1.150752 1.152123 1.150752 1.146660 1.139901 1.130568 1.118780 1.104684 1.088447 1.070246 1.050270 1.028706 1.005743 0.981559 0.956328 0.930211 0.903356 0.875900 0.847965 0.819661 0.791088 0.762331 0.733466 0.704560 0.675669 0.646842 0.618122 0.589544 0.561139 0.532931 0.504941 0.477186 
0.486463 0.514625 0.543046 0.571711 0.600599 0.629688 0.658949 0.688346 0.717839 0.747380 0.776912 0.806369 0.835675 0.864743 0.893472 0.921749 0.949448 0.976428 1.002532 1.027593 1.051427 1.073842 1.094640 1.113615 1.130568 1.145302 1.157637 1.167413 1.174496 1.178788 1.180225 1.178788 1.174496 1.167413 1.157637 1.145302 1.130568 1.113615 1.094640 1.073842 1.051427 1.027593 1.002532 0.976428 0.949448 0.921749 0.893472 0.864743 0.835675 0.806369 0.776912 0.747380 0.717839 0.688346 0.658949 0.629688 0.600599 0.571711 0.543046 0.514625 0.486463 
0.494926 0.523466 0.552287 0.581377 0.610715 0.640281 0.670046 0.699978 0.730036 0.760173 0.790334 0.820452 0.850452 0.880246 0.909731 0.938792 0.967300 0.995108 1.022055 1.047963 1.072641 1.095886 1.117484 1.137219 1.154873 1.170236 1.183111 1.193324 1.200729 1.205218 1.206722 1.205218 1.200729 1.193324 1.183111 1.170236 1.154873 1.137219 1.117484 1.095886 1.072641 1.047963 1.022055 0.995108 0.967300 0.938792 0.909731 0.880246 0.850452 0.820452 0.790334 0.760173 0.730036 0.699978 0.670046 0.640281 0.610715 0.581377 0.552287 0.523466 0.494926 
0.502542 0.531427 0.560615 0.590093 0.619844 0.649847 0.680077 0.710501 0.741080 0.771770 0.802513 0.833246 0.863893 0.894364 0.924557 0.954355 0.983624 1.012214 1.039959 1.066672 1.092155 1.116192 1.138559 1.159023 1.177354 1.193324 1.206722 1.217359 1.225077 1.229757 1.231326 1.229757 1.225077 1.217359 1.206722 1.193324 1.177354 1.159023 1.138559 1.116192 1.092155 1.066672 1.039959 1.012214 0.983624 0.954355 0.924557 0.894364 0.863893 0.833246 0.802513 0.771770 0.741080 0.710501 0.680077 0.649847 0.619844 0.590093 0.560615 0.531427 0.502542 
0.509281 0.538474 0.567991 0.597818 0.627940 0.658338 0.688986 0.719855 0.750907 0.782097 0.813371 0.844663 0.875900 0.906991 0.937833 0.968308 0.998279 1.027593 1.056076 1.083539 1.109771 1.134550 1.157637 1.178788 1.197756 1.214300 1.228193 1.239232 1.247247 1.252110 1.253740 1.252110 1.247247 1.239232 1.228193 1.214300 1.197756 1.178788 1.157637 1.134550 1.109771 1.083539 1.056076 1.027593 0.998279 0.968308 0.937833 0.906991 0.875900 0.844663 0.813371 0.782097 0.750907 0.719855 0.688986 0.658338 0.627940 0.597818 0.567991 0.538474 0.509281 
0.515113 0.544577 0.574381 0.604514 0.634962 0.665707 0.696725 0.727986 0.759455 0.791088 0.822831 0.854621 0.886382 0.918026 0.949448 0.980529 1.011131 1.041096 1.070246 1.098386 1.125300 1.150752 1.174496 1.196275 1.215827 1.232898 1.247247 1.258657 1.266947 1.271978 1.273664 1.271978 1.266947 1.258657 1.247247 1.232898 1.215827 1.196275 1.174496 1.150752 1.125300 1.098386 1.070246 1.041096 1.011131 0.980529 0.949448 0.918026 0.886382 0.854621 0.822831 0.791088 0.759455 0.727986 0.696725 0.665707 0.634962 0.604514 0.574381 0.544577 0.515113 
0.520013 0.549707 0.579755 0.610149 0.640874 0.671915 0.703247 0.734844 0.766670 0.798681 0.830827 0.863044 0.895257 0.927377 0.959301 0.990907 1.022055 1.052586 1.082318 1.111050 1.138559 1.164603 1.188925 1.211257 1.231326 1.248864 1.263617 1.275356 1.283889 1.289070 1.290807 1.289070 1.283889 1.275356 1.263617 1.248864 1.231326 1.211257 1.188925 1.164603 1.138559 1.111050 1.082318 1.052586 1.022055 0.990907 0.959301 0.927377 0.895257 0.863044 0.830827 0.798681 0.766670 0.734844 0.703247 0.671915 0.640874 0.610149 0.579755 0.549707 0.520013 
0.523960 0.553841 0.584088 0.614693 0.645644 0.676925 0.708514 0.740384 0.772502 0.804824 0.837300 0.869867 0.902451 0.934964 0.967300 0.999340 1.030940 1.061940 1.092155 1.121379 1.149385 1.175923 1.200729 1.223525 1.244028 1.261959 1.277053 1.289070 1.297809 1.303117 1.304897 1.303117 1.297809 1.289070 1.277053 1.261959 1.244028 1.223525 1.200729 1.175923 1.149385 1.121379 1.092155 1.061940 1.030940 0.999340 0.967300 0.934964 0.902451 0.869867 0.837300 0.804824 0.772502 0.740384 0.708514 0.676925 0.645644 0.614693 0.584088 0.553841 0.523960 
0.526937 0.556958 0.587356 0.618122 0.649245 0.680709 0.712494 0.744572 0.776912 0.809471 0.842199 0.875034 0.907903 0.940716 0.973370 1.005743 1.037691 1.069053 1.099641 1.129246 1.157637 1.184559 1.209741 1.232898 1.253740 1.271978 1.287338 1.299573 1.308474 1.313881 1.315694 1.313881 1.308474 1.299573 1.287338 1.271978 1.253740 1.232898 1.209741 1.184559 1.157637 1.129246 1.099641 1.069053 1.037691 1.005743 0.973370 0.940716 0.907903 0.875034 0.842199 0.809471 0.776912 0.744572 0.712494 0.680709 0.649245 0.618122 0.587356 0.556958 0.526937 
0.528928 0.559045 0.589544 0.620419 0.651657 0.683244 0.715161 0.747380 0.779870 0.812589 0.845487 0.878503 0.911564 0.944582 0.977451 1.010049 1.042235 1.073842 1.104684 1.134550 1.163203 1.190387 1.215827 1.239232 1.260306 1.278754 1.294298 1.306683 1.315694 1.321170 1.323007 1.321170 1.315694 1.306683 1.294298 1.278754 1.260306 1.239232 1.215827 1.190387 1.163203 1.134550 1.104684 1.073842 1.042235 1.010049 0.977451 0.944582 0.911564 0.878503 0.845487 0.812589 0.779870 0.747380 0.715161 0.683244 0.651657 0.620419 0.589544 0.559045 0.528928 
0.529927 0.560091 0.590641 0.621570 0.652866 0.684516 0.716498 0.748789 0.781354 0.814153 0.847138 0.880246 0.913404 0.946524 0.979501 1.012214 1.044519 1.076252 1.107222 1.137219 1.166006 1.193324 1.218894 1.242425 1.263617 1.282173 1.297809 1.310271 1.319339 1.324849 1.326698 1.324849 1.319339 1.310271 1.297809 1.282173 1.263617 1.242425 1.218894 1.193324 1.166006 1.137219 1.107222 1.076252 1.044519 1.012214 0.979501 0.946524 0.913404 0.880246 0.847138 0.814153 0.781354 0.748789 0.716498 0.684516 0.652866 0.621570 0.590641 0.560091 0.529927 
0.530052 0.560222 0.590778 0.621714 0.653018 0.684675 0.716666 0.748965 0.781539 0.814349 0.847344 0.880464 0.913634 0.946767 0.979758 1.012486 1.044806 1.076553 1.107540 1.137554 1.166357 1.193692 1.219278 1.242825 1.264032 1.282601 1.298250 1.310721 1.319796 1.325311 1.327161 1.325311 1.319796 1.310721 1.298250 1.282601 1.264032 1.242825 1.219278 1.193692 1.166357 1.137554 1.107540 1.076553 1.044806 1.012486 0.979758 0.946767 0.913634 0.880464 0.847344 0.814349 0.781539 0.748965 0.716666 0.684675 0.653018 0.621714 0.590778 0.560222 0.530052 
0.529921 0.560085 0.590635 0.621564 0.652860 0.684509 0.716491 0.748781 0.781346 0.814145 0.847129 0.880236 0.913394 0.946513 0.979490 1.012203 1.044507 1.076238 1.107209 1.137205 1.165991 1.193308 1.218877 1.242407 1.263599 1.282154 1.297790 1.310251 1.319319 1.324829 1.326678 1.324829 1.319319 1.310251 1.297790 1.282154 1.263599 1.242407 1.218877 1.193308 1.165991 1.137205 1.107209 1.076238 1.044507 1.012203 0.979490 0.946513 0.913394 0.880236 0.847129 0.814145 0.781346 0.748781 0.716491 0.684509 0.652860 0.621564 0.590635 0.560085 0.529921 
0.528912 0.559028 0.589527 0.620400 0.651637 0.683224 0.715139 0.747357 0.779846 0.812563 0.845460 0.878475 0.911535 0.944550 0.977418 1.010014 1.042198 1.073803 1.104643 1.134507 1.163158 1.190340 1.215778 1.239180 1.260252 1.278699 1.294241 1.306625 1.315636 1.321110 1.322947 1.321110 1.315636 1.306625 1.294241 1.278699 1.260252 1.239180 1.215778 1.190340 1.163158 1.134507 1.104643 1.073803 1.042198 1.010014 0.977418 0.944550 0.911535 0.878475 0.845460 0.812563 0.779846 0.747357 0.715139 0.683224 0.651637 0.620400 0.589527 0.559028 0.528912 
0.526910 0.556930 0.587327 0.618091 0.649213 0.680675 0.712458 0.744535 0.776872 0.809429 0.842155 0.874988 0.907853 0.940664 0.973315 1.005685 1.037630 1.068988 1.099573 1.129175 1.157562 1.184481 1.209660 1.232813 1.253652 1.271887 1.287245 1.299478 1.308377 1.313783 1.315597 1.313783 1.308377 1.299478 1.287245 1.271887 1.253652 1.232813 1.209660 1.184481 1.157562 1.129175 1.099573 1.068988 1.037630 1.005685 0.973315 0.940664 0.907853 0.874988 0.842155 0.809429 0.776872 0.744535 0.712458 0.680675 0.649213 0.618091 0.587327 0.556930 0.526910 
0.523923 0.553801 0.584047 0.614650 0.645599 0.676878 0.708464 0.740332 0.772447 0.804766 0.837238 0.869802 0.902383 0.934892 0.967225 0.999260 1.030856 1.061851 1.092061 1.121281 1.149282 1.175816 1.200617 1.223408 1.243907 1.261834 1.276925 1.288939 1.297677 1.302983 1.304763 1.302983 1.297677 1.288939 1.276925 1.261834 1.243907 1.223408 1.200617 1.175816 1.149282 1.121281 1.092061 1.061851 1.030856 0.999260 0.967225 0.934892 0.902383 0.869802 0.837238 0.804766 0.772447 0.740332 0.708464 0.676878 0.645599 0.614650 0.584047 0.553801 0.523923 
0.519966 0.549657 0.579703 0.610094 0.640817 0.671854 0.703184 0.734777 0.766599 0.798607 0.830749 0.862962 0.895170 0.927286 0.959205 0.990806 1.021948 1.052473 1.082200 1.110926 1.138429 1.164467 1.188783 1.211110 1.231173 1.248707 1.263456 1.275192 1.283723 1.288902 1.290639 1.288902 1.283723 1.275192 1.263456 1.248707 1.231173 1.211110 1.188783 1.164467 1.138429 1.110926 1.082200 1.052473 1.021948 0.990806 0.959205 0.927286 0.895170 0.862962 0.830749 0.798607 0.766599 0.734777 0.703184 0.671854 0.640817 0.610094 0.579703 0.549657 0.519966 
0.515055 0.544517 0.574318 0.604448 0.634893 0.665634 0.696648 0.727906 0.759371 0.790999 0.822737 0.854522 0.886278 0.917916 0.949333 0.980408 1.011003 1.040961 1.070105 1.098238 1.125144 1.150590 1.174328 1.196100 1.215646 1.232712 1.247056 1.258462 1.266749 1.271778 1.273465 1.271778 1.266749 1.258462 1.247056 1.232712 1.215646 1.196100 1.174328 1.150590 1.125144 1.098238 1.070105 1.040961 1.011003 0.980408 0.949333 0.917916 0.886278 0.854522 0.822737 0.790999 0.759371 0.727906 0.696648 0.665634 0.634893 0.604448 0.574318 0.544517 0.515055 
0.509213 0.538404 0.567917 0.597740 0.627858 0.658252 0.688897 0.719761 0.750808 0.781993 0.813261 0.844548 0.875779 0.906863 0.937699 0.968167 0.998131 1.027437 1.055913 1.083368 1.109593 1.134363 1.157443 1.178587 1.197548 1.214086 1.227974 1.239009 1.247022 1.251882 1.253512 1.251882 1.247022 1.239009 1.227974 1.214086 1.197548 1.178587 1.157443 1.134363 1.109593 1.083368 1.055913 1.027437 0.998131 0.968167 0.937699 0.906863 0.875779 0.844548 0.813261 0.781993 0.750808 0.719761 0.688897 0.658252 0.627858 0.597740 0.567917 0.538404 0.509213 
0.502465 0.531346 0.560530 0.590004 0.619751 0.649750 0.679975 0.710394 0.740968 0.771652 0.802389 0.833116 0.863756 0.894220 0.924405 0.954196 0.983457 1.012040 1.039775 1.066481 1.091955 1.115984 1.138342 1.158799 1.177123 1.193086 1.206479 1.217111 1.224826 1.229504 1.231072 1.229504 1.224826 1.217111 1.206479 1.193086 1.177123 1.158799 1.138342 1.115984 1.091955 1.066481 1.039775 1.012040 0.983457 0.954196 0.924405 0.894220 0.863756 0.833116 0.802389 0.771652 0.740968 0.710394 0.679975 0.649750 0.619751 0.590004 0.560530 0.531346 0.502465 
0.494839 0.523375 0.552193 0.581278 0.610612 0.640172 0.669932 0.699858 0.729911 0.760042 0.790196 0.820308 0.850300 0.880086 0.909563 0.938617 0.967116 0.994916 1.021854 1.047753 1.072422 1.095658 1.117248 1.136975 1.154621 1.169977 1.182846 1.193055 1.200457 1.204943 1.206446 1.204943 1.200457 1.193055 1.182846 1.169977 1.154621 1.136975 1.117248 1.095658 1.072422 1.047753 1.021854 0.994916 0.967116 0.938617 0.909563 0.880086 0.850300 0.820308 0.790196 0.760042 0.729911 0.699858 0.669932 0.640172 0.610612 0.581278 0.552193 0.523375 0.494839 
0.486367 0.514525 0.542942 0.571602 0.600485 0.629569 0.658824 0.688215 0.717702 0.747236 0.776761 0.806211 0.835509 0.864569 0.893290 0.921559 0.949249 0.976219 1.002315 1.027365 1.051190 1.073597 1.094385 1.113353 1.130297 1.145025 1.157354 1.167125 1.174205 1.178494 1.179931 1.178494 1.174205 1.167125 1.157354 1.145025 1.130297 1.113353 1.094385 1.073597 1.051190 1.027365 1.002315 0.976219 0.949249 0.921559 0.893290 0.864569 0.835509 0.806211 0.776761 0.747236 0.717702 0.688215 0.658824 0.629569 0.600485 0.571602 0.542942 0.514525 0.486367 
0.477082 0.504832 0.532817 0.561020 0.589421 0.617993 0.646707 0.675527 0.704411 0.733311 0.762168 0.790918 0.819483 0.847778 0.875704 0.903152 0.929997 0.956105 0.981327 1.005500 1.028455 1.050009 1.069977 1.088169 1.104399 1.118487 1.130269 1.139598 1.146353 1.150443 1.151813 1.150443 1.146353 1.139598 1.130269 1.118487 1.104399 1.088169 1.069977 1.050009 1.028455 1.005500 0.981327 0.956105 0.929997 0.903152 0.875704 0.847778 0.819483 0.790918 0.762168 0.733311 0.704411 0.675527 0.646707 0.617993 0.589421 0.561020 0.532817 0.504832 0.477082 
0.467020 0.494336 0.521862 0.549580 0.577467 0.605498 0.633641 0.661860 0.690111 0.718344 0.746503 0.774521 0.802323 0.829824 0.856928 0.883528 0.909504 0.934728 0.959055 0.982335 1.004406 1.025097 1.044237 1.061648 1.077161 1.090610 1.101845 1.110733 1.117165 1.121057 1.122360 1.121057 1.117165 1.110733 1.101845 1.090610 1.077161 1.061648 1.044237 1.025097 1.004406 0.982335 0.959055 0.934728 0.909504 0.883528 0.856928 0.829824 0.802323 0.774521 0.746503 0.718344 0.690111 0.661860 0.633641 0.605498 0.577467 0.549580 0.521862 0.494336 0.467020 
0.456218 0.483076 0.510119 0.537327 0.564677 0.592142 0.619689 0.647281 0.674873 0.702416 0.729852 0.757115 0.784132 0.810818 0.837081 0.862816 0.887909 0.912236 0.935662 0.958042 0.979225 0.999054 1.017367 1.034004 1.048805 1.061623 1.072319 1.080773 1.086886 1.090584 1.091822 1.090584 1.086886 1.080773 1.072319 1.061623 1.048805 1.034004 1.017367 0.999054 0.979225 0.958042 0.935662 0.912236 0.887909 0.862816 0.837081 0.810818 0.784132 0.757115 0.729852 0.702416 0.674873 0.647281 0.619689 0.592142 0.564677 0.537327 0.510119 0.483076 0.456218 
0.444714 0.471094 0.497634 0.524312 0.551104 0.577982 0.604913 0.631857 0.658771 0.685605 0.712300 0.738793 0.765010 0.790869 0.816280 0.841142 0.865347 0.888774 0.911298 0.932782 0.953085 0.972060 0.989558 1.005431 1.019536 1.031735 1.041904 1.049935 1.055738 1.059247 1.060421 1.059247 1.055738 1.049935 1.041904 1.031735 1.019536 1.005431 0.989558 0.972060 0.953085 0.932782 0.911298 0.888774 0.865347 0.841142 0.816280 0.790869 0.765010 0.738793 0.712300 0.685605 0.658771 0.631857 0.604913 0.577982 0.551104 0.524312 0.497634 0.471094 0.444714 
0.432548 0.458433 0.484452 0.510583 0.536800 0.563075 0.589373 0.615656 0.641878 0.667990 0.693933 0.719646 0.745055 0.770081 0.794636 0.818626 0.841943 0.864478 0.886108 0.906707 0.926142 0.944279 0.960980 0.976110 0.989535 1.001134 1.010794 1.018415 1.023919 1.027246 1.028359 1.027246 1.023919 1.018415 1.010794 1.001134 0.989535 0.976110 0.960980 0.944279 0.926142 0.906707 0.886108 0.864478 0.841943 0.818626 0.794636 0.770081 0.745055 0.719646 0.693933 0.667990 0.641878 0.615656 0.589373 0.563075 0.536800 0.510583 0.484452 0.458433 0.432548 
0.419758 0.445134 0.470618 0.496189 0.521819 0.547479 0.573134 0.598744 0.624265 0.649646 0.674833 0.699760 0.724360 0.748554 0.772258 0.795380 0.817820 0.839472 0.860224 0.879955 0.898544 0.915864 0.931791 0.946200 0.958970 0.969991 0.979159 0.986388 0.991605 0.994757 0.995812 0.994757 0.991605 0.986388 0.979159 0.969991 0.958970 0.946200 0.931791 0.915864 0.898544 0.879955 0.860224 0.839472 0.817820 0.795380 0.772258 0.748554 0.724360 0.699760 0.674833 0.649646 0.624265 0.598744 0.573134 0.547479 0.521819 0.496189 0.470618 0.445134 0.419758 
0.406384 0.431240 0.456180 0.481180 0.506213 0.531249 0.556253 0.581185 0.606000 0.630649 0.655077 0.679221 0.703015 0.726383 0.749244 0.771510 0.793088 0.813876 0.833768 0.852654 0.870420 0.886951 0.902130 0.915845 0.927986 0.938452 0.947152 0.954005 0.958949 0.961934 0.962933 0.961934 0.958949 0.954005 0.947152 0.938452 0.927986 0.915845 0.902130 0.886951 0.870420 0.852654 0.833768 0.813876 0.793088 0.771510 0.749244 0.726383 0.703015 0.679221 0.655077 0.630649 0.606000 0.581185 0.556253 0.531249 0.506213 0.481180 0.456180 0.431240 0.406384 
0.392466 0.416793 0.441180 0.465603 0.490034 0.514441 0.538790 0.563041 0.587151 0.611069 0.634741 0.658108 0.681104 0.703656 0.725688 0.747115 0.767849 0.787794 0.806852 0.824919 0.841891 0.857660 0.872121 0.885171 0.896710 0.906648 0.914901 0.921398 0.926082 0.928909 0.929855 0.928909 0.926082 0.921398 0.914901 0.906648 0.896710 0.885171 0.872121 0.857660 0.841891 0.824919 0.806852 0.787794 0.767849 0.747115 0.725688 0.703656 0.681104 0.658108 0.634741 0.611069 0.587151 0.563041 0.538790 0.514441 0.490034 0.465603 0.441180 0.416793 0.392466 
0.378041 0.401834 0.425664 0.449505 0.473330 0.497107 0.520802 0.544374 0.567780 0.590972 0.613897 0.636496 0.658706 0.680457 0.701677 0.722285 0.742197 0.761325 0.779575 0.796852 0.813060 0.828099 0.841873 0.854288 0.865255 0.874690 0.882520 0.888679 0.893117 0.895796 0.896691 0.895796 0.893117 0.888679 0.882520 0.874690 0.865255 0.854288 0.841873 0.828099 0.813060 0.796852 0.779575 0.761325 0.742197 0.722285 0.701677 0.680457 0.658706 0.636496 0.613897 0.590972 0.567780 0.544374 0.520802 0.497107 0.473330 0.449505 0.425664 0.401834 0.378041 
0.363148 0.386403 0.409673 0.432932 0.456151 0.479299 0.502342 0.525239 0.547948 0.570423 0.592610 0.614454 0.635893 0.656862 0.677290 0.697102 0.716218 0.734555 0.752027 0.768545 0.784020 0.798361 0.811481 0.823293 0.833716 0.842675 0.850104 0.855945 0.860151 0.862689 0.863537 0.862689 0.860151 0.855945 0.850104 0.842675 0.833716 0.823293 0.811481 0.798361 0.784020 0.768545 0.752027 0.734555 0.716218 0.697102 0.677290 0.656862 0.635893 0.614454 0.592610 0.570423 0.547948 0.525239 0.502342 0.479299 0.456151 0.432932 0.409673 0.386403 0.363148 
0.347823 0.370540 0.393250 0.415926 0.438542 0.461065 0.483461 0.505691 0.527712 0.549480 0.570943 0.592048 0.612735 0.632941 0.652600 0.671640 0.689987 0.707562 0.724287 0.740078 0.754853 0.768529 0.781026 0.792266 0.802175 0.810685 0.817735 0.823276 0.827264 0.829669 0.830473 0.829669 0.827264 0.823276 0.817735 0.810685 0.802175 0.792266 0.781026 0.768529 0.754853 0.740078 0.724287 0.707562 0.689987 0.671640 0.652600 0.632941 0.612735 0.592048 0.570943 0.549480 0.527712 0.505691 0.483461 0.461065 0.438542 0.415926 0.393250 0.370540 0.347823 
0.332102 0.354281 0.376433 0.398531 0.420548 0.442452 0.464208 0.485780 0.507125 0.528200 0.548954 0.569337 0.589291 0.608757 0.627671 0.645966 0.663572 0.680417 0.696425 0.711521 0.725630 0.738674 0.750580 0.761278 0.770701 0.778787 0.785482 0.790739 0.794522 0.796803 0.797565 0.796803 0.794522 0.790739 0.785482 0.778787 0.770701 0.761278 0.750580 0.738674 0.725630 0.711521 0.696425 0.680417 0.663572 0.645966 0.627671 0.608757 0.589291 0.569337 0.548954 0.528200 0.507125 0.485780 0.464208 0.442452 0.420548 0.398531 0.376433 0.354281 0.332102 
0.316019 0.337663 0.359260 0.380785 0.402210 0.423502 0.444629 0.465554 0.486237 0.506633 0.526696 0.546376 0.565619 0.584368 0.602563 0.620140 0.637035 0.653179 0.668503 0.682937 0.696411 0.708856 0.720203 0.730389 0.739353 0.747040 0.753400 0.758392 0.761983 0.764147 0.764870 0.764147 0.761983 0.758392 0.753400 0.747040 0.739353 0.730389 0.720203 0.708856 0.696411 0.682937 0.668503 0.653179 0.637035 0.620140 0.602563 0.584368 0.565619 0.546376 0.526696 0.506633 0.486237 0.465554 0.444629 0.423502 0.402210 0.380785 0.359260 0.337663 0.316019 
0.299608 0.320721 0.341769 0.362727 0.383567 0.404258 0.424767 0.445058 0.465092 0.484827 0.504218 0.523216 0.541770 0.559827 0.577329 0.594216 0.610429 0.625903 0.640574 0.654378 0.667250 0.679126 0.689945 0.699648 0.708180 0.715491 0.721537 0.726280 0.729690 0.731745 0.732432 0.731745 0.729690 0.726280 0.721537 0.715491 0.708180 0.699648 0.689945 0.679126 0.667250 0.654378 0.640574 0.625903 0.610429 0.594216 0.577329 0.559827 0.541770 0.523216 0.504218 0.484827 0.465092 0.445058 0.424767 0.404258 0.383567 0.362727 0.341769 0.320721 0.299608 
0.282899 0.303487 0.323993 0.344392 0.364657 0.384758 0.404661 0.424333 0.443735 0.462826 0.481564 0.499901 0.517790 0.535179 0.552015 0.568242 0.583801 0.598636 0.612686 0.625891 0.638191 0.649530 0.659850 0.669097 0.677223 0.684181 0.689931 0.694441 0.697682 0.699634 0.700286 0.699634 0.697682 0.694441 0.689931 0.684181 0.677223 0.669097 0.659850 0.649530 0.638191 0.625891 0.612686 0.598636 0.583801 0.568242 0.552015 0.535179 0.517790 0.499901 0.481564 0.462826 0.443735 0.424333 0.404661 0.384758 0.364657 0.344392 0.323993 0.303487 0.282899 
0.265923 0.285992 0.305964 0.325814 0.345515 0.365037 0.384349 0.403417 0.422203 0.440670 0.458774 0.476474 0.493721 0.510468 0.526664 0.542257 0.557194 0.571419 0.584877 0.597513 0.609273 0.620103 0.629952 0.638770 0.646513 0.653140 0.658614 0.662904 0.665986 0.667843 0.668463 0.667843 0.665986 0.662904 0.658614 0.653140 0.646513 0.638770 0.629952 0.620103 0.609273 0.597513 0.584877 0.571419 0.557194 0.542257 0.526664 0.510468 0.493721 0.476474 0.458774 0.440670 0.422203 0.403417 0.384349 0.365037 0.345515 0.325814 0.305964 0.285992 0.265923 
0.248707 0.268266 0.287713 0.307024 0.326172 0.345130 0.363864 0.382344 0.400533 0.418394 0.435887 0.452970 0.469600 0.485730 0.501313 0.516300 0.530642 0.544286 0.557182 0.569280 0.580528 0.590877 0.600282 0.608696 0.616080 0.622395 0.627608 0.631693 0.634627 0.636394 0.636984 0.636394 0.634627 0.631693 0.627608 0.622395 0.616080 0.608696 0.600282 0.590877 0.580528 0.569280 0.557182 0.544286 0.530642 0.516300 0.501313 0.485730 0.469600 0.452970 0.435887 0.418394 0.400533 0.382344 0.363864 0.345130 0.326172 0.307024 0.287713 0.268266 0.248707 
0.231280 0.250336 0.269268 0.288052 0.306660 0.325066 0.343239 0.361147 0.378757 0.396032 0.412934 0.429424 0.445459 0.460998 0.475994 0.490403 0.504177 0.517269 0.529631 0.541218 0.551982 0.561878 0.570863 0.578897 0.585942 0.591965 0.596935 0.600827 0.603622 0.605305 0.605867 0.605305 0.603622 0.600827 0.596935 0.591965 0.585942 0.578897 0.570863 0.561878 0.551982 0.541218 0.529631 0.517269 0.504177 0.490403 0.475994 0.460998 0.445459 0.429424 0.412934 0.396032 0.378757 0.361147 0.343239 0.325066 0.306660 0.288052 0.269268 0.250336 0.231280 
0.213665 0.232229 0.250657 0.268924 0.287006 0.304875 0.322502 0.339856 0.356904 0.373613 0.389946 0.405864 0.421329 0.436301 0.450736 0.464592 0.477825 0.490392 0.502249 0.513351 0.523657 0.533125 0.541716 0.549391 0.556119 0.561867 0.566608 0.570320 0.572984 0.574588 0.575124 0.574588 0.572984 0.570320 0.566608 0.561867 0.556119 0.549391 0.541716 0.533125 0.523657 0.513351 0.502249 0.490392 0.477825 0.464592 0.450736 0.436301 0.421329 0.405864 0.389946 0.373613 0.356904 0.339856 0.322502 0.304875 0.287006 0.268924 0.250657 0.232229 0.213665 
0.195886 0.213969 0.231903 0.249667 0.267236 0.284583 0.301679 0.318497 0.335003 0.351165 0.366949 0.382318 0.397236 0.411664 0.425563 0.438892 0.451611 0.463679 0.475056 0.485700 0.495573 0.504636 0.512854 0.520193 0.526621 0.532111 0.536638 0.540180 0.542723 0.544253 0.544764 0.544253 0.542723 0.540180 0.536638 0.532111 0.526621 0.520193 0.512854 0.504636 0.495573 0.485700 0.475056 0.463679 0.451611 0.438892 0.425563 0.411664 0.397236 0.382318 0.366949 0.351165 0.335003 0.318497 0.301679 0.284583 0.267236 0.249667 0.231903 0.213969 0.195886 
