35 35
1.494502e-01 0 5
-1.270536 -1.248545 -1.226674 -1.205018 -1.183684 -1.162799 -1.142507 -1.122971 -1.104372 -1.086906 -1.070782 -1.056217 -1.043428 -1.032623 -1.023995 -1.017705 -1.013879 -1.012594 -1.013879 -1.017705 -1.023995 -1.032623 -1.043428 -1.056217 -1.070782 -1.086906 -1.104372 -1.122971 -1.142507 -1.162799 -1.183684 -1.205018 -1.226674 -1.248545 -1.270536 
-1.249230 -1.225948 -1.202706 -1.179598 -1.156738 -1.134259 -1.112317 -1.091090 -1.070782 -1.051618 -1.033840 -1.017705 -1.003475 -0.991407 -0.981736 -0.974668 -0.970361 -0.968913 -0.970361 -0.974668 -0.981736 -0.991407 -1.003475 -1.017705 -1.033840 -1.051618 -1.070782 -1.091090 -1.112317 -1.134259 -1.156738 -1.179598 -1.202706 -1.225948 -1.249230 
-1.228124 -1.203478 -1.178776 -1.154110 -1.129597 -1.105375 -1.081609 -1.058496 -1.036260 -1.015158 -0.995474 -0.977512 -0.961589 -0.948022 -0.937106 -0.929103 -0.924215 -0.922570 -0.924215 -0.929103 -0.937106 -0.948022 -0.961589 -0.977512 -0.995474 -1.015158 -1.036260 -1.058496 -1.081609 -1.105375 -1.129597 -1.154110 -1.178776 -1.203478 -1.228124 
-1.207316 -1.181238 -1.154988 -1.128658 -1.102360 -1.076235 -1.050459 -1.025240 -1.000828 -0.977512 -0.955622 -0.935520 -0.917592 -0.902230 -0.889812 -0.880671 -0.875072 -0.873187 -0.875072 -0.880671 -0.889812 -0.902230 -0.917592 -0.935520 -0.955622 -0.977512 -1.000828 -1.025240 -1.050459 -1.076235 -1.102360 -1.128658 -1.154988 -1.181238 -1.207316 
-1.186921 -1.159347 -1.131469 -1.103367 -1.075151 -1.046960 -1.018971 -0.991407 -0.964537 -0.938686 -0.914234 -0.891612 -0.871291 -0.853761 -0.839506 -0.828963 -0.822484 -0.820297 -0.822484 -0.828963 -0.839506 -0.853761 -0.871291 -0.891612 -0.914234 -0.938686 -0.964537 -0.991407 -1.018971 -1.046960 -1.075151 -1.103367 -1.131469 -1.159347 -1.186921 
-1.167069 -1.137947 -1.108366 -1.078394 -1.048130 -1.017705 -0.987294 -0.957123 -0.927481 -0.898726 -0.871291 -0.845685 -0.822484 -0.802305 -0.785777 -0.773479 -0.765889 -0.763323 -0.765889 -0.773479 -0.785777 -0.802305 -0.822484 -0.845685 -0.871291 -0.898726 -0.927481 -0.957123 -0.987294 -1.017705 -1.048130 -1.078394 -1.108366 -1.137947 -1.167069 
-1.147907 -1.117197 -1.085853 -1.053925 -1.021492 -0.988670 -0.955622 -0.922570 -0.889812 -0.857731 -0.826816 -0.797661 -0.770967 -0.747517 -0.728133 -0.713601 -0.704584 -0.701525 -0.704584 -0.713601 -0.728133 -0.747517 -0.770967 -0.797661 -0.826816 -0.857731 -0.889812 -0.922570 -0.955622 -0.988670 -1.021492 -1.053925 -1.085853 -1.117197 -1.147907 
-1.129597 -1.097279 -1.064131 -1.030179 -0.995474 -0.960107 -0.924215 -0.888002 -0.851759 -0.815884 -0.780909 -0.747517 -0.716556 -0.689018 -0.665989 -0.648556 -0.637660 -0.633950 -0.637660 -0.648556 -0.665989 -0.689018 -0.716556 -0.747517 -0.780909 -0.815884 -0.851759 -0.888002 -0.924215 -0.960107 -0.995474 -1.030179 -1.064131 -1.097279 -1.129597 
-1.112317 -1.078394 -1.043428 -1.007411 -0.970361 -0.932326 -0.893404 -0.853761 -0.813657 -0.773479 -0.733782 -0.695327 -0.659120 -0.626411 -0.598649 -0.577360 -0.563926 -0.559328 -0.563926 -0.577360 -0.598649 -0.626411 -0.659120 -0.695327 -0.733782 -0.773479 -0.813657 -0.853761 -0.893404 -0.932326 -0.970361 -1.007411 -1.043428 -1.078394 -1.112317 
-1.096255 -1.060760 -1.023995 -0.985912 -0.946482 -0.905701 -0.863606 -0.820297 -0.775973 -0.730969 -0.685819 -0.641330 -0.598649 -0.559328 -0.525304 -0.498754 -0.481775 -0.475923 -0.481775 -0.498754 -0.525304 -0.559328 -0.598649 -0.641330 -0.685819 -0.730969 -0.775973 -0.820297 -0.863606 -0.905701 -0.946482 -0.985912 -1.023995 -1.060760 -1.096255 
-1.081609 -1.044609 -1.006104 -0.966001 -0.924215 -0.880671 -0.835326 -0.788186 -0.739340 -0.689018 -0.637660 -0.586034 -0.535374 -0.487529 -0.445055 -0.411106 -0.388979 -0.381270 -0.388979 -0.411106 -0.445055 -0.487529 -0.535374 -0.586034 -0.637660 -0.689018 -0.739340 -0.788186 -0.835326 -0.880671 -0.924215 -0.966001 -1.006104 -1.044609 -1.081609 
-1.068579 -1.030179 -0.990041 -0.948022 -0.903970 -0.857731 -0.809160 -0.758133 -0.704584 -0.648556 -0.590290 -0.530376 -0.469969 -0.411106 -0.357031 -0.312315 -0.282329 -0.271708 -0.282329 -0.312315 -0.357031 -0.411106 -0.469969 -0.530376 -0.590290 -0.648556 -0.704584 -0.758133 -0.809160 -0.857731 -0.903970 -0.948022 -0.990041 -1.030179 -1.068579 
-1.057358 -1.017705 -0.976093 -0.932326 -0.886183 -0.837422 -0.785777 -0.730969 -0.672725 -0.610821 -0.545157 -0.475923 -0.403889 -0.330918 -0.260741 -0.199776 -0.157031 -0.141472 -0.157031 -0.199776 -0.260741 -0.330918 -0.403889 -0.475923 -0.545157 -0.610821 -0.672725 -0.730969 -0.785777 -0.837422 -0.886183 -0.932326 -0.976093 -1.017705 -1.057358 
-1.048130 -1.007411 -0.964537 -0.919259 -0.871291 -0.820297 -0.765889 -0.707615 -0.644961 -0.577360 -0.504231 -0.425095 -0.339849 -0.249403 -0.157031 -0.070748 -0.005637 0.019264 -0.005637 -0.070748 -0.157031 -0.249403 -0.339849 -0.425095 -0.504231 -0.577360 -0.644961 -0.707615 -0.765889 -0.820297 -0.871291 -0.919259 -0.964537 -1.007411 -1.048130 
-1.041054 -0.999496 -0.955622 -0.909139 -0.859700 -0.806890 -0.750201 -0.689018 -0.622578 -0.549946 -0.469969 -0.381270 -0.282329 -0.171896 -0.050434 0.075527 0.183484 0.229128 0.183484 0.075527 -0.050434 -0.171896 -0.282329 -0.381270 -0.469969 -0.549946 -0.622578 -0.689018 -0.750201 -0.806890 -0.859700 -0.909139 -0.955622 -0.999496 -1.041054 
-1.036260 -0.994123 -0.949554 -0.902230 -0.851759 -0.797661 -0.739340 -0.676045 -0.606811 -0.530376 -0.445055 -0.348549 -0.237669 -0.107988 0.046197 0.229128 0.424349 0.528545 0.424349 0.229128 0.046197 -0.107988 -0.237669 -0.348549 -0.445055 -0.530376 -0.606811 -0.676045 -0.739340 -0.797661 -0.851759 -0.902230 -0.949554 -0.994123 -1.036260 
-1.033840 -0.991407 -0.946482 -0.898726 -0.847721 -0.792955 -0.733782 -0.669374 -0.598649 -0.520156 -0.431879 -0.330918 -0.212889 -0.070748 0.107727 0.345576 0.683109 0.991139 0.683109 0.345576 0.107727 -0.070748 -0.212889 -0.330918 -0.431879 -0.520156 -0.598649 -0.669374 -0.733782 -0.792955 -0.847721 -0.898726 -0.946482 -0.991407 -1.033840 
-1.033536 -0.991066 -0.946096 -0.898285 -0.847213 -0.792363 -0.733081 -0.668531 -0.597616 -0.518857 -0.430196 -0.328648 -0.209659 -0.065786 0.116293 0.363553 0.736908 1.156859 0.736908 0.363553 0.116293 -0.065786 -0.209659 -0.328648 -0.430196 -0.518857 -0.597616 -0.668531 -0.733081 -0.792363 -0.847213 -0.898285 -0.946096 -0.991066 -1.033536 
-1.033853 -0.991421 -0.946499 -0.898745 -0.847743 -0.792981 -0.733812 -0.669410 -0.598694 -0.520212 -0.431952 -0.331017 -0.213029 -0.070962 0.107359 0.344817 0.680964 0.985570 0.680964 0.344817 0.107359 -0.070962 -0.213029 -0.331017 -0.431952 -0.520212 -0.598694 -0.669410 -0.733812 -0.792981 -0.847743 -0.898745 -0.946499 -0.991421 -1.033853 
-1.036299 -0.994167 -0.949604 -0.902287 -0.851824 -0.797737 -0.739430 -0.676152 -0.606941 -0.530539 -0.445264 -0.348827 -0.238055 -0.108557 0.045290 0.227547 0.421478 0.524594 0.421478 0.227547 0.045290 -0.108557 -0.238055 -0.348827 -0.445264 -0.530539 -0.606941 -0.676152 -0.739430 -0.797737 -0.851824 -0.902287 -0.949604 -0.994167 -1.036299 
-1.041118 -0.999568 -0.955703 -0.909231 -0.859806 -0.807012 -0.750345 -0.689189 -0.622786 -0.550202 -0.470292 -0.381689 -0.282891 -0.172678 -0.051560 0.073879 0.181197 0.226501 0.181197 0.073879 -0.051560 -0.172678 -0.282891 -0.381689 -0.470292 -0.550202 -0.622786 -0.689189 -0.750345 -0.807012 -0.859806 -0.909231 -0.955703 -0.999568 -1.041118 
-1.048218 -1.007509 -0.964647 -0.919384 -0.871434 -0.820463 -0.766082 -0.707843 -0.645233 -0.577691 -0.504640 -0.425611 -0.340512 -0.250271 -0.158174 -0.072229 -0.007439 0.017321 -0.007439 -0.072229 -0.158174 -0.250271 -0.340512 -0.425611 -0.504640 -0.577691 -0.645233 -0.707843 -0.766082 -0.820463 -0.871434 -0.919384 -0.964647 -1.007509 -1.048218 
-1.057469 -1.017828 -0.976230 -0.932481 -0.886360 -0.837624 -0.786011 -0.731242 -0.673048 -0.611206 -0.545624 -0.476494 -0.404595 -0.331793 -0.261819 -0.201068 -0.158500 -0.143011 -0.158500 -0.201068 -0.261819 -0.331793 -0.404595 -0.476494 -0.545624 -0.611206 -0.673048 -0.731242 -0.786011 -0.837624 -0.886360 -0.932481 -0.976230 -1.017828 -1.057469 
-1.068709 -1.030324 -0.990203 -0.948203 -0.904175 -0.857965 -0.809427 -0.758442 -0.704944 -0.648978 -0.590791 -0.530971 -0.470679 -0.411950 -0.358020 -0.313445 -0.283564 -0.272983 -0.283564 -0.313445 -0.358020 -0.411950 -0.470679 -0.530971 -0.590791 -0.648978 -0.704944 -0.758442 -0.809427 -0.857965 -0.904175 -0.948203 -0.990203 -1.030324 -1.068709 
-1.081758 -1.044774 -1.006287 -0.966206 -0.924444 -0.880930 -0.835620 -0.788521 -0.739726 -0.689462 -0.638175 -0.586632 -0.536067 -0.488326 -0.445957 -0.412103 -0.390043 -0.382358 -0.390043 -0.412103 -0.445957 -0.488326 -0.536067 -0.586632 -0.638175 -0.689462 -0.739726 -0.788521 -0.835620 -0.880930 -0.924444 -0.966206 -1.006287 -1.044774 -1.081758 
-1.096420 -1.060942 -1.024196 -0.986135 -0.946731 -0.905980 -0.863919 -0.820651 -0.776374 -0.731424 -0.686337 -0.641918 -0.599315 -0.560074 -0.526127 -0.499643 -0.482710 -0.476874 -0.482710 -0.499643 -0.526127 -0.560074 -0.599315 -0.641918 -0.686337 -0.731424 -0.776374 -0.820651 -0.863919 -0.905980 -0.946731 -0.986135 -1.024196 -1.060942 -1.096420 
-1.112496 -1.078591 -1.043644 -1.007650 -0.970625 -0.932619 -0.893730 -0.854126 -0.814065 -0.773936 -0.734293 -0.695899 -0.659754 -0.627107 -0.599403 -0.578162 -0.564759 -0.560173 -0.564759 -0.578162 -0.599403 -0.627107 -0.659754 -0.695899 -0.734293 -0.773936 -0.814065 -0.854126 -0.893730 -0.932619 -0.970625 -1.007650 -1.043644 -1.078591 -1.112496 
-1.129789 -1.097488 -1.064360 -1.030429 -0.995749 -0.960410 -0.924550 -0.888373 -0.852169 -0.816338 -0.781409 -0.748067 -0.717157 -0.689667 -0.666683 -0.649285 -0.638413 -0.634711 -0.638413 -0.649285 -0.666683 -0.689667 -0.717157 -0.748067 -0.781409 -0.816338 -0.852169 -0.888373 -0.924550 -0.960410 -0.995749 -1.030429 -1.064360 -1.097488 -1.129789 
-1.148109 -1.117416 -1.086091 -1.054184 -1.021775 -0.988980 -0.955961 -0.922942 -0.890219 -0.858177 -0.827302 -0.798189 -0.771536 -0.748125 -0.728775 -0.714271 -0.705270 -0.702218 -0.705270 -0.714271 -0.728775 -0.748125 -0.771536 -0.798189 -0.827302 -0.858177 -0.890219 -0.922942 -0.955961 -0.988980 -1.021775 -1.054184 -1.086091 -1.117416 -1.148109 
-1.167279 -1.138174 -1.108611 -1.078660 -1.048419 -1.018018 -0.987634 -0.957493 -0.927883 -0.899161 -0.871761 -0.846190 -0.823022 -0.802876 -0.786374 -0.774097 -0.766521 -0.763959 -0.766521 -0.774097 -0.786374 -0.802876 -0.823022 -0.846190 -0.871761 -0.899161 -0.927883 -0.957493 -0.987634 -1.018018 -1.048419 -1.078660 -1.108611 -1.138174 -1.167279 
-1.187138 -1.159580 -1.131720 -1.103638 -1.075443 -1.047275 -1.019311 -0.991773 -0.964931 -0.939109 -0.914687 -0.892095 -0.871801 -0.854297 -0.840064 -0.829538 -0.823069 -0.820886 -0.823069 -0.829538 -0.840064 -0.854297 -0.871801 -0.892095 -0.914687 -0.939109 -0.964931 -0.991773 -1.019311 -1.047275 -1.075443 -1.103638 -1.131720 -1.159580 -1.187138 
-1.207538 -1.181475 -1.155243 -1.128931 -1.102652 -1.076549 -1.050796 -1.025600 -1.001213 -0.977923 -0.956058 -0.935981 -0.918077 -0.902736 -0.890335 -0.881208 -0.875618 -0.873735 -0.875618 -0.881208 -0.890335 -0.902736 -0.918077 -0.935981 -0.956058 -0.977923 -1.001213 -1.025600 -1.050796 -1.076549 -1.102652 -1.128931 -1.155243 -1.181475 -1.207538 
-1.228349 -1.203718 -1.179032 -1.154384 -1.129889 -1.105687 -1.081942 -1.058850 -1.036636 -1.015556 -0.995894 -0.977953 -0.962050 -0.948500 -0.937600 -0.929607 -0.924726 -0.923084 -0.924726 -0.929607 -0.937600 -0.948500 -0.962050 -0.977953 -0.995894 -1.015556 -1.036636 -1.058850 -1.081942 -1.105687 -1.129889 -1.154384 -1.179032 -1.203718 -1.228349 
-1.249458 -1.226190 -1.202963 -1.179872 -1.157029 -1.134568 -1.112644 -1.091437 -1.071148 -1.052003 -1.034244 -1.018127 -1.003915 -0.991861 -0.982202 -0.975144 -0.970842 -0.969396 -0.970842 -0.975144 -0.982202 -0.991861 -1.003915 -1.018127 -1.034244 -1.052003 -1.071148 -1.091437 -1.112644 -1.134568 -1.157029 -1.179872 -1.202963 -1.226190 -1.249458 
-1.270765 -1.248788 -1.226932 -1.205290 -1.183972 -1.163103 -1.142829 -1.123310 -1.104728 -1.087279 -1.071172 -1.056622 -1.043847 -1.033055 -1.024437 -1.018155 -1.014333 -1.013050 -1.014333 -1.018155 -1.024437 -1.033055 -1.043847 -1.056622 -1.071172 -1.087279 -1.104728 -1.123310 -1.142829 -1.163103 -1.183972 -1.205290 -1.226932 -1.248788 -1.270765 
