33 33
5.066383e-02 0 5
-1.736587 -1.713335 -1.690216 -1.667345 -1.644855 -1.622901 -1.601663 -1.581344 -1.562168 -1.544380 -1.528235 -1.513997 -1.501921 -1.492244 -1.485172 -1.480861 -1.479413 -1.480861 -1.485172 -1.492244 -1.501921 -1.513997 -1.528235 -1.544380 -1.562168 -1.581344 -1.601663 -1.622901 -1.644855 -1.667345 -1.690216 -1.713335 -1.736587 
-1.714107 -1.689393 -1.664716 -1.640191 -1.615955 -1.592177 -1.569050 -1.546802 -1.525687 -1.505991 -1.488017 -1.472084 -1.458507 -1.447584 -1.439576 -1.434684 -1.433038 -1.434684 -1.439576 -1.447584 -1.458507 -1.472084 -1.488017 -1.505991 -1.525687 -1.546802 -1.569050 -1.592177 -1.615955 -1.640191 -1.664716 -1.689393 -1.714107 
-1.691857 -1.665595 -1.639251 -1.612939 -1.586800 -1.561009 -1.535775 -1.511348 -1.488017 -1.466112 -1.445997 -1.428056 -1.412684 -1.400256 -1.391108 -1.385505 -1.383618 -1.385505 -1.391108 -1.400256 -1.412684 -1.428056 -1.445997 -1.466112 -1.488017 -1.511348 -1.535775 -1.561009 -1.586800 -1.612939 -1.639251 -1.665595 -1.691857 
-1.669956 -1.642063 -1.613947 -1.585715 -1.557508 -1.529503 -1.501921 -1.475033 -1.449165 -1.424696 -1.402058 -1.381721 -1.364178 -1.349911 -1.339359 -1.332875 -1.330687 -1.332875 -1.339359 -1.349911 -1.364178 -1.381721 -1.402058 -1.424696 -1.449165 -1.475033 -1.501921 -1.529503 -1.557508 -1.585715 -1.613947 -1.642063 -1.669956 
-1.648545 -1.618948 -1.588960 -1.558679 -1.528235 -1.497805 -1.467615 -1.437952 -1.409176 -1.381721 -1.356095 -1.332875 -1.312680 -1.296137 -1.283828 -1.276232 -1.273663 -1.276232 -1.283828 -1.296137 -1.312680 -1.332875 -1.356095 -1.381721 -1.409176 -1.437952 -1.467615 -1.497805 -1.528235 -1.558679 -1.588960 -1.618948 -1.648545 
-1.627784 -1.596423 -1.564477 -1.532025 -1.499182 -1.466112 -1.433038 -1.400256 -1.368151 -1.337211 -1.308032 -1.281314 -1.257843 -1.238440 -1.223894 -1.214868 -1.211807 -1.214868 -1.223894 -1.238440 -1.257843 -1.281314 -1.308032 -1.337211 -1.368151 -1.400256 -1.433038 -1.466112 -1.499182 -1.532025 -1.564477 -1.596423 -1.627784 
-1.607856 -1.574689 -1.540717 -1.505991 -1.470600 -1.434684 -1.398445 -1.362174 -1.326270 -1.291265 -1.257843 -1.226852 -1.199286 -1.176234 -1.158782 -1.147874 -1.144161 -1.147874 -1.158782 -1.176234 -1.199286 -1.226852 -1.257843 -1.291265 -1.326270 -1.362174 -1.398445 -1.434684 -1.470600 -1.505991 -1.540717 -1.574689 -1.607856 
-1.588960 -1.553974 -1.517935 -1.480861 -1.442800 -1.403851 -1.364178 -1.324041 -1.283828 -1.244094 -1.205602 -1.169358 -1.136612 -1.108819 -1.087505 -1.074054 -1.069451 -1.074054 -1.087505 -1.108819 -1.136612 -1.169358 -1.205602 -1.244094 -1.283828 -1.324041 -1.364178 -1.403851 -1.442800 -1.480861 -1.517935 -1.553974 -1.588960 
-1.571316 -1.534529 -1.496423 -1.456967 -1.416157 -1.374030 -1.330687 -1.286324 -1.241279 -1.196085 -1.151548 -1.108819 -1.069451 -1.035383 -1.008797 -0.991795 -0.985935 -0.991795 -1.008797 -1.035383 -1.069451 -1.108819 -1.151548 -1.196085 -1.241279 -1.286324 -1.330687 -1.374030 -1.416157 -1.456967 -1.496423 -1.534529 -1.571316 
-1.555156 -1.516627 -1.476499 -1.434684 -1.391108 -1.345728 -1.298548 -1.249658 -1.199286 -1.147874 -1.096189 -1.045466 -0.997557 -0.955021 -0.921021 -0.898858 -0.891137 -0.898858 -0.921021 -0.955021 -0.997557 -1.045466 -1.096189 -1.147874 -1.199286 -1.249658 -1.298548 -1.345728 -1.391108 -1.434684 -1.476499 -1.516627 -1.555156 
-1.540717 -1.500554 -1.458507 -1.414424 -1.368151 -1.319540 -1.268468 -1.214868 -1.158782 -1.100451 -1.040461 -0.979972 -0.921021 -0.866857 -0.822063 -0.792021 -0.781380 -0.792021 -0.822063 -0.866857 -0.921021 -0.979972 -1.040461 -1.100451 -1.158782 -1.214868 -1.268468 -1.319540 -1.368151 -1.414424 -1.458507 -1.500554 -1.540717 
-1.528235 -1.486597 -1.442800 -1.396625 -1.347826 -1.296137 -1.241279 -1.182977 -1.121005 -1.055262 -0.985935 -0.913793 -0.840700 -0.770391 -0.709299 -0.666458 -0.650862 -0.666458 -0.709299 -0.770391 -0.840700 -0.913793 -0.985935 -1.055262 -1.121005 -1.182977 -1.241279 -1.296137 -1.347826 -1.396625 -1.442800 -1.486597 -1.528235 
-1.517935 -1.475033 -1.429725 -1.381721 -1.330687 -1.276232 -1.217903 -1.155184 -1.087505 -1.014282 -0.935032 -0.849646 -0.759030 -0.666458 -0.579960 -0.514666 -0.489691 -0.514666 -0.579960 -0.666458 -0.759030 -0.849646 -0.935032 -1.014282 -1.087505 -1.155184 -1.217903 -1.276232 -1.330687 -1.381721 -1.429725 -1.475033 -1.517935 
-1.510016 -1.466112 -1.419597 -1.370122 -1.317268 -1.260529 -1.199286 -1.132776 -1.060057 -0.979972 -0.891137 -0.792021 -0.681357 -0.559591 -0.433248 -0.324898 -0.279066 -0.324898 -0.433248 -0.559591 -0.681357 -0.792021 -0.891137 -0.979972 -1.060057 -1.132776 -1.199286 -1.260529 -1.317268 -1.370122 -1.419597 -1.466112 -1.510016 
-1.504639 -1.460041 -1.412684 -1.362174 -1.308032 -1.249658 -1.186301 -1.116990 -1.040461 -0.955021 -0.858361 -0.747272 -0.617296 -0.462673 -0.279066 -0.082874 0.021975 -0.082874 -0.279066 -0.462673 -0.617296 -0.747272 -0.858361 -0.955021 -1.040461 -1.116990 -1.186301 -1.249658 -1.308032 -1.362174 -1.412684 -1.460041 -1.504639 
-1.501921 -1.456967 -1.409176 -1.358133 -1.303321 -1.244094 -1.179622 -1.108819 -1.030228 -0.941826 -0.840700 -0.722441 -0.579960 -0.400937 -0.162075 0.177726 0.489184 0.177726 -0.162075 -0.400937 -0.579960 -0.722441 -0.840700 -0.941826 -1.030228 -1.108819 -1.179622 -1.244094 -1.303321 -1.358133 -1.409176 -1.456967 -1.501921 
-1.501580 -1.456581 -1.408736 -1.357625 -1.302728 -1.243393 -1.178778 -1.107784 -1.028927 -0.940140 -0.838426 -0.719204 -0.574984 -0.392340 -0.144005 0.232010 0.657565 0.232010 -0.144005 -0.392340 -0.574984 -0.719204 -0.838426 -0.940140 -1.028927 -1.107784 -1.178778 -1.243393 -1.302728 -1.357625 -1.408736 -1.456581 -1.501580 
-1.501936 -1.456984 -1.409196 -1.358155 -1.303347 -1.244125 -1.179659 -1.108864 -1.030284 -0.941899 -0.840798 -0.722581 -0.580174 -0.401306 -0.162838 0.175562 0.483538 0.175562 -0.162838 -0.401306 -0.580174 -0.722581 -0.840798 -0.941899 -1.030284 -1.108864 -1.179659 -1.244125 -1.303347 -1.358155 -1.409196 -1.456984 -1.501936 
-1.504683 -1.460091 -1.412740 -1.362239 -1.308107 -1.249748 -1.186408 -1.117121 -1.040624 -0.955231 -0.858639 -0.747659 -0.617867 -0.463583 -0.280653 -0.085762 0.017997 -0.085762 -0.280653 -0.463583 -0.617867 -0.747659 -0.858639 -0.955231 -1.040624 -1.117121 -1.186408 -1.249748 -1.308107 -1.362239 -1.412740 -1.460091 -1.504683 
-1.510088 -1.466194 -1.419689 -1.370227 -1.317391 -1.260674 -1.199458 -1.132984 -1.060313 -0.980296 -0.891557 -0.792584 -0.682141 -0.560720 -0.434901 -0.327193 -0.281704 -0.327193 -0.434901 -0.560720 -0.682141 -0.792584 -0.891557 -0.980296 -1.060313 -1.132984 -1.199458 -1.260674 -1.317391 -1.370227 -1.419689 -1.466194 -1.510088 
-1.518034 -1.475144 -1.429850 -1.381864 -1.330852 -1.276424 -1.218130 -1.155456 -1.087836 -1.014692 -0.935548 -0.850310 -0.759900 -0.667604 -0.581445 -0.516474 -0.491639 -0.516474 -0.581445 -0.667604 -0.759900 -0.850310 -0.935548 -1.014692 -1.087836 -1.155456 -1.218130 -1.276424 -1.330852 -1.381864 -1.429850 -1.475144 -1.518034 
-1.528358 -1.486735 -1.442956 -1.396801 -1.348028 -1.296371 -1.241552 -1.183300 -1.121391 -1.055729 -0.986507 -0.914500 -0.841576 -0.771471 -0.710594 -0.667930 -0.652405 -0.667930 -0.710594 -0.771471 -0.841576 -0.914500 -0.986507 -1.055729 -1.121391 -1.183300 -1.241552 -1.296371 -1.348028 -1.396801 -1.442956 -1.486735 -1.528358 
-1.540862 -1.500716 -1.458689 -1.414630 -1.368385 -1.319808 -1.268777 -1.215228 -1.159205 -1.100951 -1.041057 -0.980683 -0.921866 -0.867849 -0.823195 -0.793258 -0.782656 -0.793258 -0.823195 -0.867849 -0.921866 -0.980683 -1.041057 -1.100951 -1.159205 -1.215228 -1.268777 -1.319808 -1.368385 -1.414630 -1.458689 -1.500716 -1.540862 
-1.555321 -1.516811 -1.476704 -1.434913 -1.391367 -1.346022 -1.298884 -1.250044 -1.199732 -1.148390 -1.096788 -1.046160 -0.998355 -0.955925 -0.922020 -0.899924 -0.892227 -0.899924 -0.922020 -0.955925 -0.998355 -1.046160 -1.096788 -1.148390 -1.199732 -1.250044 -1.298884 -1.346022 -1.391367 -1.434913 -1.476704 -1.516811 -1.555321 
-1.571498 -1.534730 -1.496646 -1.457216 -1.416436 -1.374343 -1.331041 -1.286725 -1.241734 -1.196603 -1.152137 -1.109486 -1.070198 -1.036207 -1.009688 -0.992731 -0.986887 -0.992731 -1.009688 -1.036207 -1.070198 -1.109486 -1.152137 -1.196603 -1.241734 -1.286725 -1.331041 -1.374343 -1.416436 -1.457216 -1.496646 -1.534730 -1.571498 
-1.589157 -1.554190 -1.518174 -1.481125 -1.443094 -1.404178 -1.364543 -1.324449 -1.284286 -1.244606 -1.206174 -1.169992 -1.137309 -1.109574 -1.088307 -1.074889 -1.070297 -1.074889 -1.088307 -1.109574 -1.137309 -1.169992 -1.206174 -1.244606 -1.284286 -1.324449 -1.364543 -1.404178 -1.443094 -1.481125 -1.518174 -1.554190 -1.589157 
-1.608065 -1.574918 -1.540967 -1.506266 -1.470904 -1.435019 -1.398816 -1.362584 -1.326724 -1.291765 -1.258394 -1.227453 -1.199937 -1.176929 -1.159512 -1.148628 -1.144922 -1.148628 -1.159512 -1.176929 -1.199937 -1.227453 -1.258394 -1.291765 -1.326724 -1.362584 -1.398816 -1.435019 -1.470904 -1.506266 -1.540967 -1.574918 -1.608065 
-1.628003 -1.596661 -1.564736 -1.532308 -1.499492 -1.466452 -1.433410 -1.400664 -1.368597 -1.337697 -1.308559 -1.281883 -1.258451 -1.239083 -1.224564 -1.215555 -1.212500 -1.215555 -1.224564 -1.239083 -1.258451 -1.281883 -1.308559 -1.337697 -1.368597 -1.400664 -1.433410 -1.466452 -1.499492 -1.532308 -1.564736 -1.596661 -1.628003 
-1.648772 -1.619194 -1.589226 -1.558968 -1.528549 -1.498146 -1.467985 -1.438354 -1.409612 -1.382191 -1.356600 -1.333414 -1.313250 -1.296735 -1.284447 -1.276864 -1.274300 -1.276864 -1.284447 -1.296735 -1.313250 -1.333414 -1.356600 -1.382191 -1.409612 -1.438354 -1.467985 -1.498146 -1.528549 -1.558968 -1.589226 -1.619194 -1.648772 
-1.670189 -1.642314 -1.614217 -1.586007 -1.557823 -1.529843 -1.502287 -1.475428 -1.449589 -1.425150 -1.402541 -1.382232 -1.364714 -1.350469 -1.339935 -1.333461 -1.331276 -1.333461 -1.339935 -1.350469 -1.364714 -1.382232 -1.402541 -1.425150 -1.449589 -1.475428 -1.502287 -1.529843 -1.557823 -1.586007 -1.614217 -1.642314 -1.670189 
-1.692094 -1.665849 -1.639524 -1.613232 -1.587114 -1.561346 -1.536136 -1.511733 -1.488428 -1.466549 -1.446458 -1.428541 -1.413190 -1.400780 -1.391646 -1.386051 -1.384167 -1.386051 -1.391646 -1.400780 -1.413190 -1.428541 -1.446458 -1.466549 -1.488428 -1.511733 -1.536136 -1.561346 -1.587114 -1.613232 -1.639524 -1.665849 -1.692094 
-1.714348 -1.689650 -1.664990 -1.640483 -1.616268 -1.592510 -1.569405 -1.547178 -1.526086 -1.506411 -1.488459 -1.472545 -1.458986 -1.448078 -1.440080 -1.435195 -1.433552 -1.435195 -1.440080 -1.448078 -1.458986 -1.472545 -1.488459 -1.506411 -1.526086 -1.547178 -1.569405 -1.592510 -1.616268 -1.640483 -1.664990 -1.689650 -1.714348 
-1.736830 -1.713592 -1.690490 -1.667636 -1.645164 -1.623229 -1.602010 -1.581710 -1.562554 -1.544785 -1.528658 -1.514437 -1.502375 -1.492711 -1.485647 -1.481343 -1.479896 -1.481343 -1.485647 -1.492711 -1.502375 -1.514437 -1.528658 -1.544785 -1.562554 -1.581710 -1.602010 -1.623229 -1.645164 -1.667636 -1.690490 -1.713592 -1.736830 
