67 67
2.249055e+00 0 5
0.250491 0.267393 0.284178 0.300829 0.317328 0.333653 0.349784 0.365699 0.381374 0.396785 0.411905 0.426707 0.441163 0.455245 0.468921 0.482162 0.494934 0.507207 0.518948 0.530124 0.540703 0.550653 0.559942 0.568541 0.576419 0.583550 0.589907 0.595468 0.600210 0.604116 0.607171 0.609361 0.610679 0.611119 0.610679 0.609361 0.607171 0.604116 0.600210 0.595468 0.589907 0.583550 0.576419 0.568541 0.559942 0.550653 0.540703 0.530124 0.518948 0.507207 0.494934 0.482162 0.468921 0.455245 0.441163 0.426707 0.411905 0.396785 0.381374 0.365699 0.349784 0.333653 0.317328 0.300829 0.284178 0.267393 0.250491 
0.267129 0.284448 0.301659 0.318744 0.335685 0.352461 0.369050 0.385429 0.401573 0.417458 0.433056 0.448339 0.463276 0.477838 0.491993 0.505707 0.518948 0.531681 0.543871 0.555483 0.566483 0.576836 0.586509 0.595468 0.603681 0.611119 0.617754 0.623560 0.628513 0.632595 0.635787 0.638077 0.639455 0.639915 0.639455 0.638077 0.635787 0.632595 0.628513 0.623560 0.617754 0.611119 0.603681 0.595468 0.586509 0.576836 0.566483 0.555483 0.543871 0.531681 0.518948 0.505707 0.491993 0.477838 0.463276 0.448339 0.433056 0.417458 0.401573 0.385429 0.369050 0.352461 0.335685 0.318744 0.301659 0.284448 0.267129 
0.283639 0.301382 0.319028 0.336558 0.353952 0.371190 0.388250 0.405107 0.421736 0.438112 0.454204 0.469985 0.485423 0.500485 0.515138 0.529347 0.543077 0.556292 0.568953 0.581024 0.592468 0.603246 0.613323 0.622663 0.631232 0.638996 0.645925 0.651991 0.657169 0.661437 0.664776 0.667172 0.668614 0.669095 0.668614 0.667172 0.664776 0.661437 0.657169 0.651991 0.645925 0.638996 0.631232 0.622663 0.613323 0.603246 0.592468 0.581024 0.568953 0.556292 0.543077 0.529347 0.515138 0.500485 0.485423 0.469985 0.454204 0.438112 0.421736 0.405107 0.388250 0.371190 0.353952 0.336558 0.319028 0.301382 0.283639 
0.300001 0.318177 0.336267 0.354251 0.372110 0.389822 0.407365 0.424714 0.441843 0.458725 0.475330 0.491626 0.507583 0.523165 0.538337 0.553063 0.567305 0.581024 0.594180 0.606734 0.618644 0.629871 0.640375 0.650118 0.659062 0.667172 0.674414 0.680757 0.686174 0.690640 0.694136 0.696644 0.698154 0.698658 0.698154 0.696644 0.694136 0.690640 0.686174 0.680757 0.674414 0.667172 0.659062 0.650118 0.640375 0.629871 0.618644 0.606734 0.594180 0.581024 0.567305 0.553063 0.538337 0.523165 0.507583 0.491626 0.475330 0.458725 0.441843 0.424714 0.407365 0.389822 0.372110 0.354251 0.336267 0.318177 0.300001 
0.316196 0.334813 0.353355 0.371803 0.390137 0.408335 0.426374 0.444229 0.461873 0.479276 0.496410 0.513241 0.529735 0.545858 0.561571 0.576836 0.591613 0.605860 0.619535 0.632595 0.644997 0.656697 0.667652 0.677821 0.687163 0.695640 0.703213 0.709851 0.715521 0.720199 0.723861 0.726490 0.728073 0.728601 0.728073 0.726490 0.723861 0.720199 0.715521 0.709851 0.703213 0.695640 0.687163 0.677821 0.667652 0.656697 0.644997 0.632595 0.619535 0.605860 0.591613 0.576836 0.561571 0.545858 0.529735 0.513241 0.496410 0.479276 0.461873 0.444229 0.426374 0.408335 0.390137 0.371803 0.353355 0.334813 0.316196 
0.332205 0.351270 0.370272 0.389193 0.408012 0.426707 0.445254 0.463628 0.481800 0.499742 0.517421 0.534805 0.551857 0.568541 0.584816 0.600643 0.615978 0.630778 0.644997 0.658589 0.671507 0.683706 0.695138 0.705758 0.715521 0.724386 0.732312 0.739263 0.745204 0.750107 0.753946 0.756704 0.758364 0.758918 0.758364 0.756704 0.753946 0.750107 0.745204 0.739263 0.732312 0.724386 0.715521 0.705758 0.695138 0.683706 0.671507 0.658589 0.644997 0.630778 0.615978 0.600643 0.584816 0.568541 0.551857 0.534805 0.517421 0.499742 0.481800 0.463628 0.445254 0.426707 0.408012 0.389193 0.370272 0.351270 0.332205 
0.348006 0.367525 0.386994 0.406396 0.425710 0.444912 0.463979 0.482885 0.501600 0.520095 0.538337 0.556292 0.573921 0.591186 0.608046 0.624458 0.640375 0.655753 0.670541 0.684692 0.698154 0.710878 0.722813 0.733909 0.744119 0.753396 0.761697 0.768980 0.775209 0.780352 0.784381 0.787275 0.789018 0.789600 0.789018 0.787275 0.784381 0.780352 0.775209 0.768980 0.761697 0.753396 0.744119 0.733909 0.722813 0.710878 0.698154 0.684692 0.670541 0.655753 0.640375 0.624458 0.608046 0.591186 0.573921 0.556292 0.538337 0.520095 0.501600 0.482885 0.463979 0.444912 0.425710 0.406396 0.386994 0.367525 0.348006 
0.363576 0.383554 0.403499 0.423389 0.443206 0.462925 0.482523 0.501973 0.521245 0.540308 0.559129 0.577672 0.595897 0.613765 0.631232 0.648251 0.664776 0.680757 0.696142 0.710878 0.724912 0.738188 0.750654 0.762254 0.772937 0.782651 0.791349 0.798986 0.805522 0.810920 0.815151 0.818191 0.820022 0.820634 0.820022 0.818191 0.815151 0.810920 0.805522 0.798986 0.791349 0.782651 0.772937 0.762254 0.750654 0.738188 0.724912 0.710878 0.696142 0.680757 0.664776 0.648251 0.631232 0.613765 0.595897 0.577672 0.559129 0.540308 0.521245 0.501973 0.482523 0.462925 0.443206 0.423389 0.403499 0.383554 0.363576 
0.378891 0.399334 0.419759 0.440145 0.460472 0.480717 0.500856 0.520861 0.540703 0.560349 0.579765 0.598913 0.617754 0.636245 0.654340 0.671991 0.689148 0.705758 0.721766 0.737116 0.751749 0.765608 0.778633 0.790765 0.801948 0.812126 0.821246 0.829259 0.836121 0.841792 0.846239 0.849435 0.851360 0.852003 0.851360 0.849435 0.846239 0.841792 0.836121 0.829259 0.821246 0.812126 0.801948 0.790765 0.778633 0.765608 0.751749 0.737116 0.721766 0.705758 0.689148 0.671991 0.654340 0.636245 0.617754 0.598913 0.579765 0.560349 0.540703 0.520861 0.500856 0.480717 0.460472 0.440145 0.419759 0.399334 0.378891 
0.393928 0.414839 0.435748 0.456635 0.477479 0.498259 0.518948 0.539519 0.559942 0.580184 0.600210 0.619981 0.639455 0.658589 0.677334 0.695640 0.713453 0.730719 0.747378 0.763370 0.778633 0.793103 0.806717 0.819411 0.831123 0.841792 0.851360 0.859773 0.866982 0.872944 0.877620 0.880982 0.883009 0.883685 0.883009 0.880982 0.877620 0.872944 0.866982 0.859773 0.851360 0.841792 0.831123 0.819411 0.806717 0.793103 0.778633 0.763370 0.747378 0.730719 0.713453 0.695640 0.677334 0.658589 0.639455 0.619981 0.600210 0.580184 0.559942 0.539519 0.518948 0.498259 0.477479 0.456635 0.435748 0.414839 0.393928 
0.408659 0.430041 0.451438 0.472830 0.494198 0.515518 0.536765 0.557912 0.578927 0.599778 0.620427 0.640836 0.660961 0.680757 0.700173 0.719157 0.737652 0.755599 0.772937 0.789600 0.805522 0.820634 0.834868 0.848154 0.860425 0.871614 0.881657 0.890495 0.898073 0.904344 0.909265 0.912805 0.914939 0.915651 0.914939 0.912805 0.909265 0.904344 0.898073 0.890495 0.881657 0.871614 0.860425 0.848154 0.834868 0.820634 0.805522 0.789600 0.772937 0.755599 0.737652 0.719157 0.700173 0.680757 0.660961 0.640836 0.620427 0.599778 0.578927 0.557912 0.536765 0.515518 0.494198 0.472830 0.451438 0.430041 0.408659 
0.423058 0.444912 0.466799 0.488700 0.510594 0.532460 0.554272 0.576002 0.597619 0.619089 0.640375 0.661437 0.682230 0.702705 0.722813 0.742496 0.761697 0.780352 0.798395 0.815758 0.832369 0.848154 0.863040 0.876950 0.889811 0.901549 0.912095 0.921384 0.929355 0.935955 0.941137 0.944866 0.947114 0.947866 0.947114 0.944866 0.941137 0.935955 0.929355 0.921384 0.912095 0.901549 0.889811 0.876950 0.863040 0.848154 0.832369 0.815758 0.798395 0.780352 0.761697 0.742496 0.722813 0.702705 0.682230 0.661437 0.640375 0.619089 0.597619 0.576002 0.554272 0.532460 0.510594 0.488700 0.466799 0.444912 0.423058 
0.437098 0.459423 0.481800 0.504211 0.526635 0.549051 0.571432 0.593752 0.615978 0.638077 0.660011 0.681738 0.703213 0.724386 0.745204 0.765608 0.785537 0.804925 0.823701 0.841792 0.859122 0.875612 0.891180 0.905746 0.919228 0.931547 0.942626 0.952393 0.960780 0.967730 0.973190 0.977120 0.979491 0.980283 0.979491 0.977120 0.973190 0.967730 0.960780 0.952393 0.942626 0.931547 0.919228 0.905746 0.891180 0.875612 0.859122 0.841792 0.823701 0.804925 0.785537 0.765608 0.745204 0.724386 0.703213 0.681738 0.660011 0.638077 0.615978 0.593752 0.571432 0.549051 0.526635 0.504211 0.481800 0.459423 0.437098 
0.450748 0.473543 0.496410 0.519330 0.542285 0.565252 0.588206 0.611119 0.633961 0.656697 0.679287 0.701691 0.723861 0.745747 0.767292 0.788436 0.809115 0.829259 0.848794 0.867642 0.885720 0.902945 0.919228 0.934482 0.948618 0.961548 0.973190 0.983462 0.992292 0.999612 1.005368 1.009513 1.012014 1.012849 1.012014 1.009513 1.005368 0.999612 0.992292 0.983462 0.973190 0.961548 0.948618 0.934482 0.919228 0.902945 0.885720 0.867642 0.848794 0.829259 0.809115 0.788436 0.767292 0.745747 0.723861 0.701691 0.679287 0.656697 0.633961 0.611119 0.588206 0.565252 0.542285 0.519330 0.496410 0.473543 0.450748 
0.463979 0.487241 0.510594 0.534022 0.557506 0.581024 0.604552 0.628062 0.651522 0.674899 0.698154 0.721243 0.744119 0.766730 0.789018 0.810920 0.832369 0.853292 0.873610 0.893240 0.912095 0.930085 0.947114 0.963088 0.977909 0.991484 1.003718 1.014524 1.023821 1.031536 1.037605 1.041977 1.044616 1.045498 1.044616 1.041977 1.037605 1.031536 1.023821 1.014524 1.003718 0.991484 0.977909 0.963088 0.947114 0.930085 0.912095 0.893240 0.873610 0.853292 0.832369 0.810920 0.789018 0.766730 0.744119 0.721243 0.698154 0.674899 0.651522 0.628062 0.604552 0.581024 0.557506 0.534022 0.510594 0.487241 0.463979 
0.476762 0.500485 0.524320 0.548251 0.572261 0.596327 0.620427 0.644533 0.668614 0.692635 0.716558 0.740339 0.763929 0.787275 0.810318 0.832993 0.855229 0.876950 0.898073 0.918511 0.938170 0.956953 0.974759 0.991484 1.007023 1.021272 1.034129 1.045498 1.055289 1.063419 1.069820 1.074434 1.077219 1.078151 1.077219 1.074434 1.069820 1.063419 1.055289 1.045498 1.034129 1.021272 1.007023 0.991484 0.974759 0.956953 0.938170 0.918511 0.898073 0.876950 0.855229 0.832993 0.810318 0.787275 0.763929 0.740339 0.716558 0.692635 0.668614 0.644533 0.620427 0.596327 0.572261 0.548251 0.524320 0.500485 0.476762 
0.489065 0.513241 0.537551 0.561979 0.586509 0.611119 0.635787 0.660486 0.685185 0.709851 0.734443 0.758918 0.783227 0.807316 0.831123 0.854583 0.877620 0.900156 0.922105 0.943372 0.963859 0.983462 1.002072 1.019578 1.035864 1.050819 1.064329 1.076289 1.086599 1.095168 1.101919 1.106788 1.109728 1.110712 1.109728 1.106788 1.101919 1.095168 1.086599 1.076289 1.064329 1.050819 1.035864 1.019578 1.002072 0.983462 0.963859 0.943372 0.922105 0.900156 0.877620 0.854583 0.831123 0.807316 0.783227 0.758918 0.734443 0.709851 0.685185 0.660486 0.635787 0.611119 0.586509 0.561979 0.537551 0.513241 0.489065 
0.500856 0.525476 0.550252 0.575169 0.600210 0.625357 0.650586 0.675872 0.701185 0.726490 0.751749 0.776919 0.801948 0.826783 0.851360 0.875612 0.899461 0.922826 0.945615 0.967730 0.989066 1.009513 1.028953 1.047267 1.064329 1.080018 1.094210 1.106788 1.117641 1.126671 1.133790 1.138927 1.142031 1.143070 1.142031 1.138927 1.133790 1.126671 1.117641 1.106788 1.094210 1.080018 1.064329 1.047267 1.028953 1.009513 0.989066 0.967730 0.945615 0.922826 0.899461 0.875612 0.851360 0.826783 0.801948 0.776919 0.751749 0.726490 0.701185 0.675872 0.650586 0.625357 0.600210 0.575169 0.550252 0.525476 0.500856 
0.512105 0.537158 0.562387 0.587781 0.613323 0.638996 0.664776 0.690640 0.716558 0.742496 0.768417 0.794275 0.820022 0.845602 0.870950 0.895997 0.920665 0.944866 0.968507 0.991484 1.013686 1.034996 1.055289 1.074434 1.092298 1.108746 1.123646 1.136867 1.148288 1.157799 1.165304 1.170723 1.173998 1.175094 1.173998 1.170723 1.165304 1.157799 1.148288 1.136867 1.123646 1.108746 1.092298 1.074434 1.055289 1.034996 1.013686 0.991484 0.968507 0.944866 0.920665 0.895997 0.870950 0.845602 0.820022 0.794275 0.768417 0.742496 0.716558 0.690640 0.664776 0.638996 0.613323 0.587781 0.562387 0.537158 0.512105 
0.522780 0.548251 0.573921 0.599778 0.625807 0.651991 0.678310 0.704739 0.731250 0.757810 0.784381 0.810920 0.837377 0.863695 0.889811 0.915651 0.941137 0.966178 0.990677 1.014524 1.037605 1.059792 1.080953 1.100949 1.119636 1.136867 1.152497 1.166384 1.178394 1.188405 1.196311 1.202024 1.205478 1.206634 1.205478 1.202024 1.196311 1.188405 1.178394 1.166384 1.152497 1.136867 1.119636 1.100949 1.080953 1.059792 1.037605 1.014524 0.990677 0.966178 0.941137 0.915651 0.889811 0.863695 0.837377 0.810920 0.784381 0.757810 0.731250 0.704739 0.678310 0.651991 0.625807 0.599778 0.573921 0.548251 0.522780 
0.532850 0.558723 0.584816 0.611119 0.637619 0.664298 0.691138 0.718116 0.745204 0.772370 0.799577 0.826783 0.853937 0.880982 0.907855 0.934482 0.960780 0.986658 1.012014 1.036734 1.060697 1.083769 1.105811 1.126671 1.146195 1.164226 1.180604 1.195175 1.207792 1.218320 1.226641 1.232657 1.236297 1.237515 1.236297 1.232657 1.226641 1.218320 1.207792 1.195175 1.180604 1.164226 1.146195 1.126671 1.105811 1.083769 1.060697 1.036734 1.012014 0.986658 0.960780 0.934482 0.907855 0.880982 0.853937 0.826783 0.799577 0.772370 0.745204 0.718116 0.691138 0.664298 0.637619 0.611119 0.584816 0.558723 0.532850 
0.542285 0.568541 0.595038 0.621768 0.648717 0.675872 0.703213 0.730719 0.758364 0.786116 0.813939 0.841792 0.869625 0.897381 0.924994 0.952393 0.979491 1.006195 1.032399 1.057987 1.082829 1.106788 1.129711 1.151442 1.171813 1.190653 1.207792 1.223060 1.236297 1.247354 1.256100 1.262429 1.266259 1.267541 1.266259 1.262429 1.256100 1.247354 1.236297 1.223060 1.207792 1.190653 1.171813 1.151442 1.129711 1.106788 1.082829 1.057987 1.032399 1.006195 0.979491 0.952393 0.924994 0.897381 0.869625 0.841792 0.813939 0.786116 0.758364 0.730719 0.703213 0.675872 0.648717 0.621768 0.595038 0.568541 0.542285 
0.551054 0.577672 0.604552 0.631686 0.659062 0.686668 0.714487 0.742496 0.770673 0.798986 0.827401 0.855876 0.884363 0.912805 0.941137 0.969285 0.997162 1.024674 1.051710 1.078151 1.103861 1.128696 1.152497 1.175094 1.196311 1.215964 1.233868 1.249839 1.263702 1.275295 1.284473 1.291119 1.295143 1.296491 1.295143 1.291119 1.284473 1.275295 1.263702 1.249839 1.233868 1.215964 1.196311 1.175094 1.152497 1.128696 1.103861 1.078151 1.051710 1.024674 0.997162 0.969285 0.941137 0.912805 0.884363 0.855876 0.827401 0.798986 0.770673 0.742496 0.714487 0.686668 0.659062 0.631686 0.604552 0.577672 0.551054 
0.559129 0.586085 0.613323 0.640836 0.668614 0.696644 0.724912 0.753396 0.782075 0.810920 0.839896 0.868963 0.898073 0.927171 0.956191 0.985058 1.013686 1.041977 1.069820 1.097089 1.123646 1.149338 1.173998 1.197449 1.219502 1.239959 1.258623 1.275295 1.289784 1.301913 1.311524 1.318489 1.322708 1.324121 1.322708 1.318489 1.311524 1.301913 1.289784 1.275295 1.258623 1.239959 1.219502 1.197449 1.173998 1.149338 1.123646 1.097089 1.069820 1.041977 1.013686 0.985058 0.956191 0.927171 0.898073 0.868963 0.839896 0.810920 0.782075 0.753396 0.724912 0.696644 0.668614 0.640836 0.613323 0.586085 0.559129 
0.566483 0.593752 0.621321 0.649184 0.677334 0.705758 0.734443 0.763370 0.792518 0.821859 0.851360 0.880982 0.910679 0.940394 0.970064 0.999612 1.028953 1.057987 1.086599 1.114662 1.142031 1.168549 1.194042 1.218320 1.241185 1.262429 1.281836 1.299195 1.314300 1.326958 1.336998 1.344277 1.348689 1.350168 1.348689 1.344277 1.336998 1.326958 1.314300 1.299195 1.281836 1.262429 1.241185 1.218320 1.194042 1.168549 1.142031 1.114662 1.086599 1.057987 1.028953 0.999612 0.970064 0.940394 0.910679 0.880982 0.851360 0.821859 0.792518 0.763370 0.734443 0.705758 0.677334 0.649184 0.621321 0.593752 0.566483 
0.573090 0.600643 0.628513 0.656697 0.685185 0.713970 0.743037 0.772370 0.801948 0.831746 0.861731 0.891866 0.922105 0.952393 0.982666 1.012849 1.042856 1.072584 1.101919 1.130728 1.158866 1.186166 1.212448 1.237515 1.261157 1.283153 1.303276 1.321298 1.336998 1.350168 1.360623 1.368208 1.372808 1.374350 1.372808 1.368208 1.360623 1.350168 1.336998 1.321298 1.303276 1.283153 1.261157 1.237515 1.212448 1.186166 1.158866 1.130728 1.101919 1.072584 1.042856 1.012849 0.982666 0.952393 0.922105 0.891866 0.861731 0.831746 0.801948 0.772370 0.743037 0.713970 0.685185 0.656697 0.628513 0.600643 0.573090 
0.578927 0.606734 0.634874 0.663343 0.692136 0.721243 0.750654 0.780352 0.810318 0.840527 0.870950 0.901549 0.932279 0.963088 0.993911 1.024674 1.055289 1.085654 1.115653 1.145152 1.173998 1.202024 1.229040 1.254843 1.279211 1.301913 1.322708 1.341354 1.357616 1.371271 1.382120 1.389996 1.394775 1.396376 1.394775 1.389996 1.382120 1.371271 1.357616 1.341354 1.322708 1.301913 1.279211 1.254843 1.229040 1.202024 1.173998 1.145152 1.115653 1.085654 1.055289 1.024674 0.993911 0.963088 0.932279 0.901549 0.870950 0.840527 0.810318 0.780352 0.750654 0.721243 0.692136 0.663343 0.634874 0.606734 0.578927 
0.583972 0.612000 0.640375 0.669095 0.698154 0.727545 0.757256 0.787275 0.817582 0.848154 0.878963 0.909972 0.941137 0.972407 1.003718 1.034996 1.066154 1.097089 1.127683 1.157799 1.187285 1.215964 1.243645 1.270114 1.295143 1.318489 1.339899 1.359117 1.375895 1.389996 1.401208 1.409353 1.414296 1.415954 1.414296 1.409353 1.401208 1.389996 1.375895 1.359117 1.339899 1.318489 1.295143 1.270114 1.243645 1.215964 1.187285 1.157799 1.127683 1.097089 1.066154 1.034996 1.003718 0.972407 0.941137 0.909972 0.878963 0.848154 0.817582 0.787275 0.757256 0.727545 0.698154 0.669095 0.640375 0.612000 0.583972 
0.588206 0.616422 0.644997 0.673928 0.703213 0.732844 0.762812 0.793103 0.823701 0.854583 0.885720 0.917080 0.948618 0.980283 1.012014 1.043735 1.075361 1.106788 1.137896 1.168549 1.198590 1.227839 1.256100 1.283153 1.308762 1.332674 1.354625 1.374350 1.391585 1.406081 1.417616 1.425999 1.431089 1.432795 1.431089 1.425999 1.417616 1.406081 1.391585 1.374350 1.354625 1.332674 1.308762 1.283153 1.256100 1.227839 1.198590 1.168549 1.137896 1.106788 1.075361 1.043735 1.012014 0.980283 0.948618 0.917080 0.885720 0.854583 0.823701 0.793103 0.762812 0.732844 0.703213 0.673928 0.644997 0.616422 0.588206 
0.591613 0.619981 0.648717 0.677821 0.707290 0.737116 0.767292 0.797805 0.828639 0.859773 0.891180 0.922826 0.954669 0.986658 1.018733 1.050819 1.082829 1.114662 1.146195 1.177292 1.207792 1.237515 1.266259 1.293799 1.319892 1.344277 1.366683 1.386833 1.404452 1.419282 1.431089 1.439674 1.444888 1.446636 1.444888 1.439674 1.431089 1.419282 1.404452 1.386833 1.366683 1.344277 1.319892 1.293799 1.266259 1.237515 1.207792 1.177292 1.146195 1.114662 1.082829 1.050819 1.018733 0.986658 0.954669 0.922826 0.891180 0.859773 0.828639 0.797805 0.767292 0.737116 0.707290 0.677821 0.648717 0.619981 0.591613 
0.594180 0.622663 0.651522 0.680757 0.710364 0.740339 0.770673 0.801355 0.832369 0.863695 0.895307 0.927171 0.959247 0.991484 1.023821 1.056187 1.088492 1.120636 1.152497 1.183935 1.214790 1.244879 1.273996 1.301913 1.328382 1.353136 1.375895 1.396376 1.414296 1.429387 1.441406 1.450149 1.455460 1.457242 1.455460 1.450149 1.441406 1.429387 1.414296 1.396376 1.375895 1.353136 1.328382 1.301913 1.273996 1.244879 1.214790 1.183935 1.152497 1.120636 1.088492 1.056187 1.023821 0.991484 0.959247 0.927171 0.895307 0.863695 0.832369 0.801355 0.770673 0.740339 0.710364 0.680757 0.651522 0.622663 0.594180 
0.595897 0.624458 0.653399 0.682721 0.712422 0.742496 0.772937 0.803732 0.834868 0.866324 0.898073 0.930085 0.962318 0.994722 1.027238 1.059792 1.092298 1.124652 1.156735 1.188405 1.219502 1.249839 1.279211 1.307386 1.334111 1.359117 1.382120 1.402828 1.420954 1.436224 1.448390 1.457242 1.462620 1.464424 1.462620 1.457242 1.448390 1.436224 1.420954 1.402828 1.382120 1.359117 1.334111 1.307386 1.279211 1.249839 1.219502 1.188405 1.156735 1.124652 1.092298 1.059792 1.027238 0.994722 0.962318 0.930085 0.898073 0.866324 0.834868 0.803732 0.772937 0.742496 0.712422 0.682721 0.653399 0.624458 0.595897 
0.596758 0.625357 0.654340 0.683706 0.713453 0.743578 0.774072 0.804925 0.836121 0.867642 0.899461 0.931547 0.963859 0.996348 1.028953 1.061603 1.094210 1.126671 1.158866 1.190653 1.221872 1.252336 1.281836 1.310142 1.336998 1.362132 1.385258 1.406081 1.424312 1.439674 1.451914 1.460821 1.466233 1.468049 1.466233 1.460821 1.451914 1.439674 1.424312 1.406081 1.385258 1.362132 1.336998 1.310142 1.281836 1.252336 1.221872 1.190653 1.158866 1.126671 1.094210 1.061603 1.028953 0.996348 0.963859 0.931547 0.899461 0.867642 0.836121 0.804925 0.774072 0.743578 0.713453 0.683706 0.654340 0.625357 0.596758 
0.596865 0.625469 0.654457 0.683829 0.713582 0.743713 0.774214 0.805074 0.836278 0.867807 0.899635 0.931730 0.964052 0.996551 1.029168 1.061830 1.094449 1.126924 1.159132 1.190935 1.222169 1.252648 1.282165 1.310487 1.337359 1.362510 1.385651 1.406489 1.424734 1.440106 1.452356 1.461270 1.466687 1.468504 1.466687 1.461270 1.452356 1.440106 1.424734 1.406489 1.385651 1.362510 1.337359 1.310487 1.282165 1.252648 1.222169 1.190935 1.159132 1.126924 1.094449 1.061830 1.029168 0.996551 0.964052 0.931730 0.899635 0.867807 0.836278 0.805074 0.774214 0.743713 0.713582 0.683829 0.654457 0.625469 0.596865 
0.596753 0.625352 0.654334 0.683700 0.713448 0.743572 0.774066 0.804918 0.836114 0.867635 0.899454 0.931539 0.963851 0.996339 1.028944 1.061593 1.094199 1.126660 1.158854 1.190641 1.221859 1.252322 1.281822 1.310127 1.336982 1.362115 1.385240 1.406064 1.424294 1.439655 1.451895 1.460802 1.466214 1.468029 1.466214 1.460802 1.451895 1.439655 1.424294 1.406064 1.385240 1.362115 1.336982 1.310127 1.281822 1.252322 1.221859 1.190641 1.158854 1.126660 1.094199 1.061593 1.028944 0.996339 0.963851 0.931539 0.899454 0.867635 0.836114 0.804918 0.774066 0.743572 0.713448 0.683700 0.654334 0.625352 0.596753 
0.595883 0.624443 0.653384 0.682705 0.712405 0.742479 0.772918 0.803713 0.834848 0.866302 0.898051 0.930061 0.962293 0.994696 1.027210 1.059763 1.092267 1.124620 1.156701 1.188369 1.219463 1.249799 1.279169 1.307341 1.334065 1.359069 1.382069 1.402776 1.420900 1.436169 1.448333 1.457184 1.462561 1.464365 1.462561 1.457184 1.448333 1.436169 1.420900 1.402776 1.382069 1.359069 1.334065 1.307341 1.279169 1.249799 1.219463 1.188369 1.156701 1.124620 1.092267 1.059763 1.027210 0.994696 0.962293 0.930061 0.898051 0.866302 0.834848 0.803713 0.772918 0.742479 0.712405 0.682705 0.653384 0.624443 0.595883 
0.594157 0.622639 0.651497 0.680730 0.710336 0.740310 0.770642 0.801323 0.832335 0.863660 0.895270 0.927132 0.959205 0.991440 1.023776 1.056138 1.088441 1.120582 1.152440 1.183875 1.214727 1.244812 1.273926 1.301839 1.328305 1.353055 1.375812 1.396290 1.414207 1.429296 1.441313 1.450055 1.455365 1.457146 1.455365 1.450055 1.441313 1.429296 1.414207 1.396290 1.375812 1.353055 1.328305 1.301839 1.273926 1.244812 1.214727 1.183875 1.152440 1.120582 1.088441 1.056138 1.023776 0.991440 0.959205 0.927132 0.895270 0.863660 0.832335 0.801323 0.770642 0.740310 0.710336 0.680730 0.651497 0.622639 0.594157 
0.591581 0.619947 0.648682 0.677785 0.707251 0.737075 0.767249 0.797761 0.828593 0.859724 0.891128 0.922771 0.954611 0.986598 1.018669 1.050752 1.082759 1.114587 1.146117 1.177209 1.207705 1.237423 1.266162 1.293698 1.319786 1.344167 1.366569 1.386714 1.404330 1.419157 1.430960 1.439544 1.444756 1.446504 1.444756 1.439544 1.430960 1.419157 1.404330 1.386714 1.366569 1.344167 1.319786 1.293698 1.266162 1.237423 1.207705 1.177209 1.146117 1.114587 1.082759 1.050752 1.018669 0.986598 0.954611 0.922771 0.891128 0.859724 0.828593 0.797761 0.767249 0.737075 0.707251 0.677785 0.648682 0.619947 0.591581 
0.588165 0.616379 0.644952 0.673881 0.703164 0.732793 0.762758 0.793047 0.823641 0.854520 0.885655 0.917010 0.948545 0.980206 1.011933 1.043650 1.075271 1.106693 1.137796 1.168444 1.198479 1.227723 1.255978 1.283026 1.308629 1.332535 1.354481 1.374200 1.391431 1.405923 1.417454 1.425835 1.430924 1.432630 1.430924 1.425835 1.417454 1.405923 1.391431 1.374200 1.354481 1.332535 1.308629 1.283026 1.255978 1.227723 1.198479 1.168444 1.137796 1.106693 1.075271 1.043650 1.011933 0.980206 0.948545 0.917010 0.885655 0.854520 0.823641 0.793047 0.762758 0.732793 0.703164 0.673881 0.644952 0.616379 0.588165 
0.583922 0.611948 0.640321 0.669038 0.698094 0.727482 0.757191 0.787206 0.817510 0.848079 0.878883 0.909888 0.941049 0.972314 1.003621 1.034894 1.066046 1.096975 1.127563 1.157673 1.187152 1.215825 1.243499 1.269962 1.294984 1.318323 1.339727 1.358940 1.375712 1.389809 1.401017 1.409159 1.414100 1.415757 1.414100 1.409159 1.401017 1.389809 1.375712 1.358940 1.339727 1.318323 1.294984 1.269962 1.243499 1.215825 1.187152 1.157673 1.127563 1.096975 1.066046 1.034894 1.003621 0.972314 0.941049 0.909888 0.878883 0.848079 0.817510 0.787206 0.757191 0.727482 0.698094 0.669038 0.640321 0.611948 0.583922 
0.578868 0.606672 0.634810 0.663276 0.692066 0.721170 0.750577 0.780272 0.810234 0.840439 0.870857 0.901452 0.932177 0.962980 0.993798 1.024554 1.055163 1.085522 1.115514 1.145006 1.173845 1.201863 1.228872 1.254667 1.279028 1.301722 1.322511 1.341151 1.357407 1.371056 1.381901 1.389775 1.394551 1.396152 1.394551 1.389775 1.381901 1.371056 1.357407 1.341151 1.322511 1.301722 1.279028 1.254667 1.228872 1.201863 1.173845 1.145006 1.115514 1.085522 1.055163 1.024554 0.993798 0.962980 0.932177 0.901452 0.870857 0.840439 0.810234 0.780272 0.750577 0.721170 0.692066 0.663276 0.634810 0.606672 0.578868 
0.573023 0.600573 0.628441 0.656620 0.685106 0.713886 0.742950 0.772279 0.801853 0.831645 0.861626 0.891755 0.921988 0.952270 0.982538 1.012714 1.042714 1.072435 1.101762 1.130564 1.158694 1.185986 1.212260 1.237319 1.260953 1.282941 1.303056 1.321071 1.336764 1.349929 1.360380 1.367962 1.372560 1.374101 1.372560 1.367962 1.360380 1.349929 1.336764 1.321071 1.303056 1.282941 1.260953 1.237319 1.212260 1.185986 1.158694 1.130564 1.101762 1.072435 1.042714 1.012714 0.982538 0.952270 0.921988 0.891755 0.861626 0.831645 0.801853 0.772279 0.742950 0.713886 0.685106 0.656620 0.628441 0.600573 0.573023 
0.566408 0.593673 0.621239 0.649099 0.677244 0.705665 0.734345 0.763268 0.792411 0.821747 0.851243 0.880859 0.910549 0.940258 0.969921 0.999463 1.028796 1.057822 1.086426 1.114480 1.141842 1.168351 1.193834 1.218104 1.240961 1.262196 1.281596 1.298948 1.314046 1.326698 1.336733 1.344009 1.348420 1.349897 1.348420 1.344009 1.336733 1.326698 1.314046 1.298948 1.281596 1.262196 1.240961 1.218104 1.193834 1.168351 1.141842 1.114480 1.086426 1.057822 1.028796 0.999463 0.969921 0.940258 0.910549 0.880859 0.851243 0.821747 0.792411 0.763268 0.734345 0.705665 0.677244 0.649099 0.621239 0.593673 0.566408 
0.559046 0.585999 0.613233 0.640742 0.668516 0.696542 0.724804 0.753284 0.781958 0.810797 0.839767 0.868828 0.897932 0.927022 0.956035 0.984895 1.013515 1.041798 1.069632 1.096892 1.123440 1.149123 1.173775 1.197217 1.219260 1.239709 1.258365 1.275029 1.289512 1.301635 1.311242 1.318203 1.322420 1.323832 1.322420 1.318203 1.311242 1.301635 1.289512 1.275029 1.258365 1.239709 1.219260 1.197217 1.173775 1.149123 1.123440 1.096892 1.069632 1.041798 1.013515 0.984895 0.956035 0.927022 0.897932 0.868828 0.839767 0.810797 0.781958 0.753284 0.724804 0.696542 0.668516 0.640742 0.613233 0.585999 0.559046 
0.550963 0.577577 0.604453 0.631583 0.658955 0.686557 0.714370 0.742374 0.770545 0.798853 0.827261 0.855730 0.884210 0.912645 0.940969 0.969109 0.996978 1.024481 1.051509 1.077940 1.103642 1.128467 1.152258 1.174847 1.196054 1.215699 1.233594 1.249558 1.263415 1.275001 1.284175 1.290817 1.294839 1.296186 1.294839 1.290817 1.284175 1.275001 1.263415 1.249558 1.233594 1.215699 1.196054 1.174847 1.152258 1.128467 1.103642 1.077940 1.051509 1.024481 0.996978 0.969109 0.940969 0.912645 0.884210 0.855730 0.827261 0.798853 0.770545 0.742374 0.714370 0.686557 0.658955 0.631583 0.604453 0.577577 0.550963 
0.542187 0.568439 0.594932 0.621657 0.648602 0.675752 0.703088 0.730588 0.758227 0.785973 0.813790 0.841636 0.869461 0.897209 0.924815 0.952205 0.979295 1.005990 1.032185 1.057764 1.082597 1.106546 1.129460 1.151181 1.171543 1.190375 1.207506 1.222766 1.235996 1.247047 1.255789 1.262114 1.265942 1.267224 1.265942 1.262114 1.255789 1.247047 1.235996 1.222766 1.207506 1.190375 1.171543 1.151181 1.129460 1.106546 1.082597 1.057764 1.032185 1.005990 0.979295 0.952205 0.924815 0.897209 0.869461 0.841636 0.813790 0.785973 0.758227 0.730588 0.703088 0.675752 0.648602 0.621657 0.594932 0.568439 0.542187 
0.532746 0.558614 0.584703 0.611001 0.637495 0.664170 0.691004 0.717976 0.745058 0.772218 0.799418 0.826617 0.853763 0.880801 0.907666 0.934284 0.960574 0.986443 1.011789 1.036500 1.060453 1.083517 1.105548 1.126399 1.145915 1.163937 1.180307 1.194870 1.207481 1.218003 1.226319 1.232332 1.235970 1.237188 1.235970 1.232332 1.226319 1.218003 1.207481 1.194870 1.180307 1.163937 1.145915 1.126399 1.105548 1.083517 1.060453 1.036500 1.011789 0.986443 0.960574 0.934284 0.907666 0.880801 0.853763 0.826617 0.799418 0.772218 0.745058 0.717976 0.691004 0.664170 0.637495 0.611001 0.584703 0.558614 0.532746 
0.522669 0.548135 0.573800 0.599652 0.625676 0.651855 0.678168 0.704591 0.731096 0.757649 0.784213 0.810745 0.837195 0.863505 0.889612 0.915444 0.940921 0.965954 0.990443 1.014281 1.037352 1.059530 1.080682 1.100668 1.119346 1.136569 1.152190 1.166070 1.178074 1.188080 1.195981 1.201691 1.205143 1.206298 1.205143 1.201691 1.195981 1.188080 1.178074 1.166070 1.152190 1.136569 1.119346 1.100668 1.080682 1.059530 1.037352 1.014281 0.990443 0.965954 0.940921 0.915444 0.889612 0.863505 0.837195 0.810745 0.784213 0.757649 0.731096 0.704591 0.678168 0.651855 0.625676 0.599652 0.573800 0.548135 0.522669 
0.511987 0.537035 0.562260 0.587649 0.613186 0.638852 0.664627 0.690485 0.716396 0.742328 0.768241 0.794093 0.819832 0.845403 0.870743 0.895782 0.920441 0.944633 0.968264 0.991232 1.013425 1.034726 1.055009 1.074145 1.092000 1.108441 1.123332 1.136546 1.147962 1.157467 1.164968 1.170384 1.173657 1.174752 1.173657 1.170384 1.164968 1.157467 1.147962 1.136546 1.123332 1.108441 1.092000 1.074145 1.055009 1.034726 1.013425 0.991232 0.968264 0.944633 0.920441 0.895782 0.870743 0.845403 0.819832 0.794093 0.768241 0.742328 0.716396 0.690485 0.664627 0.638852 0.613186 0.587649 0.562260 0.537035 0.511987 
0.500732 0.525348 0.550118 0.575030 0.600066 0.625207 0.650430 0.675710 0.701016 0.726315 0.751567 0.776729 0.801750 0.826577 0.851146 0.875389 0.899230 0.922585 0.945365 0.967471 0.988798 1.009236 1.028667 1.046972 1.064026 1.079706 1.093891 1.106462 1.117310 1.126334 1.133449 1.138584 1.141686 1.142723 1.141686 1.138584 1.133449 1.126334 1.117310 1.106462 1.093891 1.079706 1.064026 1.046972 1.028667 1.009236 0.988798 0.967471 0.945365 0.922585 0.899230 0.875389 0.851146 0.826577 0.801750 0.776729 0.751567 0.726315 0.701016 0.675710 0.650430 0.625207 0.600066 0.575030 0.550118 0.525348 0.500732 
0.488935 0.513106 0.537411 0.561834 0.586359 0.610963 0.635625 0.660318 0.685010 0.709668 0.734253 0.758721 0.783023 0.807103 0.830903 0.854353 0.877382 0.899910 0.921849 0.943107 0.963585 0.983180 1.001781 1.019278 1.035556 1.050503 1.064006 1.075960 1.086264 1.094828 1.101575 1.106441 1.109380 1.110362 1.109380 1.106441 1.101575 1.094828 1.086264 1.075960 1.064006 1.050503 1.035556 1.019278 1.001781 0.983180 0.963585 0.943107 0.921849 0.899910 0.877382 0.854353 0.830903 0.807103 0.783023 0.758721 0.734253 0.709668 0.685010 0.660318 0.635625 0.610963 0.586359 0.561834 0.537411 0.513106 0.488935 
0.476627 0.500345 0.524175 0.548101 0.572105 0.596166 0.620259 0.644359 0.668433 0.692447 0.716363 0.740136 0.763719 0.787057 0.810092 0.832758 0.854986 0.876698 0.897813 0.918242 0.937892 0.956666 0.974464 0.991180 1.006711 1.020953 1.033803 1.045166 1.054951 1.063077 1.069474 1.074085 1.076869 1.077800 1.076869 1.074085 1.069474 1.063077 1.054951 1.045166 1.033803 1.020953 1.006711 0.991180 0.974464 0.956666 0.937892 0.918242 0.897813 0.876698 0.854986 0.832758 0.810092 0.787057 0.763719 0.740136 0.716363 0.692447 0.668433 0.644359 0.620259 0.596166 0.572105 0.548101 0.524175 0.500345 0.476627 
0.463840 0.487096 0.510444 0.533867 0.557345 0.580857 0.604379 0.627882 0.651336 0.674706 0.697954 0.721035 0.743904 0.766507 0.788786 0.810681 0.832121 0.853035 0.873345 0.892967 0.911813 0.929795 0.946816 0.962781 0.977595 0.991163 1.003390 1.014191 1.023483 1.031193 1.037258 1.041628 1.044266 1.045147 1.044266 1.041628 1.037258 1.031193 1.023483 1.014191 1.003390 0.991163 0.977595 0.962781 0.946816 0.929795 0.911813 0.892967 0.873345 0.853035 0.832121 0.810681 0.788786 0.766507 0.743904 0.721035 0.697954 0.674706 0.651336 0.627882 0.604379 0.580857 0.557345 0.533867 0.510444 0.487096 0.463840 
0.450603 0.473394 0.496255 0.519170 0.542119 0.565080 0.588028 0.610935 0.633770 0.656499 0.679082 0.701479 0.723641 0.745519 0.767056 0.788193 0.808864 0.828999 0.848526 0.867365 0.885436 0.902652 0.918927 0.934174 0.948302 0.961226 0.972862 0.983128 0.991953 0.999270 1.005022 1.009164 1.011663 1.012499 1.011663 1.009164 1.005022 0.999270 0.991953 0.983128 0.972862 0.961226 0.948302 0.934174 0.918927 0.902652 0.885436 0.867365 0.848526 0.828999 0.808864 0.788193 0.767056 0.745519 0.723641 0.701479 0.679082 0.656499 0.633770 0.610935 0.588028 0.565080 0.542119 0.519170 0.496255 0.473394 0.450603 
0.436949 0.459269 0.481641 0.504046 0.526465 0.548874 0.571250 0.593563 0.615783 0.637875 0.659802 0.681522 0.702989 0.724155 0.744965 0.765361 0.785282 0.804662 0.823430 0.841513 0.858835 0.875317 0.890878 0.905437 0.918912 0.931225 0.942298 0.952059 0.960442 0.967387 0.972845 0.976773 0.979142 0.979934 0.979142 0.976773 0.972845 0.967387 0.960442 0.952059 0.942298 0.931225 0.918912 0.905437 0.890878 0.875317 0.858835 0.841513 0.823430 0.804662 0.785282 0.765361 0.744965 0.724155 0.702989 0.681522 0.659802 0.637875 0.615783 0.593563 0.571250 0.548874 0.526465 0.504046 0.481641 0.459269 0.436949 
0.422905 0.444754 0.466636 0.488531 0.510420 0.532280 0.554086 0.575809 0.597420 0.618883 0.640163 0.661217 0.682002 0.702471 0.722571 0.742247 0.761439 0.780087 0.798122 0.815478 0.832081 0.847859 0.862737 0.876640 0.889495 0.901227 0.911768 0.921052 0.929018 0.935614 0.940794 0.944520 0.946767 0.947518 0.946767 0.944520 0.940794 0.935614 0.929018 0.921052 0.911768 0.901227 0.889495 0.876640 0.862737 0.847859 0.832081 0.815478 0.798122 0.780087 0.761439 0.742247 0.722571 0.702471 0.682002 0.661217 0.640163 0.618883 0.597420 0.575809 0.554086 0.532280 0.510420 0.488531 0.466636 0.444754 0.422905 
0.408503 0.429880 0.451271 0.472658 0.494020 0.515334 0.536575 0.557715 0.578724 0.599568 0.620211 0.640613 0.660731 0.680520 0.699928 0.718905 0.737393 0.755332 0.772663 0.789318 0.805233 0.820338 0.834565 0.847845 0.860110 0.871293 0.881331 0.890164 0.897738 0.904005 0.908924 0.912462 0.914594 0.915307 0.914594 0.912462 0.908924 0.904005 0.897738 0.890164 0.881331 0.871293 0.860110 0.847845 0.834565 0.820338 0.805233 0.789318 0.772663 0.755332 0.737393 0.718905 0.699928 0.680520 0.660731 0.640613 0.620211 0.599568 0.578724 0.557715 0.536575 0.515334 0.494020 0.472658 0.451271 0.429880 0.408503 
0.393768 0.414674 0.435577 0.456459 0.477298 0.498072 0.518755 0.539320 0.559737 0.579972 0.599992 0.619756 0.639223 0.658349 0.677087 0.695386 0.713193 0.730451 0.747103 0.763088 0.778344 0.792807 0.806415 0.819103 0.830809 0.841472 0.851036 0.859444 0.866649 0.872608 0.877282 0.880642 0.882667 0.883343 0.882667 0.880642 0.877282 0.872608 0.866649 0.859444 0.851036 0.841472 0.830809 0.819103 0.806415 0.792807 0.778344 0.763088 0.747103 0.730451 0.713193 0.695386 0.677087 0.658349 0.639223 0.619756 0.599992 0.579972 0.559737 0.539320 0.518755 0.498072 0.477298 0.456459 0.435577 0.414674 0.393768 
0.378728 0.399166 0.419585 0.439966 0.460288 0.480527 0.500661 0.520660 0.540495 0.560135 0.579544 0.598686 0.617520 0.636004 0.654092 0.671736 0.688886 0.705489 0.721491 0.736834 0.751461 0.765313 0.778332 0.790458 0.801636 0.811808 0.820924 0.828933 0.835791 0.841459 0.845903 0.849097 0.851022 0.851665 0.851022 0.849097 0.845903 0.841459 0.835791 0.828933 0.820924 0.811808 0.801636 0.790458 0.778332 0.765313 0.751461 0.736834 0.721491 0.705489 0.688886 0.671736 0.654092 0.636004 0.617520 0.598686 0.579544 0.560135 0.540495 0.520660 0.500661 0.480527 0.460288 0.439966 0.419585 0.399166 0.378728 
0.363410 0.383383 0.403322 0.423208 0.443019 0.462733 0.482325 0.501769 0.521035 0.540092 0.558907 0.577443 0.595662 0.613523 0.630983 0.647996 0.664514 0.680488 0.695866 0.710596 0.724623 0.737894 0.750354 0.761949 0.772626 0.782336 0.791029 0.798662 0.805194 0.810590 0.814819 0.817857 0.819687 0.820299 0.819687 0.817857 0.814819 0.810590 0.805194 0.798662 0.791029 0.782336 0.772626 0.761949 0.750354 0.737894 0.724623 0.710596 0.695866 0.680488 0.664514 0.647996 0.630983 0.613523 0.595662 0.577443 0.558907 0.540092 0.521035 0.501769 0.482325 0.462733 0.443019 0.423208 0.403322 0.383383 0.363410 
0.347837 0.367351 0.386816 0.406213 0.425521 0.444718 0.463779 0.482679 0.501388 0.519877 0.538113 0.556061 0.573684 0.590943 0.607797 0.624202 0.640113 0.655484 0.670266 0.684411 0.697867 0.710585 0.722514 0.733606 0.743811 0.753083 0.761380 0.768659 0.774885 0.780025 0.784052 0.786945 0.788686 0.789268 0.788686 0.786945 0.784052 0.780025 0.774885 0.768659 0.761380 0.753083 0.743811 0.733606 0.722514 0.710585 0.697867 0.684411 0.670266 0.655484 0.640113 0.624202 0.607797 0.590943 0.573684 0.556061 0.538113 0.519877 0.501388 0.482679 0.463779 0.444718 0.425521 0.406213 0.386816 0.367351 0.347837 
0.332034 0.351094 0.370091 0.389007 0.407821 0.426510 0.445052 0.463420 0.481587 0.499522 0.517196 0.534573 0.551620 0.568297 0.584567 0.600387 0.615716 0.630510 0.644722 0.658309 0.671222 0.683415 0.694841 0.705456 0.715215 0.724076 0.731998 0.738945 0.744883 0.749783 0.753621 0.756377 0.758036 0.758590 0.758036 0.756377 0.753621 0.749783 0.744883 0.738945 0.731998 0.724076 0.715215 0.705456 0.694841 0.683415 0.671222 0.658309 0.644722 0.630510 0.615716 0.600387 0.584567 0.568297 0.551620 0.534573 0.517196 0.499522 0.481587 0.463420 0.445052 0.426510 0.407821 0.389007 0.370091 0.351094 0.332034 
0.316023 0.334635 0.353172 0.371615 0.389944 0.408137 0.426171 0.444020 0.461658 0.479056 0.496184 0.513009 0.529498 0.545614 0.561322 0.576581 0.591351 0.605593 0.619262 0.632316 0.644713 0.656407 0.667358 0.677522 0.686860 0.695332 0.702902 0.709536 0.715204 0.719880 0.723540 0.726167 0.727749 0.728277 0.727749 0.726167 0.723540 0.719880 0.715204 0.709536 0.702902 0.695332 0.686860 0.677522 0.667358 0.656407 0.644713 0.632316 0.619262 0.605593 0.591351 0.576581 0.561322 0.545614 0.529498 0.513009 0.496184 0.479056 0.461658 0.444020 0.426171 0.408137 0.389944 0.371615 0.353172 0.334635 0.316023 
0.299826 0.317997 0.336082 0.354061 0.371915 0.389623 0.407160 0.424504 0.441628 0.458504 0.475103 0.491394 0.507345 0.522921 0.538088 0.552808 0.567045 0.580758 0.593908 0.606456 0.618362 0.629584 0.640084 0.649822 0.658762 0.666868 0.674106 0.680446 0.685860 0.690324 0.693818 0.696325 0.697835 0.698338 0.697835 0.696325 0.693818 0.690324 0.685860 0.680446 0.674106 0.666868 0.658762 0.649822 0.640084 0.629584 0.618362 0.606456 0.593908 0.580758 0.567045 0.552808 0.538088 0.522921 0.507345 0.491394 0.475103 0.458504 0.441628 0.424504 0.407160 0.389623 0.371915 0.354061 0.336082 0.317997 0.299826 
0.283462 0.301201 0.318842 0.336367 0.353756 0.370989 0.388044 0.404896 0.421520 0.437890 0.453977 0.469752 0.485184 0.500241 0.514889 0.529093 0.542817 0.556026 0.568683 0.580749 0.592187 0.602961 0.613034 0.622370 0.630934 0.638694 0.645620 0.651684 0.656859 0.661125 0.664463 0.666857 0.668298 0.668780 0.668298 0.666857 0.664463 0.661125 0.656859 0.651684 0.645620 0.638694 0.630934 0.622370 0.613034 0.602961 0.592187 0.580749 0.568683 0.556026 0.542817 0.529093 0.514889 0.500241 0.485184 0.469752 0.453977 0.437890 0.421520 0.404896 0.388044 0.370989 0.353756 0.336367 0.318842 0.301201 0.283462 
0.266951 0.284265 0.301471 0.318552 0.335488 0.352259 0.368843 0.385217 0.401357 0.417236 0.432829 0.448106 0.463039 0.477595 0.491745 0.505454 0.518689 0.531417 0.543602 0.555210 0.566205 0.576554 0.586222 0.595177 0.603387 0.610821 0.617453 0.623256 0.628207 0.632287 0.635478 0.637767 0.639144 0.639604 0.639144 0.637767 0.635478 0.632287 0.628207 0.623256 0.617453 0.610821 0.603387 0.595177 0.586222 0.576554 0.566205 0.555210 0.543602 0.531417 0.518689 0.505454 0.491745 0.477595 0.463039 0.448106 0.432829 0.417236 0.401357 0.385217 0.368843 0.352259 0.335488 0.318552 0.301471 0.284265 0.266951 
0.250311 0.267209 0.283990 0.300636 0.317130 0.333450 0.349577 0.365487 0.381157 0.396563 0.411677 0.426475 0.440926 0.455002 0.468674 0.481909 0.494677 0.506945 0.518681 0.529853 0.540427 0.550373 0.559658 0.568253 0.576128 0.583255 0.589610 0.595168 0.599908 0.603812 0.606865 0.609055 0.610372 0.610812 0.610372 0.609055 0.606865 0.603812 0.599908 0.595168 0.589610 0.583255 0.576128 0.568253 0.559658 0.550373 0.540427 0.529853 0.518681 0.506945 0.494677 0.481909 0.468674 0.455002 0.440926 0.426475 0.411677 0.396563 0.381157 0.365487 0.349577 0.333450 0.317130 0.300636 0.283990 0.267209 0.250311 
