33 33
9.400574e-02 0 5
-1.444748 -1.421500 -1.398386 -1.375520 -1.353035 -1.331086 -1.309854 -1.289540 -1.270369 -1.252585 -1.236445 -1.222210 -1.210137 -1.200464 -1.193393 -1.189084 -1.187636 -1.189084 -1.193393 -1.200464 -1.210137 -1.222210 -1.236445 -1.252585 -1.270369 -1.289540 -1.309854 -1.331086 -1.353035 -1.375520 -1.398386 -1.421500 -1.444748 
-1.422272 -1.397564 -1.372892 -1.348372 -1.324142 -1.300370 -1.277249 -1.255006 -1.233897 -1.214206 -1.196238 -1.180309 -1.166737 -1.155817 -1.147811 -1.142920 -1.141275 -1.142920 -1.147811 -1.155817 -1.166737 -1.180309 -1.196238 -1.214206 -1.233897 -1.255006 -1.277249 -1.300370 -1.324142 -1.348372 -1.372892 -1.397564 -1.422272 
-1.400026 -1.373770 -1.347432 -1.321126 -1.294994 -1.269209 -1.243982 -1.219562 -1.196238 -1.174339 -1.154230 -1.136295 -1.120927 -1.108504 -1.099359 -1.093758 -1.091872 -1.093758 -1.099359 -1.108504 -1.120927 -1.136295 -1.154230 -1.174339 -1.196238 -1.219562 -1.243982 -1.269209 -1.294994 -1.321126 -1.347432 -1.373770 -1.400026 
-1.378130 -1.350244 -1.322134 -1.293910 -1.265710 -1.237712 -1.210137 -1.183258 -1.157397 -1.132936 -1.110305 -1.089975 -1.072438 -1.058176 -1.047628 -1.041146 -1.038959 -1.041146 -1.047628 -1.058176 -1.072438 -1.089975 -1.110305 -1.132936 -1.157397 -1.183258 -1.210137 -1.237712 -1.265710 -1.293910 -1.322134 -1.350244 -1.378130 
-1.356724 -1.327134 -1.297154 -1.266880 -1.236445 -1.206023 -1.175841 -1.146188 -1.117421 -1.089975 -1.064358 -1.041146 -1.020959 -1.004422 -0.992118 -0.984525 -0.981957 -0.984525 -0.992118 -1.004422 -1.020959 -1.041146 -1.064358 -1.089975 -1.117421 -1.146188 -1.175841 -1.206023 -1.236445 -1.266880 -1.297154 -1.327134 -1.356724 
-1.335969 -1.304615 -1.272676 -1.240233 -1.207400 -1.174339 -1.141275 -1.108504 -1.076410 -1.045481 -1.016312 -0.989605 -0.966144 -0.946749 -0.932209 -0.923187 -0.920127 -0.923187 -0.932209 -0.946749 -0.966144 -0.989605 -1.016312 -1.045481 -1.076410 -1.108504 -1.141275 -1.174339 -1.207400 -1.240233 -1.272676 -1.304615 -1.335969 
-1.316045 -1.282886 -1.248923 -1.214206 -1.178826 -1.142920 -1.106693 -1.070435 -1.034544 -0.999552 -0.966144 -0.935166 -0.907612 -0.884571 -0.867127 -0.856224 -0.852513 -0.856224 -0.867127 -0.884571 -0.907612 -0.935166 -0.966144 -0.999552 -1.034544 -1.070435 -1.106693 -1.142920 -1.178826 -1.214206 -1.248923 -1.282886 -1.316045 
-1.297154 -1.262176 -1.226148 -1.189084 -1.151035 -1.112097 -1.072438 -1.032315 -0.992118 -0.952401 -0.913926 -0.877698 -0.844968 -0.817189 -0.795886 -0.782443 -0.777842 -0.782443 -0.795886 -0.817189 -0.844968 -0.877698 -0.913926 -0.952401 -0.992118 -1.032315 -1.072438 -1.112097 -1.151035 -1.189084 -1.226148 -1.262176 -1.297154 
-1.279514 -1.242737 -1.204641 -1.165197 -1.124399 -1.082287 -1.038959 -0.994614 -0.949586 -0.904412 -0.859897 -0.817189 -0.777842 -0.743793 -0.717224 -0.700232 -0.694375 -0.700232 -0.717224 -0.743793 -0.777842 -0.817189 -0.859897 -0.904412 -0.949586 -0.994614 -1.038959 -1.082287 -1.124399 -1.165197 -1.204641 -1.242737 -1.279514 
-1.263358 -1.224840 -1.184723 -1.142920 -1.099359 -1.053994 -1.006832 -0.957962 -0.907612 -0.856224 -0.804566 -0.753871 -0.705990 -0.663482 -0.629505 -0.607358 -0.599642 -0.607358 -0.629505 -0.663482 -0.705990 -0.753871 -0.804566 -0.856224 -0.907612 -0.957962 -1.006832 -1.053994 -1.099359 -1.142920 -1.184723 -1.224840 -1.263358 
-1.248923 -1.208771 -1.166737 -1.122668 -1.076410 -1.027816 -0.976764 -0.923187 -0.867127 -0.808825 -0.748869 -0.688417 -0.629505 -0.575381 -0.530621 -0.500604 -0.489972 -0.500604 -0.530621 -0.575381 -0.629505 -0.688417 -0.748869 -0.808825 -0.867127 -0.923187 -0.976764 -1.027816 -1.076410 -1.122668 -1.166737 -1.208771 -1.248923 
-1.236445 -1.194818 -1.151035 -1.104874 -1.056091 -1.004422 -0.949586 -0.891311 -0.829369 -0.763661 -0.694375 -0.622282 -0.549243 -0.478993 -0.417957 -0.375159 -0.359580 -0.375159 -0.417957 -0.478993 -0.549243 -0.622282 -0.694375 -0.763661 -0.829369 -0.891311 -0.949586 -1.004422 -1.056091 -1.104874 -1.151035 -1.194818 -1.236445 
-1.226148 -1.183258 -1.137963 -1.089975 -1.038959 -0.984525 -0.926220 -0.863530 -0.795886 -0.722705 -0.643506 -0.558182 -0.467643 -0.375159 -0.288757 -0.223545 -0.198603 -0.223545 -0.288757 -0.375159 -0.467643 -0.558182 -0.643506 -0.722705 -0.795886 -0.863530 -0.926220 -0.984525 -1.038959 -1.089975 -1.137963 -1.183258 -1.226148 
-1.218230 -1.174339 -1.127838 -1.078380 -1.025545 -0.968829 -0.907612 -0.841134 -0.768453 -0.688417 -0.599642 -0.500604 -0.390043 -0.268413 -0.142241 -0.034066 0.011682 -0.034066 -0.142241 -0.268413 -0.390043 -0.500604 -0.599642 -0.688417 -0.768453 -0.841134 -0.907612 -0.968829 -1.025545 -1.078380 -1.127838 -1.174339 -1.218230 
-1.212855 -1.168270 -1.120927 -1.070435 -1.016312 -0.957962 -0.894633 -0.825356 -0.748869 -0.663482 -0.566891 -0.455895 -0.326050 -0.171623 0.011682 0.207440 0.311997 0.207440 0.011682 -0.171623 -0.326050 -0.455895 -0.566891 -0.663482 -0.748869 -0.825356 -0.894633 -0.957962 -1.016312 -1.070435 -1.120927 -1.168270 -1.212855 
-1.210137 -1.165197 -1.117421 -1.066395 -1.011604 -0.952401 -0.887957 -0.817189 -0.738642 -0.650296 -0.549243 -0.431087 -0.288757 -0.109980 0.128431 0.467217 0.777137 0.467217 0.128431 -0.109980 -0.288757 -0.431087 -0.549243 -0.650296 -0.738642 -0.817189 -0.887957 -0.952401 -1.011604 -1.066395 -1.117421 -1.165197 -1.210137 
-1.209796 -1.164811 -1.116981 -1.065887 -1.011011 -0.951699 -0.887114 -0.816155 -0.737342 -0.648611 -0.546971 -0.427853 -0.283788 -0.101396 0.146459 0.521283 0.944322 0.521283 0.146459 -0.101396 -0.283788 -0.427853 -0.546971 -0.648611 -0.737342 -0.816155 -0.887114 -0.951699 -1.011011 -1.065887 -1.116981 -1.164811 -1.209796 
-1.210152 -1.165213 -1.117440 -1.066417 -1.011630 -0.952431 -0.887994 -0.817234 -0.738698 -0.650369 -0.549341 -0.431226 -0.288972 -0.110348 0.127669 0.465061 0.771526 0.465061 0.127669 -0.110348 -0.288972 -0.431226 -0.549341 -0.650369 -0.738698 -0.817234 -0.887994 -0.952431 -1.011630 -1.066417 -1.117440 -1.165213 -1.210152 
-1.212899 -1.168319 -1.120984 -1.070500 -1.016388 -0.958052 -0.894740 -0.825487 -0.749032 -0.663691 -0.567169 -0.456281 -0.326621 -0.172532 0.010098 0.204560 0.308031 0.204560 0.010098 -0.172532 -0.326621 -0.456281 -0.567169 -0.663691 -0.749032 -0.825487 -0.894740 -0.958052 -1.016388 -1.070500 -1.120984 -1.168319 -1.212899 
-1.218302 -1.174421 -1.127931 -1.078485 -1.025668 -0.968973 -0.907784 -0.841341 -0.768709 -0.688740 -0.600062 -0.501167 -0.390826 -0.269541 -0.143891 -0.036357 0.009049 -0.036357 -0.143891 -0.269541 -0.390826 -0.501167 -0.600062 -0.688740 -0.768709 -0.841341 -0.907784 -0.968973 -1.025668 -1.078485 -1.127931 -1.174421 -1.218302 
-1.226246 -1.183368 -1.138088 -1.090118 -1.039124 -0.984717 -0.926448 -0.863803 -0.796217 -0.723114 -0.644022 -0.558846 -0.468511 -0.376304 -0.290241 -0.225350 -0.200549 -0.225350 -0.290241 -0.376304 -0.468511 -0.558846 -0.644022 -0.723114 -0.796217 -0.863803 -0.926448 -0.984717 -1.039124 -1.090118 -1.138088 -1.183368 -1.226246 
-1.236568 -1.194956 -1.151190 -1.105050 -1.056294 -1.004656 -0.949860 -0.891634 -0.829755 -0.764128 -0.694947 -0.622988 -0.550119 -0.480072 -0.419252 -0.376630 -0.361121 -0.376630 -0.419252 -0.480072 -0.550119 -0.622988 -0.694947 -0.764128 -0.829755 -0.891634 -0.949860 -1.004656 -1.056294 -1.105050 -1.151190 -1.194956 -1.236568 
-1.249068 -1.208933 -1.166918 -1.122873 -1.076643 -1.028084 -0.977074 -0.923547 -0.867550 -0.809326 -0.749465 -0.689127 -0.630349 -0.576371 -0.531752 -0.501840 -0.491248 -0.501840 -0.531752 -0.576371 -0.630349 -0.689127 -0.749465 -0.809326 -0.867550 -0.923547 -0.977074 -1.028084 -1.076643 -1.122873 -1.166918 -1.208933 -1.249068 
-1.263523 -1.225023 -1.184927 -1.143150 -1.099618 -1.054288 -1.007168 -0.958348 -0.908057 -0.856740 -0.805164 -0.754564 -0.706788 -0.664385 -0.630503 -0.608423 -0.600732 -0.608423 -0.630503 -0.664385 -0.706788 -0.754564 -0.805164 -0.856740 -0.908057 -0.958348 -1.007168 -1.054288 -1.099618 -1.143150 -1.184927 -1.225023 -1.263523 
-1.279696 -1.242938 -1.204864 -1.165445 -1.124678 -1.082600 -1.039313 -0.995014 -0.950042 -0.904931 -0.860485 -0.817855 -0.778588 -0.744617 -0.718114 -0.701168 -0.695327 -0.701168 -0.718114 -0.744617 -0.778588 -0.817855 -0.860485 -0.904931 -0.950042 -0.995014 -1.039313 -1.082600 -1.124678 -1.165445 -1.204864 -1.242938 -1.279696 
-1.297350 -1.262392 -1.226386 -1.189348 -1.151328 -1.112424 -1.072803 -1.032724 -0.992576 -0.952913 -0.914497 -0.878332 -0.845665 -0.817944 -0.796688 -0.783277 -0.778688 -0.783277 -0.796688 -0.817944 -0.845665 -0.878332 -0.914497 -0.952913 -0.992576 -1.032724 -1.072803 -1.112424 -1.151328 -1.189348 -1.226386 -1.262392 -1.297350 
-1.316254 -1.283115 -1.249173 -1.214482 -1.179129 -1.143255 -1.107064 -1.070845 -1.034997 -1.000052 -0.966694 -0.935767 -0.908262 -0.885265 -0.867857 -0.856978 -0.853274 -0.856978 -0.867857 -0.885265 -0.908262 -0.935767 -0.966694 -1.000052 -1.034997 -1.070845 -1.107064 -1.143255 -1.179129 -1.214482 -1.249173 -1.283115 -1.316254 
-1.336188 -1.304853 -1.272936 -1.240516 -1.207710 -1.174679 -1.141647 -1.108911 -1.076856 -1.045967 -1.016840 -0.990174 -0.966752 -0.947392 -0.932879 -0.923874 -0.920820 -0.923874 -0.932879 -0.947392 -0.966752 -0.990174 -1.016840 -1.045967 -1.076856 -1.108911 -1.141647 -1.174679 -1.207710 -1.240516 -1.272936 -1.304853 -1.336188 
-1.356951 -1.327380 -1.297420 -1.267169 -1.236758 -1.206364 -1.176212 -1.146590 -1.117857 -1.090445 -1.064863 -1.041685 -1.021529 -1.005020 -0.992737 -0.985157 -0.982594 -0.985157 -0.992737 -1.005020 -1.021529 -1.041685 -1.064863 -1.090445 -1.117857 -1.146590 -1.176212 -1.206364 -1.236758 -1.267169 -1.297420 -1.327380 -1.356951 
-1.378363 -1.350495 -1.322405 -1.294201 -1.266024 -1.238052 -1.210504 -1.183652 -1.157821 -1.133389 -1.110788 -1.090486 -1.072974 -1.058734 -1.048203 -1.041732 -1.039548 -1.041732 -1.048203 -1.058734 -1.072974 -1.090486 -1.110788 -1.133389 -1.157821 -1.183652 -1.210504 -1.238052 -1.266024 -1.294201 -1.322405 -1.350495 -1.378363 
-1.400264 -1.374025 -1.347705 -1.321419 -1.295308 -1.269546 -1.244343 -1.219947 -1.196649 -1.174776 -1.154691 -1.136780 -1.121433 -1.109027 -1.099896 -1.094304 -1.092420 -1.094304 -1.099896 -1.109027 -1.121433 -1.136780 -1.154691 -1.174776 -1.196649 -1.219947 -1.244343 -1.269546 -1.295308 -1.321419 -1.347705 -1.374025 -1.400264 
-1.422513 -1.397820 -1.373166 -1.348664 -1.324454 -1.300702 -1.277603 -1.255382 -1.234296 -1.214626 -1.196679 -1.180770 -1.167215 -1.156310 -1.148315 -1.143432 -1.141789 -1.143432 -1.148315 -1.156310 -1.167215 -1.180770 -1.196679 -1.214626 -1.234296 -1.255382 -1.277603 -1.300702 -1.324454 -1.348664 -1.373166 -1.397820 -1.422513 
-1.444990 -1.421758 -1.398660 -1.375811 -1.353344 -1.331414 -1.310200 -1.289906 -1.270754 -1.252989 -1.236867 -1.222650 -1.210592 -1.200930 -1.193869 -1.189565 -1.188119 -1.189565 -1.193869 -1.200930 -1.210592 -1.222650 -1.236867 -1.252989 -1.270754 -1.289906 -1.310200 -1.331414 -1.353344 -1.375811 -1.398660 -1.421758 -1.444990 
