45 45
6.005145e-01 0 5
-0.807918 -0.790467 -0.773095 -0.755844 -0.738761 -0.721898 -0.705315 -0.689076 -0.673252 -0.657923 -0.643171 -0.629087 -0.615765 -0.603303 -0.591800 -0.581356 -0.572069 -0.564030 -0.557325 -0.552027 -0.548197 -0.545880 -0.545105 -0.545880 -0.548197 -0.552027 -0.557325 -0.564030 -0.572069 -0.581356 -0.591800 -0.603303 -0.615765 -0.629087 -0.643171 -0.657923 -0.673252 -0.689076 -0.705315 -0.721898 -0.738761 -0.755844 -0.773095 -0.790467 -0.807918 
-0.790881 -0.772661 -0.754485 -0.736395 -0.718438 -0.700669 -0.683148 -0.665946 -0.649139 -0.632811 -0.617054 -0.601967 -0.587656 -0.574232 -0.561808 -0.550499 -0.540419 -0.531676 -0.524369 -0.518586 -0.514401 -0.511868 -0.511019 -0.511868 -0.514401 -0.518586 -0.524369 -0.531676 -0.540419 -0.550499 -0.561808 -0.574232 -0.587656 -0.601967 -0.617054 -0.632811 -0.649139 -0.665946 -0.683148 -0.700669 -0.718438 -0.736395 -0.754485 -0.772661 -0.790881 
-0.773960 -0.754939 -0.735920 -0.716946 -0.698064 -0.679330 -0.660807 -0.642570 -0.624697 -0.607282 -0.590424 -0.574232 -0.558825 -0.544328 -0.530871 -0.518586 -0.507607 -0.498060 -0.490065 -0.483727 -0.479133 -0.476350 -0.475417 -0.476350 -0.479133 -0.483727 -0.490065 -0.498060 -0.507607 -0.518586 -0.530871 -0.544328 -0.558825 -0.574232 -0.590424 -0.607282 -0.624697 -0.642570 -0.660807 -0.679330 -0.698064 -0.716946 -0.735920 -0.754939 -0.773960 
-0.757197 -0.737343 -0.717444 -0.697540 -0.677681 -0.657923 -0.638330 -0.618979 -0.599955 -0.581356 -0.563291 -0.545880 -0.529256 -0.513559 -0.498938 -0.485549 -0.473545 -0.463079 -0.454292 -0.447311 -0.442244 -0.439170 -0.438139 -0.439170 -0.442244 -0.447311 -0.454292 -0.463079 -0.473545 -0.485549 -0.498938 -0.513559 -0.529256 -0.545880 -0.563291 -0.581356 -0.599955 -0.618979 -0.638330 -0.657923 -0.677681 -0.697540 -0.717444 -0.737343 -0.757197 
-0.740643 -0.719924 -0.699108 -0.678232 -0.657343 -0.636499 -0.615765 -0.595219 -0.574951 -0.555063 -0.535675 -0.516918 -0.498938 -0.481896 -0.465962 -0.451316 -0.438139 -0.426613 -0.416908 -0.409180 -0.403560 -0.400146 -0.399001 -0.400146 -0.403560 -0.409180 -0.416908 -0.426613 -0.438139 -0.451316 -0.465962 -0.481896 -0.498938 -0.516918 -0.535675 -0.555063 -0.574951 -0.595219 -0.615765 -0.636499 -0.657343 -0.678232 -0.699108 -0.719924 -0.740643 
-0.724351 -0.702740 -0.680971 -0.659079 -0.637111 -0.615119 -0.593171 -0.571345 -0.549733 -0.528446 -0.507607 -0.487362 -0.467873 -0.449319 -0.431897 -0.415814 -0.401287 -0.388532 -0.377757 -0.369153 -0.362881 -0.359065 -0.357785 -0.359065 -0.362881 -0.369153 -0.377757 -0.388532 -0.401287 -0.415814 -0.431897 -0.449319 -0.467873 -0.487362 -0.507607 -0.528446 -0.549733 -0.571345 -0.593171 -0.615119 -0.637111 -0.659079 -0.680971 -0.702740 -0.724351 
-0.708382 -0.685854 -0.663100 -0.640153 -0.617054 -0.593855 -0.570620 -0.547426 -0.524369 -0.501560 -0.479133 -0.457244 -0.436070 -0.415814 -0.396700 -0.378970 -0.362881 -0.348692 -0.336658 -0.327017 -0.319970 -0.315675 -0.314232 -0.315675 -0.319970 -0.327017 -0.336658 -0.348692 -0.362881 -0.378970 -0.396700 -0.415814 -0.436070 -0.457244 -0.479133 -0.501560 -0.524369 -0.547426 -0.570620 -0.593855 -0.617054 -0.640153 -0.663100 -0.685854 -0.708382 
-0.692801 -0.669335 -0.645569 -0.621531 -0.597256 -0.572791 -0.548197 -0.523548 -0.498938 -0.474482 -0.450319 -0.426613 -0.403560 -0.381384 -0.360341 -0.340714 -0.322805 -0.306931 -0.293406 -0.282525 -0.274547 -0.269675 -0.268036 -0.269675 -0.274547 -0.282525 -0.293406 -0.306931 -0.322805 -0.340714 -0.360341 -0.381384 -0.403560 -0.426613 -0.450319 -0.474482 -0.498938 -0.523548 -0.548197 -0.572791 -0.597256 -0.621531 -0.645569 -0.669335 -0.692801 
-0.677681 -0.653263 -0.628463 -0.603303 -0.577811 -0.552027 -0.526005 -0.499814 -0.473545 -0.447311 -0.421253 -0.395544 -0.370394 -0.346052 -0.322805 -0.300982 -0.280943 -0.263074 -0.247764 -0.235387 -0.226278 -0.220699 -0.218820 -0.220699 -0.226278 -0.235387 -0.247764 -0.263074 -0.280943 -0.300982 -0.322805 -0.346052 -0.370394 -0.395544 -0.421253 -0.447311 -0.473545 -0.499814 -0.526005 -0.552027 -0.577811 -0.603303 -0.628463 -0.653263 -0.677681 
-0.663100 -0.637721 -0.611873 -0.585568 -0.558825 -0.531676 -0.504163 -0.476350 -0.448316 -0.420172 -0.392055 -0.364144 -0.336658 -0.309869 -0.284099 -0.259727 -0.237182 -0.216931 -0.199464 -0.185262 -0.174758 -0.168304 -0.166126 -0.168304 -0.174758 -0.185262 -0.199464 -0.216931 -0.237182 -0.259727 -0.284099 -0.309869 -0.336658 -0.364144 -0.392055 -0.420172 -0.448316 -0.476350 -0.504163 -0.531676 -0.558825 -0.585568 -0.611873 -0.637721 -0.663100 
-0.649139 -0.622801 -0.595899 -0.568436 -0.540419 -0.511868 -0.482813 -0.453302 -0.423406 -0.393222 -0.362881 -0.332557 -0.302478 -0.272930 -0.244271 -0.216931 -0.191418 -0.168304 -0.148204 -0.131741 -0.119493 -0.111935 -0.109379 -0.111935 -0.119493 -0.131741 -0.148204 -0.168304 -0.191418 -0.216931 -0.244271 -0.272930 -0.302478 -0.332557 -0.362881 -0.393222 -0.423406 -0.453302 -0.482813 -0.511868 -0.540419 -0.568436 -0.595899 -0.622801 -0.649139 
-0.635887 -0.608599 -0.580650 -0.552027 -0.522726 -0.492749 -0.462113 -0.430846 -0.399001 -0.366657 -0.333930 -0.300982 -0.268036 -0.235387 -0.203420 -0.172620 -0.143578 -0.116992 -0.093641 -0.074341 -0.059874 -0.050898 -0.047853 -0.050898 -0.059874 -0.074341 -0.093641 -0.116992 -0.143578 -0.172620 -0.203420 -0.235387 -0.268036 -0.300982 -0.333930 -0.366657 -0.399001 -0.430846 -0.462113 -0.492749 -0.522726 -0.552027 -0.580650 -0.608599 -0.635887 
-0.623434 -0.595219 -0.566239 -0.536470 -0.505889 -0.474482 -0.442244 -0.409180 -0.375319 -0.340714 -0.305453 -0.269675 -0.233584 -0.197470 -0.161730 -0.126893 -0.093641 -0.062816 -0.035404 -0.012485 0.004862 0.015703 0.019394 0.015703 0.004862 -0.012485 -0.035404 -0.062816 -0.093641 -0.126893 -0.161730 -0.197470 -0.233584 -0.269675 -0.305453 -0.340714 -0.375319 -0.409180 -0.442244 -0.474482 -0.505889 -0.536470 -0.566239 -0.595219 -0.623434 
-0.611873 -0.582765 -0.552788 -0.521901 -0.490065 -0.457244 -0.423406 -0.388532 -0.352616 -0.315675 -0.277760 -0.238967 -0.199464 -0.159511 -0.119493 -0.079965 -0.041684 -0.005650 0.026895 0.054509 0.075682 0.089040 0.093611 0.089040 0.075682 0.054509 0.026895 -0.005650 -0.041684 -0.079965 -0.119493 -0.159511 -0.199464 -0.238967 -0.277760 -0.315675 -0.352616 -0.388532 -0.423406 -0.457244 -0.490065 -0.521901 -0.552788 -0.582765 -0.611873 
-0.601298 -0.571345 -0.540419 -0.508463 -0.475417 -0.441222 -0.405818 -0.369153 -0.331180 -0.291871 -0.251223 -0.209273 -0.166126 -0.121977 -0.077164 -0.032221 0.012052 0.054509 0.093611 0.127436 0.153822 0.170692 0.176506 0.170692 0.153822 0.127436 0.093611 0.054509 0.012052 -0.032221 -0.077164 -0.121977 -0.166126 -0.209273 -0.251223 -0.291871 -0.331180 -0.369153 -0.405818 -0.441222 -0.475417 -0.508463 -0.540419 -0.571345 -0.601298 
-0.591800 -0.561065 -0.529256 -0.496298 -0.462113 -0.426613 -0.389710 -0.351313 -0.311329 -0.269675 -0.226278 -0.181097 -0.134140 -0.085499 -0.035404 0.015703 0.067056 0.117426 0.164975 0.207168 0.240879 0.262844 0.270495 0.262844 0.240879 0.207168 0.164975 0.117426 0.067056 0.015703 -0.035404 -0.085499 -0.134140 -0.181097 -0.226278 -0.269675 -0.311329 -0.351313 -0.389710 -0.426613 -0.462113 -0.496298 -0.529256 -0.561065 -0.591800 
-0.583468 -0.552027 -0.519418 -0.485549 -0.450319 -0.413616 -0.375319 -0.335297 -0.293406 -0.249497 -0.203420 -0.155031 -0.104211 -0.050898 0.004862 0.062823 0.122394 0.182421 0.240879 0.294547 0.338900 0.368629 0.379155 0.368629 0.338900 0.294547 0.240879 0.182421 0.122394 0.062823 0.004862 -0.050898 -0.104211 -0.155031 -0.203420 -0.249497 -0.293406 -0.335297 -0.375319 -0.413616 -0.450319 -0.485549 -0.519418 -0.552027 -0.583468 
-0.576383 -0.544328 -0.511019 -0.476350 -0.440197 -0.402425 -0.362881 -0.321390 -0.277760 -0.231771 -0.183186 -0.131741 -0.077164 -0.019189 0.042403 0.107701 0.176506 0.248043 0.320451 0.390023 0.450408 0.492711 0.508102 0.492711 0.450408 0.390023 0.320451 0.248043 0.176506 0.107701 0.042403 -0.019189 -0.077164 -0.131741 -0.183186 -0.231771 -0.277760 -0.321390 -0.362881 -0.402425 -0.440197 -0.476350 -0.511019 -0.544328 -0.576383 
-0.570620 -0.538055 -0.504163 -0.468824 -0.431897 -0.393222 -0.352616 -0.309869 -0.264735 -0.216931 -0.166126 -0.111935 -0.053915 0.008438 0.075682 0.148379 0.226990 0.311593 0.401257 0.492711 0.578010 0.642288 0.666847 0.642288 0.578010 0.492711 0.401257 0.311593 0.226990 0.148379 0.075682 0.008438 -0.053915 -0.111935 -0.166126 -0.216931 -0.264735 -0.309869 -0.352616 -0.393222 -0.431897 -0.468824 -0.504163 -0.538055 -0.570620 
-0.566239 -0.533280 -0.498938 -0.463079 -0.425547 -0.386165 -0.344725 -0.300982 -0.254649 -0.205382 -0.152770 -0.096314 -0.035404 0.030707 0.102940 0.182421 0.270495 0.368629 0.478003 0.598073 0.722288 0.828457 0.873252 0.828457 0.722288 0.598073 0.478003 0.368629 0.270495 0.182421 0.102940 0.030707 -0.035404 -0.096314 -0.152770 -0.205382 -0.254649 -0.300982 -0.344725 -0.386165 -0.425547 -0.463079 -0.498938 -0.533280 -0.566239 
-0.563291 -0.530064 -0.495414 -0.459199 -0.421253 -0.381384 -0.339367 -0.294934 -0.247764 -0.197470 -0.143578 -0.085499 -0.022493 0.046391 0.122394 0.207168 0.302962 0.412882 0.541212 0.693396 0.873252 1.064092 1.165361 1.064092 0.873252 0.693396 0.541212 0.412882 0.302962 0.207168 0.122394 0.046391 -0.022493 -0.085499 -0.143578 -0.197470 -0.247764 -0.294934 -0.339367 -0.381384 -0.421253 -0.459199 -0.495414 -0.530064 -0.563291 
-0.561808 -0.528446 -0.493640 -0.457244 -0.419087 -0.378970 -0.336658 -0.291871 -0.244271 -0.193447 -0.138891 -0.079965 -0.015853 0.054509 0.132552 0.220253 0.320451 0.437424 0.578010 0.753985 0.987244 1.314643 1.607715 1.314643 0.987244 0.753985 0.578010 0.437424 0.320451 0.220253 0.132552 0.054509 -0.015853 -0.079965 -0.138891 -0.193447 -0.244271 -0.291871 -0.336658 -0.378970 -0.419087 -0.457244 -0.493640 -0.528446 -0.561808 
-0.561622 -0.528243 -0.493417 -0.456999 -0.418815 -0.378668 -0.336318 -0.291486 -0.243832 -0.192941 -0.138300 -0.079267 -0.015015 0.055537 0.133843 0.221924 0.322702 0.440622 0.582912 0.762414 1.004802 1.366296 1.762115 1.366296 1.004802 0.762414 0.582912 0.440622 0.322702 0.221924 0.133843 0.055537 -0.015015 -0.079267 -0.138300 -0.192941 -0.243832 -0.291486 -0.336318 -0.378668 -0.418815 -0.456999 -0.493417 -0.528243 -0.561622 
-0.561816 -0.528454 -0.493649 -0.457254 -0.419099 -0.378984 -0.336673 -0.291888 -0.244290 -0.193469 -0.138916 -0.079995 -0.015890 0.054465 0.132496 0.220180 0.320353 0.437286 0.577799 0.753624 0.986502 1.312579 1.602481 1.312579 0.986502 0.753624 0.577799 0.437286 0.320353 0.220180 0.132496 0.054465 -0.015890 -0.079995 -0.138916 -0.193469 -0.244290 -0.291888 -0.336673 -0.378984 -0.419099 -0.457254 -0.493649 -0.528454 -0.561816 
-0.563315 -0.530090 -0.495443 -0.459230 -0.421288 -0.381423 -0.339411 -0.294983 -0.247820 -0.197534 -0.143653 -0.085588 -0.022599 0.046262 0.122232 0.206961 0.302686 0.412500 0.540649 0.692502 0.871701 1.061295 1.161529 1.061295 0.871701 0.692502 0.540649 0.412500 0.302686 0.206961 0.122232 0.046262 -0.022599 -0.085588 -0.143653 -0.197534 -0.247820 -0.294983 -0.339411 -0.381423 -0.421288 -0.459230 -0.495443 -0.530090 -0.563315 
-0.566279 -0.533324 -0.498986 -0.463131 -0.425605 -0.386229 -0.344796 -0.301063 -0.254740 -0.205487 -0.152892 -0.096457 -0.035574 0.030501 0.102685 0.182100 0.270078 0.368071 0.477229 0.596961 0.720666 0.826211 0.870675 0.826211 0.720666 0.596961 0.477229 0.368071 0.270078 0.182100 0.102685 0.030501 -0.035574 -0.096457 -0.152892 -0.205487 -0.254740 -0.301063 -0.344796 -0.386229 -0.425605 -0.463131 -0.498986 -0.533324 -0.566279 
-0.570674 -0.538114 -0.504229 -0.468896 -0.431976 -0.393310 -0.352714 -0.309979 -0.264860 -0.217074 -0.166290 -0.112127 -0.054142 0.008168 0.075353 0.147972 0.226477 0.310935 0.400398 0.491580 0.576547 0.640510 0.664931 0.640510 0.576547 0.491580 0.400398 0.310935 0.226477 0.147972 0.075353 0.008168 -0.054142 -0.112127 -0.166290 -0.217074 -0.264860 -0.309979 -0.352714 -0.393310 -0.431976 -0.468896 -0.504229 -0.538114 -0.570674 
-0.576453 -0.544403 -0.511102 -0.476440 -0.440296 -0.402535 -0.363003 -0.321527 -0.277914 -0.231947 -0.183387 -0.131974 -0.077436 -0.019510 0.042019 0.107237 0.175939 0.247342 0.319583 0.388955 0.449128 0.491258 0.506580 0.491258 0.449128 0.388955 0.319583 0.247342 0.175939 0.107237 0.042019 -0.019510 -0.077436 -0.131974 -0.183387 -0.231947 -0.277914 -0.321527 -0.363003 -0.402535 -0.440296 -0.476440 -0.511102 -0.544403 -0.576453 
-0.583551 -0.552117 -0.519516 -0.485656 -0.450437 -0.413747 -0.375464 -0.335458 -0.293587 -0.249702 -0.203653 -0.155298 -0.104519 -0.051256 0.004442 0.062325 0.121803 0.181716 0.240041 0.293565 0.337780 0.367405 0.377892 0.367405 0.337780 0.293565 0.240041 0.181716 0.121803 0.062325 0.004442 -0.051256 -0.104519 -0.155298 -0.203653 -0.249702 -0.293587 -0.335458 -0.375464 -0.413747 -0.450437 -0.485656 -0.519516 -0.552117 -0.583551 
-0.591896 -0.561169 -0.529369 -0.496422 -0.462248 -0.426762 -0.389875 -0.351495 -0.311533 -0.269903 -0.226536 -0.181390 -0.134474 -0.085883 -0.035847 0.015190 0.066461 0.116737 0.164184 0.206272 0.239889 0.261788 0.269414 0.261788 0.239889 0.206272 0.164184 0.116737 0.066461 0.015190 -0.035847 -0.085883 -0.134474 -0.181390 -0.226536 -0.269903 -0.311533 -0.351495 -0.389875 -0.426762 -0.462248 -0.496422 -0.529369 -0.561169 -0.591896 
-0.601406 -0.571462 -0.540546 -0.508601 -0.475568 -0.441387 -0.406000 -0.369353 -0.331403 -0.292119 -0.251500 -0.209585 -0.166478 -0.122376 -0.077617 -0.032736 0.011466 0.053847 0.092870 0.126617 0.152938 0.169763 0.175561 0.169763 0.152938 0.126617 0.092870 0.053847 0.011466 -0.032736 -0.077617 -0.122376 -0.166478 -0.209585 -0.251500 -0.292119 -0.331403 -0.369353 -0.406000 -0.441387 -0.475568 -0.508601 -0.540546 -0.571462 -0.601406 
-0.611992 -0.582894 -0.552927 -0.522052 -0.490229 -0.457423 -0.423602 -0.388748 -0.352854 -0.315938 -0.278052 -0.239293 -0.199828 -0.159917 -0.119949 -0.080474 -0.042253 -0.006280 0.026202 0.053759 0.074884 0.088211 0.092771 0.088211 0.074884 0.053759 0.026202 -0.006280 -0.042253 -0.080474 -0.119949 -0.159917 -0.199828 -0.239293 -0.278052 -0.315938 -0.352854 -0.388748 -0.423602 -0.457423 -0.490229 -0.522052 -0.552927 -0.582894 -0.611992 
-0.623563 -0.595358 -0.566389 -0.536632 -0.506065 -0.474674 -0.442452 -0.409408 -0.375569 -0.340988 -0.305755 -0.270009 -0.233953 -0.197878 -0.162181 -0.127391 -0.094189 -0.063414 -0.036051 -0.013176 0.004136 0.014954 0.018636 0.014954 0.004136 -0.013176 -0.036051 -0.063414 -0.094189 -0.127391 -0.162181 -0.197878 -0.233953 -0.270009 -0.305755 -0.340988 -0.375569 -0.409408 -0.442452 -0.474674 -0.506065 -0.536632 -0.566389 -0.595358 -0.623563 
-0.636025 -0.608748 -0.580809 -0.552199 -0.522911 -0.492950 -0.462331 -0.431083 -0.399260 -0.366939 -0.334239 -0.301320 -0.268407 -0.235793 -0.203864 -0.173104 -0.144103 -0.117558 -0.094246 -0.074981 -0.060540 -0.051581 -0.048543 -0.051581 -0.060540 -0.074981 -0.094246 -0.117558 -0.144103 -0.173104 -0.203864 -0.235793 -0.268407 -0.301320 -0.334239 -0.366939 -0.399260 -0.431083 -0.462331 -0.492950 -0.522911 -0.552199 -0.580809 -0.608748 -0.636025 
-0.649286 -0.622957 -0.596067 -0.568616 -0.540613 -0.512077 -0.483039 -0.453547 -0.423672 -0.393510 -0.363193 -0.332897 -0.302847 -0.273331 -0.244704 -0.217399 -0.191921 -0.168840 -0.148772 -0.132336 -0.120109 -0.112564 -0.110013 -0.112564 -0.120109 -0.132336 -0.148772 -0.168840 -0.191921 -0.217399 -0.244704 -0.273331 -0.302847 -0.332897 -0.363193 -0.393510 -0.423672 -0.453547 -0.483039 -0.512077 -0.540613 -0.568616 -0.596067 -0.622957 -0.649286 
-0.663253 -0.637885 -0.612048 -0.585755 -0.559026 -0.531892 -0.504396 -0.476600 -0.448586 -0.420463 -0.392369 -0.364482 -0.337024 -0.310262 -0.284521 -0.260179 -0.237663 -0.217440 -0.199999 -0.185818 -0.175331 -0.168887 -0.166712 -0.168887 -0.175331 -0.185818 -0.199999 -0.217440 -0.237663 -0.260179 -0.284521 -0.310262 -0.337024 -0.364482 -0.392369 -0.420463 -0.448586 -0.476600 -0.504396 -0.531892 -0.559026 -0.585755 -0.612048 -0.637885 -0.663253 
-0.677841 -0.653433 -0.628645 -0.603496 -0.578017 -0.552248 -0.526242 -0.500068 -0.473817 -0.447603 -0.421566 -0.395880 -0.370754 -0.346436 -0.323215 -0.301417 -0.281403 -0.263557 -0.248268 -0.235909 -0.226813 -0.221243 -0.219367 -0.221243 -0.226813 -0.235909 -0.248268 -0.263557 -0.281403 -0.301417 -0.323215 -0.346436 -0.370754 -0.395880 -0.421566 -0.447603 -0.473817 -0.500068 -0.526242 -0.552248 -0.578017 -0.603496 -0.628645 -0.653433 -0.677841 
-0.692966 -0.669511 -0.645756 -0.621729 -0.597467 -0.573016 -0.548437 -0.523804 -0.499212 -0.474774 -0.450630 -0.426945 -0.403913 -0.381759 -0.360738 -0.341133 -0.323245 -0.307390 -0.293883 -0.283016 -0.275050 -0.270184 -0.268548 -0.270184 -0.275050 -0.283016 -0.293883 -0.307390 -0.323245 -0.341133 -0.360738 -0.381759 -0.403913 -0.426945 -0.450630 -0.474774 -0.499212 -0.523804 -0.548437 -0.573016 -0.597467 -0.621729 -0.645756 -0.669511 -0.692966 
-0.708552 -0.686033 -0.663290 -0.640355 -0.617268 -0.594083 -0.570862 -0.547683 -0.524642 -0.501850 -0.479441 -0.457570 -0.436416 -0.416179 -0.397084 -0.379374 -0.363302 -0.349130 -0.337111 -0.327482 -0.320444 -0.316155 -0.314714 -0.316155 -0.320444 -0.327482 -0.337111 -0.349130 -0.363302 -0.379374 -0.397084 -0.416179 -0.436416 -0.457570 -0.479441 -0.501850 -0.524642 -0.547683 -0.570862 -0.594083 -0.617268 -0.640355 -0.663290 -0.686033 -0.708552 
-0.724525 -0.702923 -0.681164 -0.659284 -0.637327 -0.615349 -0.593414 -0.571602 -0.550005 -0.528733 -0.507911 -0.487683 -0.468210 -0.449674 -0.432269 -0.416203 -0.401691 -0.388951 -0.378188 -0.369594 -0.363329 -0.359518 -0.358239 -0.359518 -0.363329 -0.369594 -0.378188 -0.388951 -0.401691 -0.416203 -0.432269 -0.449674 -0.468210 -0.487683 -0.507911 -0.528733 -0.550005 -0.571602 -0.593414 -0.615349 -0.637327 -0.659284 -0.681164 -0.702923 -0.724525 
-0.740820 -0.720111 -0.699304 -0.678438 -0.657562 -0.636729 -0.616008 -0.595475 -0.575220 -0.555348 -0.535974 -0.517232 -0.499268 -0.482241 -0.466322 -0.451690 -0.438527 -0.427013 -0.417319 -0.409600 -0.403986 -0.400576 -0.399432 -0.400576 -0.403986 -0.409600 -0.417319 -0.427013 -0.438527 -0.451690 -0.466322 -0.482241 -0.499268 -0.517232 -0.535974 -0.555348 -0.575220 -0.595475 -0.616008 -0.636729 -0.657562 -0.678438 -0.699304 -0.720111 -0.740820 
-0.757377 -0.737531 -0.717642 -0.697749 -0.677900 -0.658153 -0.638572 -0.619234 -0.600223 -0.581637 -0.563585 -0.546188 -0.529577 -0.513894 -0.499287 -0.485910 -0.473918 -0.463462 -0.454684 -0.447711 -0.442649 -0.439579 -0.438549 -0.439579 -0.442649 -0.447711 -0.454684 -0.463462 -0.473918 -0.485910 -0.499287 -0.513894 -0.529577 -0.546188 -0.563585 -0.581637 -0.600223 -0.619234 -0.638572 -0.658153 -0.677900 -0.697749 -0.717642 -0.737531 -0.757377 
-0.774141 -0.755129 -0.736119 -0.717155 -0.698283 -0.679559 -0.661048 -0.642822 -0.624962 -0.607559 -0.590713 -0.574533 -0.559139 -0.544654 -0.531208 -0.518935 -0.507966 -0.498429 -0.490441 -0.484110 -0.479521 -0.476740 -0.475808 -0.476740 -0.479521 -0.484110 -0.490441 -0.498429 -0.507966 -0.518935 -0.531208 -0.544654 -0.559139 -0.574533 -0.590713 -0.607559 -0.624962 -0.642822 -0.661048 -0.679559 -0.698283 -0.717155 -0.736119 -0.755129 -0.774141 
-0.791064 -0.772852 -0.754685 -0.736604 -0.718657 -0.700897 -0.683388 -0.666196 -0.649400 -0.633083 -0.617337 -0.602262 -0.587962 -0.574549 -0.562135 -0.550837 -0.540765 -0.532030 -0.524730 -0.518953 -0.514772 -0.512241 -0.511394 -0.512241 -0.514772 -0.518953 -0.524730 -0.532030 -0.540765 -0.550837 -0.562135 -0.574549 -0.587962 -0.602262 -0.617337 -0.633083 -0.649400 -0.666196 -0.683388 -0.700897 -0.718657 -0.736604 -0.754685 -0.772852 -0.791064 
-0.808101 -0.790658 -0.773295 -0.756053 -0.738979 -0.722125 -0.705552 -0.689323 -0.673510 -0.658190 -0.643449 -0.629375 -0.616063 -0.603611 -0.592117 -0.581682 -0.572403 -0.564371 -0.557672 -0.552379 -0.548553 -0.546238 -0.545463 -0.546238 -0.548553 -0.552379 -0.557672 -0.564371 -0.572403 -0.581682 -0.592117 -0.603611 -0.616063 -0.629375 -0.643449 -0.658190 -0.673510 -0.689323 -0.705552 -0.722125 -0.738979 -0.756053 -0.773295 -0.790658 -0.808101 
