49 49
8.179969e-01 0 5
-0.729096 -0.712921 -0.696815 -0.680811 -0.664944 -0.649254 -0.633785 -0.618583 -0.603703 -0.589201 -0.575140 -0.561584 -0.548603 -0.536271 -0.524662 -0.513854 -0.503923 -0.494946 -0.486993 -0.480135 -0.474431 -0.469936 -0.466693 -0.464734 -0.464079 -0.464734 -0.466693 -0.469936 -0.474431 -0.480135 -0.486993 -0.494946 -0.503923 -0.513854 -0.524662 -0.536271 -0.548603 -0.561584 -0.575140 -0.589201 -0.603703 -0.618583 -0.633785 -0.649254 -0.664944 -0.680811 -0.696815 -0.712921 -0.729096 
-0.713272 -0.696450 -0.679671 -0.662966 -0.646373 -0.629930 -0.613684 -0.597686 -0.581990 -0.566659 -0.551758 -0.537359 -0.523539 -0.510378 -0.497961 -0.486375 -0.475706 -0.466042 -0.457465 -0.450056 -0.443886 -0.439018 -0.435502 -0.433377 -0.432666 -0.433377 -0.435502 -0.439018 -0.443886 -0.450056 -0.457465 -0.466042 -0.475706 -0.486375 -0.497961 -0.510378 -0.523539 -0.537359 -0.551758 -0.566659 -0.581990 -0.597686 -0.613684 -0.629930 -0.646373 -0.662966 -0.679671 -0.696450 -0.713272 
-0.697545 -0.680051 -0.662570 -0.645131 -0.627773 -0.610536 -0.593466 -0.576618 -0.560048 -0.543823 -0.528014 -0.512699 -0.497961 -0.483891 -0.470582 -0.458132 -0.446641 -0.436208 -0.426930 -0.418900 -0.412202 -0.406909 -0.403084 -0.400770 -0.399995 -0.400770 -0.403084 -0.406909 -0.412202 -0.418900 -0.426930 -0.436208 -0.446641 -0.458132 -0.470582 -0.483891 -0.497961 -0.512699 -0.528014 -0.543823 -0.560048 -0.576618 -0.593466 -0.610536 -0.627773 -0.645131 -0.662570 -0.680051 -0.697545 
-0.681948 -0.663759 -0.645546 -0.627340 -0.609178 -0.591103 -0.573160 -0.555406 -0.537902 -0.520715 -0.503923 -0.487611 -0.471869 -0.456798 -0.442501 -0.429091 -0.416680 -0.405384 -0.395315 -0.386581 -0.379282 -0.373506 -0.369326 -0.366796 -0.365948 -0.366796 -0.369326 -0.373506 -0.379282 -0.386581 -0.395315 -0.405384 -0.416680 -0.429091 -0.442501 -0.456798 -0.471869 -0.487611 -0.503923 -0.520715 -0.537902 -0.555406 -0.573160 -0.591103 -0.609178 -0.627340 -0.645546 -0.663759 -0.681948 
-0.666520 -0.647610 -0.628637 -0.609631 -0.590628 -0.571669 -0.552804 -0.534086 -0.515581 -0.497360 -0.479505 -0.462107 -0.445266 -0.429091 -0.413700 -0.399219 -0.385777 -0.373506 -0.362540 -0.353004 -0.345019 -0.338688 -0.334100 -0.331320 -0.330388 -0.331320 -0.334100 -0.338688 -0.345019 -0.353004 -0.362540 -0.373506 -0.385777 -0.399219 -0.413700 -0.429091 -0.445266 -0.462107 -0.479505 -0.497360 -0.515581 -0.534086 -0.552804 -0.571669 -0.590628 -0.609631 -0.628637 -0.647610 -0.666520 
-0.651300 -0.631648 -0.611888 -0.592050 -0.572167 -0.552281 -0.532439 -0.512699 -0.493125 -0.473792 -0.454787 -0.436208 -0.418161 -0.400770 -0.384164 -0.368484 -0.353881 -0.340508 -0.328519 -0.318065 -0.309289 -0.302317 -0.297257 -0.294187 -0.293158 -0.294187 -0.297257 -0.302317 -0.309289 -0.318065 -0.328519 -0.340508 -0.353881 -0.368484 -0.384164 -0.400770 -0.418161 -0.436208 -0.454787 -0.473792 -0.493125 -0.512699 -0.532439 -0.552281 -0.572167 -0.592050 -0.611888 -0.631648 -0.651300 
-0.636334 -0.615919 -0.595347 -0.574646 -0.553847 -0.532989 -0.512120 -0.491296 -0.470582 -0.450056 -0.429809 -0.409943 -0.390576 -0.371840 -0.353881 -0.336860 -0.320945 -0.306317 -0.293158 -0.281646 -0.271955 -0.264237 -0.258624 -0.255215 -0.254072 -0.255215 -0.258624 -0.264237 -0.271955 -0.281646 -0.293158 -0.306317 -0.320945 -0.336860 -0.353881 -0.371840 -0.390576 -0.409943 -0.429809 -0.450056 -0.470582 -0.491296 -0.512120 -0.532989 -0.553847 -0.574646 -0.595347 -0.615919 -0.636334 
-0.621670 -0.600474 -0.579069 -0.557476 -0.535726 -0.513854 -0.491906 -0.469936 -0.448010 -0.426207 -0.404619 -0.383354 -0.362540 -0.342319 -0.322853 -0.304323 -0.286923 -0.270862 -0.256355 -0.243618 -0.232858 -0.224266 -0.218003 -0.214193 -0.212914 -0.214193 -0.218003 -0.224266 -0.232858 -0.243618 -0.256355 -0.270862 -0.286923 -0.304323 -0.322853 -0.342319 -0.362540 -0.383354 -0.404619 -0.426207 -0.448010 -0.469936 -0.491906 -0.513854 -0.535726 -0.557476 -0.579069 -0.600474 -0.621670 
-0.607362 -0.585372 -0.563113 -0.540604 -0.517871 -0.494946 -0.471869 -0.448694 -0.425482 -0.402314 -0.379282 -0.356500 -0.334100 -0.312238 -0.291091 -0.270862 -0.251774 -0.234069 -0.218003 -0.203835 -0.191819 -0.182192 -0.175157 -0.170869 -0.169428 -0.170869 -0.175157 -0.182192 -0.191819 -0.203835 -0.218003 -0.234069 -0.251774 -0.270862 -0.291091 -0.312238 -0.334100 -0.356500 -0.379282 -0.402314 -0.425482 -0.448694 -0.471869 -0.494946 -0.517871 -0.540604 -0.563113 -0.585372 -0.607362 
-0.593466 -0.570672 -0.547546 -0.524101 -0.500357 -0.476342 -0.452091 -0.427652 -0.403084 -0.378462 -0.353881 -0.329455 -0.305321 -0.281646 -0.258624 -0.236480 -0.215467 -0.195869 -0.177987 -0.162138 -0.148634 -0.137772 -0.129807 -0.124943 -0.123307 -0.124943 -0.129807 -0.137772 -0.148634 -0.162138 -0.177987 -0.195869 -0.215467 -0.236480 -0.258624 -0.281646 -0.305321 -0.329455 -0.353881 -0.378462 -0.403084 -0.427652 -0.452091 -0.476342 -0.500357 -0.524101 -0.547546 -0.570672 -0.593466 
-0.580045 -0.556443 -0.532439 -0.508043 -0.483267 -0.458132 -0.432666 -0.406909 -0.380916 -0.354756 -0.328519 -0.302317 -0.276293 -0.250620 -0.225506 -0.201199 -0.177987 -0.156198 -0.136193 -0.118353 -0.103069 -0.090715 -0.081622 -0.076053 -0.074177 -0.076053 -0.081622 -0.090715 -0.103069 -0.118353 -0.136193 -0.156198 -0.177987 -0.201199 -0.225506 -0.250620 -0.276293 -0.302317 -0.328519 -0.354756 -0.380916 -0.406909 -0.432666 -0.458132 -0.483267 -0.508043 -0.532439 -0.556443 -0.580045 
-0.567163 -0.542753 -0.517871 -0.492516 -0.466693 -0.440415 -0.413700 -0.386581 -0.359100 -0.331320 -0.303321 -0.275214 -0.247135 -0.219264 -0.191819 -0.165072 -0.139344 -0.115012 -0.092506 -0.072292 -0.054857 -0.040682 -0.030198 -0.023757 -0.021583 -0.023757 -0.030198 -0.040682 -0.054857 -0.072292 -0.092506 -0.115012 -0.139344 -0.165072 -0.191819 -0.219264 -0.247135 -0.275214 -0.303321 -0.331320 -0.359100 -0.386581 -0.413700 -0.440415 -0.466693 -0.492516 -0.517871 -0.542753 -0.567163 
-0.554887 -0.529680 -0.503923 -0.477610 -0.450736 -0.423301 -0.395315 -0.366796 -0.337775 -0.308301 -0.278444 -0.248301 -0.218003 -0.187725 -0.157693 -0.128193 -0.099583 -0.072292 -0.046826 -0.023757 -0.003697 0.012732 0.024954 0.032496 0.035046 0.032496 0.024954 0.012732 -0.003697 -0.023757 -0.046826 -0.072292 -0.099583 -0.128193 -0.157693 -0.187725 -0.218003 -0.248301 -0.278444 -0.308301 -0.337775 -0.366796 -0.395315 -0.423301 -0.450736 -0.477610 -0.503923 -0.529680 -0.554887 
-0.543289 -0.517300 -0.490684 -0.463423 -0.435502 -0.406909 -0.377641 -0.347700 -0.317100 -0.285874 -0.254072 -0.221773 -0.189095 -0.156198 -0.123307 -0.090715 -0.058806 -0.028064 0.000920 0.027450 0.050750 0.070007 0.084440 0.093396 0.096433 0.093396 0.084440 0.070007 0.050750 0.027450 0.000920 -0.028064 -0.058806 -0.090715 -0.123307 -0.156198 -0.189095 -0.221773 -0.254072 -0.285874 -0.317100 -0.347700 -0.377641 -0.406909 -0.435502 -0.463423 -0.490684 -0.517300 -0.543289 
-0.532439 -0.505694 -0.478243 -0.450056 -0.421107 -0.391370 -0.360824 -0.329455 -0.297257 -0.264237 -0.230423 -0.195869 -0.160662 -0.124943 -0.088915 -0.052866 -0.017195 0.017570 0.050750 0.081506 0.108853 0.131715 0.149018 0.159831 0.163512 0.159831 0.149018 0.131715 0.108853 0.081506 0.050750 0.017570 -0.017195 -0.052866 -0.088915 -0.124943 -0.160662 -0.195869 -0.230423 -0.264237 -0.297257 -0.329455 -0.360824 -0.391370 -0.421107 -0.450056 -0.478243 -0.505694 -0.532439 
-0.522412 -0.494946 -0.466693 -0.437615 -0.407670 -0.376818 -0.345019 -0.312238 -0.278444 -0.243618 -0.207753 -0.170869 -0.133014 -0.094288 -0.054857 -0.014981 0.024954 0.064396 0.102587 0.138533 0.170993 0.198532 0.219645 0.232965 0.237522 0.232965 0.219645 0.198532 0.170993 0.138533 0.102587 0.064396 0.024954 -0.014981 -0.054857 -0.094288 -0.133014 -0.170869 -0.207753 -0.243618 -0.278444 -0.312238 -0.345019 -0.376818 -0.407670 -0.437615 -0.466693 -0.494946 -0.522412 
-0.513277 -0.485135 -0.456129 -0.426207 -0.395315 -0.363395 -0.330388 -0.296236 -0.260880 -0.224266 -0.186349 -0.147102 -0.106522 -0.064648 -0.021583 0.022475 0.067190 0.112028 0.156189 0.198532 0.237522 0.271244 0.297546 0.314361 0.320156 0.314361 0.297546 0.271244 0.237522 0.198532 0.156189 0.112028 0.067190 0.022475 -0.021583 -0.064648 -0.106522 -0.147102 -0.186349 -0.224266 -0.260880 -0.296236 -0.330388 -0.363395 -0.395315 -0.426207 -0.456129 -0.485135 -0.513277 
-0.505105 -0.476342 -0.446641 -0.415937 -0.384164 -0.351244 -0.317100 -0.281646 -0.244794 -0.206452 -0.166530 -0.124943 -0.081622 -0.036525 0.010338 0.058874 0.108853 0.159831 0.211044 0.261265 0.308663 0.350713 0.384301 0.406183 0.413805 0.406183 0.384301 0.350713 0.308663 0.261265 0.211044 0.159831 0.108853 0.058874 0.010338 -0.036525 -0.081622 -0.124943 -0.166530 -0.206452 -0.244794 -0.281646 -0.317100 -0.351244 -0.384164 -0.415937 -0.446641 -0.476342 -0.505105 
-0.497961 -0.468642 -0.438317 -0.406909 -0.374337 -0.340508 -0.305321 -0.268667 -0.230423 -0.190460 -0.148634 -0.104800 -0.058806 -0.010511 0.040203 0.093396 0.149018 0.206823 0.266218 0.326051 0.384301 0.437762 0.481930 0.511527 0.522005 0.511527 0.481930 0.437762 0.384301 0.326051 0.266218 0.206823 0.149018 0.093396 0.040203 -0.010511 -0.058806 -0.104800 -0.148634 -0.190460 -0.230423 -0.268667 -0.305321 -0.340508 -0.374337 -0.406909 -0.438317 -0.468642 -0.497961 
-0.491906 -0.462107 -0.431240 -0.399219 -0.365948 -0.331320 -0.295213 -0.257491 -0.218003 -0.176575 -0.133014 -0.087105 -0.038610 0.012732 0.067190 0.125028 0.186459 0.251570 0.320156 0.391439 0.463559 0.532824 0.592912 0.634991 0.650297 0.634991 0.592912 0.532824 0.463559 0.391439 0.320156 0.251570 0.186459 0.125028 0.067190 0.012732 -0.038610 -0.087105 -0.133014 -0.176575 -0.218003 -0.257491 -0.295213 -0.331320 -0.365948 -0.399219 -0.431240 -0.462107 -0.491906 
-0.486993 -0.456798 -0.425482 -0.392953 -0.359100 -0.323803 -0.286923 -0.248301 -0.207753 -0.165072 -0.120012 -0.072292 -0.021583 0.032496 0.090385 0.152585 0.219645 0.292121 0.370463 0.454738 0.544004 0.634991 0.719791 0.783646 0.808033 0.783646 0.719791 0.634991 0.544004 0.454738 0.370463 0.292121 0.219645 0.152585 0.090385 0.032496 -0.021583 -0.072292 -0.120012 -0.165072 -0.207753 -0.248301 -0.286923 -0.323803 -0.359100 -0.392953 -0.425482 -0.456798 -0.486993 
-0.483267 -0.452767 -0.421107 -0.388184 -0.353881 -0.318065 -0.280582 -0.241254 -0.199873 -0.156198 -0.109942 -0.060764 -0.008254 0.048084 0.108853 0.174795 0.246823 0.326051 0.413805 0.511527 0.620363 0.739727 0.863059 0.968326 1.012695 0.968326 0.863059 0.739727 0.620363 0.511527 0.413805 0.326051 0.246823 0.174795 0.108853 0.048084 -0.008254 -0.060764 -0.109942 -0.156198 -0.199873 -0.241254 -0.280582 -0.318065 -0.353881 -0.388184 -0.421107 -0.452767 -0.483267 
-0.480763 -0.450056 -0.418161 -0.384971 -0.350361 -0.314190 -0.276293 -0.236480 -0.194524 -0.150160 -0.103069 -0.052866 0.000920 0.058874 0.121732 0.190437 0.266218 0.350713 0.446143 0.555574 0.683216 0.834387 1.012695 1.201349 1.301170 1.201349 1.012695 0.834387 0.683216 0.555574 0.446143 0.350713 0.266218 0.190437 0.121732 0.058874 0.000920 -0.052866 -0.103069 -0.150160 -0.194524 -0.236480 -0.276293 -0.314190 -0.350361 -0.384971 -0.418161 -0.450056 -0.480763 
-0.479505 -0.448694 -0.416680 -0.383354 -0.348589 -0.312238 -0.274130 -0.234069 -0.191819 -0.147102 -0.099583 -0.048851 0.005597 0.064396 0.128355 0.198532 0.276345 0.363751 0.463559 0.579994 0.719791 0.894502 1.125459 1.447863 1.733774 1.447863 1.125459 0.894502 0.719791 0.579994 0.463559 0.363751 0.276345 0.198532 0.128355 0.064396 0.005597 -0.048851 -0.099583 -0.147102 -0.191819 -0.234069 -0.274130 -0.312238 -0.348589 -0.383354 -0.416680 -0.448694 -0.479505 
-0.479348 -0.448523 -0.416495 -0.383152 -0.348367 -0.311993 -0.273859 -0.233767 -0.191480 -0.146718 -0.099144 -0.048346 0.006186 0.065092 0.129192 0.199558 0.277632 0.365416 0.465801 0.583176 0.724662 0.902861 1.142808 1.498473 1.882914 1.498473 1.142808 0.902861 0.724662 0.583176 0.465801 0.365416 0.277632 0.199558 0.129192 0.065092 0.006186 -0.048346 -0.099144 -0.146718 -0.191480 -0.233767 -0.273859 -0.311993 -0.348367 -0.383152 -0.416495 -0.448523 -0.479348 
-0.479512 -0.448701 -0.416688 -0.383363 -0.348599 -0.312248 -0.274142 -0.234082 -0.191834 -0.147119 -0.099602 -0.048873 0.005572 0.064366 0.128319 0.198488 0.276289 0.363679 0.463462 0.579856 0.719581 0.894144 1.124726 1.445839 1.728698 1.445839 1.124726 0.894144 0.719581 0.579856 0.463462 0.363679 0.276289 0.198488 0.128319 0.064366 0.005572 -0.048873 -0.099602 -0.147119 -0.191834 -0.234082 -0.274142 -0.312248 -0.348599 -0.383363 -0.416688 -0.448701 -0.479512 
-0.480784 -0.450078 -0.418185 -0.384997 -0.350390 -0.314222 -0.276328 -0.236518 -0.194567 -0.150209 -0.103125 -0.052931 0.000844 0.058785 0.121626 0.190307 0.266057 0.350506 0.445868 0.555193 0.682656 0.833500 1.011159 1.198589 1.297397 1.198589 1.011159 0.833500 0.682656 0.555193 0.445868 0.350506 0.266057 0.190307 0.121626 0.058785 0.000844 -0.052931 -0.103125 -0.150209 -0.194567 -0.236518 -0.276328 -0.314222 -0.350390 -0.384997 -0.418185 -0.450078 -0.480784 
-0.483301 -0.452803 -0.421146 -0.388227 -0.353928 -0.318117 -0.280639 -0.241318 -0.199945 -0.156279 -0.110034 -0.060869 -0.008376 0.047941 0.108682 0.174589 0.246569 0.325731 0.413390 0.510972 0.619593 0.738622 0.861449 0.966102 1.010144 0.966102 0.861449 0.738622 0.619593 0.510972 0.413390 0.325731 0.246569 0.174589 0.108682 0.047941 -0.008376 -0.060869 -0.110034 -0.156279 -0.199945 -0.241318 -0.280639 -0.318117 -0.353928 -0.388227 -0.421146 -0.452803 -0.483301 
-0.487040 -0.456848 -0.425537 -0.393012 -0.359165 -0.323875 -0.287002 -0.248388 -0.207851 -0.165182 -0.120137 -0.072434 -0.021747 0.032305 0.090159 0.152315 0.219317 0.291716 0.369953 0.454083 0.543149 0.633866 0.718337 0.781880 0.806131 0.781880 0.718337 0.633866 0.543149 0.454083 0.369953 0.291716 0.219317 0.152315 0.090159 0.032305 -0.021747 -0.072434 -0.120137 -0.165182 -0.207851 -0.248388 -0.287002 -0.323875 -0.359165 -0.393012 -0.425537 -0.456848 -0.487040 
-0.491965 -0.462171 -0.431309 -0.399294 -0.366030 -0.331410 -0.295312 -0.257601 -0.218125 -0.176712 -0.133169 -0.087281 -0.038811 0.012499 0.066919 0.124707 0.186077 0.251107 0.319590 0.390741 0.462695 0.531760 0.591639 0.633546 0.648783 0.633546 0.591639 0.531760 0.462695 0.390741 0.319590 0.251107 0.186077 0.124707 0.066919 0.012499 -0.038811 -0.087281 -0.133169 -0.176712 -0.218125 -0.257601 -0.295312 -0.331410 -0.366030 -0.399294 -0.431309 -0.462171 -0.491965 
-0.498032 -0.468719 -0.438400 -0.407000 -0.374435 -0.340615 -0.305439 -0.268797 -0.230568 -0.190621 -0.148815 -0.105004 -0.059038 -0.010777 0.039896 0.093038 0.148599 0.206326 0.265628 0.325348 0.383466 0.436784 0.480815 0.510309 0.520748 0.510309 0.480815 0.436784 0.383466 0.325348 0.265628 0.206326 0.148599 0.093038 0.039896 -0.010777 -0.059038 -0.105004 -0.148815 -0.190621 -0.230568 -0.268797 -0.305439 -0.340615 -0.374435 -0.407000 -0.438400 -0.468719 -0.498032 
-0.505187 -0.476431 -0.446736 -0.416041 -0.384277 -0.351368 -0.317235 -0.281795 -0.244958 -0.206634 -0.166733 -0.125171 -0.081879 -0.036817 0.010004 0.058491 0.108411 0.159320 0.210450 0.260579 0.307874 0.349820 0.383315 0.405131 0.412729 0.405131 0.383315 0.349820 0.307874 0.260579 0.210450 0.159320 0.108411 0.058491 0.010004 -0.036817 -0.081879 -0.125171 -0.166733 -0.206634 -0.244958 -0.281795 -0.317235 -0.351368 -0.384277 -0.416041 -0.446736 -0.476431 -0.505187 
-0.513370 -0.485235 -0.456237 -0.426324 -0.395441 -0.363533 -0.330539 -0.296401 -0.261061 -0.224466 -0.186572 -0.147350 -0.106799 -0.064960 -0.021934 0.022077 0.066738 0.111514 0.155605 0.197872 0.236783 0.270428 0.296665 0.313436 0.319214 0.313436 0.296665 0.270428 0.236783 0.197872 0.155605 0.111514 0.066738 0.022077 -0.021934 -0.064960 -0.106799 -0.147350 -0.186572 -0.224466 -0.261061 -0.296401 -0.330539 -0.363533 -0.395441 -0.426324 -0.456237 -0.485235 -0.513370 
-0.522515 -0.495056 -0.466812 -0.437744 -0.407809 -0.376968 -0.345183 -0.312416 -0.278640 -0.243833 -0.207991 -0.171131 -0.133306 -0.094613 -0.055220 -0.015387 0.024499 0.063888 0.102020 0.137904 0.170302 0.197784 0.218850 0.232138 0.236685 0.232138 0.218850 0.197784 0.170302 0.137904 0.102020 0.063888 0.024499 -0.015387 -0.055220 -0.094613 -0.133306 -0.171131 -0.207991 -0.243833 -0.278640 -0.312416 -0.345183 -0.376968 -0.407809 -0.437744 -0.466812 -0.495056 -0.522515 
-0.532552 -0.505815 -0.478372 -0.450195 -0.421257 -0.391532 -0.361000 -0.329646 -0.297465 -0.264465 -0.230673 -0.196143 -0.160964 -0.125276 -0.089283 -0.053274 -0.017646 0.017073 0.050204 0.080909 0.108207 0.131026 0.148294 0.159084 0.162757 0.159084 0.148294 0.131026 0.108207 0.080909 0.050204 0.017073 -0.017646 -0.053274 -0.089283 -0.125276 -0.160964 -0.196143 -0.230673 -0.264465 -0.297465 -0.329646 -0.361000 -0.391532 -0.421257 -0.450195 -0.478372 -0.505815 -0.532552 
-0.543410 -0.517429 -0.490822 -0.463571 -0.435661 -0.407081 -0.377827 -0.347901 -0.317318 -0.286111 -0.254330 -0.222056 -0.189403 -0.156536 -0.123677 -0.091120 -0.059249 -0.028547 0.000395 0.026885 0.050146 0.069369 0.083776 0.092714 0.095745 0.092714 0.083776 0.069369 0.050146 0.026885 0.000395 -0.028547 -0.059249 -0.091120 -0.123677 -0.156536 -0.189403 -0.222056 -0.254330 -0.286111 -0.317318 -0.347901 -0.377827 -0.407081 -0.435661 -0.463571 -0.490822 -0.517429 -0.543410 
-0.555016 -0.529817 -0.504070 -0.477767 -0.450903 -0.423481 -0.395509 -0.367005 -0.338001 -0.308546 -0.278709 -0.248588 -0.218315 -0.188064 -0.158061 -0.128593 -0.100016 -0.072759 -0.047328 -0.024292 -0.004264 0.012138 0.024339 0.031868 0.034414 0.031868 0.024339 0.012138 -0.004264 -0.024292 -0.047328 -0.072759 -0.100016 -0.128593 -0.158061 -0.188064 -0.218315 -0.248588 -0.278709 -0.308546 -0.338001 -0.367005 -0.395509 -0.423481 -0.450903 -0.477767 -0.504070 -0.529817 -0.555016 
-0.567298 -0.542897 -0.518024 -0.492680 -0.466868 -0.440602 -0.413901 -0.386797 -0.359332 -0.331570 -0.303591 -0.275504 -0.247449 -0.219602 -0.192184 -0.165464 -0.139765 -0.115463 -0.092986 -0.072800 -0.055391 -0.041236 -0.030770 -0.024338 -0.022168 -0.024338 -0.030770 -0.041236 -0.055391 -0.072800 -0.092986 -0.115463 -0.139765 -0.165464 -0.192184 -0.219602 -0.247449 -0.275504 -0.303591 -0.331570 -0.359332 -0.386797 -0.413901 -0.440602 -0.466868 -0.492680 -0.518024 -0.542897 -0.567298 
-0.580186 -0.556593 -0.532599 -0.508213 -0.483448 -0.458325 -0.432872 -0.407130 -0.381153 -0.355010 -0.328791 -0.302609 -0.276606 -0.250955 -0.225865 -0.201582 -0.178396 -0.156633 -0.136652 -0.118835 -0.103572 -0.091236 -0.082156 -0.076596 -0.074723 -0.076596 -0.082156 -0.091236 -0.103572 -0.118835 -0.136652 -0.156633 -0.178396 -0.201582 -0.225865 -0.250955 -0.276606 -0.302609 -0.328791 -0.355010 -0.381153 -0.407130 -0.432872 -0.458325 -0.483448 -0.508213 -0.532599 -0.556593 -0.580186 
-0.593613 -0.570828 -0.547711 -0.524276 -0.500543 -0.476540 -0.452302 -0.427876 -0.403323 -0.378718 -0.354154 -0.329746 -0.305632 -0.281978 -0.258977 -0.236854 -0.215864 -0.196287 -0.178427 -0.162597 -0.149111 -0.138262 -0.130309 -0.125451 -0.123818 -0.125451 -0.130309 -0.138262 -0.149111 -0.162597 -0.178427 -0.196287 -0.215864 -0.236854 -0.258977 -0.281978 -0.305632 -0.329746 -0.354154 -0.378718 -0.403323 -0.427876 -0.452302 -0.476540 -0.500543 -0.524276 -0.547711 -0.570828 -0.593613 
-0.607513 -0.585532 -0.563283 -0.540784 -0.518061 -0.495147 -0.472083 -0.448921 -0.425724 -0.402571 -0.379555 -0.356790 -0.334407 -0.312564 -0.291436 -0.271227 -0.252158 -0.234472 -0.218423 -0.204272 -0.192271 -0.182657 -0.175630 -0.171348 -0.169909 -0.171348 -0.175630 -0.182657 -0.192271 -0.204272 -0.218423 -0.234472 -0.252158 -0.271227 -0.291436 -0.312564 -0.334407 -0.356790 -0.379555 -0.402571 -0.425724 -0.448921 -0.472083 -0.495147 -0.518061 -0.540784 -0.563283 -0.585532 -0.607513 
-0.621826 -0.600639 -0.579242 -0.557659 -0.535919 -0.514059 -0.492123 -0.470165 -0.448253 -0.426464 -0.404890 -0.383642 -0.362843 -0.342639 -0.323190 -0.304677 -0.287295 -0.271250 -0.256758 -0.244035 -0.233288 -0.224706 -0.218451 -0.214645 -0.213368 -0.214645 -0.218451 -0.224706 -0.233288 -0.244035 -0.256758 -0.271250 -0.287295 -0.304677 -0.323190 -0.342639 -0.362843 -0.383642 -0.404890 -0.426464 -0.448253 -0.470165 -0.492123 -0.514059 -0.535919 -0.557659 -0.579242 -0.600639 -0.621826 
-0.636493 -0.616086 -0.595524 -0.574832 -0.554043 -0.533196 -0.512338 -0.491525 -0.470824 -0.450312 -0.430078 -0.410227 -0.390875 -0.372154 -0.354211 -0.337204 -0.321305 -0.306691 -0.293545 -0.282046 -0.272365 -0.264656 -0.259050 -0.255644 -0.254502 -0.255644 -0.259050 -0.264656 -0.272365 -0.282046 -0.293545 -0.306691 -0.321305 -0.337204 -0.354211 -0.372154 -0.390875 -0.410227 -0.430078 -0.450312 -0.470824 -0.491525 -0.512338 -0.533196 -0.554043 -0.574832 -0.595524 -0.616086 -0.636493 
-0.651462 -0.631818 -0.612067 -0.592238 -0.572365 -0.552489 -0.532658 -0.512929 -0.493367 -0.474047 -0.455055 -0.436488 -0.418455 -0.401077 -0.384485 -0.368819 -0.354229 -0.340869 -0.328891 -0.318448 -0.309681 -0.302717 -0.297662 -0.294595 -0.293567 -0.294595 -0.297662 -0.302717 -0.309681 -0.318448 -0.328891 -0.340869 -0.354229 -0.368819 -0.384485 -0.401077 -0.418455 -0.436488 -0.455055 -0.474047 -0.493367 -0.512929 -0.532658 -0.552489 -0.572365 -0.592238 -0.612067 -0.631818 -0.651462 
-0.666685 -0.647783 -0.628818 -0.609821 -0.590827 -0.571878 -0.553022 -0.534316 -0.515821 -0.497612 -0.479769 -0.462383 -0.445554 -0.429392 -0.414014 -0.399545 -0.386114 -0.373855 -0.362898 -0.353372 -0.345395 -0.339070 -0.334487 -0.331709 -0.330779 -0.331709 -0.334487 -0.339070 -0.345395 -0.353372 -0.362898 -0.373855 -0.386114 -0.399545 -0.414014 -0.429392 -0.445554 -0.462383 -0.479769 -0.497612 -0.515821 -0.534316 -0.553022 -0.571878 -0.590827 -0.609821 -0.628818 -0.647783 -0.666685 
-0.682115 -0.663933 -0.645728 -0.627531 -0.609378 -0.591311 -0.573379 -0.555635 -0.538141 -0.520965 -0.504184 -0.487883 -0.472152 -0.457092 -0.442807 -0.429407 -0.417007 -0.405721 -0.395660 -0.386935 -0.379643 -0.373873 -0.369696 -0.367168 -0.366322 -0.367168 -0.369696 -0.373873 -0.379643 -0.386935 -0.395660 -0.405721 -0.417007 -0.429407 -0.442807 -0.457092 -0.472152 -0.487883 -0.504184 -0.520965 -0.538141 -0.555635 -0.573379 -0.591311 -0.609378 -0.627531 -0.645728 -0.663933 -0.682115 
-0.697713 -0.680227 -0.662753 -0.645323 -0.627973 -0.610744 -0.593684 -0.576845 -0.560285 -0.544070 -0.528271 -0.512966 -0.498239 -0.484179 -0.470880 -0.458439 -0.446958 -0.436533 -0.427264 -0.419241 -0.412549 -0.407261 -0.403439 -0.401127 -0.400353 -0.401127 -0.403439 -0.407261 -0.412549 -0.419241 -0.427264 -0.436533 -0.446958 -0.458439 -0.470880 -0.484179 -0.498239 -0.512966 -0.528271 -0.544070 -0.560285 -0.576845 -0.593684 -0.610744 -0.627973 -0.645323 -0.662753 -0.680227 -0.697713 
-0.713441 -0.696627 -0.679855 -0.663158 -0.646572 -0.630138 -0.613901 -0.597911 -0.582225 -0.566903 -0.552011 -0.537621 -0.523811 -0.510659 -0.498252 -0.486674 -0.476014 -0.466357 -0.457788 -0.450385 -0.444220 -0.439356 -0.435843 -0.433720 -0.433010 -0.433720 -0.435843 -0.439356 -0.444220 -0.450385 -0.457788 -0.466357 -0.476014 -0.486674 -0.498252 -0.510659 -0.523811 -0.537621 -0.552011 -0.566903 -0.582225 -0.597911 -0.613901 -0.630138 -0.646572 -0.663158 -0.679855 -0.696627 -0.713441 
-0.729267 -0.713098 -0.697000 -0.681003 -0.665144 -0.649462 -0.634000 -0.618807 -0.603935 -0.589442 -0.575389 -0.561842 -0.548870 -0.536546 -0.524946 -0.514146 -0.504222 -0.495251 -0.487305 -0.480452 -0.474754 -0.470263 -0.467022 -0.465065 -0.464410 -0.465065 -0.467022 -0.470263 -0.474754 -0.480452 -0.487305 -0.495251 -0.504222 -0.514146 -0.524946 -0.536546 -0.548870 -0.561842 -0.575389 -0.589442 -0.603935 -0.618807 -0.634000 -0.649462 -0.665144 -0.681003 -0.697000 -0.713098 -0.729267 
