39 39
3.236437e-01 0 5
-0.988645 -0.968764 -0.948984 -0.929369 -0.909995 -0.890948 -0.872326 -0.854238 -0.836804 -0.820157 -0.804438 -0.789797 -0.776388 -0.764367 -0.753885 -0.745084 -0.738093 -0.733018 -0.729939 -0.728907 -0.729939 -0.733018 -0.738093 -0.745084 -0.753885 -0.764367 -0.776388 -0.789797 -0.804438 -0.820157 -0.836804 -0.854238 -0.872326 -0.890948 -0.909995 -0.929369 -0.948984 -0.968764 -0.988645 
-0.969315 -0.948404 -0.927536 -0.906778 -0.886206 -0.865912 -0.845999 -0.826585 -0.807802 -0.789797 -0.772730 -0.756773 -0.742104 -0.728907 -0.717362 -0.707642 -0.699901 -0.694272 -0.690852 -0.689705 -0.690852 -0.694272 -0.699901 -0.707642 -0.717362 -0.728907 -0.742104 -0.756773 -0.772730 -0.789797 -0.807802 -0.826585 -0.845999 -0.865912 -0.886206 -0.906778 -0.927536 -0.948404 -0.969315 
-0.950142 -0.928148 -0.906131 -0.884156 -0.862302 -0.840663 -0.819346 -0.798478 -0.778204 -0.758686 -0.740104 -0.722654 -0.706546 -0.691995 -0.679219 -0.668425 -0.659806 -0.653523 -0.649700 -0.648418 -0.649700 -0.653523 -0.659806 -0.668425 -0.679219 -0.691995 -0.706546 -0.722654 -0.740104 -0.758686 -0.778204 -0.798478 -0.819346 -0.840663 -0.862302 -0.884156 -0.906131 -0.928148 -0.950142 
-0.931194 -0.908068 -0.884841 -0.861576 -0.838352 -0.815263 -0.792423 -0.769963 -0.748041 -0.726834 -0.706546 -0.687400 -0.669640 -0.653523 -0.639308 -0.627253 -0.617593 -0.610533 -0.606231 -0.604785 -0.606231 -0.610533 -0.617593 -0.627253 -0.639308 -0.653523 -0.669640 -0.687400 -0.706546 -0.726834 -0.748041 -0.769963 -0.792423 -0.815263 -0.838352 -0.861576 -0.884841 -0.908068 -0.931194 
-0.912550 -0.888246 -0.863750 -0.839124 -0.814442 -0.789797 -0.765306 -0.741105 -0.717362 -0.694272 -0.672059 -0.650979 -0.631316 -0.613374 -0.597469 -0.583918 -0.573016 -0.565022 -0.560139 -0.558497 -0.560139 -0.565022 -0.573016 -0.583918 -0.597469 -0.613374 -0.631316 -0.650979 -0.672059 -0.694272 -0.717362 -0.741105 -0.765306 -0.789797 -0.814442 -0.839124 -0.863750 -0.888246 -0.912550 
-0.894300 -0.868776 -0.842959 -0.816902 -0.790675 -0.764367 -0.738093 -0.711994 -0.686243 -0.661050 -0.636664 -0.613374 -0.591509 -0.571431 -0.553525 -0.538183 -0.525780 -0.516651 -0.511060 -0.509177 -0.511060 -0.516651 -0.525780 -0.538183 -0.553525 -0.571431 -0.591509 -0.613374 -0.636664 -0.661050 -0.686243 -0.711994 -0.738093 -0.764367 -0.790675 -0.816902 -0.842959 -0.868776 -0.894300 
-0.876543 -0.849766 -0.822580 -0.795030 -0.767176 -0.739100 -0.710911 -0.682747 -0.654788 -0.627253 -0.600413 -0.574593 -0.550172 -0.527578 -0.507283 -0.489777 -0.475542 -0.465014 -0.458544 -0.456361 -0.458544 -0.465014 -0.475542 -0.489777 -0.507283 -0.527578 -0.550172 -0.574593 -0.600413 -0.627253 -0.654788 -0.682747 -0.710911 -0.739100 -0.767176 -0.795030 -0.822580 -0.849766 -0.876543 
-0.859389 -0.831336 -0.802745 -0.773648 -0.744094 -0.714150 -0.683916 -0.653523 -0.623145 -0.593008 -0.563402 -0.534683 -0.507283 -0.481713 -0.458544 -0.438395 -0.421891 -0.409612 -0.402035 -0.399472 -0.402035 -0.409612 -0.421891 -0.438395 -0.458544 -0.481713 -0.507283 -0.534683 -0.563402 -0.593008 -0.623145 -0.653523 -0.683916 -0.714150 -0.744094 -0.773648 -0.802745 -0.831336 -0.859389 
-0.842959 -0.813618 -0.783599 -0.752917 -0.721602 -0.689705 -0.657306 -0.624519 -0.591509 -0.558497 -0.525780 -0.493742 -0.462870 -0.433758 -0.407105 -0.383692 -0.364340 -0.349832 -0.340830 -0.337777 -0.340830 -0.349832 -0.364340 -0.383692 -0.407105 -0.433758 -0.462870 -0.493742 -0.525780 -0.558497 -0.591509 -0.624519 -0.657306 -0.689705 -0.721602 -0.752917 -0.783599 -0.813618 -0.842959 
-0.827381 -0.796758 -0.765306 -0.733018 -0.699901 -0.665983 -0.631316 -0.595989 -0.560139 -0.523973 -0.487778 -0.451954 -0.417031 -0.383692 -0.352782 -0.325291 -0.302304 -0.284903 -0.274028 -0.270326 -0.274028 -0.284903 -0.302304 -0.325291 -0.352782 -0.383692 -0.417031 -0.451954 -0.487778 -0.523973 -0.560139 -0.595989 -0.631316 -0.665983 -0.699901 -0.733018 -0.765306 -0.796758 -0.827381 
-0.812793 -0.780911 -0.748041 -0.714150 -0.679219 -0.643240 -0.606231 -0.568241 -0.529368 -0.489777 -0.449730 -0.409612 -0.369979 -0.331590 -0.295448 -0.262801 -0.235095 -0.213849 -0.200443 -0.195856 -0.200443 -0.213849 -0.235095 -0.262801 -0.295448 -0.331590 -0.369979 -0.409612 -0.449730 -0.489777 -0.529368 -0.568241 -0.606231 -0.643240 -0.679219 -0.714150 -0.748041 -0.780911 -0.812793 
-0.799336 -0.766242 -0.731994 -0.696534 -0.659806 -0.621765 -0.582380 -0.541649 -0.499609 -0.456361 -0.412103 -0.367170 -0.322099 -0.277691 -0.235095 -0.195856 -0.161907 -0.135419 -0.118481 -0.112643 -0.118481 -0.135419 -0.161907 -0.195856 -0.235095 -0.277691 -0.322099 -0.367170 -0.412103 -0.456361 -0.499609 -0.541649 -0.582380 -0.621765 -0.659806 -0.696534 -0.731994 -0.766242 -0.799336 
-0.787154 -0.752917 -0.717362 -0.680399 -0.641934 -0.601877 -0.560139 -0.516651 -0.471368 -0.424297 -0.375528 -0.325291 -0.274028 -0.222505 -0.171954 -0.124221 -0.081852 -0.047994 -0.025928 -0.018241 -0.025928 -0.047994 -0.081852 -0.124221 -0.171954 -0.222505 -0.274028 -0.325291 -0.375528 -0.424297 -0.471368 -0.516651 -0.560139 -0.601877 -0.641934 -0.680399 -0.717362 -0.752917 -0.787154 
-0.776388 -0.741105 -0.704344 -0.665983 -0.625889 -0.583918 -0.539920 -0.493742 -0.445240 -0.394290 -0.340830 -0.284903 -0.226753 -0.166967 -0.106704 -0.047994 0.005928 0.050507 0.080396 0.090980 0.080396 0.050507 0.005928 -0.047994 -0.106704 -0.166967 -0.226753 -0.284903 -0.340830 -0.394290 -0.445240 -0.493742 -0.539920 -0.583918 -0.625889 -0.665983 -0.704344 -0.741105 -0.776388 
-0.767176 -0.730968 -0.693135 -0.653523 -0.611956 -0.568241 -0.522156 -0.473461 -0.421891 -0.367170 -0.309028 -0.247241 -0.181715 -0.112643 -0.040797 0.031962 0.101910 0.162656 0.205234 0.220729 0.205234 0.162656 0.101910 0.031962 -0.040797 -0.112643 -0.181715 -0.247241 -0.309028 -0.367170 -0.421891 -0.473461 -0.522156 -0.568241 -0.611956 -0.653523 -0.693135 -0.730968 -0.767176 
-0.759639 -0.722654 -0.683916 -0.643240 -0.600413 -0.555190 -0.507283 -0.456361 -0.402035 -0.343857 -0.281316 -0.213849 -0.140883 -0.061945 0.023058 0.113209 0.205234 0.291145 0.355940 0.380712 0.355940 0.291145 0.205234 0.113209 0.023058 -0.061945 -0.140883 -0.213849 -0.281316 -0.343857 -0.402035 -0.456361 -0.507283 -0.555190 -0.600413 -0.643240 -0.683916 -0.722654 -0.759639 
-0.753885 -0.716295 -0.676848 -0.635334 -0.591509 -0.545082 -0.495709 -0.442973 -0.386372 -0.325291 -0.258976 -0.186494 -0.106704 -0.018241 0.080396 0.190429 0.311364 0.436663 0.543941 0.589263 0.543941 0.436663 0.311364 0.190429 0.080396 -0.018241 -0.106704 -0.186494 -0.258976 -0.325291 -0.386372 -0.442973 -0.495709 -0.545082 -0.591509 -0.635334 -0.676848 -0.716295 -0.753885 
-0.749999 -0.711994 -0.672059 -0.629967 -0.585449 -0.538183 -0.487778 -0.433758 -0.375528 -0.312342 -0.243240 -0.166967 -0.081852 0.014384 0.124902 0.254072 0.407499 0.589263 0.782815 0.885892 0.782815 0.589263 0.407499 0.254072 0.124902 0.014384 -0.081852 -0.166967 -0.243240 -0.312342 -0.375528 -0.433758 -0.487778 -0.538183 -0.585449 -0.629967 -0.672059 -0.711994 -0.749999 
-0.748041 -0.709824 -0.669640 -0.627253 -0.582380 -0.534683 -0.483746 -0.429059 -0.369979 -0.305682 -0.235095 -0.156771 -0.068711 0.031962 0.149592 0.291145 0.468672 0.704776 1.038428 1.340661 1.038428 0.704776 0.468672 0.291145 0.149592 0.031962 -0.068711 -0.156771 -0.235095 -0.305682 -0.369979 -0.429059 -0.483746 -0.534683 -0.582380 -0.627253 -0.669640 -0.709824 -0.748041 
-0.747795 -0.709552 -0.669337 -0.626913 -0.581995 -0.534243 -0.483239 -0.428467 -0.369279 -0.304841 -0.234063 -0.155475 -0.067032 0.034224 0.152810 0.296084 0.477186 0.722593 1.091400 1.501938 1.091400 0.722593 0.477186 0.296084 0.152810 0.034224 -0.067032 -0.155475 -0.234063 -0.304841 -0.369279 -0.428467 -0.483239 -0.534243 -0.581995 -0.626913 -0.669337 -0.709552 -0.747795 
-0.748052 -0.709836 -0.669654 -0.627268 -0.582397 -0.534702 -0.483768 -0.429085 -0.370009 -0.305719 -0.235139 -0.156827 -0.068784 0.031864 0.149453 0.290932 0.468307 0.704024 1.036314 1.335222 1.036314 0.704024 0.468307 0.290932 0.149453 0.031864 -0.068784 -0.156827 -0.235139 -0.305719 -0.370009 -0.429085 -0.483768 -0.534702 -0.582397 -0.627268 -0.669654 -0.709836 -0.748052 
-0.750031 -0.712029 -0.672098 -0.630010 -0.585498 -0.538239 -0.487843 -0.433833 -0.375618 -0.312449 -0.243370 -0.167130 -0.082061 0.014108 0.124517 0.253505 0.406597 0.587694 0.779972 0.881986 0.779972 0.587694 0.406597 0.253505 0.124517 0.014108 -0.082061 -0.167130 -0.243370 -0.312449 -0.375618 -0.433833 -0.487843 -0.538239 -0.585498 -0.630010 -0.672098 -0.712029 -0.750031 
-0.753937 -0.716352 -0.676912 -0.635406 -0.591590 -0.545174 -0.495814 -0.443095 -0.386515 -0.325462 -0.259183 -0.186749 -0.107026 -0.018659 0.079835 0.189650 0.310243 0.435025 0.541670 0.586655 0.541670 0.435025 0.310243 0.189650 0.079835 -0.018659 -0.107026 -0.186749 -0.259183 -0.325462 -0.386515 -0.443095 -0.495814 -0.545174 -0.591590 -0.635406 -0.676912 -0.716352 -0.753937 
-0.759711 -0.722734 -0.684004 -0.643338 -0.600524 -0.555315 -0.507426 -0.456526 -0.402227 -0.344083 -0.281587 -0.214179 -0.141291 -0.062459 0.022397 0.112344 0.204095 0.289671 0.354147 0.378779 0.354147 0.289671 0.204095 0.112344 0.022397 -0.062459 -0.141291 -0.214179 -0.281587 -0.344083 -0.402227 -0.456526 -0.507426 -0.555315 -0.600524 -0.643338 -0.684004 -0.722734 -0.759711 
-0.767266 -0.731067 -0.693245 -0.653645 -0.612094 -0.568396 -0.522333 -0.473663 -0.422125 -0.367443 -0.309350 -0.247626 -0.182181 -0.113213 -0.041501 0.031089 0.100836 0.161369 0.203771 0.219197 0.203771 0.161369 0.100836 0.031089 -0.041501 -0.113213 -0.182181 -0.247626 -0.309350 -0.367443 -0.422125 -0.473663 -0.522333 -0.568396 -0.612094 -0.653645 -0.693245 -0.731067 -0.767266 
-0.776496 -0.741224 -0.704475 -0.666128 -0.626050 -0.584099 -0.540125 -0.493976 -0.445507 -0.394599 -0.341189 -0.285325 -0.227252 -0.167561 -0.107412 -0.048835 0.004941 0.049381 0.079165 0.089710 0.079165 0.049381 0.004941 -0.048835 -0.107412 -0.167561 -0.227252 -0.285325 -0.341189 -0.394599 -0.445507 -0.493976 -0.540125 -0.584099 -0.626050 -0.666128 -0.704475 -0.741224 -0.776496 
-0.787277 -0.753053 -0.717511 -0.680564 -0.642117 -0.602081 -0.560368 -0.516910 -0.471661 -0.424632 -0.375913 -0.325735 -0.274542 -0.223102 -0.172646 -0.125016 -0.082752 -0.048988 -0.026989 -0.019326 -0.026989 -0.048988 -0.082752 -0.125016 -0.172646 -0.223102 -0.274542 -0.325735 -0.375913 -0.424632 -0.471661 -0.516910 -0.560368 -0.602081 -0.642117 -0.680564 -0.717511 -0.753053 -0.787277 
-0.799474 -0.766393 -0.732160 -0.696716 -0.660007 -0.621988 -0.582629 -0.541927 -0.499921 -0.456714 -0.412503 -0.367625 -0.322616 -0.278278 -0.235759 -0.196600 -0.162728 -0.136306 -0.119414 -0.113592 -0.119414 -0.136306 -0.162728 -0.196600 -0.235759 -0.278278 -0.322616 -0.367625 -0.412503 -0.456714 -0.499921 -0.541927 -0.582629 -0.621988 -0.660007 -0.696716 -0.732160 -0.766393 -0.799474 
-0.812944 -0.781076 -0.748220 -0.714347 -0.679435 -0.643478 -0.606494 -0.568533 -0.529694 -0.490142 -0.450138 -0.410069 -0.370490 -0.332160 -0.296080 -0.263495 -0.235847 -0.214649 -0.201275 -0.196699 -0.201275 -0.214649 -0.235847 -0.263495 -0.296080 -0.332160 -0.370490 -0.410069 -0.450138 -0.490142 -0.529694 -0.568533 -0.606494 -0.643478 -0.679435 -0.714347 -0.748220 -0.781076 -0.812944 
-0.827544 -0.796934 -0.765497 -0.733226 -0.700130 -0.666233 -0.631591 -0.596292 -0.560474 -0.524343 -0.488188 -0.452407 -0.417530 -0.384241 -0.353382 -0.325940 -0.302997 -0.285631 -0.274779 -0.271085 -0.274779 -0.285631 -0.302997 -0.325940 -0.353382 -0.384241 -0.417530 -0.452407 -0.488188 -0.524343 -0.560474 -0.596292 -0.631591 -0.666233 -0.700130 -0.733226 -0.765497 -0.796934 -0.827544 
-0.843131 -0.813804 -0.783801 -0.753136 -0.721840 -0.689964 -0.657589 -0.624829 -0.591848 -0.558869 -0.526187 -0.494187 -0.463355 -0.434284 -0.407672 -0.384299 -0.364981 -0.350500 -0.341516 -0.338469 -0.341516 -0.350500 -0.364981 -0.384299 -0.407672 -0.434284 -0.463355 -0.494187 -0.526187 -0.558869 -0.591848 -0.624829 -0.657589 -0.689964 -0.721840 -0.753136 -0.783801 -0.813804 -0.843131 
-0.859570 -0.831530 -0.802955 -0.773875 -0.744339 -0.714416 -0.684205 -0.653836 -0.623485 -0.593378 -0.563803 -0.535117 -0.507753 -0.482217 -0.459082 -0.438964 -0.422488 -0.410230 -0.402665 -0.400107 -0.402665 -0.410230 -0.422488 -0.438964 -0.459082 -0.482217 -0.507753 -0.535117 -0.563803 -0.593378 -0.623485 -0.653836 -0.684205 -0.714416 -0.744339 -0.773875 -0.802955 -0.831530 -0.859570 
-0.876731 -0.849968 -0.822797 -0.795263 -0.767426 -0.739370 -0.711202 -0.683062 -0.655127 -0.627619 -0.600807 -0.575016 -0.550624 -0.528060 -0.507793 -0.490313 -0.476099 -0.465588 -0.459128 -0.456949 -0.459128 -0.465588 -0.476099 -0.490313 -0.507793 -0.528060 -0.550624 -0.575016 -0.600807 -0.627619 -0.655127 -0.683062 -0.711202 -0.739370 -0.767426 -0.795263 -0.822797 -0.849968 -0.876731 
-0.894494 -0.868983 -0.843180 -0.817139 -0.790929 -0.764640 -0.738386 -0.712307 -0.686579 -0.661410 -0.637049 -0.613784 -0.591945 -0.571892 -0.554009 -0.538688 -0.526303 -0.517188 -0.511605 -0.509724 -0.511605 -0.517188 -0.526303 -0.538688 -0.554009 -0.571892 -0.591945 -0.613784 -0.637049 -0.661410 -0.686579 -0.712307 -0.738386 -0.764640 -0.790929 -0.817139 -0.843180 -0.868983 -0.894494 
-0.912749 -0.888457 -0.863976 -0.839364 -0.814698 -0.790071 -0.765598 -0.741417 -0.717694 -0.694625 -0.672434 -0.651377 -0.631736 -0.613815 -0.597930 -0.584396 -0.573508 -0.565526 -0.560650 -0.559010 -0.560650 -0.565526 -0.573508 -0.584396 -0.597930 -0.613815 -0.631736 -0.651377 -0.672434 -0.694625 -0.717694 -0.741417 -0.765598 -0.790071 -0.814698 -0.839364 -0.863976 -0.888457 -0.912749 
-0.931396 -0.908282 -0.885069 -0.861818 -0.838610 -0.815537 -0.792713 -0.770272 -0.748368 -0.727181 -0.706912 -0.687785 -0.670044 -0.653945 -0.639747 -0.627707 -0.618059 -0.611008 -0.606711 -0.605268 -0.606711 -0.611008 -0.618059 -0.627707 -0.639747 -0.653945 -0.670044 -0.687785 -0.706912 -0.727181 -0.748368 -0.770272 -0.792713 -0.815537 -0.838610 -0.861818 -0.885069 -0.908282 -0.931396 
-0.950347 -0.928365 -0.906360 -0.884399 -0.862559 -0.840935 -0.819634 -0.798783 -0.778525 -0.759024 -0.740459 -0.723027 -0.706935 -0.692400 -0.679638 -0.668857 -0.660248 -0.653972 -0.650155 -0.648873 -0.650155 -0.653972 -0.660248 -0.668857 -0.679638 -0.692400 -0.706935 -0.723027 -0.740459 -0.759024 -0.778525 -0.798783 -0.819634 -0.840935 -0.862559 -0.884399 -0.906360 -0.928365 -0.950347 
-0.969522 -0.948622 -0.927766 -0.907021 -0.886463 -0.866183 -0.846284 -0.826885 -0.808117 -0.790128 -0.773076 -0.757134 -0.742479 -0.729296 -0.717763 -0.708054 -0.700322 -0.694698 -0.691283 -0.690137 -0.691283 -0.694698 -0.700322 -0.708054 -0.717763 -0.729296 -0.742479 -0.757134 -0.773076 -0.790128 -0.808117 -0.826885 -0.846284 -0.866183 -0.886463 -0.907021 -0.927766 -0.948622 -0.969522 
-0.988853 -0.968984 -0.949215 -0.929612 -0.910250 -0.891216 -0.872607 -0.854532 -0.837113 -0.820479 -0.804774 -0.790146 -0.776750 -0.764741 -0.754269 -0.745478 -0.738494 -0.733424 -0.730349 -0.729318 -0.730349 -0.733424 -0.738494 -0.745478 -0.754269 -0.764741 -0.776750 -0.790146 -0.804774 -0.820479 -0.837113 -0.854532 -0.872607 -0.891216 -0.910250 -0.929612 -0.949215 -0.968984 -0.988853 
