35 35
1.280509e-01 0 5
-1.343463 -1.321470 -1.299598 -1.277939 -1.256603 -1.235716 -1.215422 -1.195884 -1.177283 -1.159815 -1.143689 -1.129122 -1.116331 -1.105525 -1.096895 -1.090605 -1.086778 -1.085493 -1.086778 -1.090605 -1.096895 -1.105525 -1.116331 -1.129122 -1.143689 -1.159815 -1.177283 -1.195884 -1.215422 -1.235716 -1.256603 -1.277939 -1.299598 -1.321470 -1.343463 
-1.322155 -1.298871 -1.275627 -1.252517 -1.229654 -1.207173 -1.185228 -1.163999 -1.143689 -1.124522 -1.106742 -1.090605 -1.076373 -1.064303 -1.054631 -1.047562 -1.043254 -1.041807 -1.043254 -1.047562 -1.054631 -1.064303 -1.076373 -1.090605 -1.106742 -1.124522 -1.143689 -1.163999 -1.185228 -1.207173 -1.229654 -1.252517 -1.275627 -1.298871 -1.322155 
-1.301047 -1.276399 -1.251694 -1.227026 -1.202510 -1.178285 -1.154517 -1.131401 -1.109163 -1.088058 -1.068371 -1.050406 -1.034482 -1.020912 -1.009995 -1.001991 -0.997101 -0.995457 -0.997101 -1.001991 -1.009995 -1.020912 -1.034482 -1.050406 -1.068371 -1.088058 -1.109163 -1.131401 -1.154517 -1.178285 -1.202510 -1.227026 -1.251694 -1.276399 -1.301047 
-1.280237 -1.254156 -1.227904 -1.201571 -1.175270 -1.149143 -1.123363 -1.098141 -1.073725 -1.050406 -1.028513 -1.008408 -0.990478 -0.975114 -0.962693 -0.953551 -0.947952 -0.946065 -0.947952 -0.953551 -0.962693 -0.975114 -0.990478 -1.008408 -1.028513 -1.050406 -1.073725 -1.098141 -1.123363 -1.149143 -1.175270 -1.201571 -1.227904 -1.254156 -1.280237 
-1.259840 -1.232264 -1.204382 -1.176278 -1.148058 -1.119864 -1.091872 -1.064303 -1.037429 -1.011575 -0.987120 -0.964494 -0.944169 -0.926637 -0.912379 -0.901834 -0.895354 -0.893167 -0.895354 -0.901834 -0.912379 -0.926637 -0.944169 -0.964494 -0.987120 -1.011575 -1.037429 -1.064303 -1.091872 -1.119864 -1.148058 -1.176278 -1.204382 -1.232264 -1.259840 
-1.239987 -1.210862 -1.181277 -1.151302 -1.121034 -1.090605 -1.060189 -1.030015 -1.000368 -0.971609 -0.944169 -0.918559 -0.895354 -0.875172 -0.858640 -0.846340 -0.838749 -0.836182 -0.838749 -0.846340 -0.858640 -0.875172 -0.895354 -0.918559 -0.944169 -0.971609 -1.000368 -1.030015 -1.060189 -1.090605 -1.121034 -1.151302 -1.181277 -1.210862 -1.239987 
-1.220822 -1.190109 -1.158761 -1.126829 -1.094392 -1.061566 -1.028513 -0.995457 -0.962693 -0.930608 -0.899687 -0.870527 -0.843828 -0.820374 -0.800986 -0.786451 -0.777431 -0.774372 -0.777431 -0.786451 -0.800986 -0.820374 -0.843828 -0.870527 -0.899687 -0.930608 -0.962693 -0.995457 -1.028513 -1.061566 -1.094392 -1.126829 -1.158761 -1.190109 -1.220822 
-1.202510 -1.170189 -1.137037 -1.103080 -1.068371 -1.032999 -0.997101 -0.960883 -0.924635 -0.888753 -0.853772 -0.820374 -0.789406 -0.761862 -0.738828 -0.721391 -0.710492 -0.706782 -0.710492 -0.721391 -0.738828 -0.761862 -0.789406 -0.820374 -0.853772 -0.888753 -0.924635 -0.960883 -0.997101 -1.032999 -1.068371 -1.103080 -1.137037 -1.170189 -1.202510 
-1.185228 -1.151302 -1.116331 -1.080310 -1.043254 -1.005214 -0.966286 -0.926637 -0.886526 -0.846340 -0.806635 -0.768173 -0.731958 -0.699241 -0.671473 -0.650178 -0.636740 -0.632142 -0.636740 -0.650178 -0.671473 -0.699241 -0.731958 -0.768173 -0.806635 -0.846340 -0.886526 -0.926637 -0.966286 -1.005214 -1.043254 -1.080310 -1.116331 -1.151302 -1.185228 
-1.169165 -1.133666 -1.096895 -1.058808 -1.019373 -0.978585 -0.936483 -0.893167 -0.848835 -0.803822 -0.758663 -0.714163 -0.671473 -0.632142 -0.598108 -0.571550 -0.554567 -0.548713 -0.554567 -0.571550 -0.598108 -0.632142 -0.671473 -0.714163 -0.758663 -0.803822 -0.848835 -0.893167 -0.936483 -0.978585 -1.019373 -1.058808 -1.096895 -1.133666 -1.169165 
-1.154517 -1.117512 -1.079002 -1.038894 -0.997101 -0.953551 -0.908199 -0.861050 -0.812195 -0.761862 -0.710492 -0.658854 -0.608180 -0.560322 -0.517835 -0.483875 -0.461740 -0.454029 -0.461740 -0.483875 -0.517835 -0.560322 -0.608180 -0.658854 -0.710492 -0.761862 -0.812195 -0.861050 -0.908199 -0.953551 -0.997101 -1.038894 -1.079002 -1.117512 -1.154517 
-1.141485 -1.103080 -1.062937 -1.020912 -0.976854 -0.930608 -0.882028 -0.830991 -0.777431 -0.721391 -0.663112 -0.603181 -0.542757 -0.483875 -0.429781 -0.385048 -0.355050 -0.344426 -0.355050 -0.385048 -0.429781 -0.483875 -0.542757 -0.603181 -0.663112 -0.721391 -0.777431 -0.830991 -0.882028 -0.930608 -0.976854 -1.020912 -1.062937 -1.103080 -1.141485 
-1.130263 -1.090605 -1.048987 -1.005214 -0.959064 -0.910295 -0.858640 -0.803822 -0.745566 -0.683647 -0.617966 -0.548713 -0.476656 -0.403659 -0.333454 -0.272461 -0.229696 -0.214130 -0.229696 -0.272461 -0.333454 -0.403659 -0.476656 -0.548713 -0.617966 -0.683647 -0.745566 -0.803822 -0.858640 -0.910295 -0.959064 -1.005214 -1.048987 -1.090605 -1.130263 
-1.121034 -1.080310 -1.037429 -0.992145 -0.944169 -0.893167 -0.838749 -0.780464 -0.717796 -0.650178 -0.577029 -0.497868 -0.412593 -0.322111 -0.229696 -0.143367 -0.078217 -0.053301 -0.078217 -0.143367 -0.229696 -0.322111 -0.412593 -0.497868 -0.577029 -0.650178 -0.717796 -0.780464 -0.838749 -0.893167 -0.944169 -0.992145 -1.037429 -1.080310 -1.121034 
-1.113957 -1.072394 -1.028513 -0.982023 -0.932577 -0.879757 -0.823058 -0.761862 -0.695408 -0.622757 -0.542757 -0.454029 -0.355050 -0.244568 -0.123042 0.003000 0.111041 0.156725 0.111041 0.003000 -0.123042 -0.244568 -0.355050 -0.454029 -0.542757 -0.622757 -0.695408 -0.761862 -0.823058 -0.879757 -0.932577 -0.982023 -1.028513 -1.072394 -1.113957 
-1.109163 -1.067020 -1.022445 -0.975114 -0.924635 -0.870527 -0.812195 -0.748887 -0.679636 -0.603181 -0.517835 -0.421296 -0.310371 -0.180628 -0.026350 0.156725 0.352152 0.456487 0.352152 0.156725 -0.026350 -0.180628 -0.310371 -0.421296 -0.517835 -0.603181 -0.679636 -0.748887 -0.812195 -0.870527 -0.924635 -0.975114 -1.022445 -1.067020 -1.109163 
-1.106742 -1.064303 -1.019373 -0.971609 -0.920596 -0.865820 -0.806635 -0.742214 -0.671473 -0.592958 -0.504655 -0.403659 -0.285581 -0.143367 0.035224 0.273288 0.611302 0.920056 0.611302 0.273288 0.035224 -0.143367 -0.285581 -0.403659 -0.504655 -0.592958 -0.671473 -0.742214 -0.806635 -0.865820 -0.920596 -0.971609 -1.019373 -1.064303 -1.106742 
-1.106438 -1.063962 -1.018987 -0.971168 -0.920088 -0.865227 -0.805934 -0.741370 -0.670439 -0.591659 -0.502971 -0.401388 -0.282349 -0.138402 0.043797 0.291285 0.665203 1.086336 0.665203 0.291285 0.043797 -0.138402 -0.282349 -0.401388 -0.502971 -0.591659 -0.670439 -0.741370 -0.805934 -0.865227 -0.920088 -0.971168 -1.018987 -1.063962 -1.106438 
-1.106755 -1.064318 -1.019389 -0.971628 -0.920618 -0.865846 -0.806666 -0.742250 -0.671517 -0.593015 -0.504728 -0.403757 -0.285721 -0.143582 0.034856 0.272529 0.609152 0.914470 0.609152 0.272529 0.034856 -0.143582 -0.285721 -0.403757 -0.504728 -0.593015 -0.671517 -0.742250 -0.806666 -0.865846 -0.920618 -0.971628 -1.019389 -1.064318 -1.106755 
-1.109202 -1.067064 -1.022495 -0.975170 -0.924699 -0.870603 -0.812284 -0.748994 -0.679767 -0.603344 -0.518044 -0.421574 -0.310758 -0.181197 -0.027257 0.155143 0.349278 0.452529 0.349278 0.155143 -0.027257 -0.181197 -0.310758 -0.421574 -0.518044 -0.603344 -0.679767 -0.748994 -0.812284 -0.870603 -0.924699 -0.975170 -1.022495 -1.067064 -1.109202 
-1.114021 -1.072466 -1.028594 -0.982115 -0.932683 -0.879880 -0.823202 -0.762033 -0.695615 -0.623013 -0.543080 -0.454448 -0.355613 -0.245351 -0.124168 0.001352 0.108752 0.154096 0.108752 0.001352 -0.124168 -0.245351 -0.355613 -0.454448 -0.543080 -0.623013 -0.695615 -0.762033 -0.823202 -0.879880 -0.932683 -0.982115 -1.028594 -1.072466 -1.114021 
-1.121122 -1.080408 -1.037540 -0.992270 -0.944313 -0.893333 -0.838942 -0.780691 -0.718068 -0.650509 -0.577438 -0.498384 -0.413256 -0.322979 -0.230840 -0.144849 -0.080021 -0.055245 -0.080021 -0.144849 -0.230840 -0.322979 -0.413256 -0.498384 -0.577438 -0.650509 -0.718068 -0.780691 -0.838942 -0.893333 -0.944313 -0.992270 -1.037540 -1.080408 -1.121122 
-1.130374 -1.090728 -1.049125 -1.005369 -0.959241 -0.910497 -0.858874 -0.804095 -0.745889 -0.684033 -0.618433 -0.549284 -0.477362 -0.404534 -0.334532 -0.273754 -0.231166 -0.215669 -0.231166 -0.273754 -0.334532 -0.404534 -0.477362 -0.549284 -0.618433 -0.684033 -0.745889 -0.804095 -0.858874 -0.910497 -0.959241 -1.005369 -1.049125 -1.090728 -1.130374 
-1.141616 -1.103225 -1.063099 -1.021094 -0.977059 -0.930841 -0.882295 -0.831300 -0.777791 -0.721814 -0.663612 -0.603776 -0.543467 -0.484719 -0.430771 -0.386179 -0.356286 -0.345700 -0.356286 -0.386179 -0.430771 -0.484719 -0.543467 -0.603776 -0.663612 -0.721814 -0.777791 -0.831300 -0.882295 -0.930841 -0.977059 -1.021094 -1.063099 -1.103225 -1.141616 
-1.154666 -1.117677 -1.079185 -1.039099 -0.997331 -0.953810 -0.908492 -0.861385 -0.812581 -0.762307 -0.711008 -0.659452 -0.608874 -0.561119 -0.518737 -0.484872 -0.462804 -0.455117 -0.462804 -0.484872 -0.518737 -0.561119 -0.608874 -0.659452 -0.711008 -0.762307 -0.812581 -0.861385 -0.908492 -0.953810 -0.997331 -1.039099 -1.079185 -1.117677 -1.154666 
-1.169330 -1.133848 -1.097097 -1.059031 -1.019621 -0.978864 -0.936796 -0.893521 -0.849236 -0.804277 -0.759181 -0.714752 -0.672138 -0.632888 -0.598931 -0.572440 -0.555502 -0.549664 -0.555502 -0.572440 -0.598931 -0.632888 -0.672138 -0.714752 -0.759181 -0.804277 -0.849236 -0.893521 -0.936796 -0.978864 -1.019621 -1.059031 -1.097097 -1.133848 -1.169330 
-1.185408 -1.151498 -1.116547 -1.080548 -1.043518 -1.005507 -0.966613 -0.927002 -0.886934 -0.846798 -0.807147 -0.768744 -0.732591 -0.699937 -0.672227 -0.650980 -0.637574 -0.632987 -0.637574 -0.650980 -0.672227 -0.699937 -0.732591 -0.768744 -0.807147 -0.846798 -0.886934 -0.927002 -0.966613 -1.005507 -1.043518 -1.080548 -1.116547 -1.151498 -1.185408 
-1.202702 -1.170398 -1.137266 -1.103331 -1.068646 -1.033302 -0.997437 -0.961254 -0.925044 -0.889207 -0.854272 -0.820924 -0.790007 -0.762512 -0.739523 -0.722121 -0.711245 -0.707543 -0.711245 -0.722121 -0.739523 -0.762512 -0.790007 -0.820924 -0.854272 -0.889207 -0.925044 -0.961254 -0.997437 -1.033302 -1.068646 -1.103331 -1.137266 -1.170398 -1.202702 
-1.221024 -1.190328 -1.158999 -1.127089 -1.094676 -1.061876 -1.028853 -0.995829 -0.963101 -0.931053 -0.900173 -0.871055 -0.844397 -0.820982 -0.801628 -0.787120 -0.778118 -0.775065 -0.778118 -0.787120 -0.801628 -0.820982 -0.844397 -0.871055 -0.900173 -0.931053 -0.963101 -0.995829 -1.028853 -1.061876 -1.094676 -1.127089 -1.158999 -1.190328 -1.221024 
-1.240197 -1.211088 -1.181522 -1.151568 -1.121323 -1.090918 -1.060530 -1.030385 -1.000770 -0.972044 -0.944639 -0.919064 -0.895893 -0.875742 -0.859238 -0.846959 -0.839381 -0.836819 -0.839381 -0.846959 -0.859238 -0.875742 -0.895893 -0.919064 -0.944639 -0.972044 -1.000770 -1.030385 -1.060530 -1.090918 -1.121323 -1.151568 -1.181522 -1.211088 -1.240197 
-1.260057 -1.232497 -1.204633 -1.176548 -1.148350 -1.120179 -1.092211 -1.064669 -1.037824 -1.011998 -0.987573 -0.964977 -0.944680 -0.927173 -0.912937 -0.902409 -0.895939 -0.893756 -0.895939 -0.902409 -0.912937 -0.927173 -0.944680 -0.964977 -0.987573 -1.011998 -1.037824 -1.064669 -1.092211 -1.120179 -1.148350 -1.176548 -1.204633 -1.232497 -1.260057 
-1.280459 -1.254394 -1.228159 -1.201844 -1.175563 -1.149457 -1.123700 -1.098501 -1.074111 -1.050817 -1.028950 -1.008870 -0.990963 -0.975620 -0.963217 -0.954088 -0.948497 -0.946614 -0.948497 -0.954088 -0.963217 -0.975620 -0.990963 -1.008870 -1.028950 -1.050817 -1.074111 -1.098501 -1.123700 -1.149457 -1.175563 -1.201844 -1.228159 -1.254394 -1.280459 
-1.301273 -1.276639 -1.251951 -1.227300 -1.202803 -1.178597 -1.154850 -1.131755 -1.109538 -1.088456 -1.068791 -1.050848 -1.034943 -1.021391 -1.010488 -1.002495 -0.997613 -0.995970 -0.997613 -1.002495 -1.010488 -1.021391 -1.034943 -1.050848 -1.068791 -1.088456 -1.109538 -1.131755 -1.154850 -1.178597 -1.202803 -1.227300 -1.251951 -1.276639 -1.301273 
-1.322383 -1.299113 -1.275884 -1.252790 -1.229945 -1.207482 -1.185556 -1.164346 -1.144055 -1.124907 -1.107146 -1.091027 -1.076813 -1.064757 -1.055098 -1.048038 -1.043735 -1.042290 -1.043735 -1.048038 -1.055098 -1.064757 -1.076813 -1.091027 -1.107146 -1.124907 -1.144055 -1.164346 -1.185556 -1.207482 -1.229945 -1.252790 -1.275884 -1.299113 -1.322383 
-1.343693 -1.321713 -1.299855 -1.278211 -1.256891 -1.236020 -1.215743 -1.196223 -1.177639 -1.160188 -1.144079 -1.129527 -1.116751 -1.105957 -1.097338 -1.091055 -1.087233 -1.085950 -1.087233 -1.091055 -1.097338 -1.105957 -1.116751 -1.129527 -1.144079 -1.160188 -1.177639 -1.196223 -1.215743 -1.236020 -1.256891 -1.278211 -1.299855 -1.321713 -1.343693 
