53 53
1.101539e+00 0 5
0.097832 0.117740 0.137436 0.156884 0.176048 0.194888 0.213360 0.231421 0.249022 0.266114 0.282646 0.298563 0.313812 0.328336 0.342078 0.354982 0.366992 0.378052 0.388112 0.397119 0.405029 0.411798 0.417390 0.421773 0.424922 0.426819 0.427453 0.426819 0.424922 0.421773 0.417390 0.411798 0.405029 0.397119 0.388112 0.378052 0.366992 0.354982 0.342078 0.328336 0.313812 0.298563 0.282646 0.266114 0.249022 0.231421 0.213360 0.194888 0.176048 0.156884 0.137436 0.117740 0.097832 
0.117344 0.137844 0.158145 0.178212 0.198006 0.217485 0.236605 0.255319 0.273577 0.291327 0.308514 0.325080 0.340968 0.356116 0.370464 0.383951 0.396515 0.408097 0.418639 0.428087 0.436389 0.443498 0.449374 0.453982 0.457293 0.459289 0.459955 0.459289 0.457293 0.453982 0.449374 0.443498 0.436389 0.428087 0.418639 0.408097 0.396515 0.383951 0.370464 0.356116 0.340968 0.325080 0.308514 0.291327 0.273577 0.255319 0.236605 0.217485 0.198006 0.178212 0.158145 0.137844 0.117344 
0.136621 0.157725 0.178646 0.199346 0.219787 0.239925 0.259714 0.279104 0.298044 0.316477 0.334346 0.351591 0.368147 0.383951 0.398936 0.413037 0.426186 0.438320 0.449374 0.459289 0.468007 0.475479 0.481658 0.486505 0.489990 0.492090 0.492792 0.492090 0.489990 0.486505 0.481658 0.475479 0.468007 0.459289 0.449374 0.438320 0.426186 0.413037 0.398936 0.383951 0.368147 0.351591 0.334346 0.316477 0.298044 0.279104 0.259714 0.239925 0.219787 0.199346 0.178646 0.157725 0.136621 
0.155626 0.177346 0.198899 0.220249 0.241353 0.262168 0.282646 0.302735 0.322380 0.341522 0.360102 0.378052 0.395308 0.411798 0.427453 0.442200 0.455967 0.468683 0.480279 0.490690 0.499851 0.507708 0.514210 0.519313 0.522983 0.525195 0.525935 0.525195 0.522983 0.519313 0.514210 0.507708 0.499851 0.490690 0.480279 0.468683 0.455967 0.442200 0.427453 0.411798 0.395308 0.378052 0.360102 0.341522 0.322380 0.302735 0.282646 0.262168 0.241353 0.220249 0.198899 0.177346 0.155626 
0.174323 0.196668 0.218865 0.240877 0.262660 0.284169 0.305355 0.326163 0.346537 0.366415 0.385731 0.404417 0.422402 0.439610 0.455967 0.471393 0.485810 0.499142 0.511312 0.522247 0.531880 0.540146 0.546991 0.552366 0.556234 0.558566 0.559346 0.558566 0.556234 0.552366 0.546991 0.540146 0.531880 0.522247 0.511312 0.499142 0.485810 0.471393 0.455967 0.439610 0.422402 0.404417 0.385731 0.366415 0.346537 0.326163 0.305355 0.284169 0.262660 0.240877 0.218865 0.196668 0.174323 
0.192670 0.215648 0.238500 0.261185 0.283661 0.305880 0.327792 0.349340 0.370464 0.391100 0.411180 0.430630 0.449374 0.467332 0.484423 0.500562 0.515663 0.529644 0.542419 0.553911 0.564042 0.572744 0.579954 0.585620 0.589698 0.592158 0.592980 0.592158 0.589698 0.585620 0.579954 0.572744 0.564042 0.553911 0.542419 0.529644 0.515663 0.500562 0.484423 0.467332 0.449374 0.430630 0.411180 0.391100 0.370464 0.349340 0.327792 0.305880 0.283661 0.261185 0.238500 0.215648 0.192670 
0.210625 0.234243 0.257757 0.281126 0.304306 0.327249 0.349902 0.372207 0.394103 0.415521 0.436389 0.456630 0.476162 0.494902 0.512759 0.529644 0.545463 0.560126 0.573541 0.585620 0.596279 0.605442 0.613041 0.619015 0.623317 0.625913 0.626781 0.625913 0.623317 0.619015 0.613041 0.605442 0.596279 0.585620 0.573541 0.560126 0.545463 0.529644 0.512759 0.494902 0.476162 0.456630 0.436389 0.415521 0.394103 0.372207 0.349902 0.327249 0.304306 0.281126 0.257757 0.234243 0.210625 
0.228143 0.252405 0.276586 0.300646 0.324539 0.348217 0.371626 0.394705 0.417390 0.439610 0.461290 0.482348 0.502697 0.522247 0.540903 0.558566 0.575138 0.590517 0.604604 0.617302 0.628520 0.638172 0.646181 0.652483 0.657024 0.659764 0.660680 0.659764 0.657024 0.652483 0.646181 0.638172 0.628520 0.617302 0.604604 0.590517 0.575138 0.558566 0.540903 0.522247 0.502697 0.482348 0.461290 0.439610 0.417390 0.394705 0.371626 0.348217 0.324539 0.300646 0.276586 0.252405 0.228143 
0.245176 0.270084 0.294935 0.319690 0.344304 0.368725 0.392900 0.416766 0.440257 0.463298 0.485810 0.507708 0.528900 0.549289 0.568773 0.587248 0.604604 0.620732 0.635524 0.648874 0.660680 0.670848 0.679293 0.685942 0.690735 0.693629 0.694596 0.693629 0.690735 0.685942 0.679293 0.670848 0.660680 0.648874 0.635524 0.620732 0.604604 0.587248 0.568773 0.549289 0.528900 0.507708 0.485810 0.463298 0.440257 0.416766 0.392900 0.368725 0.344304 0.319690 0.294935 0.270084 0.245176 
0.261677 0.287227 0.312749 0.338201 0.363537 0.388708 0.413657 0.438320 0.462628 0.486505 0.509868 0.532627 0.554684 0.575938 0.596279 0.615594 0.633766 0.650676 0.666206 0.680238 0.692662 0.703374 0.712277 0.719292 0.724353 0.727409 0.728431 0.727409 0.724353 0.719292 0.712277 0.703374 0.692662 0.680238 0.666206 0.650676 0.633766 0.615594 0.596279 0.575938 0.554684 0.532627 0.509868 0.486505 0.462628 0.438320 0.413657 0.388708 0.363537 0.338201 0.312749 0.287227 0.261677 
0.277592 0.303782 0.329969 0.356116 0.382176 0.408097 0.433823 0.459289 0.484423 0.509147 0.533374 0.557011 0.579954 0.602095 0.623317 0.643500 0.662517 0.680238 0.696536 0.711282 0.724353 0.735633 0.745019 0.752420 0.757761 0.760989 0.762068 0.760989 0.757761 0.752420 0.745019 0.735633 0.724353 0.711282 0.696536 0.680238 0.662517 0.643500 0.623317 0.602095 0.579954 0.557011 0.533374 0.509147 0.484423 0.459289 0.433823 0.408097 0.382176 0.356116 0.329969 0.303782 0.277592 
0.292871 0.319690 0.346537 0.373372 0.400150 0.426819 0.453321 0.479591 0.505556 0.531133 0.556234 0.580760 0.604604 0.627650 0.649774 0.670848 0.690735 0.709295 0.726388 0.741875 0.755619 0.767495 0.777385 0.785189 0.790826 0.794233 0.795373 0.794233 0.790826 0.785189 0.777385 0.767495 0.755619 0.741875 0.726388 0.709295 0.690735 0.670848 0.649774 0.627650 0.604604 0.580760 0.556234 0.531133 0.505556 0.479591 0.453321 0.426819 0.400150 0.373372 0.346537 0.319690 0.292871 
0.307459 0.334896 0.362390 0.389903 0.417390 0.444799 0.472072 0.499142 0.525935 0.552366 0.578344 0.603766 0.628520 0.652483 0.675525 0.697508 0.718285 0.737707 0.755619 0.771871 0.786313 0.798805 0.809220 0.817445 0.823389 0.826984 0.828187 0.826984 0.823389 0.817445 0.809220 0.798805 0.786313 0.771871 0.755619 0.737707 0.718285 0.697508 0.675525 0.652483 0.628520 0.603766 0.578344 0.552366 0.525935 0.499142 0.472072 0.444799 0.417390 0.389903 0.362390 0.334896 0.307459 
0.321302 0.349340 0.377466 0.405641 0.433823 0.461959 0.489990 0.517850 0.545463 0.572744 0.599596 0.625913 0.651579 0.676465 0.700434 0.723337 0.745019 0.765318 0.784068 0.801104 0.816263 0.829392 0.840348 0.849009 0.855272 0.859061 0.860329 0.859061 0.855272 0.849009 0.840348 0.829392 0.816263 0.801104 0.784068 0.765318 0.745019 0.723337 0.700434 0.676465 0.651579 0.625913 0.599596 0.572744 0.545463 0.517850 0.489990 0.461959 0.433823 0.405641 0.377466 0.349340 0.321302 
0.334346 0.362964 0.391700 0.420518 0.449374 0.478218 0.506990 0.535624 0.564042 0.592158 0.619873 0.647078 0.673650 0.699457 0.724353 0.748180 0.770774 0.791959 0.811559 0.829392 0.845282 0.859061 0.870572 0.879679 0.886270 0.890259 0.891594 0.890259 0.886270 0.879679 0.870572 0.859061 0.845282 0.829392 0.811559 0.791959 0.770774 0.748180 0.724353 0.699457 0.673650 0.647078 0.619873 0.592158 0.564042 0.535624 0.506990 0.478218 0.449374 0.420518 0.391700 0.362964 0.334346 
0.346537 0.375708 0.405029 0.434463 0.463969 0.493495 0.522983 0.552366 0.581567 0.610498 0.639057 0.667131 0.694596 0.721312 0.747125 0.771871 0.795373 0.817445 0.837896 0.856532 0.873160 0.887597 0.899671 0.909232 0.916155 0.920348 0.921752 0.920348 0.916155 0.909232 0.899671 0.887597 0.873160 0.856532 0.837896 0.817445 0.795373 0.771871 0.747125 0.721312 0.694596 0.667131 0.639057 0.610498 0.581567 0.552366 0.522983 0.493495 0.463969 0.434463 0.405029 0.375708 0.346537 
0.357821 0.387516 0.417390 0.447409 0.477532 0.507708 0.537881 0.567982 0.597935 0.627650 0.657024 0.685942 0.714274 0.741875 0.768586 0.794233 0.818629 0.841578 0.862874 0.882307 0.899671 0.914764 0.927401 0.937418 0.944676 0.949074 0.950547 0.949074 0.944676 0.937418 0.927401 0.914764 0.899671 0.882307 0.862874 0.841578 0.818629 0.794233 0.768586 0.741875 0.714274 0.685942 0.657024 0.627650 0.597935 0.567982 0.537881 0.507708 0.477532 0.447409 0.417390 0.387516 0.357821 
0.368147 0.398330 0.428722 0.459289 0.489990 0.520778 0.551596 0.582376 0.613041 0.643500 0.673650 0.703374 0.732536 0.760989 0.788565 0.815084 0.840348 0.864150 0.886270 0.906484 0.924570 0.940311 0.953504 0.963970 0.971560 0.976161 0.977702 0.976161 0.971560 0.963970 0.953504 0.940311 0.924570 0.906484 0.886270 0.864150 0.840348 0.815084 0.788565 0.760989 0.732536 0.703374 0.673650 0.643500 0.613041 0.582376 0.551596 0.520778 0.489990 0.459289 0.428722 0.398330 0.368147 
0.377466 0.408097 0.438965 0.470036 0.501273 0.532627 0.564042 0.595453 0.626781 0.657936 0.688813 0.719292 0.749237 0.778494 0.806890 0.834237 0.860329 0.884946 0.907856 0.928822 0.947604 0.963970 0.977702 0.988605 0.996517 1.001316 1.002924 1.001316 0.996517 0.988605 0.977702 0.963970 0.947604 0.928822 0.907856 0.884946 0.860329 0.834237 0.806890 0.778494 0.749237 0.719292 0.688813 0.657936 0.626781 0.595453 0.564042 0.532627 0.501273 0.470036 0.438965 0.408097 0.377466 
0.385731 0.416766 0.448064 0.479591 0.511312 0.543179 0.575138 0.607123 0.639057 0.670848 0.702392 0.733567 0.764233 0.794233 0.823389 0.851506 0.878370 0.903750 0.927401 0.949074 0.968513 0.985470 0.999712 1.011030 1.019248 1.024234 1.025905 1.024234 1.019248 1.011030 0.999712 0.985470 0.968513 0.949074 0.927401 0.903750 0.878370 0.851506 0.823389 0.794233 0.764233 0.733567 0.702392 0.670848 0.639057 0.607123 0.575138 0.543179 0.511312 0.479591 0.448064 0.416766 0.385731 
0.392900 0.424291 0.455967 0.487897 0.520045 0.552366 0.584807 0.617302 0.649774 0.682134 0.714274 0.746071 0.777385 0.808054 0.837896 0.866711 0.894274 0.920348 0.944676 0.966995 0.987035 1.004536 1.019248 1.030948 1.039448 1.044608 1.046338 1.044608 1.039448 1.030948 1.019248 1.004536 0.987035 0.966995 0.944676 0.920348 0.894274 0.866711 0.837896 0.808054 0.777385 0.746071 0.714274 0.682134 0.649774 0.617302 0.584807 0.552366 0.520045 0.487897 0.455967 0.424291 0.392900 
0.398936 0.430630 0.462628 0.494902 0.527416 0.560126 0.592980 0.625913 0.658849 0.691698 0.724353 0.756689 0.788565 0.819816 0.850256 0.879679 0.907856 0.934539 0.959462 0.982351 1.002924 1.020905 1.036033 1.048073 1.056825 1.062139 1.063921 1.062139 1.056825 1.048073 1.036033 1.020905 1.002924 0.982351 0.959462 0.934539 0.907856 0.879679 0.850256 0.819816 0.788565 0.756689 0.724353 0.691698 0.658849 0.625913 0.592980 0.560126 0.527416 0.494902 0.462628 0.430630 0.398936 
0.403806 0.435746 0.468007 0.500562 0.533374 0.566403 0.599596 0.632888 0.666206 0.699457 0.732536 0.765318 0.797659 0.829392 0.860329 0.890259 0.918947 0.946138 0.971560 0.994927 1.015947 1.034333 1.049813 1.062139 1.071104 1.076549 1.078375 1.076549 1.071104 1.062139 1.049813 1.034333 1.015947 0.994927 0.971560 0.946138 0.918947 0.890259 0.860329 0.829392 0.797659 0.765318 0.732536 0.699457 0.666206 0.632888 0.599596 0.566403 0.533374 0.500562 0.468007 0.435746 0.403806 
0.407482 0.439610 0.472072 0.504840 0.537881 0.571153 0.604604 0.638172 0.671781 0.705341 0.738746 0.771871 0.804569 0.836674 0.867995 0.898317 0.927401 0.954988 0.980797 1.004536 1.025905 1.044608 1.060362 1.072913 1.082044 1.087591 1.089452 1.087591 1.082044 1.072913 1.060362 1.044608 1.025905 1.004536 0.980797 0.954988 0.927401 0.898317 0.867995 0.836674 0.804569 0.771871 0.738746 0.705341 0.671781 0.638172 0.604604 0.571153 0.537881 0.504840 0.472072 0.439610 0.407482 
0.409945 0.442200 0.474796 0.507708 0.540903 0.574339 0.607965 0.641719 0.675525 0.709295 0.742921 0.776278 0.809220 0.841578 0.873160 0.903750 0.933105 0.960961 0.987035 1.011030 1.032638 1.051558 1.067501 1.080207 1.089452 1.095070 1.096955 1.095070 1.089452 1.080207 1.067501 1.051558 1.032638 1.011030 0.987035 0.960961 0.933105 0.903750 0.873160 0.841578 0.809220 0.776278 0.742921 0.709295 0.675525 0.641719 0.607965 0.574339 0.540903 0.507708 0.474796 0.442200 0.409945 
0.411180 0.443498 0.476162 0.509147 0.542419 0.575938 0.609652 0.643500 0.677406 0.711282 0.745019 0.778494 0.811559 0.844045 0.875760 0.906484 0.935977 0.963970 0.990179 1.014303 1.036033 1.055064 1.071104 1.083887 1.093192 1.098845 1.100742 1.098845 1.093192 1.083887 1.071104 1.055064 1.036033 1.014303 0.990179 0.963970 0.935977 0.906484 0.875760 0.844045 0.811559 0.778494 0.745019 0.711282 0.677406 0.643500 0.609652 0.575938 0.542419 0.509147 0.476162 0.443498 0.411180 
0.411334 0.443661 0.476333 0.509327 0.542609 0.576138 0.609863 0.643723 0.677642 0.711530 0.745282 0.778771 0.811852 0.844354 0.876085 0.906827 0.936336 0.964347 0.990573 1.014714 1.036459 1.055504 1.071555 1.084349 1.093661 1.099319 1.101217 1.099319 1.093661 1.084349 1.071555 1.055504 1.036459 1.014714 0.990573 0.964347 0.936336 0.906827 0.876085 0.844354 0.811852 0.778771 0.745282 0.711530 0.677642 0.643723 0.609863 0.576138 0.542609 0.509327 0.476333 0.443661 0.411334 
0.411173 0.443491 0.476155 0.509139 0.542411 0.575929 0.609643 0.643490 0.677396 0.711271 0.745008 0.778482 0.811546 0.844032 0.875745 0.906469 0.935961 0.963954 0.990162 1.014285 1.036015 1.055045 1.071084 1.083867 1.093171 1.098825 1.100722 1.098825 1.093171 1.083867 1.071084 1.055045 1.036015 1.014285 0.990162 0.963954 0.935961 0.906469 0.875745 0.844032 0.811546 0.778482 0.745008 0.711271 0.677396 0.643490 0.609643 0.575929 0.542411 0.509139 0.476155 0.443491 0.411173 
0.409925 0.442179 0.474774 0.507685 0.540878 0.574313 0.607938 0.641690 0.675495 0.709263 0.742887 0.776242 0.809182 0.841538 0.873118 0.903705 0.933058 0.960913 0.986985 1.010977 1.032583 1.051502 1.067443 1.080147 1.089392 1.095009 1.096894 1.095009 1.089392 1.080147 1.067443 1.051502 1.032583 1.010977 0.986985 0.960913 0.933058 0.903705 0.873118 0.841538 0.809182 0.776242 0.742887 0.709263 0.675495 0.641690 0.607938 0.574313 0.540878 0.507685 0.474774 0.442179 0.409925 
0.407449 0.439576 0.472035 0.504801 0.537840 0.571110 0.604559 0.638124 0.671731 0.705288 0.738690 0.771811 0.804507 0.836608 0.867926 0.898244 0.927325 0.954908 0.980714 1.004449 1.025815 1.044515 1.060267 1.072815 1.081945 1.087491 1.089352 1.087491 1.081945 1.072815 1.060267 1.044515 1.025815 1.004449 0.980714 0.954908 0.927325 0.898244 0.867926 0.836608 0.804507 0.771811 0.738690 0.705288 0.671731 0.638124 0.604559 0.571110 0.537840 0.504801 0.472035 0.439576 0.407449 
0.403760 0.435698 0.467956 0.500508 0.533318 0.566344 0.599533 0.632822 0.666136 0.699384 0.732459 0.765236 0.797572 0.829301 0.860233 0.890158 0.918842 0.946028 0.971445 0.994807 1.015823 1.034205 1.049682 1.062005 1.070968 1.076411 1.078237 1.076411 1.070968 1.062005 1.049682 1.034205 1.015823 0.994807 0.971445 0.946028 0.918842 0.890158 0.860233 0.829301 0.797572 0.765236 0.732459 0.699384 0.666136 0.632822 0.599533 0.566344 0.533318 0.500508 0.467956 0.435698 0.403760 
0.398877 0.430568 0.462563 0.494833 0.527344 0.560050 0.592900 0.625829 0.658761 0.691605 0.724254 0.756586 0.788456 0.819701 0.850135 0.879553 0.907723 0.934400 0.959317 0.982200 1.002768 1.020744 1.035869 1.047905 1.056654 1.061967 1.063748 1.061967 1.056654 1.047905 1.035869 1.020744 1.002768 0.982200 0.959317 0.934400 0.907723 0.879553 0.850135 0.819701 0.788456 0.756586 0.724254 0.691605 0.658761 0.625829 0.592900 0.560050 0.527344 0.494833 0.462563 0.430568 0.398877 
0.392829 0.424217 0.455888 0.487814 0.519958 0.552275 0.584711 0.617201 0.649668 0.682021 0.714155 0.745947 0.777254 0.807916 0.837752 0.866559 0.894116 0.920182 0.944503 0.966815 0.986850 1.004345 1.019052 1.030748 1.039246 1.044404 1.046133 1.044404 1.039246 1.030748 1.019052 1.004345 0.986850 0.966815 0.944503 0.920182 0.894116 0.866559 0.837752 0.807916 0.777254 0.745947 0.714155 0.682021 0.649668 0.617201 0.584711 0.552275 0.519958 0.487814 0.455888 0.424217 0.392829 
0.385648 0.416679 0.447972 0.479495 0.511211 0.543073 0.575026 0.607005 0.638933 0.670718 0.702255 0.733423 0.764081 0.794073 0.823222 0.851331 0.878187 0.903559 0.927203 0.948868 0.968300 0.985251 0.999488 1.010801 1.019016 1.024000 1.025671 1.024000 1.019016 1.010801 0.999488 0.985251 0.968300 0.948868 0.927203 0.903559 0.878187 0.851331 0.823222 0.794073 0.764081 0.733423 0.702255 0.670718 0.638933 0.607005 0.575026 0.543073 0.511211 0.479495 0.447972 0.416679 0.385648 
0.377371 0.407998 0.438861 0.469927 0.501158 0.532506 0.563915 0.595319 0.626641 0.657789 0.688658 0.719130 0.749067 0.778315 0.806702 0.834041 0.860124 0.884733 0.907635 0.928593 0.947368 0.963727 0.977453 0.988352 0.996260 1.001057 1.002664 1.001057 0.996260 0.988352 0.977453 0.963727 0.947368 0.928593 0.907635 0.884733 0.860124 0.834041 0.806702 0.778315 0.749067 0.719130 0.688658 0.657789 0.626641 0.595319 0.563915 0.532506 0.501158 0.469927 0.438861 0.407998 0.377371 
0.368041 0.398219 0.428606 0.459167 0.489862 0.520644 0.551455 0.582228 0.612885 0.643337 0.673479 0.703194 0.732348 0.760791 0.788359 0.814868 0.840124 0.863916 0.886028 0.906234 0.924312 0.940046 0.953233 0.963695 0.971281 0.975879 0.977420 0.975879 0.971281 0.963695 0.953233 0.940046 0.924312 0.906234 0.886028 0.863916 0.840124 0.814868 0.788359 0.760791 0.732348 0.703194 0.673479 0.643337 0.612885 0.582228 0.551455 0.520644 0.489862 0.459167 0.428606 0.398219 0.368041 
0.357705 0.387394 0.417263 0.447276 0.477392 0.507561 0.537727 0.567821 0.597766 0.627472 0.656838 0.685747 0.714069 0.741661 0.768363 0.794000 0.818387 0.841327 0.862613 0.882038 0.899394 0.914480 0.927112 0.937123 0.944378 0.948773 0.950246 0.948773 0.944378 0.937123 0.927112 0.914480 0.899394 0.882038 0.862613 0.841327 0.818387 0.794000 0.768363 0.741661 0.714069 0.685747 0.656838 0.627472 0.597766 0.567821 0.537727 0.507561 0.477392 0.447276 0.417263 0.387394 0.357705 
0.346411 0.375576 0.404891 0.434319 0.463817 0.493336 0.522817 0.552192 0.581385 0.610307 0.638857 0.666922 0.694378 0.721083 0.746887 0.771623 0.795115 0.817178 0.837620 0.856247 0.872868 0.887297 0.899365 0.908921 0.915841 0.920031 0.921435 0.920031 0.915841 0.908921 0.899365 0.887297 0.872868 0.856247 0.837620 0.817178 0.795115 0.771623 0.746887 0.721083 0.694378 0.666922 0.638857 0.610307 0.581385 0.552192 0.522817 0.493336 0.463817 0.434319 0.404891 0.375576 0.346411 
0.334211 0.362822 0.391551 0.420363 0.449212 0.478048 0.506812 0.535438 0.563848 0.591955 0.619661 0.646856 0.673419 0.699216 0.724101 0.747919 0.770503 0.791679 0.811269 0.829094 0.844976 0.858748 0.870253 0.879355 0.885942 0.889929 0.891264 0.889929 0.885942 0.879355 0.870253 0.858748 0.844976 0.829094 0.811269 0.791679 0.770503 0.747919 0.724101 0.699216 0.673419 0.646856 0.619661 0.591955 0.563848 0.535438 0.506812 0.478048 0.449212 0.420363 0.391551 0.362822 0.334211 
0.321158 0.349189 0.377308 0.405477 0.433651 0.461779 0.489802 0.517654 0.545258 0.572530 0.599372 0.625680 0.651336 0.676213 0.700171 0.723065 0.744737 0.765026 0.783767 0.800795 0.815946 0.829068 0.840018 0.848674 0.854933 0.858720 0.859988 0.858720 0.854933 0.848674 0.840018 0.829068 0.815946 0.800795 0.783767 0.765026 0.744737 0.723065 0.700171 0.676213 0.651336 0.625680 0.599372 0.572530 0.545258 0.517654 0.489802 0.461779 0.433651 0.405477 0.377308 0.349189 0.321158 
0.307306 0.334736 0.362224 0.389730 0.417209 0.444610 0.471875 0.498936 0.525720 0.552143 0.578111 0.603523 0.628267 0.652220 0.675253 0.697226 0.717993 0.737405 0.755309 0.771552 0.785986 0.798472 0.808881 0.817102 0.823042 0.826635 0.827837 0.826635 0.823042 0.817102 0.808881 0.798472 0.785986 0.771552 0.755309 0.737405 0.717993 0.697226 0.675253 0.652220 0.628267 0.603523 0.578111 0.552143 0.525720 0.498936 0.471875 0.444610 0.417209 0.389730 0.362224 0.334736 0.307306 
0.292710 0.319523 0.346363 0.373190 0.399961 0.426622 0.453116 0.479377 0.505332 0.530901 0.555992 0.580509 0.604343 0.627379 0.649494 0.670558 0.690435 0.708986 0.726071 0.741549 0.755286 0.767155 0.777040 0.784840 0.790473 0.793878 0.795017 0.793878 0.790473 0.784840 0.777040 0.767155 0.755286 0.741549 0.726071 0.708986 0.690435 0.670558 0.649494 0.627379 0.604343 0.580509 0.555992 0.530901 0.505332 0.479377 0.453116 0.426622 0.399961 0.373190 0.346363 0.319523 0.292710 
0.277424 0.303607 0.329788 0.355927 0.381979 0.407892 0.433610 0.459067 0.484192 0.508907 0.533125 0.556752 0.579685 0.601817 0.623030 0.643203 0.662210 0.679923 0.696212 0.710950 0.724014 0.735288 0.744669 0.752066 0.757404 0.760629 0.761708 0.760629 0.757404 0.752066 0.744669 0.735288 0.724014 0.710950 0.696212 0.679923 0.662210 0.643203 0.623030 0.601817 0.579685 0.556752 0.533125 0.508907 0.484192 0.459067 0.433610 0.407892 0.381979 0.355927 0.329788 0.303607 0.277424 
0.261502 0.287046 0.312560 0.338005 0.363334 0.388497 0.413437 0.438091 0.462390 0.486258 0.509612 0.532361 0.554410 0.575654 0.595986 0.615291 0.633454 0.650356 0.665878 0.679903 0.692320 0.703025 0.711924 0.718935 0.723992 0.727047 0.728068 0.727047 0.723992 0.718935 0.711924 0.703025 0.692320 0.679903 0.665878 0.650356 0.633454 0.615291 0.595986 0.575654 0.554410 0.532361 0.509612 0.486258 0.462390 0.438091 0.413437 0.388497 0.363334 0.338005 0.312560 0.287046 0.261502 
0.244996 0.269897 0.294741 0.319488 0.344094 0.368508 0.392674 0.416532 0.440013 0.463046 0.485549 0.507438 0.528621 0.549000 0.568476 0.586941 0.604289 0.620409 0.635193 0.648536 0.660335 0.670498 0.678938 0.685582 0.690373 0.693265 0.694232 0.693265 0.690373 0.685582 0.678938 0.670498 0.660335 0.648536 0.635193 0.620409 0.604289 0.586941 0.568476 0.549000 0.528621 0.507438 0.485549 0.463046 0.440013 0.416532 0.392674 0.368508 0.344094 0.319488 0.294741 0.269897 0.244996 
0.227957 0.252212 0.276386 0.300438 0.324324 0.347994 0.371395 0.394465 0.417142 0.439354 0.461024 0.482073 0.502414 0.521955 0.540602 0.558257 0.574820 0.590191 0.604271 0.616962 0.628174 0.637820 0.645825 0.652123 0.656661 0.659400 0.660316 0.659400 0.656661 0.652123 0.645825 0.637820 0.628174 0.616962 0.604271 0.590191 0.574820 0.558257 0.540602 0.521955 0.502414 0.482073 0.461024 0.439354 0.417142 0.394465 0.371395 0.347994 0.324324 0.300438 0.276386 0.252212 0.227957 
0.210434 0.234046 0.257552 0.280913 0.304086 0.327021 0.349666 0.371963 0.393851 0.415260 0.436119 0.456352 0.475876 0.494606 0.512455 0.529332 0.545144 0.559799 0.573206 0.585279 0.595932 0.605091 0.612685 0.618655 0.622955 0.625550 0.626417 0.625550 0.622955 0.618655 0.612685 0.605091 0.595932 0.585279 0.573206 0.559799 0.545144 0.529332 0.512455 0.494606 0.475876 0.456352 0.436119 0.415260 0.393851 0.371963 0.349666 0.327021 0.304086 0.280913 0.257552 0.234046 0.210434 
0.192475 0.215446 0.238291 0.260969 0.283437 0.305649 0.327552 0.349092 0.370208 0.390836 0.410908 0.430349 0.449085 0.467035 0.484118 0.500249 0.515343 0.529316 0.542085 0.553570 0.563696 0.572393 0.579599 0.585261 0.589337 0.591796 0.592617 0.591796 0.589337 0.585261 0.579599 0.572393 0.563696 0.553570 0.542085 0.529316 0.515343 0.500249 0.484118 0.467035 0.449085 0.430349 0.410908 0.390836 0.370208 0.349092 0.327552 0.305649 0.283437 0.260969 0.238291 0.215446 0.192475 
0.174123 0.196462 0.218652 0.240657 0.262433 0.283934 0.305112 0.325913 0.346279 0.366148 0.385456 0.404134 0.422111 0.439312 0.455660 0.471079 0.485489 0.498814 0.510978 0.521907 0.531535 0.539796 0.546638 0.552010 0.555876 0.558207 0.558985 0.558207 0.555876 0.552010 0.546638 0.539796 0.531535 0.521907 0.510978 0.498814 0.485489 0.471079 0.455660 0.439312 0.422111 0.404134 0.385456 0.366148 0.346279 0.325913 0.305112 0.283934 0.262433 0.240657 0.218652 0.196462 0.174123 
0.155423 0.177136 0.198683 0.220025 0.241123 0.261930 0.282400 0.302482 0.322119 0.341254 0.359825 0.377768 0.395016 0.411499 0.427146 0.441886 0.455646 0.468356 0.479946 0.490351 0.499508 0.507361 0.513858 0.518959 0.522627 0.524838 0.525577 0.524838 0.522627 0.518959 0.513858 0.507361 0.499508 0.490351 0.479946 0.468356 0.455646 0.441886 0.427146 0.411499 0.395016 0.377768 0.359825 0.341254 0.322119 0.302482 0.282400 0.261930 0.241123 0.220025 0.198683 0.177136 0.155423 
0.136415 0.157512 0.178426 0.199120 0.219554 0.239685 0.259466 0.278849 0.297782 0.316208 0.334069 0.351306 0.367855 0.383651 0.398630 0.412724 0.425867 0.437994 0.449043 0.458952 0.467666 0.475134 0.481309 0.486154 0.489637 0.491736 0.492438 0.491736 0.489637 0.486154 0.481309 0.475134 0.467666 0.458952 0.449043 0.437994 0.425867 0.412724 0.398630 0.383651 0.367855 0.351306 0.334069 0.316208 0.297782 0.278849 0.259466 0.239685 0.219554 0.199120 0.178426 0.157512 0.136415 
0.117135 0.137629 0.157924 0.177984 0.197771 0.217243 0.236356 0.255063 0.273314 0.291056 0.308236 0.324795 0.340676 0.355817 0.370159 0.383639 0.396197 0.407773 0.418310 0.427753 0.436050 0.443156 0.449029 0.453634 0.456944 0.458938 0.459604 0.458938 0.456944 0.453634 0.449029 0.443156 0.436050 0.427753 0.418310 0.407773 0.396197 0.383639 0.370159 0.355817 0.340676 0.324795 0.308236 0.291056 0.273314 0.255063 0.236356 0.217243 0.197771 0.177984 0.157924 0.137629 0.117135 
0.097621 0.117523 0.137212 0.156654 0.175812 0.194644 0.213110 0.231163 0.248758 0.265843 0.282368 0.298279 0.313520 0.328038 0.341773 0.354671 0.366675 0.377731 0.387785 0.396788 0.404693 0.411459 0.417048 0.421429 0.424576 0.426472 0.427105 0.426472 0.424576 0.421429 0.417048 0.411459 0.404693 0.396788 0.387785 0.377731 0.366675 0.354671 0.341773 0.328038 0.313520 0.298279 0.282368 0.265843 0.248758 0.231163 0.213110 0.194644 0.175812 0.156654 0.137212 0.117523 0.097621 
