75 75
3.451437e+00 0 5
0.348631 0.364109 0.379498 0.394786 0.409958 0.425002 0.439901 0.454641 0.469205 0.483575 0.497734 0.511662 0.525340 0.538747 0.551862 0.564663 0.577127 0.589232 0.600953 0.612268 0.623151 0.633578 0.643526 0.652969 0.661884 0.670248 0.678038 0.685233 0.691811 0.697753 0.703042 0.707660 0.711594 0.714830 0.717358 0.719170 0.720259 0.720623 0.720259 0.719170 0.717358 0.714830 0.711594 0.707660 0.703042 0.697753 0.691811 0.685233 0.678038 0.670248 0.661884 0.652969 0.643526 0.633578 0.623151 0.612268 0.600953 0.589232 0.577127 0.564663 0.551862 0.538747 0.525340 0.511662 0.497734 0.483575 0.469205 0.454641 0.439901 0.425002 0.409958 0.394786 0.379498 0.364109 0.348631 
0.363895 0.379718 0.395458 0.411104 0.426642 0.442056 0.457333 0.472456 0.487408 0.502170 0.516726 0.531053 0.545133 0.558943 0.572462 0.585666 0.598532 0.611035 0.623151 0.634853 0.646117 0.656916 0.667225 0.677017 0.686267 0.694950 0.703042 0.710519 0.717358 0.723539 0.729042 0.733849 0.737945 0.741315 0.743949 0.745837 0.746972 0.747351 0.746972 0.745837 0.743949 0.741315 0.737945 0.733849 0.729042 0.723539 0.717358 0.710519 0.703042 0.694950 0.686267 0.677017 0.667225 0.656916 0.646117 0.634853 0.623151 0.611035 0.598532 0.585666 0.572462 0.558943 0.545133 0.531053 0.516726 0.502170 0.487408 0.472456 0.457333 0.442056 0.426642 0.411104 0.395458 0.379718 0.363895 
0.379060 0.395234 0.411334 0.427346 0.443257 0.459052 0.474716 0.490232 0.505583 0.520750 0.535714 0.550454 0.564950 0.579178 0.593116 0.606739 0.620023 0.632942 0.645468 0.657577 0.669239 0.680428 0.691115 0.701274 0.710877 0.719896 0.728305 0.736080 0.743196 0.749629 0.755359 0.760367 0.764635 0.768148 0.770893 0.772862 0.774046 0.774441 0.774046 0.772862 0.770893 0.768148 0.764635 0.760367 0.755359 0.749629 0.743196 0.736080 0.728305 0.719896 0.710877 0.701274 0.691115 0.680428 0.669239 0.657577 0.645468 0.632942 0.620023 0.606739 0.593116 0.579178 0.564950 0.550454 0.535714 0.520750 0.505583 0.490232 0.474716 0.459052 0.443257 0.427346 0.411334 0.395234 0.379060 
0.394114 0.410646 0.427111 0.443497 0.459790 0.475974 0.492035 0.507955 0.523716 0.539300 0.554685 0.569852 0.584778 0.599439 0.613812 0.627870 0.641589 0.654940 0.667896 0.680428 0.692507 0.704105 0.715190 0.725734 0.735708 0.745081 0.753826 0.761916 0.769323 0.776024 0.781995 0.787215 0.791665 0.795329 0.798194 0.800248 0.801484 0.801896 0.801484 0.800248 0.798194 0.795329 0.791665 0.787215 0.781995 0.776024 0.769323 0.761916 0.753826 0.745081 0.735708 0.725734 0.715190 0.704105 0.692507 0.680428 0.667896 0.654940 0.641589 0.627870 0.613812 0.599439 0.584778 0.569852 0.554685 0.539300 0.523716 0.507955 0.492035 0.475974 0.459790 0.443497 0.427111 0.410646 0.394114 
0.409043 0.425938 0.442776 0.459544 0.476226 0.492809 0.509277 0.525611 0.541794 0.557805 0.573625 0.589232 0.604602 0.619711 0.634534 0.649045 0.663215 0.677017 0.690421 0.703396 0.715912 0.727938 0.739441 0.750390 0.760754 0.770500 0.779600 0.788022 0.795738 0.802722 0.808948 0.814393 0.819037 0.822863 0.825854 0.827999 0.829289 0.829720 0.829289 0.827999 0.825854 0.822863 0.819037 0.814393 0.808948 0.802722 0.795738 0.788022 0.779600 0.770500 0.760754 0.750390 0.739441 0.727938 0.715912 0.703396 0.690421 0.677017 0.663215 0.649045 0.634534 0.619711 0.604602 0.589232 0.573625 0.557805 0.541794 0.525611 0.509277 0.492809 0.476226 0.459544 0.442776 0.425938 0.409043 
0.423833 0.441098 0.458315 0.475471 0.492551 0.509541 0.526424 0.543183 0.559798 0.576250 0.592517 0.608577 0.624406 0.639979 0.655269 0.670248 0.684889 0.699159 0.713030 0.726468 0.739441 0.751915 0.763857 0.775232 0.786006 0.796147 0.805620 0.814393 0.822436 0.829720 0.836217 0.841901 0.846751 0.850747 0.853873 0.856115 0.857464 0.857914 0.857464 0.856115 0.853873 0.850747 0.846751 0.841901 0.836217 0.829720 0.822436 0.814393 0.805620 0.796147 0.786006 0.775232 0.763857 0.751915 0.739441 0.726468 0.713030 0.699159 0.684889 0.670248 0.655269 0.639979 0.624406 0.608577 0.592517 0.576250 0.559798 0.543183 0.526424 0.509541 0.492551 0.475471 0.458315 0.441098 0.423833 
0.438469 0.456108 0.473710 0.491262 0.508748 0.526153 0.543461 0.560654 0.577713 0.594616 0.611343 0.627870 0.644173 0.660224 0.675997 0.691463 0.706591 0.721351 0.735708 0.749629 0.763080 0.776024 0.788425 0.800248 0.811455 0.822010 0.831878 0.841023 0.849413 0.857014 0.863798 0.869736 0.874805 0.878983 0.882252 0.884597 0.886008 0.886480 0.886008 0.884597 0.882252 0.878983 0.874805 0.869736 0.863798 0.857014 0.849413 0.841023 0.831878 0.822010 0.811455 0.800248 0.788425 0.776024 0.763080 0.749629 0.735708 0.721351 0.706591 0.691463 0.675997 0.660224 0.644173 0.627870 0.611343 0.594616 0.577713 0.560654 0.543461 0.526153 0.508748 0.491262 0.473710 0.456108 0.438469 
0.452934 0.470954 0.488947 0.506900 0.524798 0.542627 0.560369 0.578005 0.595518 0.612885 0.630084 0.647092 0.663882 0.680428 0.696701 0.712671 0.728305 0.743572 0.758436 0.772862 0.786812 0.800248 0.813132 0.825425 0.837088 0.848081 0.858365 0.867903 0.876659 0.884597 0.891685 0.897894 0.903196 0.907567 0.910988 0.913443 0.914921 0.915414 0.914921 0.913443 0.910988 0.907567 0.903196 0.897894 0.891685 0.884597 0.876659 0.867903 0.858365 0.848081 0.837088 0.825425 0.813132 0.800248 0.786812 0.772862 0.758436 0.743572 0.728305 0.712671 0.696701 0.680428 0.663882 0.647092 0.630084 0.612885 0.595518 0.578005 0.560369 0.542627 0.524798 0.506900 0.488947 0.470954 0.452934 
0.467212 0.485617 0.504006 0.522366 0.540684 0.558943 0.577127 0.595217 0.613194 0.631035 0.648719 0.666220 0.683513 0.700569 0.717358 0.733849 0.750009 0.765804 0.781195 0.796147 0.810618 0.824570 0.837960 0.850747 0.862889 0.874343 0.885067 0.895021 0.904165 0.912460 0.919872 0.926367 0.931917 0.936494 0.940077 0.942650 0.944198 0.944715 0.944198 0.942650 0.940077 0.936494 0.931917 0.926367 0.919872 0.912460 0.904165 0.895021 0.885067 0.874343 0.862889 0.850747 0.837960 0.824570 0.810618 0.796147 0.781195 0.765804 0.750009 0.733849 0.717358 0.700569 0.683513 0.666220 0.648719 0.631035 0.613194 0.595217 0.577127 0.558943 0.540684 0.522366 0.504006 0.485617 0.467212 
0.481286 0.500079 0.518869 0.537642 0.556385 0.575082 0.593716 0.612268 0.630718 0.649045 0.667225 0.685233 0.703042 0.720623 0.737945 0.754976 0.771680 0.788022 0.803962 0.819461 0.834478 0.848968 0.862889 0.876195 0.888841 0.900780 0.911969 0.922362 0.931917 0.940591 0.948346 0.955147 0.960959 0.965756 0.969513 0.972210 0.973834 0.974376 0.973834 0.972210 0.969513 0.965756 0.960959 0.955147 0.948346 0.940591 0.931917 0.922362 0.911969 0.900780 0.888841 0.876195 0.862889 0.848968 0.834478 0.819461 0.803962 0.788022 0.771680 0.754976 0.737945 0.720623 0.703042 0.685233 0.667225 0.649045 0.630718 0.612268 0.593716 0.575082 0.556385 0.537642 0.518869 0.500079 0.481286 
0.495138 0.514322 0.533517 0.552708 0.571881 0.591022 0.610112 0.629134 0.648068 0.666890 0.685577 0.704105 0.722444 0.740565 0.758436 0.776024 0.793291 0.810200 0.826711 0.842780 0.858365 0.873419 0.887895 0.901745 0.914921 0.927373 0.939051 0.949909 0.959899 0.968975 0.977095 0.984219 0.990312 0.995343 0.999284 1.002114 1.003819 1.004388 1.003819 1.002114 0.999284 0.995343 0.990312 0.984219 0.977095 0.968975 0.959899 0.949909 0.939051 0.927373 0.914921 0.901745 0.887895 0.873419 0.858365 0.842780 0.826711 0.810200 0.793291 0.776024 0.758436 0.740565 0.722444 0.704105 0.685577 0.666890 0.648068 0.629134 0.610112 0.591022 0.571881 0.552708 0.533517 0.514322 0.495138 
0.508748 0.528327 0.547928 0.567541 0.587150 0.606739 0.626293 0.645793 0.665217 0.684544 0.703750 0.722809 0.741691 0.760367 0.778803 0.796965 0.814814 0.832311 0.849413 0.866075 0.882252 0.897894 0.912951 0.927373 0.941105 0.954096 0.966291 0.977640 0.988090 0.997592 1.006099 1.013568 1.019960 1.025239 1.029377 1.032349 1.034140 1.034738 1.034140 1.032349 1.029377 1.025239 1.019960 1.013568 1.006099 0.997592 0.988090 0.977640 0.966291 0.954096 0.941105 0.927373 0.912951 0.897894 0.882252 0.866075 0.849413 0.832311 0.814814 0.796965 0.778803 0.760367 0.741691 0.722809 0.703750 0.684544 0.665217 0.645793 0.626293 0.606739 0.587150 0.567541 0.547928 0.528327 0.508748 
0.522097 0.542071 0.562083 0.582120 0.602167 0.622211 0.642234 0.662217 0.682140 0.701981 0.721715 0.741315 0.760754 0.779998 0.799015 0.817767 0.836217 0.854321 0.872035 0.889314 0.906107 0.922362 0.938027 0.953046 0.967363 0.980921 0.993661 1.005528 1.016465 1.026418 1.035337 1.043172 1.049881 1.055426 1.059773 1.062898 1.064780 1.065409 1.064780 1.062898 1.059773 1.055426 1.049881 1.043172 1.035337 1.026418 1.016465 1.005528 0.993661 0.980921 0.967363 0.953046 0.938027 0.922362 0.906107 0.889314 0.872035 0.854321 0.836217 0.817767 0.799015 0.779998 0.760754 0.741315 0.721715 0.701981 0.682140 0.662217 0.642234 0.622211 0.602167 0.582120 0.562083 0.542071 0.522097 
0.535164 0.555535 0.575958 0.596421 0.616910 0.637411 0.657907 0.678379 0.698808 0.719170 0.739441 0.759594 0.779600 0.799426 0.819037 0.838397 0.857464 0.876195 0.894543 0.912460 0.929893 0.946788 0.963087 0.978731 0.993661 1.007814 1.021129 1.033542 1.044995 1.055426 1.064780 1.073005 1.080052 1.085879 1.090450 1.093737 1.095717 1.096379 1.095717 1.093737 1.090450 1.085879 1.080052 1.073005 1.064780 1.055426 1.044995 1.033542 1.021129 1.007814 0.993661 0.978731 0.963087 0.946788 0.929893 0.912460 0.894543 0.876195 0.857464 0.838397 0.819037 0.799426 0.779600 0.759594 0.739441 0.719170 0.698808 0.678379 0.657907 0.637411 0.616910 0.596421 0.575958 0.555535 0.535164 
0.547928 0.568696 0.589530 0.610420 0.631353 0.652313 0.673286 0.694251 0.715190 0.736080 0.756896 0.777611 0.798194 0.818614 0.838834 0.858816 0.878518 0.897894 0.916897 0.935474 0.953571 0.971130 0.988090 1.004388 1.019960 1.034738 1.048656 1.061646 1.073642 1.084579 1.094396 1.103034 1.110441 1.116569 1.121378 1.124837 1.126922 1.127618 1.126922 1.124837 1.121378 1.116569 1.110441 1.103034 1.094396 1.084579 1.073642 1.061646 1.048656 1.034738 1.019960 1.004388 0.988090 0.971130 0.953571 0.935474 0.916897 0.897894 0.878518 0.858816 0.838834 0.818614 0.798194 0.777611 0.756896 0.736080 0.715190 0.694251 0.673286 0.652313 0.631353 0.610420 0.589530 0.568696 0.547928 
0.560369 0.581530 0.602775 0.624092 0.645468 0.666890 0.688341 0.709803 0.731256 0.752679 0.774046 0.795329 0.816500 0.837524 0.858365 0.878983 0.899336 0.919375 0.939051 0.958311 0.977095 0.995343 1.012990 1.029970 1.046213 1.061646 1.076198 1.089795 1.102365 1.113837 1.124144 1.133220 1.141008 1.147456 1.152520 1.156163 1.158359 1.159093 1.158359 1.156163 1.152520 1.147456 1.141008 1.133220 1.124144 1.113837 1.102365 1.089795 1.076198 1.061646 1.046213 1.029970 1.012990 0.995343 0.977095 0.958311 0.939051 0.919375 0.899336 0.878983 0.858365 0.837524 0.816500 0.795329 0.774046 0.752679 0.731256 0.709803 0.688341 0.666890 0.645468 0.624092 0.602775 0.581530 0.560369 
0.572462 0.594016 0.615669 0.637411 0.659230 0.681112 0.703042 0.725002 0.746972 0.768931 0.790854 0.812713 0.834478 0.856115 0.877588 0.898855 0.919872 0.940591 0.960959 0.980921 1.000414 1.019376 1.037737 1.055426 1.072368 1.088487 1.103704 1.117939 1.131113 1.143150 1.153974 1.163516 1.171709 1.178497 1.183831 1.187669 1.189985 1.190758 1.189985 1.187669 1.183831 1.178497 1.171709 1.163516 1.153974 1.143150 1.131113 1.117939 1.103704 1.088487 1.072368 1.055426 1.037737 1.019376 1.000414 0.980921 0.960959 0.940591 0.919872 0.898855 0.877588 0.856115 0.834478 0.812713 0.790854 0.768931 0.746972 0.725002 0.703042 0.681112 0.659230 0.637411 0.615669 0.594016 0.572462 
0.584186 0.606128 0.628186 0.650350 0.672609 0.694950 0.717358 0.739815 0.762303 0.784800 0.807282 0.829720 0.852085 0.874343 0.896456 0.918383 0.940077 0.961491 0.982568 1.003250 1.023474 1.043172 1.062272 1.080697 1.098368 1.115201 1.131113 1.146018 1.159828 1.172460 1.183831 1.193863 1.202486 1.209636 1.215256 1.219303 1.221745 1.222561 1.221745 1.219303 1.215256 1.209636 1.202486 1.193863 1.183831 1.172460 1.159828 1.146018 1.131113 1.115201 1.098368 1.080697 1.062272 1.043172 1.023474 1.003250 0.982568 0.961491 0.940077 0.918383 0.896456 0.874343 0.852085 0.829720 0.807282 0.784800 0.762303 0.739815 0.717358 0.694950 0.672609 0.650350 0.628186 0.606128 0.584186 
0.595518 0.617842 0.640300 0.662882 0.685577 0.708374 0.731256 0.754209 0.777213 0.800248 0.823289 0.846309 0.869278 0.892161 0.914921 0.937516 0.959899 0.982018 1.003819 1.025239 1.046213 1.066668 1.086530 1.105717 1.124144 1.141722 1.158359 1.173963 1.188440 1.201697 1.213645 1.224197 1.233274 1.240805 1.246730 1.250998 1.253574 1.254436 1.253574 1.250998 1.246730 1.240805 1.233274 1.224197 1.213645 1.201697 1.188440 1.173963 1.158359 1.141722 1.124144 1.105717 1.086530 1.066668 1.046213 1.025239 1.003819 0.982018 0.959899 0.937516 0.914921 0.892161 0.869278 0.846309 0.823289 0.800248 0.777213 0.754209 0.731256 0.708374 0.685577 0.662882 0.640300 0.617842 0.595518 
0.606434 0.629134 0.651986 0.674979 0.698105 0.721351 0.744704 0.768148 0.791665 0.815235 0.838834 0.862435 0.886008 0.909520 0.932931 0.956200 0.979278 1.002114 1.024650 1.046822 1.068562 1.089795 1.110441 1.130413 1.149621 1.167971 1.185363 1.201697 1.216871 1.230784 1.243337 1.254436 1.263992 1.271928 1.278174 1.282677 1.285396 1.286305 1.285396 1.282677 1.278174 1.271928 1.263992 1.254436 1.243337 1.230784 1.216871 1.201697 1.185363 1.167971 1.149621 1.130413 1.110441 1.089795 1.068562 1.046822 1.024650 1.002114 0.979278 0.956200 0.932931 0.909520 0.886008 0.862435 0.838834 0.815235 0.791665 0.768148 0.744704 0.721351 0.698105 0.674979 0.651986 0.629134 0.606434 
0.616910 0.639979 0.663215 0.686612 0.710161 0.733849 0.757666 0.781595 0.805620 0.829720 0.853873 0.878052 0.902228 0.926367 0.950431 0.974376 0.998155 1.021714 1.044995 1.067930 1.090450 1.112476 1.133924 1.154703 1.174717 1.193863 1.212038 1.229131 1.245031 1.259629 1.272816 1.284488 1.294549 1.302910 1.309497 1.314247 1.317116 1.318076 1.317116 1.314247 1.309497 1.302910 1.294549 1.284488 1.272816 1.259629 1.245031 1.229131 1.212038 1.193863 1.174717 1.154703 1.133924 1.112476 1.090450 1.067930 1.044995 1.021714 0.998155 0.974376 0.950431 0.926367 0.902228 0.878052 0.853873 0.829720 0.805620 0.781595 0.757666 0.733849 0.710161 0.686612 0.663215 0.639979 0.616910 
0.626924 0.650350 0.673962 0.697753 0.721715 0.745837 0.770108 0.794513 0.819037 0.843661 0.868361 0.893113 0.917887 0.942650 0.967363 0.991985 1.016465 1.040750 1.064780 1.088487 1.111797 1.134629 1.156894 1.178497 1.199336 1.219303 1.238284 1.256162 1.272816 1.288127 1.301975 1.314247 1.324836 1.333644 1.340588 1.345599 1.348627 1.349639 1.348627 1.345599 1.340588 1.333644 1.324836 1.314247 1.301975 1.288127 1.272816 1.256162 1.238284 1.219303 1.199336 1.178497 1.156894 1.134629 1.111797 1.088487 1.064780 1.040750 1.016465 0.991985 0.967363 0.942650 0.917887 0.893113 0.868361 0.843661 0.819037 0.794513 0.770108 0.745837 0.721715 0.697753 0.673962 0.650350 0.626924 
0.636451 0.660224 0.684200 0.708374 0.732737 0.757281 0.781995 0.806866 0.831878 0.857014 0.882252 0.907567 0.932931 0.958311 0.983668 1.008961 1.034140 1.059150 1.083931 1.108412 1.132517 1.156163 1.179256 1.201697 1.223378 1.244184 1.263992 1.282677 1.300110 1.316158 1.330693 1.343590 1.354729 1.364005 1.371323 1.376607 1.379800 1.380869 1.379800 1.376607 1.371323 1.364005 1.354729 1.343590 1.330693 1.316158 1.300110 1.282677 1.263992 1.244184 1.223378 1.201697 1.179256 1.156163 1.132517 1.108412 1.083931 1.059150 1.034140 1.008961 0.983668 0.958311 0.932931 0.907567 0.882252 0.857014 0.831878 0.806866 0.781995 0.757281 0.732737 0.708374 0.684200 0.660224 0.636451 
0.645468 0.669575 0.693902 0.718444 0.743196 0.768148 0.793291 0.818614 0.844101 0.869736 0.895499 0.921365 0.947307 0.973292 0.999284 1.025239 1.051109 1.076839 1.102365 1.127618 1.152520 1.176982 1.200909 1.224197 1.246730 1.268388 1.289040 1.308551 1.326782 1.343590 1.358833 1.372376 1.384086 1.393847 1.401554 1.407122 1.410489 1.411616 1.410489 1.407122 1.401554 1.393847 1.384086 1.372376 1.358833 1.343590 1.326782 1.308551 1.289040 1.268388 1.246730 1.224197 1.200909 1.176982 1.152520 1.127618 1.102365 1.076839 1.051109 1.025239 0.999284 0.973292 0.947307 0.921365 0.895499 0.869736 0.844101 0.818614 0.793291 0.768148 0.743196 0.718444 0.693902 0.669575 0.645468 
0.653954 0.678379 0.703042 0.727938 0.753061 0.778405 0.803962 0.829720 0.855666 0.881784 0.908055 0.934455 0.960959 0.987535 1.014146 1.040750 1.067299 1.093737 1.120000 1.146018 1.171709 1.196985 1.221745 1.245880 1.269271 1.291788 1.313294 1.333644 1.352688 1.370271 1.386241 1.400446 1.412745 1.423006 1.431116 1.436979 1.440525 1.441712 1.440525 1.436979 1.431116 1.423006 1.412745 1.400446 1.386241 1.370271 1.352688 1.333644 1.313294 1.291788 1.269271 1.245880 1.221745 1.196985 1.171709 1.146018 1.120000 1.093737 1.067299 1.040750 1.014146 0.987535 0.960959 0.934455 0.908055 0.881784 0.855666 0.829720 0.803962 0.778405 0.753061 0.727938 0.703042 0.678379 0.653954 
0.661884 0.686612 0.711594 0.736825 0.762303 0.788022 0.813973 0.840147 0.866532 0.893113 0.919872 0.946788 0.973834 1.000980 1.028192 1.055426 1.082635 1.109764 1.136748 1.163516 1.189985 1.216063 1.241648 1.266625 1.290870 1.314247 1.336610 1.357805 1.377669 1.396038 1.412745 1.427626 1.440525 1.451299 1.459820 1.465986 1.469717 1.470966 1.469717 1.465986 1.459820 1.451299 1.440525 1.427626 1.412745 1.396038 1.377669 1.357805 1.336610 1.314247 1.290870 1.266625 1.241648 1.216063 1.189985 1.163516 1.136748 1.109764 1.082635 1.055426 1.028192 1.000980 0.973834 0.946788 0.919872 0.893113 0.866532 0.840147 0.813973 0.788022 0.762303 0.736825 0.711594 0.686612 0.661884 
0.669239 0.694251 0.719533 0.745081 0.770893 0.796965 0.823289 0.849857 0.876659 0.903680 0.930904 0.958311 0.985875 1.013568 1.041355 1.069195 1.097041 1.124837 1.152520 1.180016 1.207243 1.234106 1.260499 1.286305 1.311392 1.335620 1.358833 1.380869 1.401554 1.420710 1.438158 1.453721 1.467227 1.478519 1.487459 1.493931 1.497851 1.499163 1.497851 1.493931 1.487459 1.478519 1.467227 1.453721 1.438158 1.420710 1.401554 1.380869 1.358833 1.335620 1.311392 1.286305 1.260499 1.234106 1.207243 1.180016 1.152520 1.124837 1.097041 1.069195 1.041355 1.013568 0.985875 0.958311 0.930904 0.903680 0.876659 0.849857 0.823289 0.796965 0.770893 0.745081 0.719533 0.694251 0.669239 
0.675997 0.701274 0.726835 0.752679 0.778803 0.805205 0.831878 0.858816 0.886008 0.913443 0.941105 0.968975 0.997029 1.025239 1.053572 1.081988 1.110441 1.138874 1.167226 1.195422 1.223378 1.250998 1.278174 1.304785 1.330693 1.355753 1.379800 1.402663 1.424158 1.444094 1.462279 1.478519 1.492631 1.504443 1.513802 1.520583 1.524690 1.526066 1.524690 1.520583 1.513802 1.504443 1.492631 1.478519 1.462279 1.444094 1.424158 1.402663 1.379800 1.355753 1.330693 1.304785 1.278174 1.250998 1.223378 1.195422 1.167226 1.138874 1.110441 1.081988 1.053572 1.025239 0.997029 0.968975 0.941105 0.913443 0.886008 0.858816 0.831878 0.805205 0.778803 0.752679 0.726835 0.701274 0.675997 
0.682140 0.707660 0.733478 0.759594 0.786006 0.812713 0.839709 0.866989 0.894543 0.922362 0.950431 0.978731 1.007242 1.035936 1.064780 1.093737 1.122759 1.151794 1.180777 1.209636 1.238284 1.266625 1.294549 1.321929 1.348627 1.374487 1.399341 1.423006 1.445289 1.465986 1.484890 1.501797 1.516505 1.528828 1.538601 1.545687 1.549982 1.551420 1.549982 1.545687 1.538601 1.528828 1.516505 1.501797 1.484890 1.465986 1.445289 1.423006 1.399341 1.374487 1.348627 1.321929 1.294549 1.266625 1.238284 1.209636 1.180777 1.151794 1.122759 1.093737 1.064780 1.035936 1.007242 0.978731 0.950431 0.922362 0.894543 0.866989 0.839709 0.812713 0.786006 0.759594 0.733478 0.707660 0.682140 
0.687649 0.713390 0.739441 0.765804 0.792478 0.819461 0.846751 0.874343 0.902228 0.930398 0.958839 0.987535 1.016465 1.045603 1.074919 1.104374 1.133924 1.163516 1.193086 1.222561 1.251856 1.280872 1.309497 1.337602 1.365044 1.391663 1.417283 1.441712 1.464747 1.486173 1.505770 1.523318 1.538601 1.551420 1.561595 1.568977 1.573453 1.574953 1.573453 1.568977 1.561595 1.551420 1.538601 1.523318 1.505770 1.486173 1.464747 1.441712 1.417283 1.391663 1.365044 1.337602 1.309497 1.280872 1.251856 1.222561 1.193086 1.163516 1.133924 1.104374 1.074919 1.045603 1.016465 0.987535 0.958839 0.930398 0.902228 0.874343 0.846751 0.819461 0.792478 0.765804 0.739441 0.713390 0.687649 
0.692507 0.718444 0.744704 0.771287 0.798194 0.825425 0.852978 0.880849 0.909031 0.937516 0.966291 0.995343 1.024650 1.054189 1.083931 1.113837 1.143866 1.173963 1.204068 1.234106 1.263992 1.293627 1.322896 1.351670 1.379800 1.407122 1.433454 1.458595 1.482333 1.504443 1.524690 1.542842 1.558669 1.571957 1.582513 1.590176 1.594824 1.596382 1.594824 1.590176 1.582513 1.571957 1.558669 1.542842 1.524690 1.504443 1.482333 1.458595 1.433454 1.407122 1.379800 1.351670 1.322896 1.293627 1.263992 1.234106 1.204068 1.173963 1.143866 1.113837 1.083931 1.054189 1.024650 0.995343 0.966291 0.937516 0.909031 0.880849 0.852978 0.825425 0.798194 0.771287 0.744704 0.718444 0.692507 
0.696701 0.722809 0.749249 0.776024 0.803135 0.830582 0.858365 0.886480 0.914921 0.943682 0.972751 1.002114 1.031754 1.061646 1.091763 1.122068 1.152520 1.183066 1.213645 1.244184 1.274597 1.304785 1.334631 1.364005 1.392754 1.420710 1.447685 1.473473 1.497851 1.520583 1.541425 1.560131 1.576457 1.590176 1.601083 1.609005 1.613812 1.615424 1.613812 1.609005 1.601083 1.590176 1.576457 1.560131 1.541425 1.520583 1.497851 1.473473 1.447685 1.420710 1.392754 1.364005 1.334631 1.304785 1.274597 1.244184 1.213645 1.183066 1.152520 1.122068 1.091763 1.061646 1.031754 1.002114 0.972751 0.943682 0.914921 0.886480 0.858365 0.830582 0.803135 0.776024 0.749249 0.722809 0.696701 
0.700216 0.726468 0.753061 0.779998 0.807282 0.834912 0.862889 0.891210 0.919872 0.948867 0.978185 1.007814 1.037737 1.067930 1.098368 1.129014 1.159828 1.190758 1.221745 1.252715 1.283582 1.314247 1.344594 1.374487 1.403775 1.432283 1.459820 1.486173 1.511112 1.534392 1.555759 1.574953 1.591721 1.605822 1.617040 1.625193 1.630142 1.631802 1.630142 1.625193 1.617040 1.605822 1.591721 1.574953 1.555759 1.534392 1.511112 1.486173 1.459820 1.432283 1.403775 1.374487 1.344594 1.314247 1.283582 1.252715 1.221745 1.190758 1.159828 1.129014 1.098368 1.067930 1.037737 1.007814 0.978185 0.948867 0.919872 0.891210 0.862889 0.834912 0.807282 0.779998 0.753061 0.726468 0.700216 
0.703042 0.729410 0.756127 0.783196 0.810618 0.838397 0.866532 0.895021 0.923861 0.953046 0.982568 1.012413 1.042566 1.073005 1.103704 1.134629 1.165739 1.196985 1.228305 1.259629 1.290870 1.321929 1.352688 1.383012 1.412745 1.441712 1.469717 1.496541 1.521949 1.545687 1.567493 1.587098 1.604238 1.618662 1.630142 1.638490 1.643559 1.645259 1.643559 1.638490 1.630142 1.618662 1.604238 1.587098 1.567493 1.545687 1.521949 1.496541 1.469717 1.441712 1.412745 1.383012 1.352688 1.321929 1.290870 1.259629 1.228305 1.196985 1.165739 1.134629 1.103704 1.073005 1.042566 1.012413 0.982568 0.953046 0.923861 0.895021 0.866532 0.838397 0.810618 0.783196 0.756127 0.729410 0.703042 
0.705169 0.731626 0.758436 0.785604 0.813132 0.841023 0.869278 0.897894 0.926870 0.956200 0.985875 1.015885 1.046213 1.076839 1.107737 1.138874 1.170211 1.201697 1.233274 1.264869 1.296397 1.327757 1.358833 1.389488 1.419566 1.448887 1.477253 1.504443 1.530214 1.554309 1.576457 1.596382 1.613812 1.628488 1.640174 1.648674 1.653837 1.655568 1.653837 1.648674 1.640174 1.628488 1.613812 1.596382 1.576457 1.554309 1.530214 1.504443 1.477253 1.448887 1.419566 1.389488 1.358833 1.327757 1.296397 1.264869 1.233274 1.201697 1.170211 1.138874 1.107737 1.076839 1.046213 1.015885 0.985875 0.956200 0.926870 0.897894 0.869278 0.841023 0.813132 0.785604 0.758436 0.731626 0.705169 
0.706591 0.733107 0.759980 0.787215 0.814814 0.842780 0.871115 0.899817 0.928884 0.958311 0.988090 1.018210 1.048656 1.079408 1.110441 1.141722 1.173211 1.204860 1.236609 1.268388 1.300110 1.331675 1.362967 1.393847 1.424158 1.453721 1.482333 1.509772 1.535792 1.560131 1.582513 1.602658 1.620287 1.635136 1.646964 1.655568 1.660796 1.662549 1.660796 1.655568 1.646964 1.635136 1.620287 1.602658 1.582513 1.560131 1.535792 1.509772 1.482333 1.453721 1.424158 1.393847 1.362967 1.331675 1.300110 1.268388 1.236609 1.204860 1.173211 1.141722 1.110441 1.079408 1.048656 1.018210 0.988090 0.958311 0.928884 0.899817 0.871115 0.842780 0.814814 0.787215 0.759980 0.733107 0.706591 
0.707304 0.733849 0.760754 0.788022 0.815656 0.843661 0.872035 0.900780 0.929893 0.959369 0.989200 1.019376 1.049881 1.080697 1.111797 1.143150 1.174717 1.206448 1.238284 1.270155 1.301975 1.333644 1.365044 1.396038 1.426468 1.456153 1.484890 1.512455 1.538601 1.563064 1.585566 1.605822 1.623553 1.638490 1.650390 1.659048 1.664308 1.666073 1.664308 1.659048 1.650390 1.638490 1.623553 1.605822 1.585566 1.563064 1.538601 1.512455 1.484890 1.456153 1.426468 1.396038 1.365044 1.333644 1.301975 1.270155 1.238284 1.206448 1.174717 1.143150 1.111797 1.080697 1.049881 1.019376 0.989200 0.959369 0.929893 0.900780 0.872035 0.843661 0.815656 0.788022 0.760754 0.733849 0.707304 
0.707393 0.733942 0.760850 0.788123 0.815762 0.843771 0.872151 0.900901 0.930019 0.959501 0.989339 1.019522 1.050035 1.080858 1.111967 1.143329 1.174905 1.206646 1.238494 1.270376 1.302209 1.333891 1.365305 1.396313 1.426757 1.456457 1.485211 1.512792 1.538954 1.563432 1.585948 1.606219 1.623963 1.638910 1.650819 1.659484 1.664749 1.666515 1.664749 1.659484 1.650819 1.638910 1.623963 1.606219 1.585948 1.563432 1.538954 1.512792 1.485211 1.456457 1.426757 1.396313 1.365305 1.333891 1.302209 1.270376 1.238494 1.206646 1.174905 1.143329 1.111967 1.080858 1.050035 1.019522 0.989339 0.959501 0.930019 0.900901 0.872151 0.843771 0.815762 0.788123 0.760850 0.733942 0.707393 
0.707300 0.733845 0.760750 0.788017 0.815652 0.843656 0.872030 0.900775 0.929888 0.959363 0.989194 1.019369 1.049875 1.080690 1.111790 1.143142 1.174708 1.206439 1.238275 1.270145 1.301965 1.333634 1.365033 1.396026 1.426455 1.456140 1.484877 1.512441 1.538586 1.563048 1.585549 1.605805 1.623535 1.638471 1.650371 1.659029 1.664289 1.666054 1.664289 1.659029 1.650371 1.638471 1.623535 1.605805 1.585549 1.563048 1.538586 1.512441 1.484877 1.456140 1.426455 1.396026 1.365033 1.333634 1.301965 1.270145 1.238275 1.206439 1.174708 1.143142 1.111790 1.080690 1.049875 1.019369 0.989194 0.959363 0.929888 0.900775 0.872030 0.843656 0.815652 0.788017 0.760750 0.733845 0.707300 
0.706580 0.733095 0.759968 0.787202 0.814800 0.842766 0.871100 0.899801 0.928867 0.958293 0.988072 1.018191 1.048636 1.079387 1.110419 1.141698 1.173187 1.204834 1.236582 1.268359 1.300080 1.331644 1.362933 1.393811 1.424121 1.453681 1.482292 1.509729 1.535746 1.560083 1.582464 1.602607 1.620235 1.635082 1.646908 1.655512 1.660739 1.662492 1.660739 1.655512 1.646908 1.635082 1.620235 1.602607 1.582464 1.560083 1.535746 1.509729 1.482292 1.453681 1.424121 1.393811 1.362933 1.331644 1.300080 1.268359 1.236582 1.204834 1.173187 1.141698 1.110419 1.079387 1.048636 1.018191 0.988072 0.958293 0.928867 0.899801 0.871100 0.842766 0.814800 0.787202 0.759968 0.733095 0.706580 
0.705150 0.731606 0.758416 0.785582 0.813110 0.841000 0.869253 0.897868 0.926843 0.956171 0.985845 1.015853 1.046180 1.076804 1.107701 1.138836 1.170171 1.201655 1.233229 1.264821 1.296347 1.327705 1.358778 1.389430 1.419504 1.448822 1.477185 1.504371 1.530139 1.554231 1.576376 1.596298 1.613726 1.628399 1.640083 1.648582 1.653744 1.655475 1.653744 1.648582 1.640083 1.628399 1.613726 1.596298 1.576376 1.554231 1.530139 1.504371 1.477185 1.448822 1.419504 1.389430 1.358778 1.327705 1.296347 1.264821 1.233229 1.201655 1.170171 1.138836 1.107701 1.076804 1.046180 1.015853 0.985845 0.956171 0.926843 0.897868 0.869253 0.841000 0.813110 0.785582 0.758416 0.731606 0.705150 
0.703015 0.729383 0.756098 0.783165 0.810587 0.838364 0.866497 0.894985 0.923823 0.953007 0.982526 1.012369 1.042520 1.072957 1.103653 1.134576 1.165683 1.196926 1.228243 1.259564 1.290801 1.321856 1.352611 1.382931 1.412660 1.441623 1.469623 1.496443 1.521846 1.545580 1.567381 1.586983 1.604119 1.618539 1.630018 1.638363 1.643431 1.645130 1.643431 1.638363 1.630018 1.618539 1.604119 1.586983 1.567381 1.545580 1.521846 1.496443 1.469623 1.441623 1.412660 1.382931 1.352611 1.321856 1.290801 1.259564 1.228243 1.196926 1.165683 1.134576 1.103653 1.072957 1.042520 1.012369 0.982526 0.953007 0.923823 0.894985 0.866497 0.838364 0.810587 0.783165 0.756098 0.729383 0.703015 
0.700182 0.726432 0.753024 0.779960 0.807241 0.834870 0.862845 0.891164 0.919824 0.948816 0.978133 1.007759 1.037679 1.067869 1.098303 1.128946 1.159757 1.190683 1.221666 1.252631 1.283494 1.314155 1.344496 1.374385 1.403667 1.432170 1.459702 1.486049 1.510982 1.534257 1.555618 1.574808 1.591571 1.605669 1.616884 1.625034 1.629982 1.631641 1.629982 1.625034 1.616884 1.605669 1.591571 1.574808 1.555618 1.534257 1.510982 1.486049 1.459702 1.432170 1.403667 1.374385 1.344496 1.314155 1.283494 1.252631 1.221666 1.190683 1.159757 1.128946 1.098303 1.067869 1.037679 1.007759 0.978133 0.948816 0.919824 0.891164 0.862845 0.834870 0.807241 0.779960 0.753024 0.726432 0.700182 
0.696659 0.722765 0.749204 0.775977 0.803086 0.830531 0.858312 0.886424 0.914863 0.943621 0.972687 1.002047 1.031683 1.061572 1.091685 1.121987 1.152434 1.182975 1.213549 1.244083 1.274491 1.304673 1.334514 1.363882 1.392625 1.420575 1.447543 1.473324 1.497695 1.520421 1.541258 1.559957 1.576279 1.589993 1.600896 1.608816 1.613622 1.615233 1.613622 1.608816 1.600896 1.589993 1.576279 1.559957 1.541258 1.520421 1.497695 1.473324 1.447543 1.420575 1.392625 1.363882 1.334514 1.304673 1.274491 1.244083 1.213549 1.182975 1.152434 1.121987 1.091685 1.061572 1.031683 1.002047 0.972687 0.943621 0.914863 0.886424 0.858312 0.830531 0.803086 0.775977 0.749204 0.722765 0.696659 
0.692459 0.718394 0.744651 0.771232 0.798137 0.825366 0.852916 0.880784 0.908963 0.937444 0.966216 0.995264 1.024568 1.054103 1.083840 1.113742 1.143766 1.173858 1.203957 1.233989 1.263870 1.293498 1.322761 1.351528 1.379651 1.406966 1.433290 1.458424 1.482155 1.504257 1.524498 1.542644 1.558466 1.571748 1.582300 1.589960 1.594607 1.596164 1.594607 1.589960 1.582300 1.571748 1.558466 1.542644 1.524498 1.504257 1.482155 1.458424 1.433290 1.406966 1.379651 1.351528 1.322761 1.293498 1.263870 1.233989 1.203957 1.173858 1.143766 1.113742 1.083840 1.054103 1.024568 0.995264 0.966216 0.937444 0.908963 0.880784 0.852916 0.825366 0.798137 0.771232 0.744651 0.718394 0.692459 
0.687593 0.713331 0.739380 0.765741 0.792412 0.819393 0.846680 0.874268 0.902151 0.930317 0.958754 0.987446 1.016371 1.045505 1.074816 1.104266 1.133810 1.163396 1.192960 1.222429 1.251717 1.280727 1.309344 1.337442 1.364877 1.391488 1.417099 1.441521 1.464548 1.485966 1.505556 1.523097 1.538374 1.551188 1.561359 1.568738 1.573212 1.574711 1.573212 1.568738 1.561359 1.551188 1.538374 1.523097 1.505556 1.485966 1.464548 1.441521 1.417099 1.391488 1.364877 1.337442 1.309344 1.280727 1.251717 1.222429 1.192960 1.163396 1.133810 1.104266 1.074816 1.045505 1.016371 0.987446 0.958754 0.930317 0.902151 0.874268 0.846680 0.819393 0.792412 0.765741 0.739380 0.713331 0.687593 
0.682077 0.707595 0.733410 0.759523 0.785933 0.812636 0.839629 0.866905 0.894456 0.922271 0.950335 0.978632 1.007137 1.035826 1.064665 1.093616 1.122633 1.151661 1.180638 1.209489 1.238131 1.266465 1.294380 1.321752 1.348442 1.374294 1.399139 1.422796 1.445070 1.465759 1.484656 1.501555 1.516257 1.528575 1.538344 1.545427 1.549719 1.551157 1.549719 1.545427 1.538344 1.528575 1.516257 1.501555 1.484656 1.465759 1.445070 1.422796 1.399139 1.374294 1.348442 1.321752 1.294380 1.266465 1.238131 1.209489 1.180638 1.151661 1.122633 1.093616 1.064665 1.035826 1.007137 0.978632 0.950335 0.922271 0.894456 0.866905 0.839629 0.812636 0.785933 0.759523 0.733410 0.707595 0.682077 
0.675928 0.701202 0.726760 0.752601 0.778722 0.805120 0.831790 0.858724 0.885912 0.913343 0.941000 0.968865 0.996914 1.025119 1.053446 1.081856 1.110302 1.138729 1.167074 1.195263 1.223211 1.250823 1.277991 1.304593 1.330493 1.355543 1.379582 1.402436 1.423922 1.443850 1.462027 1.478260 1.492366 1.504172 1.513527 1.520304 1.524410 1.525785 1.524410 1.520304 1.513527 1.504172 1.492366 1.478260 1.462027 1.443850 1.423922 1.402436 1.379582 1.355543 1.330493 1.304593 1.277991 1.250823 1.223211 1.195263 1.167074 1.138729 1.110302 1.081856 1.053446 1.025119 0.996914 0.968865 0.941000 0.913343 0.885912 0.858724 0.831790 0.805120 0.778722 0.752601 0.726760 0.701202 0.675928 
0.669163 0.694172 0.719451 0.744996 0.770805 0.796872 0.823193 0.849757 0.876554 0.903571 0.930790 0.958191 0.985750 1.013437 1.041218 1.069052 1.096891 1.124680 1.152356 1.179845 1.207063 1.233918 1.260303 1.286099 1.311178 1.335397 1.358601 1.380627 1.401304 1.420452 1.437892 1.453447 1.466946 1.478233 1.487168 1.493638 1.497555 1.498866 1.497555 1.493638 1.487168 1.478233 1.466946 1.453447 1.437892 1.420452 1.401304 1.380627 1.358601 1.335397 1.311178 1.286099 1.260303 1.233918 1.207063 1.179845 1.152356 1.124680 1.096891 1.069052 1.041218 1.013437 0.985750 0.958191 0.930790 0.903571 0.876554 0.849757 0.823193 0.796872 0.770805 0.744996 0.719451 0.694172 0.669163 
0.661802 0.686527 0.711505 0.736733 0.762207 0.787922 0.813869 0.840038 0.866419 0.892995 0.919749 0.946659 0.973700 1.000840 1.028045 1.055273 1.082475 1.109596 1.136573 1.163333 1.189794 1.215863 1.241439 1.266408 1.290644 1.314011 1.336365 1.357551 1.377406 1.395767 1.412466 1.427340 1.440232 1.451000 1.459517 1.465679 1.469408 1.470657 1.469408 1.465679 1.459517 1.451000 1.440232 1.427340 1.412466 1.395767 1.377406 1.357551 1.336365 1.314011 1.290644 1.266408 1.241439 1.215863 1.189794 1.163333 1.136573 1.109596 1.082475 1.055273 1.028045 1.000840 0.973700 0.946659 0.919749 0.892995 0.866419 0.840038 0.813869 0.787922 0.762207 0.736733 0.711505 0.686527 0.661802 
0.653865 0.678288 0.702947 0.727839 0.752958 0.778299 0.803851 0.829604 0.855545 0.881658 0.907924 0.934319 0.960817 0.987386 1.013991 1.040588 1.067129 1.093560 1.119815 1.145824 1.171508 1.196774 1.221526 1.245652 1.269033 1.291541 1.313038 1.333379 1.352414 1.369989 1.385951 1.400149 1.412441 1.422697 1.430802 1.436662 1.440207 1.441393 1.440207 1.436662 1.430802 1.422697 1.412441 1.400149 1.385951 1.369989 1.352414 1.333379 1.313038 1.291541 1.269033 1.245652 1.221526 1.196774 1.171508 1.145824 1.119815 1.093560 1.067129 1.040588 1.013991 0.987386 0.960817 0.934319 0.907924 0.881658 0.855545 0.829604 0.803851 0.778299 0.752958 0.727839 0.702947 0.678288 0.653865 
0.645374 0.669478 0.693801 0.718339 0.743086 0.768034 0.793173 0.818491 0.843973 0.869603 0.895360 0.921220 0.947156 0.973135 0.999120 1.025068 1.050931 1.076653 1.102171 1.127416 1.152309 1.176763 1.200681 1.223959 1.246483 1.268131 1.288775 1.308277 1.326499 1.343299 1.358535 1.372070 1.383774 1.393529 1.401232 1.406798 1.410163 1.411289 1.410163 1.406798 1.401232 1.393529 1.383774 1.372070 1.358535 1.343299 1.326499 1.308277 1.288775 1.268131 1.246483 1.223959 1.200681 1.176763 1.152309 1.127416 1.102171 1.076653 1.050931 1.025068 0.999120 0.973135 0.947156 0.921220 0.895360 0.869603 0.843973 0.818491 0.793173 0.768034 0.743086 0.718339 0.693801 0.669478 0.645374 
0.636351 0.660121 0.684093 0.708262 0.732621 0.757161 0.781870 0.806736 0.831743 0.856874 0.882106 0.907415 0.932773 0.958146 0.983497 1.008782 1.033954 1.058956 1.083728 1.108201 1.132298 1.155935 1.179019 1.201452 1.223123 1.243920 1.263719 1.282396 1.299820 1.315860 1.330388 1.343277 1.354411 1.363681 1.370995 1.376276 1.379468 1.380536 1.379468 1.376276 1.370995 1.363681 1.354411 1.343277 1.330388 1.315860 1.299820 1.282396 1.263719 1.243920 1.223123 1.201452 1.179019 1.155935 1.132298 1.108201 1.083728 1.058956 1.033954 1.008782 0.983497 0.958146 0.932773 0.907415 0.882106 0.856874 0.831743 0.806736 0.781870 0.757161 0.732621 0.708262 0.684093 0.660121 0.636351 
0.626819 0.650241 0.673850 0.697636 0.721593 0.745711 0.769977 0.794377 0.818896 0.843514 0.868208 0.892954 0.917722 0.942478 0.967185 0.991799 1.016271 1.040549 1.064571 1.088269 1.111571 1.134394 1.156650 1.178244 1.199075 1.219033 1.238005 1.255874 1.272520 1.287823 1.301664 1.313929 1.324512 1.333316 1.340256 1.345264 1.348290 1.349302 1.348290 1.345264 1.340256 1.333316 1.324512 1.313929 1.301664 1.287823 1.272520 1.255874 1.238005 1.219033 1.199075 1.178244 1.156650 1.134394 1.111571 1.088269 1.064571 1.040549 1.016271 0.991799 0.967185 0.942478 0.917722 0.892954 0.868208 0.843514 0.818896 0.794377 0.769977 0.745711 0.721593 0.697636 0.673850 0.650241 0.626819 
0.616800 0.639865 0.663097 0.686490 0.710034 0.733718 0.757529 0.781453 0.805472 0.829567 0.853714 0.877887 0.902057 0.926189 0.950246 0.974184 0.997955 1.021507 1.044779 1.067706 1.090218 1.112235 1.133674 1.154444 1.174449 1.193587 1.211753 1.228838 1.244730 1.259321 1.272501 1.284167 1.294222 1.302578 1.309161 1.313909 1.316776 1.317735 1.316776 1.313909 1.309161 1.302578 1.294222 1.284167 1.272501 1.259321 1.244730 1.228838 1.211753 1.193587 1.174449 1.154444 1.133674 1.112235 1.090218 1.067706 1.044779 1.021507 0.997955 0.974184 0.950246 0.926189 0.902057 0.877887 0.853714 0.829567 0.805472 0.781453 0.757529 0.733718 0.710034 0.686490 0.663097 0.639865 0.616800 
0.606319 0.629015 0.651862 0.674851 0.697972 0.721214 0.744562 0.768001 0.791512 0.815077 0.838670 0.862264 0.885831 0.909336 0.932740 0.956001 0.979072 1.001901 1.024429 1.046593 1.068325 1.089549 1.110186 1.130149 1.149349 1.167691 1.185075 1.201401 1.216567 1.230473 1.243019 1.254111 1.263663 1.271594 1.277837 1.282337 1.285054 1.285963 1.285054 1.282337 1.277837 1.271594 1.263663 1.254111 1.243019 1.230473 1.216567 1.201401 1.185075 1.167691 1.149349 1.130149 1.110186 1.089549 1.068325 1.046593 1.024429 1.001901 0.979072 0.956001 0.932740 0.909336 0.885831 0.862264 0.838670 0.815077 0.791512 0.768001 0.744562 0.721214 0.697972 0.674851 0.651862 0.629015 0.606319 
0.595398 0.617719 0.640172 0.662750 0.685440 0.708232 0.731109 0.754057 0.777056 0.800084 0.823119 0.846133 0.869095 0.891972 0.914725 0.937312 0.959688 0.981800 1.003592 1.025005 1.045970 1.066418 1.086271 1.105450 1.123868 1.141438 1.158067 1.173664 1.188134 1.201384 1.213325 1.223871 1.232943 1.240470 1.246392 1.250658 1.253232 1.254093 1.253232 1.250658 1.246392 1.240470 1.232943 1.223871 1.213325 1.201384 1.188134 1.173664 1.158067 1.141438 1.123868 1.105450 1.086271 1.066418 1.045970 1.025005 1.003592 0.981800 0.959688 0.937312 0.914725 0.891972 0.869095 0.846133 0.823119 0.800084 0.777056 0.754057 0.731109 0.708232 0.685440 0.662750 0.640172 0.617719 0.595398 
0.584062 0.606000 0.628054 0.650213 0.672468 0.694804 0.717206 0.739658 0.762141 0.784632 0.807107 0.829539 0.851898 0.874149 0.896255 0.918175 0.939862 0.961268 0.982337 1.003012 1.023228 1.042918 1.062009 1.080426 1.098089 1.114915 1.130820 1.145716 1.159520 1.172145 1.183510 1.193537 1.202156 1.209301 1.214918 1.218963 1.221403 1.222219 1.221403 1.218963 1.214918 1.209301 1.202156 1.193537 1.183510 1.172145 1.159520 1.145716 1.130820 1.114915 1.098089 1.080426 1.062009 1.042918 1.023228 1.003012 0.982337 0.961268 0.939862 0.918175 0.896255 0.874149 0.851898 0.829539 0.807107 0.784632 0.762141 0.739658 0.717206 0.694804 0.672468 0.650213 0.628054 0.606000 0.584062 
0.572334 0.593884 0.615532 0.637270 0.659084 0.680961 0.702886 0.724840 0.746805 0.768758 0.790675 0.812528 0.834286 0.855917 0.877383 0.898643 0.919653 0.940365 0.960726 0.980679 1.000165 1.019119 1.037472 1.055153 1.072088 1.088199 1.103408 1.117637 1.130805 1.142835 1.153653 1.163190 1.171379 1.178163 1.183493 1.187330 1.189644 1.190417 1.189644 1.187330 1.183493 1.178163 1.171379 1.163190 1.153653 1.142835 1.130805 1.117637 1.103408 1.088199 1.072088 1.055153 1.037472 1.019119 1.000165 0.980679 0.960726 0.940365 0.919653 0.898643 0.877383 0.855917 0.834286 0.812528 0.790675 0.768758 0.746805 0.724840 0.702886 0.680961 0.659084 0.637270 0.615532 0.593884 0.572334 
0.560237 0.581394 0.602635 0.623947 0.645318 0.666735 0.688181 0.709637 0.731085 0.752502 0.773863 0.795141 0.816305 0.837322 0.858157 0.878768 0.899113 0.919146 0.938815 0.958066 0.976843 0.995083 1.012723 1.029696 1.045931 1.061357 1.075902 1.089493 1.102056 1.113523 1.123823 1.132895 1.140679 1.147124 1.152184 1.155825 1.158020 1.158754 1.158020 1.155825 1.152184 1.147124 1.140679 1.132895 1.123823 1.113523 1.102056 1.089493 1.075902 1.061357 1.045931 1.029696 1.012723 0.995083 0.976843 0.958066 0.938815 0.919146 0.899113 0.878768 0.858157 0.837322 0.816305 0.795141 0.773863 0.752502 0.731085 0.709637 0.688181 0.666735 0.645318 0.623947 0.602635 0.581394 0.560237 
0.547793 0.568556 0.589386 0.610271 0.631199 0.652155 0.673122 0.694082 0.715016 0.735900 0.756710 0.777418 0.797996 0.818409 0.838623 0.858598 0.878293 0.897662 0.916657 0.935227 0.953317 0.970869 0.987821 1.004113 1.019677 1.034449 1.048360 1.061344 1.073334 1.084265 1.094077 1.102710 1.110113 1.116238 1.121044 1.124501 1.126585 1.127281 1.126585 1.124501 1.121044 1.116238 1.110113 1.102710 1.094077 1.084265 1.073334 1.061344 1.048360 1.034449 1.019677 1.004113 0.987821 0.970869 0.953317 0.935227 0.916657 0.897662 0.878293 0.858598 0.838623 0.818409 0.797996 0.777418 0.756710 0.735900 0.715016 0.694082 0.673122 0.652155 0.631199 0.610271 0.589386 0.568556 0.547793 
0.535025 0.555392 0.575810 0.596269 0.616753 0.637249 0.657740 0.678207 0.698630 0.718986 0.739252 0.759399 0.779398 0.799218 0.818823 0.838176 0.857237 0.875961 0.894302 0.912212 0.929638 0.946525 0.962818 0.978456 0.993379 1.007525 1.020833 1.033241 1.044687 1.055113 1.064463 1.072683 1.079727 1.085551 1.090119 1.093404 1.095383 1.096044 1.095383 1.093404 1.090119 1.085551 1.079727 1.072683 1.064463 1.055113 1.044687 1.033241 1.020833 1.007525 0.993379 0.978456 0.962818 0.946525 0.929638 0.912212 0.894302 0.875961 0.857237 0.838176 0.818823 0.799218 0.779398 0.759399 0.739252 0.718986 0.698630 0.678207 0.657740 0.637249 0.616753 0.596269 0.575810 0.555392 0.535025 
0.521955 0.541925 0.561932 0.581964 0.602007 0.622046 0.642064 0.662042 0.681959 0.701795 0.721523 0.741118 0.760550 0.779788 0.798799 0.817545 0.835987 0.854085 0.871793 0.889065 0.905851 0.922099 0.937758 0.952770 0.967081 0.980632 0.993367 1.005228 1.016159 1.026107 1.035021 1.042853 1.049558 1.055100 1.059445 1.062568 1.064449 1.065078 1.064449 1.062568 1.059445 1.055100 1.049558 1.042853 1.035021 1.026107 1.016159 1.005228 0.993367 0.980632 0.967081 0.952770 0.937758 0.922099 0.905851 0.889065 0.871793 0.854085 0.835987 0.817545 0.798799 0.779788 0.760550 0.741118 0.721523 0.701795 0.681959 0.662042 0.642064 0.622046 0.602007 0.581964 0.561932 0.541925 0.521955 
0.508603 0.528177 0.547775 0.567383 0.586987 0.606572 0.626121 0.645615 0.665034 0.684356 0.703556 0.722609 0.741485 0.760155 0.778585 0.796740 0.814583 0.832074 0.849169 0.865825 0.881995 0.897631 0.912682 0.927097 0.940823 0.953808 0.965998 0.977341 0.987786 0.997283 1.005786 1.013251 1.019639 1.024916 1.029052 1.032023 1.033812 1.034410 1.033812 1.032023 1.029052 1.024916 1.019639 1.013251 1.005786 0.997283 0.987786 0.977341 0.965998 0.953808 0.940823 0.927097 0.912682 0.897631 0.881995 0.865825 0.849169 0.832074 0.814583 0.796740 0.778585 0.760155 0.741485 0.722609 0.703556 0.684356 0.665034 0.645615 0.626121 0.606572 0.586987 0.567383 0.547775 0.528177 0.508603 
0.494990 0.514171 0.533360 0.552547 0.571716 0.590852 0.609937 0.628954 0.647882 0.666699 0.685381 0.703903 0.722236 0.740351 0.758217 0.775798 0.793059 0.809962 0.826466 0.842530 0.858108 0.873156 0.887626 0.901470 0.914640 0.927086 0.938760 0.949612 0.959597 0.968668 0.976784 0.983905 0.989995 0.995023 0.998962 1.001791 1.003495 1.004064 1.003495 1.001791 0.998962 0.995023 0.989995 0.983905 0.976784 0.968668 0.959597 0.949612 0.938760 0.927086 0.914640 0.901470 0.887626 0.873156 0.858108 0.842530 0.826466 0.809962 0.793059 0.775798 0.758217 0.740351 0.722236 0.703903 0.685381 0.666699 0.647882 0.628954 0.609937 0.590852 0.571716 0.552547 0.533360 0.514171 0.494990 
0.481136 0.499925 0.518710 0.537479 0.556218 0.574910 0.593539 0.612085 0.630531 0.648852 0.667027 0.685029 0.702833 0.720408 0.737724 0.754749 0.771447 0.787783 0.803717 0.819211 0.834221 0.848706 0.862621 0.875921 0.888561 0.900495 0.911679 0.922067 0.931617 0.940287 0.948039 0.954836 0.960646 0.965440 0.969195 0.971890 0.973513 0.974055 0.973513 0.971890 0.969195 0.965440 0.960646 0.954836 0.948039 0.940287 0.931617 0.922067 0.911679 0.900495 0.888561 0.875921 0.862621 0.848706 0.834221 0.819211 0.803717 0.787783 0.771447 0.754749 0.737724 0.720408 0.702833 0.685029 0.667027 0.648852 0.630531 0.612085 0.593539 0.574910 0.556218 0.537479 0.518710 0.499925 0.481136 
0.467060 0.485460 0.503845 0.522201 0.540514 0.558769 0.576948 0.595033 0.613004 0.630841 0.648519 0.666015 0.683302 0.700353 0.717136 0.733622 0.749776 0.765565 0.780951 0.795896 0.810362 0.824308 0.837693 0.850475 0.862611 0.874060 0.884779 0.894728 0.903868 0.912159 0.919568 0.926060 0.931606 0.936181 0.939763 0.942334 0.943882 0.944398 0.943882 0.942334 0.939763 0.936181 0.931606 0.926060 0.919568 0.912159 0.903868 0.894728 0.884779 0.874060 0.862611 0.850475 0.837693 0.824308 0.810362 0.795896 0.780951 0.765565 0.749776 0.733622 0.717136 0.700353 0.683302 0.666015 0.648519 0.630841 0.613004 0.595033 0.576948 0.558769 0.540514 0.522201 0.503845 0.485460 0.467060 
0.452779 0.470795 0.488784 0.506733 0.524627 0.542451 0.560188 0.577820 0.595327 0.612689 0.629883 0.646886 0.663670 0.680211 0.696478 0.712443 0.728072 0.743333 0.758192 0.772612 0.786556 0.799987 0.812866 0.825154 0.836811 0.847799 0.858079 0.867613 0.876365 0.884299 0.891384 0.897590 0.902889 0.907258 0.910677 0.913131 0.914608 0.915101 0.914608 0.913131 0.910677 0.907258 0.902889 0.897590 0.891384 0.884299 0.876365 0.867613 0.858079 0.847799 0.836811 0.825154 0.812866 0.799987 0.786556 0.772612 0.758192 0.743333 0.728072 0.712443 0.696478 0.680211 0.663670 0.646886 0.629883 0.612689 0.595327 0.577820 0.560188 0.542451 0.524627 0.506733 0.488784 0.470795 0.452779 
0.438312 0.455948 0.473546 0.491093 0.508574 0.525975 0.543279 0.560467 0.577521 0.594419 0.611141 0.627663 0.643960 0.660007 0.675775 0.691235 0.706358 0.721112 0.735464 0.749380 0.762825 0.775764 0.788161 0.799978 0.811181 0.821731 0.831595 0.840736 0.849121 0.856719 0.863500 0.869436 0.874502 0.878678 0.881945 0.884289 0.885700 0.886171 0.885700 0.884289 0.881945 0.878678 0.874502 0.869436 0.863500 0.856719 0.849121 0.840736 0.831595 0.821731 0.811181 0.799978 0.788161 0.775764 0.762825 0.749380 0.735464 0.721112 0.706358 0.691235 0.675775 0.660007 0.643960 0.627663 0.611141 0.594419 0.577521 0.560467 0.543279 0.525975 0.508574 0.491093 0.473546 0.455948 0.438312 
0.423675 0.440936 0.458149 0.475300 0.492376 0.509362 0.526241 0.542995 0.559605 0.576052 0.592314 0.608369 0.624193 0.639761 0.655046 0.670020 0.684655 0.698921 0.712787 0.726220 0.739187 0.751657 0.763593 0.774964 0.785734 0.795870 0.805339 0.814108 0.822148 0.829428 0.835922 0.841604 0.846452 0.850446 0.853570 0.855811 0.857159 0.857609 0.857159 0.855811 0.853570 0.850446 0.846452 0.841604 0.835922 0.829428 0.822148 0.814108 0.805339 0.795870 0.785734 0.774964 0.763593 0.751657 0.739187 0.726220 0.712787 0.698921 0.684655 0.670020 0.655046 0.639761 0.624193 0.608369 0.592314 0.576052 0.559605 0.542995 0.526241 0.509362 0.492376 0.475300 0.458149 0.440936 0.423675 
0.408884 0.425775 0.442609 0.459372 0.476050 0.492629 0.509092 0.525422 0.541600 0.557607 0.573422 0.589024 0.604389 0.619493 0.634312 0.648817 0.662983 0.676779 0.690178 0.703149 0.715660 0.727681 0.739179 0.750124 0.760483 0.770226 0.779321 0.787740 0.795453 0.802433 0.808656 0.814099 0.818741 0.822565 0.825554 0.827698 0.828988 0.829419 0.828988 0.827698 0.825554 0.822565 0.818741 0.814099 0.808656 0.802433 0.795453 0.787740 0.779321 0.770226 0.760483 0.750124 0.739179 0.727681 0.715660 0.703149 0.690178 0.676779 0.662983 0.648817 0.634312 0.619493 0.604389 0.589024 0.573422 0.557607 0.541600 0.525422 0.509092 0.492629 0.476050 0.459372 0.442609 0.425775 0.408884 
0.393953 0.410481 0.426942 0.443324 0.459612 0.475793 0.491849 0.507765 0.523522 0.539101 0.554482 0.569644 0.584565 0.599221 0.613589 0.627643 0.641356 0.654703 0.667654 0.680182 0.692257 0.703849 0.714931 0.725471 0.735440 0.744809 0.753551 0.761637 0.769041 0.775738 0.781707 0.786924 0.791373 0.795036 0.797899 0.799952 0.801187 0.801599 0.801187 0.799952 0.797899 0.795036 0.791373 0.786924 0.781707 0.775738 0.769041 0.761637 0.753551 0.744809 0.735440 0.725471 0.714931 0.703849 0.692257 0.680182 0.667654 0.654703 0.641356 0.627643 0.613589 0.599221 0.584565 0.569644 0.554482 0.539101 0.523522 0.507765 0.491849 0.475793 0.459612 0.443324 0.426942 0.410481 0.393953 
0.378898 0.395068 0.411163 0.427172 0.443078 0.458870 0.474529 0.490041 0.505388 0.520550 0.535510 0.550246 0.564737 0.578961 0.592894 0.606513 0.619792 0.632706 0.645228 0.657332 0.668990 0.680174 0.690858 0.701012 0.710611 0.719627 0.728033 0.735804 0.742916 0.749347 0.755075 0.760080 0.764346 0.767858 0.770602 0.772569 0.773753 0.774148 0.773753 0.772569 0.770602 0.767858 0.764346 0.760080 0.755075 0.749347 0.742916 0.735804 0.728033 0.719627 0.710611 0.701012 0.690858 0.680174 0.668990 0.657332 0.645228 0.632706 0.619792 0.606513 0.592894 0.578961 0.564737 0.550246 0.535510 0.520550 0.505388 0.490041 0.474529 0.458870 0.443078 0.427172 0.411163 0.395068 0.378898 
0.363731 0.379550 0.395287 0.410929 0.426463 0.441873 0.457146 0.472265 0.487212 0.501971 0.516521 0.530845 0.544920 0.558726 0.572240 0.585440 0.598302 0.610800 0.622912 0.634610 0.645870 0.656665 0.666969 0.676757 0.686004 0.694683 0.702772 0.710245 0.717082 0.723260 0.728761 0.733566 0.737660 0.741029 0.743661 0.745548 0.746683 0.747062 0.746683 0.745548 0.743661 0.741029 0.737660 0.733566 0.728761 0.723260 0.717082 0.710245 0.702772 0.694683 0.686004 0.676757 0.666969 0.656665 0.645870 0.634610 0.622912 0.610800 0.598302 0.585440 0.572240 0.558726 0.544920 0.530845 0.516521 0.501971 0.487212 0.472265 0.457146 0.441873 0.426463 0.410929 0.395287 0.379550 0.363731 
0.348466 0.363941 0.379326 0.394610 0.409779 0.424818 0.439714 0.454450 0.469009 0.483375 0.497530 0.511454 0.525127 0.538530 0.551641 0.564437 0.576898 0.588998 0.600716 0.612026 0.622905 0.633328 0.643272 0.652712 0.661623 0.669984 0.677771 0.684963 0.691538 0.697478 0.702764 0.707380 0.711312 0.714547 0.717074 0.718885 0.719974 0.720338 0.719974 0.718885 0.717074 0.714547 0.711312 0.707380 0.702764 0.697478 0.691538 0.684963 0.677771 0.669984 0.661623 0.652712 0.643272 0.633328 0.622905 0.612026 0.600716 0.588998 0.576898 0.564437 0.551641 0.538530 0.525127 0.511454 0.497530 0.483375 0.469009 0.454450 0.439714 0.424818 0.409779 0.394610 0.379326 0.363941 0.348466 
