61 61
1.771422e+00 0 5
-0.541368 -0.527989 -0.514662 -0.501403 -0.488230 -0.475161 -0.462217 -0.449422 -0.436799 -0.424375 -0.412178 -0.400237 -0.388584 -0.377253 -0.366278 -0.355696 -0.345545 -0.335864 -0.326691 -0.318066 -0.310029 -0.302617 -0.295869 -0.289821 -0.284504 -0.279950 -0.276186 -0.273233 -0.271111 -0.269832 -0.269405 -0.269832 -0.271111 -0.273233 -0.276186 -0.279950 -0.284504 -0.289821 -0.295869 -0.302617 -0.310029 -0.318066 -0.326691 -0.335864 -0.345545 -0.355696 -0.366278 -0.377253 -0.388584 -0.400237 -0.412178 -0.424375 -0.436799 -0.449422 -0.462217 -0.475161 -0.488230 -0.501403 -0.514662 -0.527989 -0.541368 
-0.528220 -0.514425 -0.500668 -0.486966 -0.473336 -0.459797 -0.446371 -0.433082 -0.419954 -0.407014 -0.394293 -0.381822 -0.369634 -0.357766 -0.346254 -0.335138 -0.324458 -0.314258 -0.304581 -0.295469 -0.286967 -0.279117 -0.271961 -0.265540 -0.259891 -0.255048 -0.251041 -0.247897 -0.245636 -0.244273 -0.243818 -0.244273 -0.245636 -0.247897 -0.251041 -0.255048 -0.259891 -0.265540 -0.271961 -0.279117 -0.286967 -0.295469 -0.304581 -0.314258 -0.324458 -0.335138 -0.346254 -0.357766 -0.369634 -0.381822 -0.394293 -0.407014 -0.419954 -0.433082 -0.446371 -0.459797 -0.473336 -0.486966 -0.500668 -0.514425 -0.528220 
-0.515137 -0.500913 -0.486713 -0.472551 -0.458446 -0.444418 -0.430488 -0.416681 -0.403023 -0.389541 -0.376267 -0.363234 -0.350477 -0.338035 -0.325948 -0.314258 -0.303011 -0.292251 -0.282026 -0.272386 -0.263377 -0.255048 -0.247446 -0.240616 -0.234601 -0.229439 -0.225165 -0.221809 -0.219394 -0.217939 -0.217452 -0.217939 -0.219394 -0.221809 -0.225165 -0.229439 -0.234601 -0.240616 -0.247446 -0.255048 -0.263377 -0.272386 -0.282026 -0.292251 -0.303011 -0.314258 -0.325948 -0.338035 -0.350477 -0.363234 -0.376267 -0.389541 -0.403023 -0.416681 -0.430488 -0.444418 -0.458446 -0.472551 -0.486713 -0.500913 -0.515137 
-0.502137 -0.487472 -0.472813 -0.458175 -0.443578 -0.429041 -0.414586 -0.400237 -0.386021 -0.371968 -0.358110 -0.344481 -0.331120 -0.318066 -0.305363 -0.293058 -0.281197 -0.269832 -0.259015 -0.248798 -0.239236 -0.230382 -0.222290 -0.215011 -0.208591 -0.203077 -0.198508 -0.194917 -0.192331 -0.190772 -0.190251 -0.190772 -0.192331 -0.194917 -0.198508 -0.203077 -0.208591 -0.215011 -0.222290 -0.230382 -0.239236 -0.248798 -0.259015 -0.269832 -0.281197 -0.293058 -0.305363 -0.318066 -0.331120 -0.344481 -0.358110 -0.371968 -0.386021 -0.400237 -0.414586 -0.429041 -0.443578 -0.458175 -0.472813 -0.487472 -0.502137 
-0.489238 -0.474119 -0.458987 -0.443858 -0.428751 -0.413684 -0.398681 -0.383765 -0.368965 -0.354311 -0.339836 -0.325576 -0.311572 -0.297866 -0.284504 -0.271536 -0.259015 -0.246994 -0.235532 -0.224688 -0.214521 -0.205091 -0.196460 -0.188683 -0.181817 -0.175912 -0.171013 -0.167160 -0.164385 -0.162710 -0.162150 -0.162710 -0.164385 -0.167160 -0.171013 -0.175912 -0.181817 -0.188683 -0.196460 -0.205091 -0.214521 -0.224688 -0.235532 -0.246994 -0.259015 -0.271536 -0.284504 -0.297866 -0.311572 -0.325576 -0.339836 -0.354311 -0.368965 -0.383765 -0.398681 -0.413684 -0.428751 -0.443858 -0.458987 -0.474119 -0.489238 
-0.476460 -0.460874 -0.445256 -0.429620 -0.413985 -0.398369 -0.382795 -0.367288 -0.351875 -0.336589 -0.321463 -0.306535 -0.291847 -0.277444 -0.263377 -0.249697 -0.236461 -0.223730 -0.211567 -0.200037 -0.189206 -0.179144 -0.169916 -0.161589 -0.154227 -0.147886 -0.142620 -0.138475 -0.135486 -0.133682 -0.133079 -0.133682 -0.135486 -0.138475 -0.142620 -0.147886 -0.154227 -0.161589 -0.169916 -0.179144 -0.189206 -0.200037 -0.211567 -0.223730 -0.236461 -0.249697 -0.263377 -0.277444 -0.291847 -0.306535 -0.321463 -0.336589 -0.351875 -0.367288 -0.382795 -0.398369 -0.413985 -0.429620 -0.445256 -0.460874 -0.476460 
-0.463824 -0.447761 -0.431643 -0.415485 -0.399304 -0.383119 -0.366951 -0.350827 -0.334774 -0.318823 -0.303011 -0.287375 -0.271961 -0.256816 -0.241991 -0.227545 -0.213538 -0.200037 -0.187109 -0.174828 -0.163269 -0.152508 -0.142620 -0.133682 -0.125766 -0.118938 -0.113261 -0.108787 -0.105559 -0.103610 -0.102957 -0.103610 -0.105559 -0.108787 -0.113261 -0.118938 -0.125766 -0.133682 -0.142620 -0.152508 -0.163269 -0.174828 -0.187109 -0.200037 -0.213538 -0.227545 -0.241991 -0.256816 -0.271961 -0.287375 -0.303011 -0.318823 -0.334774 -0.350827 -0.366951 -0.383119 -0.399304 -0.415485 -0.431643 -0.447761 -0.463824 
-0.451352 -0.434801 -0.418172 -0.401477 -0.384733 -0.367960 -0.351177 -0.334410 -0.317687 -0.301040 -0.284504 -0.268121 -0.251935 -0.235997 -0.220362 -0.205091 -0.190251 -0.175912 -0.162150 -0.149047 -0.136685 -0.125150 -0.114530 -0.104911 -0.096375 -0.089001 -0.082861 -0.078016 -0.074517 -0.072403 -0.071695 -0.072403 -0.074517 -0.078016 -0.082861 -0.089001 -0.096375 -0.104911 -0.114530 -0.125150 -0.136685 -0.149047 -0.162150 -0.175912 -0.190251 -0.205091 -0.220362 -0.235997 -0.251935 -0.268121 -0.284504 -0.301040 -0.317687 -0.334410 -0.351177 -0.367960 -0.384733 -0.401477 -0.418172 -0.434801 -0.451352 
-0.439071 -0.422023 -0.404870 -0.387625 -0.370302 -0.352921 -0.335501 -0.318066 -0.300644 -0.283267 -0.265971 -0.248798 -0.231793 -0.215011 -0.198508 -0.182349 -0.166607 -0.151357 -0.136685 -0.122677 -0.109430 -0.097038 -0.085602 -0.075219 -0.065988 -0.057998 -0.051333 -0.046068 -0.042262 -0.039960 -0.039189 -0.039960 -0.042262 -0.046068 -0.051333 -0.057998 -0.065988 -0.075219 -0.085602 -0.097038 -0.109430 -0.122677 -0.136685 -0.151357 -0.166607 -0.182349 -0.198508 -0.215011 -0.231793 -0.248798 -0.265971 -0.283267 -0.300644 -0.318066 -0.335501 -0.352921 -0.370302 -0.387625 -0.404870 -0.422023 -0.439071 
-0.427006 -0.409452 -0.391765 -0.373957 -0.356042 -0.338035 -0.319957 -0.301829 -0.283680 -0.265540 -0.247446 -0.229439 -0.211567 -0.193884 -0.176452 -0.159339 -0.142620 -0.126381 -0.110711 -0.095710 -0.081483 -0.068138 -0.055789 -0.044550 -0.034533 -0.025845 -0.018585 -0.012841 -0.008683 -0.006166 -0.005323 -0.006166 -0.008683 -0.012841 -0.018585 -0.025845 -0.034533 -0.044550 -0.055789 -0.068138 -0.081483 -0.095710 -0.110711 -0.126381 -0.142620 -0.159339 -0.176452 -0.193884 -0.211567 -0.229439 -0.247446 -0.265540 -0.283680 -0.301829 -0.319957 -0.338035 -0.356042 -0.373957 -0.391765 -0.409452 -0.427006 
-0.415185 -0.397119 -0.378890 -0.360509 -0.341986 -0.323338 -0.304581 -0.285737 -0.266832 -0.247897 -0.228966 -0.210082 -0.191292 -0.172653 -0.154227 -0.136086 -0.118312 -0.100994 -0.084234 -0.068138 -0.052824 -0.038417 -0.025045 -0.012841 -0.001934 0.007549 0.015490 0.021785 0.026347 0.029111 0.030037 0.029111 0.026347 0.021785 0.015490 0.007549 -0.001934 -0.012841 -0.025045 -0.038417 -0.052824 -0.068138 -0.084234 -0.100994 -0.118312 -0.136086 -0.154227 -0.172653 -0.191292 -0.210082 -0.228966 -0.247897 -0.266832 -0.285737 -0.304581 -0.323338 -0.341986 -0.360509 -0.378890 -0.397119 -0.415185 
-0.403639 -0.385056 -0.366278 -0.347314 -0.328172 -0.308867 -0.289414 -0.269832 -0.250145 -0.230382 -0.210578 -0.190772 -0.171013 -0.151357 -0.131870 -0.112625 -0.093710 -0.075219 -0.057263 -0.039960 -0.023441 -0.007846 0.006677 0.019976 0.031896 0.042289 0.051013 0.057943 0.062973 0.066025 0.067047 0.066025 0.062973 0.057943 0.051013 0.042289 0.031896 0.019976 0.006677 -0.007846 -0.023441 -0.039960 -0.057263 -0.075219 -0.093710 -0.112625 -0.131870 -0.151357 -0.171013 -0.190772 -0.210578 -0.230382 -0.250145 -0.269832 -0.289414 -0.308867 -0.328172 -0.347314 -0.366278 -0.385056 -0.403639 
-0.392399 -0.373295 -0.353964 -0.334410 -0.314641 -0.294667 -0.274501 -0.254161 -0.233667 -0.213047 -0.192331 -0.171560 -0.150781 -0.130049 -0.109430 -0.089001 -0.068852 -0.049086 -0.029819 -0.011183 0.006677 0.023603 0.039426 0.053967 0.067047 0.078488 0.088119 0.095788 0.101365 0.104752 0.105888 0.104752 0.101365 0.095788 0.088119 0.078488 0.067047 0.053967 0.039426 0.023603 0.006677 -0.011183 -0.029819 -0.049086 -0.068852 -0.089001 -0.109430 -0.130049 -0.150781 -0.171560 -0.192331 -0.213047 -0.233667 -0.254161 -0.274501 -0.294667 -0.314641 -0.334410 -0.353964 -0.373295 -0.392399 
-0.381497 -0.361873 -0.341986 -0.321838 -0.301435 -0.280782 -0.259891 -0.238775 -0.217452 -0.195946 -0.174286 -0.152508 -0.130657 -0.108787 -0.086965 -0.065268 -0.043789 -0.022636 -0.001934 0.018175 0.037529 0.055950 0.073244 0.089205 0.103619 0.116274 0.126962 0.135496 0.141717 0.145501 0.146771 0.145501 0.141717 0.135496 0.126962 0.116274 0.103619 0.089205 0.073244 0.055950 0.037529 0.018175 -0.001934 -0.022636 -0.043789 -0.065268 -0.086965 -0.108787 -0.130657 -0.152508 -0.174286 -0.195946 -0.217452 -0.238775 -0.259891 -0.280782 -0.301435 -0.321838 -0.341986 -0.361873 -0.381497 
-0.370969 -0.350827 -0.330385 -0.309642 -0.288600 -0.267262 -0.245636 -0.223730 -0.201560 -0.179144 -0.156507 -0.133682 -0.110711 -0.087645 -0.064547 -0.041496 -0.018585 0.004073 0.026347 0.048082 0.069101 0.089205 0.108171 0.125759 0.141717 0.155787 0.167717 0.177275 0.184260 0.188516 0.189946 0.188516 0.184260 0.177275 0.167717 0.155787 0.141717 0.125759 0.108171 0.089205 0.069101 0.048082 0.026347 0.004073 -0.018585 -0.041496 -0.064547 -0.087645 -0.110711 -0.133682 -0.156507 -0.179144 -0.201560 -0.223730 -0.245636 -0.267262 -0.288600 -0.309642 -0.330385 -0.350827 -0.370969 
-0.360850 -0.340195 -0.319201 -0.297866 -0.276186 -0.254161 -0.231793 -0.209089 -0.186056 -0.162710 -0.139070 -0.115163 -0.091026 -0.066706 -0.042262 -0.017770 0.006677 0.030965 0.054957 0.078488 0.101365 0.123364 0.144235 0.163697 0.181450 0.197182 0.210584 0.221364 0.229266 0.234092 0.235716 0.234092 0.229266 0.221364 0.210584 0.197182 0.181450 0.163697 0.144235 0.123364 0.101365 0.078488 0.054957 0.030965 0.006677 -0.017770 -0.042262 -0.066706 -0.091026 -0.115163 -0.139070 -0.162710 -0.186056 -0.209089 -0.231793 -0.254161 -0.276186 -0.297866 -0.319201 -0.340195 -0.360850 
-0.351177 -0.330017 -0.308480 -0.286557 -0.264243 -0.241533 -0.218424 -0.194917 -0.171013 -0.146722 -0.122057 -0.097038 -0.071695 -0.046068 -0.020211 0.005807 0.031896 0.057943 0.083807 0.109317 0.134265 0.158404 0.181450 0.203078 0.222930 0.240630 0.255791 0.268043 0.277060 0.282582 0.284441 0.282582 0.277060 0.268043 0.255791 0.240630 0.222930 0.203078 0.181450 0.158404 0.134265 0.109317 0.083807 0.057943 0.031896 0.005807 -0.020211 -0.046068 -0.071695 -0.097038 -0.122057 -0.146722 -0.171013 -0.194917 -0.218424 -0.241533 -0.264243 -0.286557 -0.308480 -0.330017 -0.351177 
-0.341986 -0.320334 -0.298264 -0.275765 -0.252827 -0.229439 -0.205593 -0.181284 -0.156507 -0.131264 -0.105559 -0.079406 -0.052824 -0.025845 0.001487 0.029111 0.056945 0.084881 0.112779 0.140464 0.167717 0.194271 0.219804 0.243944 0.266267 0.286311 0.303594 0.317644 0.328032 0.334415 0.336568 0.334415 0.328032 0.317644 0.303594 0.286311 0.266267 0.243944 0.219804 0.194271 0.167717 0.140464 0.112779 0.084881 0.056945 0.029111 0.001487 -0.025845 -0.052824 -0.079406 -0.105559 -0.131264 -0.156507 -0.181284 -0.205593 -0.229439 -0.252827 -0.275765 -0.298264 -0.320334 -0.341986 
-0.333316 -0.311187 -0.288600 -0.265540 -0.241991 -0.217939 -0.193367 -0.168265 -0.142620 -0.116426 -0.089677 -0.062377 -0.034533 -0.006166 0.022693 0.051995 0.081670 0.111621 0.141717 0.171783 0.201595 0.230868 0.259249 0.286311 0.311554 0.334415 0.354287 0.370558 0.382659 0.390126 0.392651 0.390126 0.382659 0.370558 0.354287 0.334415 0.311554 0.286311 0.259249 0.230868 0.201595 0.171783 0.141717 0.111621 0.081670 0.051995 0.022693 -0.006166 -0.034533 -0.062377 -0.089677 -0.116426 -0.142620 -0.168265 -0.193367 -0.217939 -0.241991 -0.265540 -0.288600 -0.311187 -0.333316 
-0.325204 -0.302617 -0.279534 -0.255933 -0.231793 -0.207095 -0.181817 -0.155938 -0.129440 -0.102304 -0.074517 -0.046068 -0.016953 0.012824 0.043248 0.074287 0.105888 0.137972 0.170423 0.203078 0.235716 0.268043 0.299680 0.330147 0.358859 0.385131 0.408194 0.427249 0.441527 0.450385 0.453388 0.450385 0.441527 0.427249 0.408194 0.385131 0.358859 0.330147 0.299680 0.268043 0.235716 0.203078 0.170423 0.137972 0.105888 0.074287 0.043248 0.012824 -0.016953 -0.046068 -0.074517 -0.102304 -0.129440 -0.155938 -0.181817 -0.207095 -0.231793 -0.255933 -0.279534 -0.302617 -0.325204 
-0.317687 -0.294667 -0.271111 -0.246994 -0.222290 -0.196973 -0.171013 -0.144383 -0.117055 -0.089001 -0.060193 -0.030609 -0.000227 0.030965 0.062973 0.095788 0.129380 0.163697 0.198647 0.234092 0.269828 0.305567 0.340915 0.375348 0.408194 0.438624 0.465669 0.488268 0.505367 0.516048 0.519684 0.516048 0.505367 0.488268 0.465669 0.438624 0.408194 0.375348 0.340915 0.305567 0.269828 0.234092 0.198647 0.163697 0.129380 0.095788 0.062973 0.030965 -0.000227 -0.030609 -0.060193 -0.089001 -0.117055 -0.144383 -0.171013 -0.196973 -0.222290 -0.246994 -0.271111 -0.294667 -0.317687 
-0.310801 -0.287375 -0.263377 -0.238775 -0.213538 -0.187635 -0.161028 -0.133682 -0.105559 -0.076620 -0.046825 -0.016134 0.015490 0.048082 0.081670 0.116274 0.151895 0.188516 0.226084 0.264499 0.303594 0.343109 0.382659 0.421698 0.459474 0.495006 0.527073 0.554263 0.575097 0.588237 0.592732 0.588237 0.575097 0.554263 0.527073 0.495006 0.459474 0.421698 0.382659 0.343109 0.303594 0.264499 0.226084 0.188516 0.151895 0.116274 0.081670 0.048082 0.015490 -0.016134 -0.046825 -0.076620 -0.105559 -0.133682 -0.161028 -0.187635 -0.213538 -0.238775 -0.263377 -0.287375 -0.310801 
-0.304581 -0.280782 -0.256374 -0.231324 -0.205593 -0.179144 -0.151933 -0.123916 -0.095044 -0.065268 -0.034533 -0.002784 0.030037 0.063988 0.099124 0.135496 0.173148 0.212105 0.252366 0.293889 0.336568 0.380205 0.424462 0.468808 0.512451 0.554263 0.592732 0.625978 0.651891 0.668449 0.674154 0.668449 0.651891 0.625978 0.592732 0.554263 0.512451 0.468808 0.424462 0.380205 0.336568 0.293889 0.252366 0.212105 0.173148 0.135496 0.099124 0.063988 0.030037 -0.002784 -0.034533 -0.065268 -0.095044 -0.123916 -0.151933 -0.179144 -0.205593 -0.231324 -0.256374 -0.280782 -0.304581 
-0.299059 -0.274923 -0.250145 -0.224688 -0.198508 -0.171560 -0.143797 -0.115163 -0.085602 -0.055050 -0.023441 0.009299 0.043248 0.078488 0.115105 0.153188 0.192823 0.234092 0.277060 0.321763 0.368187 0.416233 0.465669 0.516048 0.566611 0.616142 0.662839 0.704222 0.737247 0.758746 0.766231 0.758746 0.737247 0.704222 0.662839 0.616142 0.566611 0.516048 0.465669 0.416233 0.368187 0.321763 0.277060 0.234092 0.192823 0.153188 0.115105 0.078488 0.043248 0.009299 -0.023441 -0.055050 -0.085602 -0.115163 -0.143797 -0.171560 -0.198508 -0.224688 -0.250145 -0.274923 -0.299059 
-0.294265 -0.269832 -0.244728 -0.218910 -0.192331 -0.164941 -0.136685 -0.107499 -0.077319 -0.046068 -0.013667 0.019976 0.054957 0.091386 0.129380 0.169067 0.210584 0.254074 0.299680 0.347538 0.397755 0.450385 0.505367 0.562445 0.621024 0.679957 0.737247 0.789749 0.833063 0.862055 0.872313 0.862055 0.833063 0.789749 0.737247 0.679957 0.621024 0.562445 0.505367 0.450385 0.397755 0.347538 0.299680 0.254074 0.210584 0.169067 0.129380 0.091386 0.054957 0.019976 -0.013667 -0.046068 -0.077319 -0.107499 -0.136685 -0.164941 -0.192331 -0.218910 -0.244728 -0.269832 -0.294265 
-0.290227 -0.265540 -0.240156 -0.214030 -0.187109 -0.159339 -0.130657 -0.100994 -0.070276 -0.038417 -0.005323 0.029111 0.065005 0.102490 0.141717 0.182852 0.226084 0.271623 0.319697 0.370558 0.424462 0.481659 0.542345 0.606584 0.674154 0.744261 0.815055 0.882899 0.941629 0.982681 0.997596 0.982681 0.941629 0.882899 0.815055 0.744261 0.674154 0.606584 0.542345 0.481659 0.424462 0.370558 0.319697 0.271623 0.226084 0.182852 0.141717 0.102490 0.065005 0.029111 -0.005323 -0.038417 -0.070276 -0.100994 -0.130657 -0.159339 -0.187109 -0.214030 -0.240156 -0.265540 -0.290227 
-0.286967 -0.262073 -0.236461 -0.210082 -0.182881 -0.154798 -0.125766 -0.095710 -0.064547 -0.032183 0.001487 0.036584 0.073244 0.111621 0.151895 0.194271 0.238984 0.286311 0.336568 0.390126 0.447407 0.508890 0.575097 0.646548 0.723645 0.806404 0.893837 0.982681 1.065199 1.127133 1.150735 1.127133 1.065199 0.982681 0.893837 0.806404 0.723645 0.646548 0.575097 0.508890 0.447407 0.390126 0.336568 0.286311 0.238984 0.194271 0.151895 0.111621 0.073244 0.036584 0.001487 -0.032183 -0.064547 -0.095710 -0.125766 -0.154798 -0.182881 -0.210082 -0.236461 -0.262073 -0.286967 
-0.284504 -0.259453 -0.233667 -0.207095 -0.179680 -0.151357 -0.122057 -0.091699 -0.060193 -0.027440 0.006677 0.042289 0.079546 0.118622 0.159720 0.203078 0.248973 0.297739 0.349773 0.405555 0.465669 0.530827 0.601904 0.679957 0.766231 0.862055 0.968417 1.084554 1.203883 1.305095 1.347554 1.305095 1.203883 1.084554 0.968417 0.862055 0.766231 0.679957 0.601904 0.530827 0.465669 0.405555 0.349773 0.297739 0.248973 0.203078 0.159720 0.118622 0.079546 0.042289 0.006677 -0.027440 -0.060193 -0.091699 -0.122057 -0.151357 -0.179680 -0.207095 -0.233667 -0.259453 -0.284504 
-0.282854 -0.257697 -0.231793 -0.205091 -0.177531 -0.149047 -0.119564 -0.089001 -0.057263 -0.024244 0.010178 0.046141 0.083807 0.123364 0.165032 0.209070 0.255791 0.305567 0.358859 0.416233 0.478401 0.546272 0.621024 0.704222 0.797972 0.905150 1.029644 1.176209 1.347554 1.526531 1.620039 1.526531 1.347554 1.176209 1.029644 0.905150 0.797972 0.704222 0.621024 0.546272 0.478401 0.416233 0.358859 0.305567 0.255791 0.209070 0.165032 0.123364 0.083807 0.046141 0.010178 -0.024244 -0.057263 -0.089001 -0.119564 -0.149047 -0.177531 -0.205091 -0.231793 -0.257697 -0.282854 
-0.282026 -0.256816 -0.230853 -0.204086 -0.176452 -0.147886 -0.118312 -0.087645 -0.055789 -0.022636 0.011940 0.048082 0.085957 0.125759 0.167717 0.212105 0.259249 0.309547 0.363492 0.421698 0.484948 0.554263 0.631004 0.717045 0.815055 0.929014 1.065199 1.234181 1.454860 1.755632 2.012021 1.755632 1.454860 1.234181 1.065199 0.929014 0.815055 0.717045 0.631004 0.554263 0.484948 0.421698 0.363492 0.309547 0.259249 0.212105 0.167717 0.125759 0.085957 0.048082 0.011940 -0.022636 -0.055789 -0.087645 -0.118312 -0.147886 -0.176452 -0.204086 -0.230853 -0.256816 -0.282026 
-0.281923 -0.256705 -0.230736 -0.203960 -0.176317 -0.147741 -0.118155 -0.087475 -0.055605 -0.022434 0.012161 0.048325 0.086226 0.126059 0.168054 0.212486 0.259683 0.310048 0.364075 0.422387 0.485775 0.555275 0.632273 0.718683 0.817253 0.932122 1.069930 1.242227 1.471286 1.801840 2.140509 1.801840 1.471286 1.242227 1.069930 0.932122 0.817253 0.718683 0.632273 0.555275 0.485775 0.422387 0.364075 0.310048 0.259683 0.212486 0.168054 0.126059 0.086226 0.048325 0.012161 -0.022434 -0.055605 -0.087475 -0.118155 -0.147741 -0.176317 -0.203960 -0.230736 -0.256705 -0.281923 
-0.282031 -0.256820 -0.230858 -0.204091 -0.176458 -0.147892 -0.118319 -0.087652 -0.055797 -0.022645 0.011930 0.048072 0.085945 0.125746 0.167703 0.212088 0.259230 0.309526 0.363467 0.421668 0.484912 0.554219 0.630949 0.716974 0.814959 0.928880 1.064995 1.233836 1.454166 1.753778 2.007577 1.753778 1.454166 1.233836 1.064995 0.928880 0.814959 0.716974 0.630949 0.554219 0.484912 0.421668 0.363467 0.309526 0.259230 0.212088 0.167703 0.125746 0.085945 0.048072 0.011930 -0.022645 -0.055797 -0.087652 -0.118319 -0.147892 -0.176458 -0.204091 -0.230858 -0.256820 -0.282031 
-0.282867 -0.257711 -0.231809 -0.205108 -0.177548 -0.149065 -0.119584 -0.089023 -0.057287 -0.024270 0.010149 0.046110 0.083773 0.123326 0.164989 0.209022 0.255735 0.305503 0.358785 0.416146 0.478296 0.546144 0.620865 0.704019 0.797703 0.904778 1.029099 1.175352 1.346087 1.523933 1.616522 1.523933 1.346087 1.175352 1.029099 0.904778 0.797703 0.704019 0.620865 0.546144 0.478296 0.416146 0.358785 0.305503 0.255735 0.209022 0.164989 0.123326 0.083773 0.046110 0.010149 -0.024270 -0.057287 -0.089023 -0.119584 -0.149065 -0.177548 -0.205108 -0.231809 -0.257711 -0.282867 
-0.284526 -0.259476 -0.233692 -0.207122 -0.179709 -0.151388 -0.122090 -0.091735 -0.060233 -0.027483 0.006630 0.042237 0.079489 0.118559 0.159649 0.202998 0.248882 0.297635 0.349652 0.405414 0.465501 0.530624 0.601654 0.679642 0.765824 0.861512 0.967667 1.083482 1.202330 1.302963 1.345117 1.302963 1.202330 1.083482 0.967667 0.861512 0.765824 0.679642 0.601654 0.530624 0.465501 0.405414 0.349652 0.297635 0.248882 0.202998 0.159649 0.118559 0.079489 0.042237 0.006630 -0.027483 -0.060233 -0.091735 -0.122090 -0.151388 -0.179709 -0.207122 -0.233692 -0.259476 -0.284526 
-0.286997 -0.262106 -0.236496 -0.210119 -0.182921 -0.154841 -0.125812 -0.095760 -0.064602 -0.032243 0.001422 0.036513 0.073165 0.111534 0.151798 0.194161 0.238861 0.286170 0.336406 0.389937 0.447184 0.508624 0.574774 0.646148 0.723143 0.805761 0.893000 0.981584 1.063787 1.125423 1.148895 1.125423 1.063787 0.981584 0.893000 0.805761 0.723143 0.646148 0.574774 0.508624 0.447184 0.389937 0.336406 0.286170 0.238861 0.194161 0.151798 0.111534 0.073165 0.036513 0.001422 -0.032243 -0.064602 -0.095760 -0.125812 -0.154841 -0.182921 -0.210119 -0.236496 -0.262106 -0.286997 
-0.290266 -0.265582 -0.240201 -0.214077 -0.187160 -0.159393 -0.130715 -0.101058 -0.070345 -0.038492 -0.005405 0.029022 0.064906 0.102381 0.141595 0.182716 0.225931 0.271448 0.319498 0.370327 0.424193 0.481342 0.541967 0.606128 0.673597 0.743575 0.814207 0.881859 0.940386 0.981272 0.996122 0.981272 0.940386 0.881859 0.814207 0.743575 0.673597 0.606128 0.541967 0.481342 0.424193 0.370327 0.319498 0.271448 0.225931 0.182716 0.141595 0.102381 0.064906 0.029022 -0.005405 -0.038492 -0.070345 -0.101058 -0.130715 -0.159393 -0.187160 -0.214077 -0.240201 -0.265582 -0.290266 
-0.294313 -0.269883 -0.244782 -0.218967 -0.192393 -0.165007 -0.136755 -0.107576 -0.077401 -0.046158 -0.013764 0.019869 0.054840 0.091257 0.129237 0.168907 0.210405 0.253871 0.299450 0.347274 0.397451 0.450031 0.504952 0.561955 0.620443 0.679265 0.736427 0.788789 0.831970 0.860862 0.871083 0.860862 0.831970 0.788789 0.736427 0.679265 0.620443 0.561955 0.504952 0.450031 0.397451 0.347274 0.299450 0.253871 0.210405 0.168907 0.129237 0.091257 0.054840 0.019869 -0.013764 -0.046158 -0.077401 -0.107576 -0.136755 -0.165007 -0.192393 -0.218967 -0.244782 -0.269883 -0.294313 
-0.299114 -0.274982 -0.250208 -0.224754 -0.198579 -0.171637 -0.143879 -0.115251 -0.085697 -0.055154 -0.023553 0.009177 0.043114 0.078340 0.114942 0.153007 0.192622 0.233866 0.276805 0.321473 0.367856 0.415855 0.465232 0.515543 0.566025 0.615465 0.662062 0.703344 0.736278 0.757713 0.765174 0.757713 0.736278 0.703344 0.662062 0.615465 0.566025 0.515543 0.465232 0.415855 0.367856 0.321473 0.276805 0.233866 0.192622 0.153007 0.114942 0.078340 0.043114 0.009177 -0.023553 -0.055154 -0.085697 -0.115251 -0.143879 -0.171637 -0.198579 -0.224754 -0.250208 -0.274982 -0.299114 
-0.304644 -0.280849 -0.256446 -0.231400 -0.205674 -0.179230 -0.152026 -0.124015 -0.095152 -0.065384 -0.034659 -0.002921 0.029888 0.063824 0.098943 0.135297 0.172928 0.211859 0.252091 0.293580 0.336220 0.379811 0.424015 0.468300 0.511874 0.553611 0.592003 0.625174 0.651024 0.667538 0.673227 0.667538 0.651024 0.625174 0.592003 0.553611 0.511874 0.468300 0.424015 0.379811 0.336220 0.293580 0.252091 0.211859 0.172928 0.135297 0.098943 0.063824 0.029888 -0.002921 -0.034659 -0.065384 -0.095152 -0.124015 -0.152026 -0.179230 -0.205674 -0.231400 -0.256446 -0.280849 -0.304644 
-0.310871 -0.287450 -0.263456 -0.238859 -0.213628 -0.187730 -0.161131 -0.133792 -0.105678 -0.076748 -0.046963 -0.016284 0.015327 0.047904 0.081476 0.116060 0.151660 0.188256 0.225795 0.264177 0.303235 0.342707 0.382209 0.421195 0.458913 0.494385 0.526391 0.553524 0.574313 0.587422 0.591906 0.587422 0.574313 0.553524 0.526391 0.494385 0.458913 0.421195 0.382209 0.342707 0.303235 0.264177 0.225795 0.188256 0.151660 0.116060 0.081476 0.047904 0.015327 -0.016284 -0.046963 -0.076748 -0.105678 -0.133792 -0.161131 -0.187730 -0.213628 -0.238859 -0.263456 -0.287450 -0.310871 
-0.317764 -0.294749 -0.271198 -0.247086 -0.222389 -0.197077 -0.171125 -0.144503 -0.117184 -0.089139 -0.060342 -0.030770 -0.000402 0.030776 0.062766 0.095561 0.129132 0.163425 0.198348 0.233762 0.269463 0.305163 0.340469 0.374856 0.407653 0.438034 0.465031 0.487587 0.504651 0.515310 0.518938 0.515310 0.504651 0.487587 0.465031 0.438034 0.407653 0.374856 0.340469 0.305163 0.269463 0.233762 0.198348 0.163425 0.129132 0.095561 0.062766 0.030776 -0.000402 -0.030770 -0.060342 -0.089139 -0.117184 -0.144503 -0.171125 -0.197077 -0.222389 -0.247086 -0.271198 -0.294749 -0.317764 
-0.325288 -0.302706 -0.279628 -0.256032 -0.231899 -0.207208 -0.181937 -0.156067 -0.129577 -0.102452 -0.074676 -0.046239 -0.017137 0.012625 0.043031 0.074051 0.105631 0.137692 0.170116 0.202742 0.235348 0.267641 0.299241 0.329668 0.358340 0.384571 0.407597 0.426618 0.440870 0.449710 0.452708 0.449710 0.440870 0.426618 0.407597 0.384571 0.358340 0.329668 0.299241 0.267641 0.235348 0.202742 0.170116 0.137692 0.105631 0.074051 0.043031 0.012625 -0.017137 -0.046239 -0.074676 -0.102452 -0.129577 -0.156067 -0.181937 -0.207208 -0.231899 -0.256032 -0.279628 -0.302706 -0.325288 
-0.333406 -0.311282 -0.288701 -0.265647 -0.242104 -0.218059 -0.193495 -0.168401 -0.142766 -0.116581 -0.089844 -0.062556 -0.034726 -0.006374 0.022468 0.051752 0.081407 0.111336 0.141407 0.171446 0.201229 0.230471 0.258819 0.285848 0.311057 0.333885 0.353726 0.369970 0.382051 0.389505 0.392025 0.389505 0.382051 0.369970 0.353726 0.333885 0.311057 0.285848 0.258819 0.230471 0.201229 0.171446 0.141407 0.111336 0.081407 0.051752 0.022468 -0.006374 -0.034726 -0.062556 -0.089844 -0.116581 -0.142766 -0.168401 -0.193495 -0.218059 -0.242104 -0.265647 -0.288701 -0.311282 -0.333406 
-0.342082 -0.320435 -0.298371 -0.275878 -0.252946 -0.229566 -0.205728 -0.181427 -0.156660 -0.131427 -0.105734 -0.079593 -0.053024 -0.026060 0.001256 0.028863 0.056677 0.084592 0.112467 0.140128 0.167355 0.193881 0.219386 0.243497 0.265791 0.285807 0.303066 0.317094 0.327466 0.333838 0.335988 0.333838 0.327466 0.317094 0.303066 0.285807 0.265791 0.243497 0.219386 0.193881 0.167355 0.140128 0.112467 0.084592 0.056677 0.028863 0.001256 -0.026060 -0.053024 -0.079593 -0.105734 -0.131427 -0.156660 -0.181427 -0.205728 -0.229566 -0.252946 -0.275878 -0.298371 -0.320435 -0.342082 
-0.351278 -0.330124 -0.308592 -0.286676 -0.264369 -0.241666 -0.218565 -0.195066 -0.171172 -0.146891 -0.122237 -0.097230 -0.071901 -0.046288 -0.020446 0.005555 0.031626 0.057653 0.083496 0.108984 0.133908 0.158023 0.181044 0.202646 0.222475 0.240151 0.255291 0.267527 0.276530 0.282044 0.283900 0.282044 0.276530 0.267527 0.255291 0.240151 0.222475 0.202646 0.181044 0.158023 0.133908 0.108984 0.083496 0.057653 0.031626 0.005555 -0.020446 -0.046288 -0.071901 -0.097230 -0.122237 -0.146891 -0.171172 -0.195066 -0.218565 -0.241666 -0.264369 -0.286676 -0.308592 -0.330124 -0.351278 
-0.360957 -0.340307 -0.319319 -0.297990 -0.276317 -0.254299 -0.231940 -0.209244 -0.186221 -0.162884 -0.139255 -0.115360 -0.091236 -0.066929 -0.042500 -0.018024 0.006406 0.030676 0.054648 0.078159 0.101014 0.122993 0.143841 0.163282 0.181014 0.196727 0.210112 0.220877 0.228768 0.233588 0.235209 0.233588 0.228768 0.220877 0.210112 0.196727 0.181014 0.163282 0.143841 0.122993 0.101014 0.078159 0.054648 0.030676 0.006406 -0.018024 -0.042500 -0.066929 -0.091236 -0.115360 -0.139255 -0.162884 -0.186221 -0.209244 -0.231940 -0.254299 -0.276317 -0.297990 -0.319319 -0.340307 -0.360957 
-0.371080 -0.350944 -0.330507 -0.309771 -0.288736 -0.267406 -0.245787 -0.223890 -0.201729 -0.179322 -0.156696 -0.133883 -0.110924 -0.087871 -0.064788 -0.041752 -0.018857 0.003785 0.026041 0.047758 0.068758 0.088843 0.107789 0.125359 0.141299 0.155352 0.167268 0.176814 0.183790 0.188041 0.189469 0.188041 0.183790 0.176814 0.167268 0.155352 0.141299 0.125359 0.107789 0.088843 0.068758 0.047758 0.026041 0.003785 -0.018857 -0.041752 -0.064788 -0.087871 -0.110924 -0.133883 -0.156696 -0.179322 -0.201729 -0.223890 -0.245787 -0.267406 -0.288736 -0.309771 -0.330507 -0.350944 -0.371080 
-0.381613 -0.361994 -0.342113 -0.321972 -0.301575 -0.280929 -0.260046 -0.238938 -0.217625 -0.196128 -0.174478 -0.152711 -0.130872 -0.109015 -0.087206 -0.065523 -0.044059 -0.022922 -0.002235 0.017857 0.037193 0.055597 0.072875 0.088819 0.103218 0.115859 0.126535 0.135059 0.141272 0.145051 0.146320 0.145051 0.141272 0.135059 0.126535 0.115859 0.103218 0.088819 0.072875 0.055597 0.037193 0.017857 -0.002235 -0.022922 -0.044059 -0.065523 -0.087206 -0.109015 -0.130872 -0.152711 -0.174478 -0.196128 -0.217625 -0.238938 -0.260046 -0.280929 -0.301575 -0.321972 -0.342113 -0.361994 -0.381613 
-0.392518 -0.373420 -0.354095 -0.334547 -0.314785 -0.294818 -0.274660 -0.254328 -0.233843 -0.213232 -0.192526 -0.171766 -0.150998 -0.130278 -0.109671 -0.089255 -0.069120 -0.049368 -0.030116 -0.011495 0.006350 0.023260 0.039068 0.053595 0.066662 0.078091 0.087711 0.095371 0.100942 0.104325 0.105460 0.104325 0.100942 0.095371 0.087711 0.078091 0.066662 0.053595 0.039068 0.023260 0.006350 -0.011495 -0.030116 -0.049368 -0.069120 -0.089255 -0.109671 -0.130278 -0.150998 -0.171766 -0.192526 -0.213232 -0.233843 -0.254328 -0.274660 -0.294818 -0.314785 -0.334547 -0.354095 -0.373420 -0.392518 
-0.403762 -0.385184 -0.366412 -0.347454 -0.328319 -0.309021 -0.289576 -0.270002 -0.250324 -0.230570 -0.210775 -0.190979 -0.171231 -0.151586 -0.132111 -0.112878 -0.093975 -0.075498 -0.057555 -0.040266 -0.023760 -0.008179 0.006331 0.019617 0.031526 0.041908 0.050623 0.057546 0.062571 0.065619 0.066640 0.065619 0.062571 0.057546 0.050623 0.041908 0.031526 0.019617 0.006331 -0.008179 -0.023760 -0.040266 -0.057555 -0.075498 -0.093975 -0.112878 -0.132111 -0.151586 -0.171231 -0.190979 -0.210775 -0.230570 -0.250324 -0.270002 -0.289576 -0.309021 -0.328319 -0.347454 -0.366412 -0.385184 -0.403762 
-0.415311 -0.397250 -0.379027 -0.360652 -0.342136 -0.323494 -0.304745 -0.285909 -0.267013 -0.248086 -0.229165 -0.210290 -0.191510 -0.172881 -0.154466 -0.136337 -0.118575 -0.101269 -0.084521 -0.068437 -0.053136 -0.038741 -0.025381 -0.013187 -0.002290 0.007183 0.015117 0.021405 0.025962 0.028724 0.029649 0.028724 0.025962 0.021405 0.015117 0.007183 -0.002290 -0.013187 -0.025381 -0.038741 -0.053136 -0.068437 -0.084521 -0.101269 -0.118575 -0.136337 -0.154466 -0.172881 -0.191510 -0.210290 -0.229165 -0.248086 -0.267013 -0.285909 -0.304745 -0.323494 -0.342136 -0.360652 -0.379027 -0.397250 -0.415311 
-0.427134 -0.409586 -0.391905 -0.374103 -0.356194 -0.338194 -0.320123 -0.302003 -0.283862 -0.265730 -0.247645 -0.229647 -0.211785 -0.194112 -0.176690 -0.159587 -0.142880 -0.126651 -0.110993 -0.096003 -0.081787 -0.068453 -0.056114 -0.044885 -0.034877 -0.026197 -0.018944 -0.013205 -0.009051 -0.006537 -0.005695 -0.006537 -0.009051 -0.013205 -0.018944 -0.026197 -0.034877 -0.044885 -0.056114 -0.068453 -0.081787 -0.096003 -0.110993 -0.126651 -0.142880 -0.159587 -0.176690 -0.194112 -0.211785 -0.229647 -0.247645 -0.265730 -0.283862 -0.302003 -0.320123 -0.338194 -0.356194 -0.374103 -0.391905 -0.409586 -0.427134 
-0.439202 -0.422159 -0.405012 -0.387772 -0.370457 -0.353082 -0.335669 -0.318241 -0.300827 -0.283458 -0.266170 -0.249006 -0.232010 -0.215237 -0.198744 -0.182595 -0.166863 -0.151623 -0.136961 -0.122964 -0.109726 -0.097344 -0.085917 -0.075544 -0.066320 -0.058337 -0.051679 -0.046418 -0.042615 -0.040315 -0.039546 -0.040315 -0.042615 -0.046418 -0.051679 -0.058337 -0.066320 -0.075544 -0.085917 -0.097344 -0.109726 -0.122964 -0.136961 -0.151623 -0.166863 -0.182595 -0.198744 -0.215237 -0.232010 -0.249006 -0.266170 -0.283458 -0.300827 -0.318241 -0.335669 -0.353082 -0.370457 -0.387772 -0.405012 -0.422159 -0.439202 
-0.451485 -0.434940 -0.418316 -0.401627 -0.384889 -0.368122 -0.351346 -0.334586 -0.317870 -0.301231 -0.284703 -0.268328 -0.252151 -0.236222 -0.220596 -0.205334 -0.190503 -0.176173 -0.162421 -0.149327 -0.136974 -0.125448 -0.114836 -0.105225 -0.096696 -0.089328 -0.083193 -0.078352 -0.074857 -0.072744 -0.072037 -0.072744 -0.074857 -0.078352 -0.083193 -0.089328 -0.096696 -0.105225 -0.114836 -0.125448 -0.136974 -0.149327 -0.162421 -0.176173 -0.190503 -0.205334 -0.220596 -0.236222 -0.252151 -0.268328 -0.284703 -0.301231 -0.317870 -0.334586 -0.351346 -0.368122 -0.384889 -0.401627 -0.418316 -0.434940 -0.451485 
-0.463959 -0.447901 -0.431788 -0.415636 -0.399461 -0.383282 -0.367121 -0.351004 -0.334958 -0.319014 -0.303209 -0.287582 -0.272176 -0.257038 -0.242222 -0.227785 -0.213787 -0.200294 -0.187375 -0.175102 -0.163551 -0.152798 -0.142918 -0.133987 -0.126077 -0.119255 -0.113582 -0.109112 -0.105887 -0.103939 -0.103287 -0.103939 -0.105887 -0.109112 -0.113582 -0.119255 -0.126077 -0.133987 -0.142918 -0.152798 -0.163551 -0.175102 -0.187375 -0.200294 -0.213787 -0.227785 -0.242222 -0.257038 -0.272176 -0.287582 -0.303209 -0.319014 -0.334958 -0.351004 -0.367121 -0.383282 -0.399461 -0.415636 -0.431788 -0.447901 -0.463959 
-0.476596 -0.461016 -0.445403 -0.429773 -0.414143 -0.398533 -0.382965 -0.367465 -0.352059 -0.336780 -0.321661 -0.306740 -0.292060 -0.277665 -0.263605 -0.249933 -0.236706 -0.223983 -0.211827 -0.200305 -0.189482 -0.179426 -0.170205 -0.161885 -0.154528 -0.148192 -0.142930 -0.138788 -0.135802 -0.134000 -0.133397 -0.134000 -0.135802 -0.138788 -0.142930 -0.148192 -0.154528 -0.161885 -0.170205 -0.179426 -0.189482 -0.200305 -0.211827 -0.223983 -0.236706 -0.249933 -0.263605 -0.277665 -0.292060 -0.306740 -0.321661 -0.336780 -0.352059 -0.367465 -0.382965 -0.398533 -0.414143 -0.429773 -0.445403 -0.461016 -0.476596 
-0.489376 -0.474262 -0.459135 -0.444012 -0.428910 -0.413849 -0.398852 -0.383942 -0.369149 -0.354501 -0.340033 -0.325780 -0.311783 -0.298084 -0.284730 -0.271769 -0.259255 -0.247242 -0.235787 -0.224949 -0.214789 -0.205367 -0.196741 -0.188970 -0.182109 -0.176208 -0.171313 -0.167463 -0.164690 -0.163017 -0.162457 -0.163017 -0.164690 -0.167463 -0.171313 -0.176208 -0.182109 -0.188970 -0.196741 -0.205367 -0.214789 -0.224949 -0.235787 -0.247242 -0.259255 -0.271769 -0.284730 -0.298084 -0.311783 -0.325780 -0.340033 -0.354501 -0.369149 -0.383942 -0.398852 -0.413849 -0.428910 -0.444012 -0.459135 -0.474262 -0.489376 
-0.502276 -0.487616 -0.472962 -0.458330 -0.443738 -0.429206 -0.414756 -0.400413 -0.386204 -0.372157 -0.358305 -0.344683 -0.331329 -0.318282 -0.305586 -0.293287 -0.281434 -0.270075 -0.259264 -0.249054 -0.239498 -0.230651 -0.222564 -0.215290 -0.208875 -0.203365 -0.198798 -0.195210 -0.192627 -0.191068 -0.190548 -0.191068 -0.192627 -0.195210 -0.198798 -0.203365 -0.208875 -0.215290 -0.222564 -0.230651 -0.239498 -0.249054 -0.259264 -0.270075 -0.281434 -0.293287 -0.305586 -0.318282 -0.331329 -0.344683 -0.358305 -0.372157 -0.386204 -0.400413 -0.414756 -0.429206 -0.443738 -0.458330 -0.472962 -0.487616 -0.502276 
-0.515277 -0.501058 -0.486862 -0.472706 -0.458606 -0.444583 -0.430659 -0.416858 -0.403205 -0.389729 -0.376461 -0.363434 -0.350684 -0.338248 -0.326168 -0.314485 -0.303243 -0.292490 -0.282271 -0.272636 -0.263633 -0.255309 -0.247713 -0.240887 -0.234876 -0.229718 -0.225447 -0.222094 -0.219681 -0.218226 -0.217740 -0.218226 -0.219681 -0.222094 -0.225447 -0.229718 -0.234876 -0.240887 -0.247713 -0.255309 -0.263633 -0.272636 -0.282271 -0.292490 -0.303243 -0.314485 -0.326168 -0.338248 -0.350684 -0.363434 -0.376461 -0.389729 -0.403205 -0.416858 -0.430659 -0.444583 -0.458606 -0.472706 -0.486862 -0.501058 -0.515277 
-0.528361 -0.514570 -0.500819 -0.487121 -0.473496 -0.459962 -0.446542 -0.433257 -0.420135 -0.407201 -0.394486 -0.382021 -0.369839 -0.357976 -0.346470 -0.335360 -0.324687 -0.314493 -0.304821 -0.295714 -0.287217 -0.279372 -0.272221 -0.265804 -0.260159 -0.255319 -0.251315 -0.248173 -0.245914 -0.244552 -0.244097 -0.244552 -0.245914 -0.248173 -0.251315 -0.255319 -0.260159 -0.265804 -0.272221 -0.279372 -0.287217 -0.295714 -0.304821 -0.314493 -0.324687 -0.335360 -0.346470 -0.357976 -0.369839 -0.382021 -0.394486 -0.407201 -0.420135 -0.433257 -0.446542 -0.459962 -0.473496 -0.487121 -0.500819 -0.514570 -0.528361 
-0.541510 -0.528135 -0.514813 -0.501559 -0.488390 -0.475326 -0.462387 -0.449597 -0.436980 -0.424561 -0.412369 -0.400433 -0.388786 -0.377461 -0.366492 -0.355916 -0.345770 -0.336094 -0.326926 -0.318306 -0.310274 -0.302867 -0.296123 -0.290078 -0.284765 -0.280214 -0.276452 -0.273502 -0.271381 -0.270103 -0.269676 -0.270103 -0.271381 -0.273502 -0.276452 -0.280214 -0.284765 -0.290078 -0.296123 -0.302867 -0.310274 -0.318306 -0.326926 -0.336094 -0.345770 -0.355916 -0.366492 -0.377461 -0.388786 -0.400433 -0.412369 -0.424561 -0.436980 -0.449597 -0.462387 -0.475326 -0.488390 -0.501559 -0.514813 -0.528135 -0.541510 
