31 31
3.719374e-02 0 5
-1.835338 -1.810659 -1.786132 -1.761895 -1.738114 -1.714986 -1.692736 -1.671619 -1.651921 -1.633946 -1.618011 -1.604433 -1.593509 -1.585499 -1.580607 -1.578961 -1.580607 -1.585499 -1.593509 -1.604433 -1.618011 -1.633946 -1.651921 -1.671619 -1.692736 -1.714986 -1.738114 -1.761895 -1.786132 -1.810659 -1.835338 
-1.811538 -1.785192 -1.758878 -1.732737 -1.706944 -1.681708 -1.657278 -1.633946 -1.612039 -1.591921 -1.573979 -1.558605 -1.546176 -1.537027 -1.531423 -1.529536 -1.531423 -1.537027 -1.546176 -1.558605 -1.573979 -1.591921 -1.612039 -1.633946 -1.657278 -1.681708 -1.706944 -1.732737 -1.758878 -1.785192 -1.811538 
-1.788005 -1.759886 -1.731652 -1.703443 -1.675435 -1.647851 -1.620961 -1.595090 -1.570619 -1.547978 -1.527639 -1.510093 -1.495825 -1.485272 -1.478787 -1.476599 -1.478787 -1.485272 -1.495825 -1.510093 -1.527639 -1.547978 -1.570619 -1.595090 -1.620961 -1.647851 -1.675435 -1.703443 -1.731652 -1.759886 -1.788005 
-1.764888 -1.734897 -1.704613 -1.674168 -1.643734 -1.613541 -1.583876 -1.555097 -1.527639 -1.502010 -1.478787 -1.458589 -1.442044 -1.429734 -1.422136 -1.419567 -1.422136 -1.429734 -1.442044 -1.458589 -1.478787 -1.502010 -1.527639 -1.555097 -1.583876 -1.613541 -1.643734 -1.674168 -1.704613 -1.734897 -1.764888 
-1.742361 -1.710412 -1.677957 -1.645112 -1.612039 -1.578961 -1.546176 -1.514067 -1.483123 -1.453940 -1.427220 -1.403745 -1.384340 -1.369792 -1.360764 -1.357703 -1.360764 -1.369792 -1.384340 -1.403745 -1.427220 -1.453940 -1.483123 -1.514067 -1.546176 -1.578961 -1.612039 -1.645112 -1.677957 -1.710412 -1.742361 
-1.720625 -1.686650 -1.651921 -1.616527 -1.580607 -1.544364 -1.508089 -1.472181 -1.437171 -1.403745 -1.372750 -1.345181 -1.322125 -1.304670 -1.293760 -1.290046 -1.293760 -1.304670 -1.322125 -1.345181 -1.372750 -1.403745 -1.437171 -1.472181 -1.508089 -1.544364 -1.580607 -1.616527 -1.651921 -1.686650 -1.720625 
-1.699908 -1.663867 -1.626789 -1.588724 -1.549771 -1.510093 -1.469952 -1.429734 -1.389995 -1.351498 -1.315247 -1.282497 -1.254699 -1.233381 -1.219928 -1.215324 -1.219928 -1.233381 -1.254699 -1.282497 -1.315247 -1.351498 -1.389995 -1.429734 -1.469952 -1.510093 -1.549771 -1.588724 -1.626789 -1.663867 -1.699908 
-1.680462 -1.642352 -1.602892 -1.562078 -1.519947 -1.476599 -1.432231 -1.387179 -1.341979 -1.297435 -1.254699 -1.215324 -1.181250 -1.154659 -1.137654 -1.131792 -1.137654 -1.154659 -1.181250 -1.215324 -1.254699 -1.297435 -1.341979 -1.387179 -1.432231 -1.476599 -1.519947 -1.562078 -1.602892 -1.642352 -1.680462 
-1.662558 -1.622426 -1.580607 -1.537027 -1.491641 -1.444456 -1.395560 -1.345181 -1.293760 -1.242067 -1.191335 -1.143416 -1.100872 -1.066864 -1.044696 -1.036973 -1.044696 -1.066864 -1.100872 -1.143416 -1.191335 -1.242067 -1.293760 -1.345181 -1.395560 -1.444456 -1.491641 -1.537027 -1.580607 -1.622426 -1.662558 
-1.646484 -1.604433 -1.560346 -1.514067 -1.465450 -1.414372 -1.360764 -1.304670 -1.246329 -1.186329 -1.125828 -1.066864 -1.012688 -0.967882 -0.937831 -0.927187 -0.937831 -0.967882 -1.012688 -1.066864 -1.125828 -1.186329 -1.246329 -1.304670 -1.360764 -1.414372 -1.465450 -1.514067 -1.560346 -1.604433 -1.646484 
-1.632525 -1.588724 -1.542544 -1.493739 -1.442044 -1.387179 -1.328869 -1.266887 -1.201132 -1.131792 -1.059634 -0.986523 -0.916195 -0.855085 -0.812230 -0.796629 -0.812230 -0.855085 -0.916195 -0.986523 -1.059634 -1.131792 -1.201132 -1.266887 -1.328869 -1.387179 -1.442044 -1.493739 -1.542544 -1.588724 -1.632525 
-1.620961 -1.575647 -1.527639 -1.476599 -1.422136 -1.363800 -1.301071 -1.233381 -1.160145 -1.080878 -0.995472 -0.904832 -0.812230 -0.725701 -0.660381 -0.635394 -0.660381 -0.725701 -0.812230 -0.904832 -0.995472 -1.080878 -1.160145 -1.233381 -1.301071 -1.363800 -1.422136 -1.476599 -1.527639 -1.575647 -1.620961 
-1.612039 -1.565519 -1.516038 -1.463178 -1.406432 -1.345181 -1.278660 -1.205928 -1.125828 -1.036973 -0.937831 -0.827134 -0.705324 -0.578925 -0.470518 -0.424659 -0.470518 -0.578925 -0.705324 -0.827134 -0.937831 -1.036973 -1.125828 -1.205928 -1.278660 -1.345181 -1.406432 -1.463178 -1.516038 -1.565519 -1.612039 
-1.605967 -1.558605 -1.508089 -1.453940 -1.395560 -1.332193 -1.262872 -1.186329 -1.100872 -1.004189 -0.893070 -0.763051 -0.608365 -0.424659 -0.228326 -0.123382 -0.228326 -0.424659 -0.608365 -0.763051 -0.893070 -1.004189 -1.100872 -1.186329 -1.262872 -1.332193 -1.395560 -1.453940 -1.508089 -1.558605 -1.605967 
-1.602892 -1.555097 -1.504048 -1.449230 -1.389995 -1.325513 -1.254699 -1.176094 -1.087674 -0.986523 -0.868231 -0.725701 -0.546599 -0.307589 0.032542 0.344503 0.032542 -0.307589 -0.546599 -0.725701 -0.868231 -0.986523 -1.087674 -1.176094 -1.254699 -1.325513 -1.389995 -1.449230 -1.504048 -1.555097 -1.602892 
-1.602506 -1.554656 -1.503540 -1.448637 -1.389293 -1.324669 -1.253664 -1.174793 -1.085988 -0.984249 -0.864993 -0.720723 -0.537998 -0.289506 0.086897 0.513276 0.086897 -0.289506 -0.537998 -0.720723 -0.864993 -0.984249 -1.085988 -1.174793 -1.253664 -1.324669 -1.389293 -1.448637 -1.503540 -1.554656 -1.602506 
-1.602909 -1.555116 -1.504070 -1.449256 -1.390025 -1.325550 -1.254744 -1.176150 -1.087747 -0.986622 -0.868371 -0.725916 -0.546968 -0.308353 0.030375 0.338844 0.030375 -0.308353 -0.546968 -0.725916 -0.868371 -0.986622 -1.087747 -1.176150 -1.254744 -1.325550 -1.390025 -1.449256 -1.504070 -1.555116 -1.602909 
-1.606016 -1.558661 -1.508154 -1.454016 -1.395649 -1.332300 -1.263002 -1.186492 -1.101081 -1.004468 -0.893457 -0.763622 -0.609275 -0.426247 -0.231216 -0.127364 -0.231216 -0.426247 -0.609275 -0.763622 -0.893457 -1.004468 -1.101081 -1.186492 -1.263002 -1.332300 -1.395649 -1.454016 -1.508154 -1.558661 -1.606016 
-1.612120 -1.565611 -1.516144 -1.463301 -1.406576 -1.345352 -1.278868 -1.206184 -1.126152 -1.037394 -0.938395 -0.827918 -0.706454 -0.580579 -0.472815 -0.427298 -0.472815 -0.580579 -0.706454 -0.827918 -0.938395 -1.037394 -1.126152 -1.206184 -1.278868 -1.345352 -1.406576 -1.463301 -1.516144 -1.565611 -1.612120 
-1.621071 -1.575773 -1.527782 -1.476764 -1.422329 -1.364027 -1.301344 -1.233712 -1.160554 -1.081394 -0.996136 -0.905701 -0.813376 -0.727187 -0.662189 -0.637344 -0.662189 -0.727187 -0.813376 -0.905701 -0.996136 -1.081394 -1.160554 -1.233712 -1.301344 -1.364027 -1.422329 -1.476764 -1.527782 -1.575773 -1.621071 
-1.632663 -1.588880 -1.542721 -1.493942 -1.442278 -1.387453 -1.329192 -1.267273 -1.201599 -1.132364 -1.060341 -0.987400 -0.917276 -0.856381 -0.813703 -0.798172 -0.813703 -0.856381 -0.917276 -0.987400 -1.060341 -1.132364 -1.201599 -1.267273 -1.329192 -1.387453 -1.442278 -1.493942 -1.542721 -1.588880 -1.632663 
-1.646646 -1.604615 -1.560551 -1.514301 -1.465718 -1.414681 -1.361125 -1.305093 -1.246830 -1.186925 -1.126539 -1.067709 -1.013679 -0.969014 -0.939069 -0.928464 -0.939069 -0.969014 -1.013679 -1.067709 -1.126539 -1.186925 -1.246830 -1.305093 -1.361125 -1.414681 -1.465718 -1.514301 -1.560551 -1.604615 -1.646646 
-1.662742 -1.622631 -1.580836 -1.537286 -1.491935 -1.444792 -1.395946 -1.345626 -1.294276 -1.242666 -1.192029 -1.144214 -1.101776 -1.067863 -1.045762 -1.038064 -1.045762 -1.067863 -1.101776 -1.144214 -1.192029 -1.242666 -1.294276 -1.345626 -1.395946 -1.444792 -1.491935 -1.537286 -1.580836 -1.622631 -1.662742 
-1.680663 -1.642575 -1.603141 -1.562357 -1.520260 -1.476952 -1.432632 -1.387635 -1.342497 -1.298024 -1.255366 -1.216071 -1.182074 -1.155550 -1.138590 -1.132744 -1.138590 -1.155550 -1.182074 -1.216071 -1.255366 -1.298024 -1.342497 -1.387635 -1.432632 -1.476952 -1.520260 -1.562357 -1.603141 -1.642575 -1.680663 
-1.700125 -1.664105 -1.627053 -1.589018 -1.550098 -1.510458 -1.470360 -1.430192 -1.390507 -1.352069 -1.315882 -1.283194 -1.255454 -1.234184 -1.220763 -1.216170 -1.220763 -1.234184 -1.255454 -1.283194 -1.315882 -1.352069 -1.390507 -1.430192 -1.470360 -1.510458 -1.550098 -1.589018 -1.627053 -1.664105 -1.700125 
-1.720854 -1.686901 -1.652196 -1.616831 -1.580942 -1.544735 -1.508500 -1.472635 -1.437672 -1.404296 -1.373352 -1.345831 -1.322820 -1.305400 -1.294514 -1.290808 -1.294514 -1.305400 -1.322820 -1.345831 -1.373352 -1.404296 -1.437672 -1.472635 -1.508500 -1.544735 -1.580942 -1.616831 -1.652196 -1.686901 -1.720854 
-1.742599 -1.710672 -1.678241 -1.645422 -1.612379 -1.579333 -1.546583 -1.514513 -1.483610 -1.454468 -1.427789 -1.404354 -1.384983 -1.370462 -1.361452 -1.358396 -1.361452 -1.370462 -1.384983 -1.404354 -1.427789 -1.454468 -1.483610 -1.514513 -1.546583 -1.579333 -1.612379 -1.645422 -1.678241 -1.710672 -1.742599 
-1.765133 -1.735164 -1.704902 -1.674481 -1.644075 -1.613912 -1.584278 -1.555533 -1.528109 -1.502515 -1.479326 -1.459160 -1.442642 -1.430353 -1.422769 -1.420204 -1.422769 -1.430353 -1.442642 -1.459160 -1.479326 -1.502515 -1.528109 -1.555533 -1.584278 -1.613912 -1.644075 -1.674481 -1.704902 -1.735164 -1.765133 
-1.788255 -1.760157 -1.731944 -1.703758 -1.675775 -1.648217 -1.621355 -1.595514 -1.571072 -1.548460 -1.528150 -1.510630 -1.496384 -1.485847 -1.479373 -1.477188 -1.479373 -1.485847 -1.496384 -1.510630 -1.528150 -1.548460 -1.571072 -1.595514 -1.621355 -1.648217 -1.675775 -1.703758 -1.731944 -1.760157 -1.788255 
-1.811792 -1.785465 -1.759171 -1.733051 -1.707281 -1.682069 -1.657664 -1.634357 -1.612476 -1.592383 -1.574464 -1.559111 -1.546700 -1.537564 -1.531969 -1.530085 -1.531969 -1.537564 -1.546700 -1.559111 -1.574464 -1.592383 -1.612476 -1.634357 -1.657664 -1.682069 -1.707281 -1.733051 -1.759171 -1.785465 -1.811792 
-1.835595 -1.810933 -1.786424 -1.762207 -1.738447 -1.715340 -1.693112 -1.672018 -1.652341 -1.634387 -1.618472 -1.604912 -1.594003 -1.586004 -1.581118 -1.579475 -1.581118 -1.586004 -1.594003 -1.604912 -1.618472 -1.634387 -1.652341 -1.672018 -1.693112 -1.715340 -1.738447 -1.762207 -1.786424 -1.810933 -1.835595 
