43 43
4.677351e-01 0 5
-0.230470 -0.207698 -0.185298 -0.163335 -0.141875 -0.120990 -0.100756 -0.081252 -0.062563 -0.044774 -0.027973 -0.012249 0.002309 0.015615 0.027585 0.038139 0.047205 0.054717 0.060621 0.064871 0.067434 0.068291 0.067434 0.064871 0.060621 0.054717 0.047205 0.038139 0.027585 0.015615 0.002309 -0.012249 -0.027973 -0.044774 -0.062563 -0.081252 -0.100756 -0.120990 -0.141875 -0.163335 -0.185298 -0.207698 -0.230470 
-0.208262 -0.184714 -0.161522 -0.138752 -0.116474 -0.094764 -0.073702 -0.053373 -0.033866 -0.015273 0.002309 0.018786 0.034059 0.048035 0.060621 0.071729 0.081279 0.089198 0.095425 0.099911 0.102617 0.103521 0.102617 0.099911 0.095425 0.089198 0.081279 0.071729 0.060621 0.048035 0.034059 0.018786 0.002309 -0.015273 -0.033866 -0.053373 -0.073702 -0.094764 -0.116474 -0.138752 -0.161522 -0.184714 -0.208262 
-0.186465 -0.162127 -0.138126 -0.114530 -0.091412 -0.068852 -0.046934 -0.025750 -0.005393 0.014036 0.032435 0.049699 0.065724 0.080405 0.093640 0.105334 0.115397 0.123748 0.130319 0.135054 0.137912 0.138867 0.137912 0.135054 0.130319 0.123748 0.115397 0.105334 0.093640 0.080405 0.065724 0.049699 0.032435 0.014036 -0.005393 -0.025750 -0.046934 -0.068852 -0.091412 -0.114530 -0.138126 -0.162127 -0.186465 
-0.165143 -0.140003 -0.115179 -0.090739 -0.066762 -0.043330 -0.020533 0.001535 0.022770 0.043068 0.062317 0.080405 0.097216 0.112637 0.126556 0.138867 0.149471 0.158280 0.165215 0.170215 0.173234 0.174244 0.173234 0.170215 0.165215 0.158280 0.149471 0.138867 0.126556 0.112637 0.097216 0.080405 0.062317 0.043068 0.022770 0.001535 -0.020533 -0.043330 -0.066762 -0.090739 -0.115179 -0.140003 -0.165143 
-0.144363 -0.118413 -0.092755 -0.067459 -0.042607 -0.018284 0.005416 0.028390 0.050533 0.071729 0.091860 0.110803 0.128435 0.144630 0.159266 0.172226 0.183401 0.192691 0.200012 0.205292 0.208482 0.209548 0.208482 0.205292 0.200012 0.192691 0.183401 0.172226 0.159266 0.144630 0.128435 0.110803 0.091860 0.071729 0.050533 0.028390 0.005416 -0.018284 -0.042607 -0.067459 -0.092755 -0.118413 -0.144363 
-0.124197 -0.097434 -0.070935 -0.044774 -0.019034 0.006195 0.030814 0.054717 0.077790 0.099911 0.120952 0.140782 0.159266 0.176267 0.191652 0.205292 0.217066 0.226863 0.234588 0.240165 0.243534 0.244661 0.243534 0.240165 0.234588 0.226863 0.217066 0.205292 0.191652 0.176267 0.159266 0.140782 0.120952 0.099911 0.077790 0.054717 0.030814 0.006195 -0.019034 -0.044774 -0.070935 -0.097434 -0.124197 
-0.104720 -0.077145 -0.049804 -0.022774 0.003861 0.030005 0.055557 0.080405 0.104427 0.127495 0.149471 0.170215 0.189580 0.207417 0.223580 0.237928 0.250327 0.260654 0.268805 0.274691 0.278249 0.279440 0.278249 0.274691 0.268805 0.260654 0.250327 0.237928 0.223580 0.207417 0.189580 0.170215 0.149471 0.127495 0.104427 0.080405 0.055557 0.030005 0.003861 -0.022774 -0.049804 -0.077145 -0.104720 
-0.086013 -0.057630 -0.029451 -0.001553 0.025976 0.053040 0.079532 0.105334 0.130319 0.154350 0.177281 0.198961 0.219230 0.237928 0.254896 0.269977 0.283025 0.293904 0.302497 0.308708 0.312463 0.313720 0.312463 0.308708 0.302497 0.293904 0.283025 0.269977 0.254896 0.237928 0.219230 0.198961 0.177281 0.154350 0.130319 0.105334 0.079532 0.053040 0.025976 -0.001553 -0.029451 -0.057630 -0.086013 
-0.068156 -0.038979 -0.009972 0.018786 0.047205 0.075185 0.102617 0.129376 0.155330 0.180334 0.204233 0.226863 0.248054 0.267634 0.285427 0.301263 0.314980 0.326429 0.335480 0.342026 0.345987 0.347313 0.345987 0.342026 0.335480 0.326429 0.314980 0.301263 0.285427 0.267634 0.248054 0.226863 0.204233 0.180334 0.155330 0.129376 0.102617 0.075185 0.047205 0.018786 -0.009972 -0.038979 -0.068156 
-0.051234 -0.021280 0.008537 0.038139 0.067434 0.096320 0.124683 0.152394 0.179315 0.205292 0.230162 0.253751 0.275875 0.296348 0.314980 0.331585 0.345987 0.358020 0.367542 0.374433 0.378604 0.380001 0.378604 0.374433 0.367542 0.358020 0.345987 0.331585 0.314980 0.296348 0.275875 0.253751 0.230162 0.205292 0.179315 0.152394 0.124683 0.096320 0.067434 0.038139 0.008537 -0.021280 -0.051234 
-0.035331 -0.004627 0.025976 0.056398 0.086548 0.116319 0.145595 0.174244 0.202119 0.229061 0.254896 0.279440 0.302497 0.323867 0.343344 0.360726 0.375821 0.388447 0.398447 0.405689 0.410075 0.411544 0.410075 0.405689 0.398447 0.388447 0.375821 0.360726 0.343344 0.323867 0.302497 0.279440 0.254896 0.229061 0.202119 0.174244 0.145595 0.116319 0.086548 0.056398 0.025976 -0.004627 -0.035331 
-0.020533 0.010888 0.042244 0.073455 0.104427 0.135054 0.165215 0.194774 0.223580 0.251466 0.278249 0.303735 0.327714 0.349972 0.370290 0.388447 0.404234 0.417454 0.427934 0.435530 0.440132 0.441673 0.440132 0.435530 0.427934 0.417454 0.404234 0.388447 0.370290 0.349972 0.327714 0.303735 0.278249 0.251466 0.223580 0.194774 0.165215 0.135054 0.104427 0.073455 0.042244 0.010888 -0.020533 
-0.006923 0.025173 0.057241 0.089198 0.120952 0.152394 0.183401 0.213833 0.243534 0.272330 0.300030 0.326429 0.351307 0.374433 0.395573 0.414492 0.430961 0.444768 0.455723 0.463668 0.468484 0.470098 0.468484 0.463668 0.455723 0.444768 0.430961 0.414492 0.395573 0.374433 0.351307 0.326429 0.300030 0.272330 0.243534 0.213833 0.183401 0.152394 0.120952 0.089198 0.057241 0.025173 -0.006923 
0.005416 0.038139 0.070868 0.103521 0.136005 0.168210 0.200012 0.231266 0.261812 0.291471 0.320043 0.347313 0.373049 0.397009 0.418941 0.438594 0.455723 0.470098 0.481514 0.489799 0.494823 0.496508 0.494823 0.489799 0.481514 0.470098 0.455723 0.438594 0.418941 0.397009 0.373049 0.347313 0.320043 0.291471 0.261812 0.231266 0.200012 0.168210 0.136005 0.103521 0.070868 0.038139 0.005416 
0.016406 0.049699 0.083030 0.116319 0.149471 0.182377 0.214909 0.246921 0.278249 0.308708 0.338091 0.366173 0.392713 0.417454 0.440132 0.460477 0.478230 0.493144 0.504997 0.513606 0.518829 0.520580 0.518829 0.513606 0.504997 0.493144 0.478230 0.460477 0.440132 0.417454 0.392713 0.366173 0.338091 0.308708 0.278249 0.246921 0.214909 0.182377 0.149471 0.116319 0.083030 0.049699 0.016406 
0.025976 0.059774 0.093640 0.127495 0.161243 0.194774 0.227961 0.260654 0.292686 0.323867 0.353984 0.382804 0.410075 0.435530 0.458889 0.479870 0.498196 0.513606 0.525863 0.534770 0.540177 0.541989 0.540177 0.534770 0.525863 0.513606 0.498196 0.479870 0.458889 0.435530 0.410075 0.382804 0.353984 0.323867 0.292686 0.260654 0.227961 0.194774 0.161243 0.127495 0.093640 0.059774 0.025976 
0.034059 0.068291 0.102617 0.136958 0.171220 0.205292 0.239045 0.272330 0.304974 0.336784 0.367542 0.397009 0.424922 0.451004 0.474965 0.496508 0.515342 0.531192 0.543808 0.552980 0.558550 0.560418 0.558550 0.552980 0.543808 0.531192 0.515342 0.496508 0.474965 0.451004 0.424922 0.397009 0.367542 0.336784 0.304974 0.272330 0.239045 0.205292 0.171220 0.136958 0.102617 0.068291 0.034059 
0.040599 0.075185 0.109888 0.144630 0.179315 0.213833 0.248054 0.281828 0.314980 0.347313 0.378604 0.408610 0.437060 0.463668 0.488133 0.510148 0.529410 0.545631 0.558550 0.567948 0.573656 0.575571 0.573656 0.567948 0.558550 0.545631 0.529410 0.510148 0.488133 0.463668 0.437060 0.408610 0.378604 0.347313 0.314980 0.281828 0.248054 0.213833 0.179315 0.144630 0.109888 0.075185 0.040599 
0.045547 0.080405 0.115397 0.150444 0.185454 0.220315 0.254896 0.289046 0.322589 0.355326 0.387031 0.417454 0.446321 0.473338 0.498196 0.520580 0.540177 0.556688 0.569845 0.579418 0.585235 0.587186 0.585235 0.579418 0.569845 0.556688 0.540177 0.520580 0.498196 0.473338 0.446321 0.417454 0.387031 0.355326 0.322589 0.289046 0.254896 0.220315 0.185454 0.150444 0.115397 0.080405 0.045547 
0.048867 0.083908 0.119095 0.154350 0.189580 0.224673 0.259498 0.293904 0.327714 0.360726 0.392713 0.423421 0.452573 0.479870 0.504997 0.527634 0.547460 0.564171 0.577491 0.587186 0.593077 0.595054 0.593077 0.587186 0.577491 0.564171 0.547460 0.527634 0.504997 0.479870 0.452573 0.423421 0.392713 0.360726 0.327714 0.293904 0.259498 0.224673 0.189580 0.154350 0.119095 0.083908 0.048867 
0.050533 0.085666 0.120952 0.156312 0.191652 0.226863 0.261812 0.296348 0.330292 0.363444 0.395573 0.426426 0.455723 0.483162 0.508426 0.531192 0.551135 0.567948 0.581351 0.591107 0.597036 0.599026 0.597036 0.591107 0.581351 0.567948 0.551135 0.531192 0.508426 0.483162 0.455723 0.426426 0.395573 0.363444 0.330292 0.296348 0.261812 0.226863 0.191652 0.156312 0.120952 0.085666 0.050533 
0.050741 0.085887 0.121185 0.156557 0.191912 0.227137 0.262102 0.296654 0.330615 0.363784 0.395932 0.426803 0.456118 0.483574 0.508856 0.531638 0.551596 0.568421 0.581835 0.591599 0.597533 0.599524 0.597533 0.591599 0.581835 0.568421 0.551596 0.531638 0.508856 0.483574 0.456118 0.426803 0.395932 0.363784 0.330615 0.296654 0.262102 0.227137 0.191912 0.156557 0.121185 0.085887 0.050741 
0.050524 0.085657 0.120942 0.156301 0.191641 0.226851 0.261800 0.296334 0.330278 0.363429 0.395558 0.426410 0.455706 0.483144 0.508408 0.531172 0.551115 0.567927 0.581330 0.591086 0.597015 0.599004 0.597015 0.591086 0.581330 0.567927 0.551115 0.531172 0.508408 0.483144 0.455706 0.426410 0.395558 0.363429 0.330278 0.296334 0.261800 0.226851 0.191641 0.156301 0.120942 0.085657 0.050524 
0.048840 0.083879 0.119065 0.154318 0.189546 0.224637 0.259461 0.293865 0.327673 0.360682 0.392667 0.423373 0.452522 0.479817 0.504942 0.527577 0.547401 0.564111 0.577429 0.587123 0.593013 0.594990 0.593013 0.587123 0.577429 0.564111 0.547401 0.527577 0.504942 0.479817 0.452522 0.423373 0.392667 0.360682 0.327673 0.293865 0.259461 0.224637 0.189546 0.154318 0.119065 0.083879 0.048840 
0.045502 0.080358 0.115347 0.150392 0.185399 0.220256 0.254834 0.288981 0.322521 0.355254 0.386955 0.417374 0.446237 0.473251 0.498105 0.520486 0.540079 0.556588 0.569742 0.579314 0.585130 0.587081 0.585130 0.579314 0.569742 0.556588 0.540079 0.520486 0.498105 0.473251 0.446237 0.417374 0.386955 0.355254 0.322521 0.288981 0.254834 0.220256 0.185399 0.150392 0.115347 0.080358 0.045502 
0.040537 0.075120 0.109820 0.144557 0.179238 0.213752 0.247969 0.281738 0.314885 0.347213 0.378499 0.408499 0.436944 0.463547 0.488007 0.510018 0.529276 0.545494 0.558410 0.567805 0.573512 0.575426 0.573512 0.567805 0.558410 0.545494 0.529276 0.510018 0.488007 0.463547 0.436944 0.408499 0.378499 0.347213 0.314885 0.281738 0.247969 0.213752 0.179238 0.144557 0.109820 0.075120 0.040537 
0.033981 0.068208 0.102529 0.136865 0.171123 0.205190 0.238937 0.272216 0.304854 0.336658 0.367410 0.396869 0.424776 0.450852 0.474807 0.496344 0.515174 0.531019 0.543631 0.552801 0.558370 0.560237 0.558370 0.552801 0.543631 0.531019 0.515174 0.496344 0.474807 0.450852 0.424776 0.396869 0.367410 0.336658 0.304854 0.272216 0.238937 0.205190 0.171123 0.136865 0.102529 0.068208 0.033981 
0.025881 0.059674 0.093535 0.127383 0.161126 0.194651 0.227831 0.260517 0.292542 0.323715 0.353825 0.382638 0.409901 0.435349 0.458701 0.479676 0.497996 0.513401 0.525654 0.534558 0.539962 0.541775 0.539962 0.534558 0.525654 0.513401 0.497996 0.479676 0.458701 0.435349 0.409901 0.382638 0.353825 0.323715 0.292542 0.260517 0.227831 0.194651 0.161126 0.127383 0.093535 0.059674 0.025881 
0.016296 0.049583 0.082908 0.116190 0.149336 0.182234 0.214758 0.246763 0.278083 0.308533 0.337908 0.365982 0.392514 0.417247 0.439916 0.460255 0.478002 0.492910 0.504758 0.513363 0.518585 0.520335 0.518585 0.513363 0.504758 0.492910 0.478002 0.460255 0.439916 0.417247 0.392514 0.365982 0.337908 0.308533 0.278083 0.246763 0.214758 0.182234 0.149336 0.116190 0.082908 0.049583 0.016296 
0.005290 0.038007 0.070729 0.103375 0.135852 0.168049 0.199842 0.231088 0.261625 0.291275 0.319838 0.347098 0.372826 0.396777 0.418701 0.438346 0.455468 0.469837 0.481248 0.489530 0.494552 0.496236 0.494552 0.489530 0.481248 0.469837 0.455468 0.438346 0.418701 0.396777 0.372826 0.347098 0.319838 0.291275 0.261625 0.231088 0.199842 0.168049 0.135852 0.103375 0.070729 0.038007 0.005290 
-0.007063 0.025026 0.057087 0.089036 0.120782 0.152216 0.183214 0.213637 0.243328 0.272114 0.299805 0.326194 0.351063 0.374180 0.395311 0.414222 0.430684 0.444484 0.455434 0.463375 0.468189 0.469802 0.468189 0.463375 0.455434 0.444484 0.430684 0.414222 0.395311 0.374180 0.351063 0.326194 0.299805 0.272114 0.243328 0.213637 0.183214 0.152216 0.120782 0.089036 0.057087 0.025026 -0.007063 
-0.020685 0.010728 0.042076 0.073278 0.104242 0.134860 0.165012 0.194561 0.223357 0.251233 0.278006 0.303482 0.327451 0.349700 0.370008 0.388158 0.403937 0.417151 0.427626 0.435217 0.439817 0.441358 0.439817 0.435217 0.427626 0.417151 0.403937 0.388158 0.370008 0.349700 0.327451 0.303482 0.278006 0.251233 0.223357 0.194561 0.165012 0.134860 0.104242 0.073278 0.042076 0.010728 -0.020685 
-0.035496 -0.004800 0.025795 0.056208 0.086349 0.116111 0.145377 0.174015 0.201880 0.228812 0.254637 0.279171 0.302218 0.323578 0.343046 0.360420 0.375507 0.388127 0.398122 0.405360 0.409744 0.411212 0.409744 0.405360 0.398122 0.388127 0.375507 0.360420 0.343046 0.323578 0.302218 0.279171 0.254637 0.228812 0.201880 0.174015 0.145377 0.116111 0.086349 0.056208 0.025795 -0.004800 -0.035496 
-0.051410 -0.021465 0.008344 0.037936 0.067222 0.096099 0.124451 0.152153 0.179063 0.205030 0.229890 0.253468 0.275582 0.296045 0.314668 0.331265 0.345659 0.357687 0.367203 0.374091 0.378260 0.379655 0.378260 0.374091 0.367203 0.357687 0.345659 0.331265 0.314668 0.296045 0.275582 0.253468 0.229890 0.205030 0.179063 0.152153 0.124451 0.096099 0.067222 0.037936 0.008344 -0.021465 -0.051410 
-0.068343 -0.039174 -0.010176 0.018572 0.046982 0.074952 0.102374 0.129123 0.155067 0.180060 0.203948 0.226568 0.247750 0.267319 0.285103 0.300931 0.314641 0.326084 0.335130 0.341673 0.345631 0.346956 0.345631 0.341673 0.335130 0.326084 0.314641 0.300931 0.285103 0.267319 0.247750 0.226568 0.203948 0.180060 0.155067 0.129123 0.102374 0.074952 0.046982 0.018572 -0.010176 -0.039174 -0.068343 
-0.086209 -0.057836 -0.029666 -0.001777 0.025743 0.052797 0.079279 0.105070 0.130045 0.154066 0.176987 0.198656 0.218915 0.237604 0.254563 0.269637 0.282677 0.293551 0.302139 0.308345 0.312099 0.313355 0.312099 0.308345 0.302139 0.293551 0.282677 0.269637 0.254563 0.237604 0.218915 0.198656 0.176987 0.154066 0.130045 0.105070 0.079279 0.052797 0.025743 -0.001777 -0.029666 -0.057836 -0.086209 
-0.104926 -0.077359 -0.050027 -0.023006 0.003618 0.029753 0.055295 0.080132 0.104144 0.127202 0.149168 0.169902 0.189257 0.207085 0.223240 0.237580 0.249972 0.260294 0.268439 0.274322 0.277879 0.279069 0.277879 0.274322 0.268439 0.260294 0.249972 0.237580 0.223240 0.207085 0.189257 0.169902 0.149168 0.127202 0.104144 0.080132 0.055295 0.029753 0.003618 -0.023006 -0.050027 -0.077359 -0.104926 
-0.124410 -0.097656 -0.071166 -0.045014 -0.019284 0.005935 0.030544 0.054437 0.077500 0.099611 0.120642 0.140463 0.158937 0.175930 0.191307 0.204939 0.216706 0.226497 0.234218 0.239791 0.243159 0.244285 0.243159 0.239791 0.234218 0.226497 0.216706 0.204939 0.191307 0.175930 0.158937 0.140463 0.120642 0.099611 0.077500 0.054437 0.030544 0.005935 -0.019284 -0.045014 -0.071166 -0.097656 -0.124410 
-0.144583 -0.118642 -0.092993 -0.067707 -0.042863 -0.018550 0.005140 0.028104 0.050237 0.071423 0.091544 0.110479 0.128101 0.144287 0.158916 0.171869 0.183038 0.192323 0.199639 0.204916 0.208104 0.209170 0.208104 0.204916 0.199639 0.192323 0.183038 0.171869 0.158916 0.144287 0.128101 0.110479 0.091544 0.071423 0.050237 0.028104 0.005140 -0.018550 -0.042863 -0.067707 -0.092993 -0.118642 -0.144583 
-0.165369 -0.140238 -0.115422 -0.090992 -0.067025 -0.043602 -0.020814 0.001244 0.022470 0.042758 0.061998 0.080076 0.096879 0.112291 0.126203 0.138507 0.149106 0.157909 0.164840 0.169838 0.172855 0.173864 0.172855 0.169838 0.164840 0.157909 0.149106 0.138507 0.126203 0.112291 0.096879 0.080076 0.061998 0.042758 0.022470 0.001244 -0.020814 -0.043602 -0.067025 -0.090992 -0.115422 -0.140238 -0.165369 
-0.186697 -0.162367 -0.138375 -0.114788 -0.091679 -0.069128 -0.047220 -0.026045 -0.005698 0.013722 0.032112 0.049368 0.065384 0.080057 0.093286 0.104973 0.115030 0.123377 0.129944 0.134676 0.137532 0.138487 0.137532 0.134676 0.129944 0.123377 0.115030 0.104973 0.093286 0.080057 0.065384 0.049368 0.032112 0.013722 -0.005698 -0.026045 -0.047220 -0.069128 -0.091679 -0.114788 -0.138375 -0.162367 -0.186697 
-0.208499 -0.184959 -0.161776 -0.139015 -0.116746 -0.095044 -0.073991 -0.053671 -0.034173 -0.015590 0.001984 0.018453 0.033718 0.047687 0.060266 0.071368 0.080912 0.088827 0.095051 0.099533 0.102238 0.103142 0.102238 0.099533 0.095051 0.088827 0.080912 0.071368 0.060266 0.047687 0.033718 0.018453 0.001984 -0.015590 -0.034173 -0.053671 -0.073991 -0.095044 -0.116746 -0.139015 -0.161776 -0.184959 -0.208499 
-0.230711 -0.207947 -0.185556 -0.163601 -0.142149 -0.121273 -0.101048 -0.081553 -0.062872 -0.045092 -0.028299 -0.012583 0.001968 0.015267 0.027230 0.037778 0.046839 0.054347 0.060247 0.064495 0.067057 0.067913 0.067057 0.064495 0.060247 0.054347 0.046839 0.037778 0.027230 0.015267 0.001968 -0.012583 -0.028299 -0.045092 -0.062872 -0.081553 -0.101048 -0.121273 -0.142149 -0.163601 -0.185556 -0.207947 -0.230711 
