33 33
6.901225e-02 0 5
-1.590656 -1.567406 -1.544289 -1.521420 -1.498932 -1.476981 -1.455745 -1.435428 -1.416254 -1.398468 -1.382325 -1.368088 -1.356014 -1.346338 -1.339267 -1.334957 -1.333509 -1.334957 -1.339267 -1.346338 -1.356014 -1.368088 -1.382325 -1.398468 -1.416254 -1.435428 -1.455745 -1.476981 -1.498932 -1.521420 -1.544289 -1.567406 -1.590656 
-1.568178 -1.543466 -1.518792 -1.494268 -1.470036 -1.446260 -1.423136 -1.400890 -1.379778 -1.360083 -1.342112 -1.326181 -1.312606 -1.301684 -1.293676 -1.288785 -1.287140 -1.288785 -1.293676 -1.301684 -1.312606 -1.326181 -1.342112 -1.360083 -1.379778 -1.400890 -1.423136 -1.446260 -1.470036 -1.494268 -1.518792 -1.543466 -1.568178 
-1.545929 -1.519670 -1.493328 -1.467019 -1.440883 -1.415095 -1.389864 -1.365439 -1.342112 -1.320210 -1.300097 -1.282159 -1.266788 -1.254362 -1.245216 -1.239614 -1.237727 -1.239614 -1.245216 -1.254362 -1.266788 -1.282159 -1.300097 -1.320210 -1.342112 -1.365439 -1.389864 -1.415095 -1.440883 -1.467019 -1.493328 -1.519670 -1.545929 
-1.524031 -1.496141 -1.468027 -1.439799 -1.411595 -1.383592 -1.356014 -1.329130 -1.303265 -1.278799 -1.256164 -1.235830 -1.218289 -1.204025 -1.193475 -1.186991 -1.184804 -1.186991 -1.193475 -1.204025 -1.218289 -1.235830 -1.256164 -1.278799 -1.303265 -1.329130 -1.356014 -1.383592 -1.411595 -1.439799 -1.468027 -1.496141 -1.524031 
-1.502622 -1.473028 -1.443043 -1.412765 -1.382325 -1.351899 -1.321712 -1.292053 -1.263281 -1.235830 -1.210208 -1.186991 -1.166800 -1.150259 -1.137953 -1.130357 -1.127789 -1.130357 -1.137953 -1.150259 -1.166800 -1.186991 -1.210208 -1.235830 -1.263281 -1.292053 -1.321712 -1.351899 -1.382325 -1.412765 -1.443043 -1.473028 -1.502622 
-1.481863 -1.450505 -1.418562 -1.386114 -1.353275 -1.320210 -1.287140 -1.254362 -1.222262 -1.191327 -1.162152 -1.135439 -1.111972 -1.092573 -1.078030 -1.069005 -1.065944 -1.069005 -1.078030 -1.092573 -1.111972 -1.135439 -1.162152 -1.191327 -1.222262 -1.254362 -1.287140 -1.320210 -1.353275 -1.386114 -1.418562 -1.450505 -1.481863 
-1.461937 -1.428774 -1.394805 -1.360083 -1.324697 -1.288785 -1.252551 -1.216286 -1.180387 -1.145388 -1.111972 -1.080987 -1.053426 -1.030379 -1.012930 -1.002024 -0.998312 -1.002024 -1.012930 -1.030379 -1.053426 -1.080987 -1.111972 -1.145388 -1.180387 -1.216286 -1.252551 -1.288785 -1.324697 -1.360083 -1.394805 -1.428774 -1.461937 
-1.443043 -1.408061 -1.372026 -1.334957 -1.296901 -1.257957 -1.218289 -1.178159 -1.137953 -1.098226 -1.059741 -1.023504 -0.990765 -0.962978 -0.941668 -0.928221 -0.923619 -0.928221 -0.941668 -0.962978 -0.990765 -1.023504 -1.059741 -1.098226 -1.137953 -1.178159 -1.218289 -1.257957 -1.296901 -1.334957 -1.372026 -1.408061 -1.443043 
-1.425401 -1.388618 -1.350516 -1.311065 -1.270261 -1.228140 -1.184804 -1.140448 -1.095411 -1.050225 -1.005698 -0.962978 -0.923619 -0.889559 -0.862980 -0.845983 -0.840124 -0.845983 -0.862980 -0.889559 -0.923619 -0.962978 -1.005698 -1.050225 -1.095411 -1.140448 -1.184804 -1.228140 -1.270261 -1.311065 -1.350516 -1.388618 -1.425401 
-1.409242 -1.370718 -1.330595 -1.288785 -1.245216 -1.199842 -1.152670 -1.103789 -1.053426 -1.002024 -0.950351 -0.899640 -0.851743 -0.809219 -0.775229 -0.753073 -0.745354 -0.753073 -0.775229 -0.809219 -0.851743 -0.899640 -0.950351 -1.002024 -1.053426 -1.103789 -1.152670 -1.199842 -1.245216 -1.288785 -1.330595 -1.370718 -1.409242 
-1.394805 -1.354647 -1.312606 -1.268529 -1.222262 -1.173659 -1.122595 -1.069005 -1.012930 -0.954611 -0.894636 -0.834163 -0.775229 -0.721082 -0.676302 -0.646271 -0.635634 -0.646271 -0.676302 -0.721082 -0.775229 -0.834163 -0.894636 -0.954611 -1.012930 -1.069005 -1.122595 -1.173659 -1.222262 -1.268529 -1.312606 -1.354647 -1.394805 
-1.382325 -1.340692 -1.296901 -1.250732 -1.201940 -1.150259 -1.095411 -1.037120 -0.975161 -0.909433 -0.840124 -0.768003 -0.694933 -0.624649 -0.563581 -0.520759 -0.505171 -0.520759 -0.563581 -0.624649 -0.694933 -0.768003 -0.840124 -0.909433 -0.975161 -1.037120 -1.095411 -1.150259 -1.201940 -1.250732 -1.296901 -1.340692 -1.382325 
-1.372026 -1.329130 -1.283827 -1.235830 -1.184804 -1.130357 -1.072039 -1.009332 -0.941668 -0.868463 -0.789235 -0.703876 -0.613293 -0.520759 -0.434302 -0.369043 -0.344082 -0.369043 -0.434302 -0.520759 -0.613293 -0.703876 -0.789235 -0.868463 -0.941668 -1.009332 -1.072039 -1.130357 -1.184804 -1.235830 -1.283827 -1.329130 -1.372026 
-1.364108 -1.320210 -1.273701 -1.224232 -1.171387 -1.114658 -1.053426 -0.986929 -0.914227 -0.834163 -0.745354 -0.646271 -0.535651 -0.413944 -0.287674 -0.179399 -0.133603 -0.179399 -0.287674 -0.413944 -0.535651 -0.646271 -0.745354 -0.834163 -0.914227 -0.986929 -1.053426 -1.114658 -1.171387 -1.224232 -1.273701 -1.320210 -1.364108 
-1.358732 -1.314139 -1.266788 -1.216286 -1.162152 -1.103789 -1.040443 -0.971147 -0.894636 -0.809219 -0.712588 -0.601539 -0.471620 -0.317081 -0.133603 0.062402 0.167126 0.062402 -0.133603 -0.317081 -0.471620 -0.601539 -0.712588 -0.809219 -0.894636 -0.971147 -1.040443 -1.103789 -1.162152 -1.216286 -1.266788 -1.314139 -1.358732 
-1.356014 -1.311065 -1.263281 -1.212246 -1.157443 -1.098226 -1.033766 -0.962978 -0.884406 -0.796028 -0.694933 -0.576718 -0.434302 -0.255385 -0.016716 0.322649 0.633445 0.322649 -0.016716 -0.255385 -0.434302 -0.576718 -0.694933 -0.796028 -0.884406 -0.962978 -1.033766 -1.098226 -1.157443 -1.212246 -1.263281 -1.311065 -1.356014 
-1.355673 -1.310679 -1.262841 -1.211737 -1.156850 -1.097524 -1.032922 -0.961943 -0.883105 -0.794342 -0.692660 -0.573482 -0.429329 -0.246794 0.001336 0.376839 0.801311 0.376839 0.001336 -0.246794 -0.429329 -0.573482 -0.692660 -0.794342 -0.883105 -0.961943 -1.032922 -1.097524 -1.156850 -1.211737 -1.262841 -1.310679 -1.355673 
-1.356029 -1.311082 -1.263301 -1.212268 -1.157468 -1.098256 -1.033802 -0.963023 -0.884462 -0.796101 -0.695031 -0.576858 -0.434517 -0.255753 -0.017478 0.320488 0.627813 0.320488 -0.017478 -0.255753 -0.434517 -0.576858 -0.695031 -0.796101 -0.884462 -0.963023 -1.033802 -1.098256 -1.157468 -1.212268 -1.263301 -1.311082 -1.356029 
-1.358776 -1.314189 -1.266845 -1.216351 -1.162228 -1.103878 -1.040550 -0.971278 -0.894799 -0.809428 -0.712867 -0.601926 -0.472190 -0.317990 -0.135189 0.059518 0.163152 0.059518 -0.135189 -0.317990 -0.472190 -0.601926 -0.712867 -0.809428 -0.894799 -0.971278 -1.040550 -1.103878 -1.162228 -1.216351 -1.266845 -1.314189 -1.358776 
-1.364180 -1.320291 -1.273793 -1.224338 -1.171510 -1.114802 -1.053598 -0.987137 -0.914483 -0.834486 -0.745774 -0.646834 -0.536435 -0.415072 -0.289326 -0.181693 -0.136239 -0.181693 -0.289326 -0.415072 -0.536435 -0.646834 -0.745774 -0.834486 -0.914483 -0.987137 -1.053598 -1.114802 -1.171510 -1.224338 -1.273793 -1.320291 -1.364180 
-1.372125 -1.329240 -1.283952 -1.235973 -1.184969 -1.130550 -1.072267 -1.009605 -0.941999 -0.868873 -0.789751 -0.704540 -0.614162 -0.521904 -0.435787 -0.370850 -0.346030 -0.370850 -0.435787 -0.521904 -0.614162 -0.704540 -0.789751 -0.868873 -0.941999 -1.009605 -1.072267 -1.130550 -1.184969 -1.235973 -1.283952 -1.329240 -1.372125 
-1.382448 -1.340830 -1.297056 -1.250908 -1.202142 -1.150493 -1.095684 -1.037444 -0.975547 -0.909900 -0.840696 -0.768709 -0.695809 -0.625729 -0.564876 -0.522230 -0.506712 -0.522230 -0.564876 -0.625729 -0.695809 -0.768709 -0.840696 -0.909900 -0.975547 -1.037444 -1.095684 -1.150493 -1.202142 -1.250908 -1.297056 -1.340830 -1.382448 
-1.394950 -1.354809 -1.312787 -1.268734 -1.222496 -1.173926 -1.122905 -1.069365 -1.013353 -0.955112 -0.895232 -0.834874 -0.776074 -0.722073 -0.677434 -0.647508 -0.636910 -0.647508 -0.677434 -0.722073 -0.776074 -0.834874 -0.895232 -0.955112 -1.013353 -1.069365 -1.122905 -1.173926 -1.222496 -1.268734 -1.312787 -1.354809 -1.394950 
-1.409407 -1.370902 -1.330800 -1.289015 -1.245475 -1.200136 -1.153006 -1.104175 -1.053871 -1.002540 -0.950949 -0.900333 -0.852541 -0.810123 -0.776227 -0.754138 -0.746444 -0.754138 -0.776227 -0.810123 -0.852541 -0.900333 -0.950949 -1.002540 -1.053871 -1.104175 -1.153006 -1.200136 -1.245475 -1.289015 -1.330800 -1.370902 -1.409407 
-1.425583 -1.388819 -1.350740 -1.311314 -1.270540 -1.228453 -1.185157 -1.140849 -1.095866 -1.050744 -1.006286 -0.963644 -0.924365 -0.890383 -0.863871 -0.846919 -0.841076 -0.846919 -0.863871 -0.890383 -0.924365 -0.963644 -1.006286 -1.050744 -1.095866 -1.140849 -1.185157 -1.228453 -1.270540 -1.311314 -1.350740 -1.388819 -1.425583 
-1.443240 -1.408277 -1.372265 -1.335221 -1.297194 -1.258283 -1.218654 -1.178567 -1.138410 -1.098738 -1.060313 -1.024138 -0.991462 -0.963733 -0.942471 -0.929055 -0.924465 -0.929055 -0.942471 -0.963733 -0.991462 -1.024138 -1.060313 -1.098738 -1.138410 -1.178567 -1.218654 -1.258283 -1.297194 -1.335221 -1.372265 -1.408277 -1.443240 
-1.462146 -1.429002 -1.395056 -1.360359 -1.325001 -1.289120 -1.252922 -1.216696 -1.180841 -1.145889 -1.112522 -1.081588 -1.054077 -1.031073 -1.013660 -1.002778 -0.999073 -1.002778 -1.013660 -1.031073 -1.054077 -1.081588 -1.112522 -1.145889 -1.180841 -1.216696 -1.252922 -1.289120 -1.325001 -1.360359 -1.395056 -1.429002 -1.462146 
-1.482082 -1.450743 -1.418822 -1.386397 -1.353586 -1.320550 -1.287512 -1.254770 -1.222708 -1.191813 -1.162680 -1.136008 -1.112580 -1.093216 -1.078699 -1.069692 -1.066637 -1.069692 -1.078699 -1.093216 -1.112580 -1.136008 -1.162680 -1.191813 -1.222708 -1.254770 -1.287512 -1.320550 -1.353586 -1.386397 -1.418822 -1.450743 -1.482082 
-1.502849 -1.473273 -1.443309 -1.413054 -1.382639 -1.352239 -1.322082 -1.292455 -1.263717 -1.236300 -1.210713 -1.187530 -1.167370 -1.150857 -1.138571 -1.130990 -1.128426 -1.130990 -1.138571 -1.150857 -1.167370 -1.187530 -1.210713 -1.236300 -1.263717 -1.292455 -1.322082 -1.352239 -1.382639 -1.413054 -1.443309 -1.473273 -1.502849 
-1.524264 -1.496392 -1.468298 -1.440091 -1.411910 -1.383932 -1.356380 -1.329524 -1.303688 -1.279253 -1.256647 -1.236341 -1.218826 -1.204583 -1.194050 -1.187577 -1.185393 -1.187577 -1.194050 -1.204583 -1.218826 -1.236341 -1.256647 -1.279253 -1.303688 -1.329524 -1.356380 -1.383932 -1.411910 -1.440091 -1.468298 -1.496392 -1.524264 
-1.546167 -1.519924 -1.493602 -1.467312 -1.441198 -1.415432 -1.390225 -1.365825 -1.342523 -1.320646 -1.300558 -1.282644 -1.267294 -1.254886 -1.245753 -1.240160 -1.238276 -1.240160 -1.245753 -1.254886 -1.267294 -1.282644 -1.300558 -1.320646 -1.342523 -1.365825 -1.390225 -1.415432 -1.441198 -1.467312 -1.493602 -1.519924 -1.546167 
-1.568419 -1.543723 -1.519066 -1.494561 -1.470348 -1.446592 -1.423490 -1.401266 -1.380176 -1.360503 -1.342553 -1.326642 -1.313084 -1.302178 -1.294181 -1.289297 -1.287654 -1.289297 -1.294181 -1.302178 -1.313084 -1.326642 -1.342553 -1.360503 -1.380176 -1.401266 -1.423490 -1.446592 -1.470348 -1.494561 -1.519066 -1.543723 -1.568419 
-1.590899 -1.567663 -1.544563 -1.521711 -1.499241 -1.477308 -1.456092 -1.435794 -1.416640 -1.398872 -1.382748 -1.368528 -1.356468 -1.346805 -1.339742 -1.335438 -1.333992 -1.335438 -1.339742 -1.346805 -1.356468 -1.368528 -1.382748 -1.398872 -1.416640 -1.435794 -1.456092 -1.477308 -1.499241 -1.521711 -1.544563 -1.567663 -1.590899 
