# 1659509610 3
13.7137  -89.1698  SV.IGN.HN.--  1659509608.5  43.5492
13.6117  -89.1796  SV.PANC.HN.--  1659509609.5  33.7182
13.7033  -89.224  SV.SEM.HN.--  1659509609  28.2249
13.7152  -89.155  SV.UDBS.HN.--  1659509608.5  22.7991
13.7008  -89.2013  SV.UTEC.HN.--  1659509608.5  14.3259
13.7206  -89.2014  SV.UES.HN.--  1659509609.5  8.07368
13.8349  -89.2724  SV.QUEZ.HNZ.--  1659509609  6.93264
13.6542  -89.4489  SV.JAYA.HH.--  1659509611.5  3.47174
13.713  -88.9371  SV.PAVA.HH.--  1659509611  1.96062
13.8028  -89.3949  SV.CEDA.HHZ.--  1659509610  1.05665
14.113  -89.6827  SV.RBDL.HN.--  1659509608  0.657366
13.4746  -88.1705  SV.CNRM.HNZ.--  1659509557  0.155354
13.469  -88.3233  SV.PACA.HN.--  1659509563.5  0.152387
13.5751  -89.8329  SV.ACAJ.HN.00  1659509570  0.148532
13.8158  -88.861  SV.UNICI.HN.00  1659509597.5  0.126266
14.3989  -89.3606  SV.MTO3.HH.--  1659509572.5  0.096954
13.9982  -89.7806  SV.LOAL.HNZ.--  1659509561  0.0239372
14.4956  -89.8395  GI.JAMO.HN.--  1659509555.5  0.0128687
13.9816  -89.5485  SV.UNIC.HN.--  1659509593.5  0.00784948
14.2311  -90.1984  GI.SROR.HN.--  1659509572  0.00715088
14.1626  -88.9445  SV.LLGN.HN.--  1659509594.5  0.00661321
14.5599  -89.3414  GI.CQES.HNZ.00  1659509553  0.00354052
13.9022  -89.7799  SV.NUBE.HH.--  1659509575  0.00190584
