# 1644995563 4
13.9366  -90.8349  GI.ESSJ.HNZ.00  1644995560.5  91.5842
14.7504  -91.5851  GI.STG8.HHZ.--  1644995561  63.6534
14.1516  -91.1941  GI.ESTQ.HH.--  1644995565.5  61.5859
14.5246  -91.6949  GI.RERE.HNZ.00  1644995557.5  26.0919
14.56  -91.557  GI.SUCU.HN.--  1644995560.5  24.4393
14.7828  -90.7937  GI.CMSM.HHZ.--  1644995565.5  21.174
14.621  -90.599  GI.GUMI.HHZ.--  1644995565  16.2971
13.7137  -89.1698  SV.IGN.HN.--  1644995524.5  10.8901
14.113  -89.6827  SV.RBDL.HN.--  1644995541.5  5.75787
14.532  -90.498  GI.GUVC.HNZ.--  1644995565.5  3.81725
13.6117  -89.1796  SV.PANC.HNZ.--  1644995521  0.975227
14.9942  -90.8073  GI.QCJY.HNZ.00  1644995565.5  0.526438
13.8349  -89.2724  SV.QUEZ.HN.--  1644996183  0.438814
13.7033  -89.224  SV.SEM.HN.--  1644995508  0.428964
13.8028  -89.3949  SV.CEDA.HH.--  1644995554  0.299541
13.4494  -89.0507  SV.AERO.HN.00  1644995527.5  0.24556
13.5751  -89.8329  SV.ACAJ.HN.00  1644995553  0.190645
13.469  -88.3233  SV.PACA.HN.--  1644995554.5  0.133721
14.3989  -89.3606  SV.MTO3.HHZ.--  1644995549.5  0.130479
14.552  -90.3168  GI.GUSP.HN.--  1644995564.5  0.12522
13.7152  -89.155  SV.UDBS.HN.--  1644995511  0.099589
13.309  -87.8903  SV.LCNA.HNZ.--  1644995514  0.0805601
13.9022  -89.7799  SV.NUBE.HH.--  1644995539.5  0.0668193
14.0339  -90.0889  GI.JUT2.HH.--  1644995534  0.0643226
15.5606  -88.9077  GI.IZLV.HN.--  1644995564  0.0430467
13.2763  -87.8337  SV.CNCH.HH.--  1644995552  0.0399229
13.7206  -89.2014  SV.UES.HNZ.--  1644995531.5  0.0396162
13.713  -88.9371  SV.PAVA.HH.--  1644995519  0.0364294
14.964  -89.584  GI.ZAES.HN.00  1644995561.5  0.0348451
13.4746  -88.1705  SV.CNRM.HNZ.--  1644995517  0.0318527
13.9982  -89.7806  SV.LOAL.HNZ.--  1644995545.5  0.028801
13.6542  -89.4489  SV.JAYA.HH.--  1644995536  0.0268924
14.535  -90.44  GI.GUJV.HH.--  1644995561  0.0267088
13.7008  -89.2013  SV.UTEC.HNZ.--  1644995547.5  0.0223726
13.6842  -89.2865  SV.MAGT.HN.--  1644995551.5  0.0172679
14.4956  -89.8395  GI.JAMO.HN.--  1644995515  0.0147543
16.0034  -90.7772  GI.QCIX.HN.--  1644995552  0.0130335
13.8158  -88.861  SV.UNICI.HN.00  1644995549.5  0.0128228
14.5599  -89.3414  GI.CQES.HNZ.00  1644995550.5  0.0110915
14.1626  -88.9445  SV.LLGN.HNZ.--  1644995557  0.0110079
14.2311  -90.1984  GI.SROR.HN.--  1644995557.5  0.00761955
13.9816  -89.5485  SV.UNIC.HN.--  1644995550.5  0.00607365
15.397  -89.641  GI.AVPA.HNZ.00  1644995554.5  0.0052914
