# 1668228006 1
13.9366  -90.8349  GI.ESSJ.HNZ.00  1668228001  65.2803
14.56  -91.557  GI.SUCU.HN.--  1668228005  18.0483
14.1516  -91.1941  GI.ESTQ.HNZ.--  1668228001.5  14.3505
14.1609  -91.7198  GI.RESA.HNZ.00  1668228004  11.6629
14.2311  -90.1984  GI.SROR.HNZ.--  1668228005  10.4496
14.6888  -91.6062  GI.STG6.HHZ.00  1668228005.5  8.90189
14.6475  -91.6114  GI.STG11.HHZ.00  1668228005  8.5291
14.706  -91.5593  GI.STG9.HHZ.00  1668228005  5.51233
14.7159  -91.5752  GI.STG10.HHZ.00  1668228005  4.33982
14.532  -90.498  GI.GUVC.HN.--  1668228006  3.94039
14.621  -90.599  GI.GUMI.HHZ.--  1668228005  3.08318
14.5246  -91.6949  GI.RERE.HNZ.00  1668228005.5  1.57759
14.7828  -90.7937  GI.CMSM.HNZ.--  1668228005  1.44978
14.535  -90.44  GI.GUJV.HHZ.--  1668228004  1.37165
14.5833  -90.5325  GI.GCG4.HNZ.--  1668227960  1.18655
14.552  -90.3168  GI.GUSP.HNZ.--  1668228005  0.963444
13.5751  -89.8329  SV.ACAJ.HN.00  1668227972.5  0.491847
13.9982  -89.7806  SV.LOAL.HN.--  1668227990  0.218282
14.4956  -89.8395  GI.JAMO.HN.--  1668227958.5  0.0104751
13.9022  -89.7799  SV.NUBE.HH.--  1668227988.5  0.000842416
