49 49
8.279422e-01 0 5
-2.000000 -2.000000 -2.000000 -2.000000 -2.000000 -2.000000 -2.000000 -2.000000 -2.000000 -2.000000 -2.000000 -2.000000 -2.000000 -2.000000 -2.000000 -2.000000 -2.000000 -2.000000 -2.000000 -2.000000 -2.000000 -2.000000 -2.000000 -2.000000 -0.017182 -0.017954 -0.020261 -0.024082 -0.029380 -0.036107 -0.044203 -0.053597 -0.064214 -0.075970 -0.088779 -0.102553 -0.117204 -0.132645 -0.148792 -0.165564 -0.182883 -0.200677 -0.218880 -0.237427 -0.256263 -0.275334 -0.294593 -0.313998 -0.333509 
-2.000000 -2.000000 -2.000000 -2.000000 -2.000000 -2.000000 -2.000000 -2.000000 -2.000000 -2.000000 -2.000000 -2.000000 -2.000000 -2.000000 -2.000000 -2.000000 -2.000000 -2.000000 -2.000000 -2.000000 -2.000000 -2.000000 -2.000000 -2.000000 0.019736 0.018902 0.016409 0.012283 0.006566 -0.000684 -0.009397 -0.019493 -0.030884 -0.043473 -0.057162 -0.071853 -0.087446 -0.103844 -0.120955 -0.138688 -0.156960 -0.175694 -0.194816 -0.214262 -0.233970 -0.253887 -0.273963 -0.294154 -0.314421 
-2.000000 -2.000000 -2.000000 -2.000000 -2.000000 -2.000000 -2.000000 -2.000000 -2.000000 -2.000000 -2.000000 -2.000000 -2.000000 -2.000000 -2.000000 -2.000000 -2.000000 -2.000000 -2.000000 -2.000000 -2.000000 -2.000000 -2.000000 -2.000000 0.057968 0.057064 0.054361 0.049891 0.043704 0.035866 0.026460 0.015581 0.003330 -0.010182 -0.024843 -0.040540 -0.057162 -0.074601 -0.092754 -0.111523 -0.130818 -0.150554 -0.170655 -0.191050 -0.211678 -0.232482 -0.253410 -0.274420 -0.295472 
-2.000000 -2.000000 -2.000000 -2.000000 -2.000000 -2.000000 -2.000000 -2.000000 -2.000000 -2.000000 -2.000000 -2.000000 -2.000000 -2.000000 -2.000000 -2.000000 -2.000000 -2.000000 -2.000000 -2.000000 -2.000000 -2.000000 -2.000000 -2.000000 0.097621 0.096637 0.093696 0.088836 0.082116 0.073615 0.063431 0.051674 0.038464 0.023927 0.008193 -0.008612 -0.026360 -0.044932 -0.064214 -0.084099 -0.104489 -0.125294 -0.146433 -0.167833 -0.189428 -0.211160 -0.232978 -0.254839 -0.276702 
-2.000000 -2.000000 -2.000000 -2.000000 -2.000000 -2.000000 -2.000000 -2.000000 -2.000000 -2.000000 -2.000000 -2.000000 -2.000000 -2.000000 -2.000000 -2.000000 -2.000000 -2.000000 -2.000000 -2.000000 -2.000000 -2.000000 -2.000000 -2.000000 0.138813 0.137737 0.134525 0.129220 0.121894 0.112642 0.101579 0.088836 0.074552 0.058874 0.041951 0.023927 0.004946 -0.014860 -0.035365 -0.056451 -0.078015 -0.099959 -0.122198 -0.144657 -0.167266 -0.189969 -0.212713 -0.235455 -0.258155 
-2.000000 -2.000000 -2.000000 -2.000000 -2.000000 -2.000000 -2.000000 -2.000000 -2.000000 -2.000000 -2.000000 -2.000000 -2.000000 -2.000000 -2.000000 -2.000000 -2.000000 -2.000000 -2.000000 -2.000000 -2.000000 -2.000000 -2.000000 -2.000000 0.181676 0.180496 0.176971 0.171157 0.163139 0.153031 0.140972 0.127115 0.111626 0.094674 0.076431 0.057064 0.036730 0.015581 -0.006247 -0.028627 -0.051446 -0.074601 -0.098005 -0.121577 -0.145249 -0.168963 -0.192668 -0.216319 -0.239882 
-2.000000 -2.000000 -2.000000 -2.000000 -2.000000 -2.000000 -2.000000 -2.000000 -2.000000 -2.000000 -2.000000 -2.000000 -2.000000 -2.000000 -2.000000 -2.000000 -2.000000 -2.000000 -2.000000 -2.000000 -2.000000 -2.000000 -2.000000 -2.000000 0.226361 0.225059 0.221174 0.214772 0.205958 0.194871 0.181676 0.166558 0.149711 0.131335 0.111626 0.090774 0.068958 0.046345 0.023086 -0.000684 -0.024843 -0.049284 -0.073916 -0.098657 -0.123439 -0.148203 -0.172900 -0.197489 -0.221934 
-2.000000 -2.000000 -2.000000 -2.000000 -2.000000 -2.000000 -2.000000 -2.000000 -2.000000 -2.000000 -2.000000 -2.000000 -2.000000 -2.000000 -2.000000 -2.000000 -2.000000 -2.000000 -2.000000 -2.000000 -2.000000 -2.000000 -2.000000 -2.000000 0.273034 0.271590 0.267286 0.260202 0.250468 0.238254 0.223760 0.207207 0.188826 0.168852 0.147511 0.125020 0.101579 0.077374 0.052568 0.027308 0.001721 -0.024082 -0.050006 -0.075970 -0.101906 -0.127757 -0.153476 -0.179025 -0.204371 
-2.000000 -2.000000 -2.000000 -2.000000 -2.000000 -2.000000 -2.000000 -2.000000 -2.000000 -2.000000 -2.000000 -2.000000 -2.000000 -2.000000 -2.000000 -2.000000 -2.000000 -2.000000 -2.000000 -2.000000 -2.000000 -2.000000 -2.000000 -2.000000 0.321885 0.320275 0.315479 0.307598 0.296793 0.283274 0.267286 0.249095 0.228977 0.207207 0.184047 0.159745 0.134525 0.108589 0.082116 0.055260 0.028157 0.000918 -0.026360 -0.053597 -0.080728 -0.107699 -0.134466 -0.160994 -0.187255 
-2.000000 -2.000000 -2.000000 -2.000000 -2.000000 -2.000000 -2.000000 -2.000000 -2.000000 -2.000000 -2.000000 -2.000000 -2.000000 -2.000000 -2.000000 -2.000000 -2.000000 -2.000000 -2.000000 -2.000000 -2.000000 -2.000000 -2.000000 -2.000000 0.373128 0.371321 0.365943 0.357124 0.345064 0.330025 0.312310 0.292242 0.270151 0.246360 0.221174 0.194871 0.167703 0.139891 0.111626 0.083070 0.054361 0.025614 -0.003076 -0.031633 -0.059995 -0.088113 -0.115947 -0.143469 -0.170655 
-2.000000 -2.000000 -2.000000 -2.000000 -2.000000 -2.000000 -2.000000 -2.000000 -2.000000 -2.000000 -2.000000 -2.000000 -2.000000 -2.000000 -2.000000 -2.000000 -2.000000 -2.000000 -2.000000 -2.000000 -2.000000 -2.000000 -2.000000 -2.000000 0.427002 0.424959 0.418889 0.408954 0.395413 0.378595 0.358874 0.336646 0.312310 0.286244 0.258799 0.230291 0.200997 0.171157 0.140972 0.110611 0.080213 0.049891 0.019736 -0.010182 -0.039804 -0.069089 -0.098005 -0.126527 -0.154640 
-2.000000 -2.000000 -2.000000 -2.000000 -2.000000 -2.000000 -2.000000 -2.000000 -2.000000 -2.000000 -2.000000 -2.000000 -2.000000 -2.000000 -2.000000 -2.000000 -2.000000 -2.000000 -2.000000 -2.000000 -2.000000 -2.000000 -2.000000 -2.000000 0.483776 0.481449 0.474544 0.463273 0.447970 0.429054 0.406994 0.382277 0.355381 0.326752 0.296793 0.265860 0.234255 0.202232 0.170003 0.137737 0.105572 0.073615 0.041951 0.010643 -0.020261 -0.050726 -0.080728 -0.110252 -0.139288 
-2.000000 -2.000000 -2.000000 -2.000000 -2.000000 -2.000000 -2.000000 -2.000000 -2.000000 -2.000000 -2.000000 -2.000000 -2.000000 -2.000000 -2.000000 -2.000000 -2.000000 -2.000000 -2.000000 -2.000000 -2.000000 -2.000000 -2.000000 -2.000000 0.543747 0.541073 0.533152 0.520267 0.502853 0.481449 0.456649 0.429054 0.399239 0.367729 0.334982 0.301392 0.267286 0.232930 0.198537 0.164276 0.130276 0.096637 0.063431 0.030712 -0.001482 -0.033129 -0.064214 -0.094730 -0.124677 
-2.000000 -2.000000 -2.000000 -2.000000 -2.000000 -2.000000 -2.000000 -2.000000 -2.000000 -2.000000 -2.000000 -2.000000 -2.000000 -2.000000 -2.000000 -2.000000 -2.000000 -2.000000 -2.000000 -2.000000 -2.000000 -2.000000 -2.000000 -2.000000 0.607238 0.604137 0.594967 0.580111 0.560146 0.535777 0.507757 0.476833 0.443695 0.408954 0.373128 0.336646 0.299854 0.263022 0.226361 0.190029 0.154144 0.118790 0.084026 0.049891 0.016409 -0.016410 -0.048562 -0.080051 -0.110888 
-2.000000 -2.000000 -2.000000 -2.000000 -2.000000 -2.000000 -2.000000 -2.000000 -2.000000 -2.000000 -2.000000 -2.000000 -2.000000 -2.000000 -2.000000 -2.000000 -2.000000 -2.000000 -2.000000 -2.000000 -2.000000 -2.000000 -2.000000 -2.000000 0.674587 0.670951 0.660228 0.642942 0.619875 0.591954 0.560146 0.525375 0.488467 0.450124 0.410923 0.371321 0.331671 0.292242 0.253228 0.214772 0.176971 0.139891 0.103571 0.068033 0.033282 -0.000684 -0.033876 -0.066309 -0.098005 
-2.000000 -2.000000 -2.000000 -2.000000 -2.000000 -2.000000 -2.000000 -2.000000 -2.000000 -2.000000 -2.000000 -2.000000 -2.000000 -2.000000 -2.000000 -2.000000 -2.000000 -2.000000 -2.000000 -2.000000 -2.000000 -2.000000 -2.000000 -2.000000 0.746120 0.741806 0.729128 0.708820 0.681956 0.649771 0.613509 0.574311 0.533152 0.490831 0.447970 0.405042 0.362394 0.320275 0.278857 0.238254 0.198537 0.159745 0.121894 0.084984 0.049002 0.013929 -0.020261 -0.053597 -0.086110 
-2.000000 -2.000000 -2.000000 -2.000000 -2.000000 -2.000000 -2.000000 -2.000000 -2.000000 -2.000000 -2.000000 -2.000000 -2.000000 -2.000000 -2.000000 -2.000000 -2.000000 -2.000000 -2.000000 -2.000000 -2.000000 -2.000000 -2.000000 -2.000000 0.822093 0.816910 0.801743 0.777648 0.746120 0.708820 0.667346 0.623094 0.577201 0.530544 0.483776 0.437360 0.391620 0.346767 0.302936 0.260202 0.218602 0.178143 0.138813 0.100587 0.063431 0.027308 -0.007825 -0.042009 -0.075286 
-2.000000 -2.000000 -2.000000 -2.000000 -2.000000 -2.000000 -2.000000 -2.000000 -2.000000 -2.000000 -2.000000 -2.000000 -2.000000 -2.000000 -2.000000 -2.000000 -2.000000 -2.000000 -2.000000 -2.000000 -2.000000 -2.000000 -2.000000 -2.000000 0.902574 0.896264 0.877905 0.849043 0.811792 0.768392 0.720885 0.670951 0.619875 0.568588 0.517736 0.467746 0.418889 0.371321 0.325124 0.280325 0.236917 0.194871 0.154144 0.114682 0.076431 0.039333 0.003330 -0.031633 -0.065612 
-2.000000 -2.000000 -2.000000 -2.000000 -2.000000 -2.000000 -2.000000 -2.000000 -2.000000 -2.000000 -2.000000 -2.000000 -2.000000 -2.000000 -2.000000 -2.000000 -2.000000 -2.000000 -2.000000 -2.000000 -2.000000 -2.000000 -2.000000 -2.000000 0.987213 0.979433 0.956967 0.922118 0.877905 0.827342 0.772994 0.716825 0.660228 0.604137 0.549144 0.495600 0.443695 0.393512 0.345064 0.298321 0.253228 0.209714 0.167703 0.127115 0.087870 0.049891 0.013105 -0.022557 -0.057162 
-2.000000 -2.000000 -2.000000 -2.000000 -2.000000 -2.000000 -2.000000 -2.000000 -2.000000 -2.000000 -2.000000 -2.000000 -2.000000 -2.000000 -2.000000 -2.000000 -2.000000 -2.000000 -2.000000 -2.000000 -2.000000 -2.000000 -2.000000 -2.000000 1.074791 1.065103 1.037395 0.995147 0.942662 0.883933 0.822093 0.759339 0.697095 0.636222 0.577201 0.520267 0.465504 0.412901 0.362394 0.313892 0.267286 0.222465 0.179318 0.137737 0.097621 0.058874 0.021408 -0.014860 -0.050006 
-2.000000 -2.000000 -2.000000 -2.000000 -2.000000 -2.000000 -2.000000 -2.000000 -2.000000 -2.000000 -2.000000 -2.000000 -2.000000 -2.000000 -2.000000 -2.000000 -2.000000 -2.000000 -2.000000 -2.000000 -2.000000 -2.000000 -2.000000 -2.000000 1.162424 1.150324 1.116141 1.065103 1.003244 0.935696 0.866113 0.796810 0.729128 0.663772 0.601058 0.541073 0.483776 0.429054 0.376765 0.326752 0.278857 0.232930 0.188826 0.146414 0.105572 0.066187 0.028157 -0.008612 -0.044203 
-2.000000 -2.000000 -2.000000 -2.000000 -2.000000 -2.000000 -2.000000 -2.000000 -2.000000 -2.000000 -2.000000 -2.000000 -2.000000 -2.000000 -2.000000 -2.000000 -2.000000 -2.000000 -2.000000 -2.000000 -2.000000 -2.000000 -2.000000 -2.000000 1.244349 1.229414 1.187831 1.127203 1.055648 0.979433 0.902574 0.827342 0.754886 0.685690 0.619875 0.557369 0.498004 0.441573 0.387859 0.336646 0.287736 0.240940 0.196090 0.153031 0.111626 0.071747 0.033282 -0.003871 -0.039804 
-2.000000 -2.000000 -2.000000 -2.000000 -2.000000 -2.000000 -2.000000 -2.000000 -2.000000 -2.000000 -2.000000 -2.000000 -2.000000 -2.000000 -2.000000 -2.000000 -2.000000 -2.000000 -2.000000 -2.000000 -2.000000 -2.000000 -2.000000 -2.000000 1.310810 1.293061 1.244349 1.174918 1.094918 1.011509 0.928850 0.849043 0.772994 0.700967 0.632901 0.568588 0.507757 0.450124 0.395413 0.343368 0.293754 0.246360 0.200997 0.157496 0.115706 0.075491 0.036730 -0.000684 -0.036849 
-2.000000 -2.000000 -2.000000 -2.000000 -2.000000 -2.000000 -2.000000 -2.000000 -2.000000 -2.000000 -2.000000 -2.000000 -2.000000 -2.000000 -2.000000 -2.000000 -2.000000 -2.000000 -2.000000 -2.000000 -2.000000 -2.000000 -2.000000 -2.000000 1.349062 1.329444 1.276114 1.201195 1.116141 1.028577 0.942662 0.860343 0.782356 0.708820 0.639569 0.574311 0.512718 0.454463 0.399239 0.346767 0.296793 0.249095 0.203471 0.159745 0.117759 0.077374 0.038464 0.000918 -0.035365 
-2.000000 -2.000000 -2.000000 -2.000000 -2.000000 -2.000000 -2.000000 -2.000000 -2.000000 -2.000000 -2.000000 -2.000000 -2.000000 -2.000000 -2.000000 -2.000000 -2.000000 -2.000000 -2.000000 -2.000000 -2.000000 -2.000000 -2.000000 -2.000000 1.354132 1.334252 1.280279 1.204610 1.118877 1.030763 0.944422 0.861778 0.783541 0.709812 0.640409 0.575031 0.513342 0.455008 0.399720 0.347193 0.297175 0.249438 0.203781 0.160027 0.118017 0.077610 0.038681 0.001118 -0.035179 
-2.000000 -2.000000 -2.000000 -2.000000 -2.000000 -2.000000 -2.000000 -2.000000 -2.000000 -2.000000 -2.000000 -2.000000 -2.000000 -2.000000 -2.000000 -2.000000 -2.000000 -2.000000 -2.000000 -2.000000 -2.000000 -2.000000 -2.000000 -2.000000 1.348843 1.329237 1.275934 1.201047 1.116022 1.028482 0.942585 0.860281 0.782304 0.708777 0.639532 0.574279 0.512691 0.454439 0.399219 0.346748 0.296777 0.249080 0.203457 0.159733 0.117748 0.077364 0.038455 0.000909 -0.035373 
-2.000000 -2.000000 -2.000000 -2.000000 -2.000000 -2.000000 -2.000000 -2.000000 -2.000000 -2.000000 -2.000000 -2.000000 -2.000000 -2.000000 -2.000000 -2.000000 -2.000000 -2.000000 -2.000000 -2.000000 -2.000000 -2.000000 -2.000000 -2.000000 1.310222 1.292500 1.243857 1.174507 1.094584 1.011239 0.928630 0.848863 0.772844 0.700841 0.632794 0.568496 0.507677 0.450054 0.395351 0.343313 0.293705 0.246316 0.200957 0.157460 0.115673 0.075460 0.036702 -0.000710 -0.036873 
-2.000000 -2.000000 -2.000000 -2.000000 -2.000000 -2.000000 -2.000000 -2.000000 -2.000000 -2.000000 -2.000000 -2.000000 -2.000000 -2.000000 -2.000000 -2.000000 -2.000000 -2.000000 -2.000000 -2.000000 -2.000000 -2.000000 -2.000000 -2.000000 1.243530 1.228626 1.187125 1.126600 1.055146 0.979018 0.902232 0.827058 0.754647 0.685488 0.619702 0.557220 0.497874 0.441459 0.387758 0.336557 0.287655 0.240867 0.196024 0.152972 0.111571 0.071697 0.033236 -0.003914 -0.039844 
-2.000000 -2.000000 -2.000000 -2.000000 -2.000000 -2.000000 -2.000000 -2.000000 -2.000000 -2.000000 -2.000000 -2.000000 -2.000000 -2.000000 -2.000000 -2.000000 -2.000000 -2.000000 -2.000000 -2.000000 -2.000000 -2.000000 -2.000000 -2.000000 1.161499 1.149427 1.115320 1.064382 1.002628 0.935176 0.865676 0.796441 0.728814 0.663504 0.600827 0.540873 0.483600 0.428899 0.376627 0.326629 0.278747 0.232830 0.188736 0.146332 0.105496 0.066117 0.028093 -0.008671 -0.044258 
-2.000000 -2.000000 -2.000000 -2.000000 -2.000000 -2.000000 -2.000000 -2.000000 -2.000000 -2.000000 -2.000000 -2.000000 -2.000000 -2.000000 -2.000000 -2.000000 -2.000000 -2.000000 -2.000000 -2.000000 -2.000000 -2.000000 -2.000000 -2.000000 1.073842 1.064177 1.036533 0.994372 0.941982 0.883345 0.821588 0.758905 0.696722 0.635899 0.576920 0.520022 0.465287 0.412709 0.362223 0.313738 0.267148 0.222340 0.179204 0.137633 0.097526 0.058786 0.021327 -0.014935 -0.050076 
-2.000000 -2.000000 -2.000000 -2.000000 -2.000000 -2.000000 -2.000000 -2.000000 -2.000000 -2.000000 -2.000000 -2.000000 -2.000000 -2.000000 -2.000000 -2.000000 -2.000000 -2.000000 -2.000000 -2.000000 -2.000000 -2.000000 -2.000000 -2.000000 0.986284 0.978523 0.956106 0.921329 0.877198 0.826718 0.772447 0.716347 0.659810 0.603771 0.548822 0.495316 0.443444 0.393288 0.344863 0.298140 0.253064 0.209566 0.167568 0.126991 0.087756 0.049786 0.013008 -0.022648 -0.057246 
-2.000000 -2.000000 -2.000000 -2.000000 -2.000000 -2.000000 -2.000000 -2.000000 -2.000000 -2.000000 -2.000000 -2.000000 -2.000000 -2.000000 -2.000000 -2.000000 -2.000000 -2.000000 -2.000000 -2.000000 -2.000000 -2.000000 -2.000000 -2.000000 0.901686 0.895390 0.877070 0.848265 0.811081 0.767753 0.720315 0.670445 0.619427 0.568191 0.517383 0.467432 0.418608 0.371069 0.324896 0.280119 0.236730 0.194701 0.153988 0.114539 0.076300 0.039212 0.003218 -0.031738 -0.065709 
-2.000000 -2.000000 -2.000000 -2.000000 -2.000000 -2.000000 -2.000000 -2.000000 -2.000000 -2.000000 -2.000000 -2.000000 -2.000000 -2.000000 -2.000000 -2.000000 -2.000000 -2.000000 -2.000000 -2.000000 -2.000000 -2.000000 -2.000000 -2.000000 0.821252 0.816080 0.800943 0.776894 0.745421 0.708181 0.666768 0.622573 0.576733 0.530125 0.483399 0.437022 0.391315 0.346492 0.302686 0.259975 0.218395 0.177954 0.138639 0.100427 0.063283 0.027171 -0.007952 -0.042127 -0.075396 
-2.000000 -2.000000 -2.000000 -2.000000 -2.000000 -2.000000 -2.000000 -2.000000 -2.000000 -2.000000 -2.000000 -2.000000 -2.000000 -2.000000 -2.000000 -2.000000 -2.000000 -2.000000 -2.000000 -2.000000 -2.000000 -2.000000 -2.000000 -2.000000 0.745328 0.741023 0.728367 0.708096 0.681277 0.649143 0.612932 0.573784 0.532675 0.490398 0.447578 0.404686 0.362071 0.319981 0.278589 0.238009 0.198313 0.159539 0.121704 0.084809 0.048840 0.013778 -0.020402 -0.053728 -0.086232 
-2.000000 -2.000000 -2.000000 -2.000000 -2.000000 -2.000000 -2.000000 -2.000000 -2.000000 -2.000000 -2.000000 -2.000000 -2.000000 -2.000000 -2.000000 -2.000000 -2.000000 -2.000000 -2.000000 -2.000000 -2.000000 -2.000000 -2.000000 -2.000000 0.673842 0.670212 0.659507 0.642251 0.619220 0.591341 0.559577 0.524851 0.487985 0.449683 0.410520 0.370953 0.331335 0.291933 0.252945 0.214512 0.176732 0.139671 0.103368 0.067844 0.033107 -0.000847 -0.034028 -0.066452 -0.098138 
-2.000000 -2.000000 -2.000000 -2.000000 -2.000000 -2.000000 -2.000000 -2.000000 -2.000000 -2.000000 -2.000000 -2.000000 -2.000000 -2.000000 -2.000000 -2.000000 -2.000000 -2.000000 -2.000000 -2.000000 -2.000000 -2.000000 -2.000000 -2.000000 0.606536 0.603440 0.594285 0.579452 0.559518 0.535183 0.507201 0.476315 0.443215 0.408511 0.372719 0.336270 0.299507 0.262703 0.226067 0.189757 0.153892 0.118557 0.083810 0.049690 0.016222 -0.016584 -0.048725 -0.080204 -0.111031 
-2.000000 -2.000000 -2.000000 -2.000000 -2.000000 -2.000000 -2.000000 -2.000000 -2.000000 -2.000000 -2.000000 -2.000000 -2.000000 -2.000000 -2.000000 -2.000000 -2.000000 -2.000000 -2.000000 -2.000000 -2.000000 -2.000000 -2.000000 -2.000000 0.543084 0.540415 0.532506 0.519640 0.502251 0.480876 0.456107 0.428546 0.398764 0.367286 0.334571 0.301011 0.266933 0.232602 0.198234 0.163994 0.130015 0.096394 0.063205 0.030501 -0.001680 -0.033314 -0.064387 -0.094892 -0.124829 
-2.000000 -2.000000 -2.000000 -2.000000 -2.000000 -2.000000 -2.000000 -2.000000 -2.000000 -2.000000 -2.000000 -2.000000 -2.000000 -2.000000 -2.000000 -2.000000 -2.000000 -2.000000 -2.000000 -2.000000 -2.000000 -2.000000 -2.000000 -2.000000 0.483149 0.480826 0.473930 0.462676 0.447394 0.428502 0.406468 0.381780 0.354913 0.326313 0.296384 0.265478 0.233898 0.201900 0.169693 0.137448 0.105303 0.073364 0.041716 0.010423 -0.020467 -0.050920 -0.080910 -0.110423 -0.139449 
-2.000000 -2.000000 -2.000000 -2.000000 -2.000000 -2.000000 -2.000000 -2.000000 -2.000000 -2.000000 -2.000000 -2.000000 -2.000000 -2.000000 -2.000000 -2.000000 -2.000000 -2.000000 -2.000000 -2.000000 -2.000000 -2.000000 -2.000000 -2.000000 0.426408 0.424368 0.418306 0.408384 0.394860 0.378063 0.358365 0.336163 0.311852 0.285811 0.258392 0.229909 0.200639 0.170822 0.140658 0.110317 0.079938 0.049633 0.019493 -0.010409 -0.040018 -0.069290 -0.098194 -0.126706 -0.154809 
-2.000000 -2.000000 -2.000000 -2.000000 -2.000000 -2.000000 -2.000000 -2.000000 -2.000000 -2.000000 -2.000000 -2.000000 -2.000000 -2.000000 -2.000000 -2.000000 -2.000000 -2.000000 -2.000000 -2.000000 -2.000000 -2.000000 -2.000000 -2.000000 0.372564 0.370759 0.365388 0.356579 0.344534 0.329514 0.311818 0.291771 0.269703 0.245935 0.220772 0.194492 0.167346 0.139555 0.111309 0.082772 0.054081 0.025351 -0.003324 -0.031867 -0.060215 -0.088321 -0.116143 -0.143654 -0.170830 
-2.000000 -2.000000 -2.000000 -2.000000 -2.000000 -2.000000 -2.000000 -2.000000 -2.000000 -2.000000 -2.000000 -2.000000 -2.000000 -2.000000 -2.000000 -2.000000 -2.000000 -2.000000 -2.000000 -2.000000 -2.000000 -2.000000 -2.000000 -2.000000 0.321348 0.319740 0.314949 0.307078 0.296286 0.282781 0.266810 0.248638 0.228540 0.206790 0.183651 0.159369 0.134169 0.108253 0.081798 0.054960 0.027873 0.000651 -0.026612 -0.053836 -0.080954 -0.107912 -0.134667 -0.161185 -0.187437 
-2.000000 -2.000000 -2.000000 -2.000000 -2.000000 -2.000000 -2.000000 -2.000000 -2.000000 -2.000000 -2.000000 -2.000000 -2.000000 -2.000000 -2.000000 -2.000000 -2.000000 -2.000000 -2.000000 -2.000000 -2.000000 -2.000000 -2.000000 -2.000000 0.272521 0.271079 0.266780 0.259704 0.249980 0.237779 0.223300 0.206763 0.188400 0.168444 0.147122 0.124649 0.101227 0.077039 0.052251 0.027007 0.001436 -0.024352 -0.050262 -0.076212 -0.102135 -0.127975 -0.153683 -0.179221 -0.204558 
-2.000000 -2.000000 -2.000000 -2.000000 -2.000000 -2.000000 -2.000000 -2.000000 -2.000000 -2.000000 -2.000000 -2.000000 -2.000000 -2.000000 -2.000000 -2.000000 -2.000000 -2.000000 -2.000000 -2.000000 -2.000000 -2.000000 -2.000000 -2.000000 0.225870 0.224569 0.220689 0.214294 0.205489 0.194414 0.181232 0.166128 0.149296 0.130936 0.111244 0.090409 0.068610 0.046013 0.022770 -0.000984 -0.025128 -0.049556 -0.074174 -0.098902 -0.123672 -0.148425 -0.173111 -0.197689 -0.222125 
-2.000000 -2.000000 -2.000000 -2.000000 -2.000000 -2.000000 -2.000000 -2.000000 -2.000000 -2.000000 -2.000000 -2.000000 -2.000000 -2.000000 -2.000000 -2.000000 -2.000000 -2.000000 -2.000000 -2.000000 -2.000000 -2.000000 -2.000000 -2.000000 0.181206 0.180027 0.176506 0.170698 0.162687 0.152590 0.140542 0.126698 0.111222 0.094285 0.076057 0.056705 0.036386 0.015252 -0.006561 -0.028927 -0.051732 -0.074874 -0.098264 -0.121824 -0.145485 -0.169188 -0.192882 -0.216524 -0.240077 
-2.000000 -2.000000 -2.000000 -2.000000 -2.000000 -2.000000 -2.000000 -2.000000 -2.000000 -2.000000 -2.000000 -2.000000 -2.000000 -2.000000 -2.000000 -2.000000 -2.000000 -2.000000 -2.000000 -2.000000 -2.000000 -2.000000 -2.000000 -2.000000 0.138362 0.137287 0.134078 0.128778 0.121459 0.112216 0.101163 0.088431 0.074159 0.058494 0.041584 0.023574 0.004607 -0.015185 -0.035676 -0.056750 -0.078300 -0.100232 -0.122459 -0.144905 -0.167504 -0.190196 -0.212930 -0.235662 -0.258353 
-2.000000 -2.000000 -2.000000 -2.000000 -2.000000 -2.000000 -2.000000 -2.000000 -2.000000 -2.000000 -2.000000 -2.000000 -2.000000 -2.000000 -2.000000 -2.000000 -2.000000 -2.000000 -2.000000 -2.000000 -2.000000 -2.000000 -2.000000 -2.000000 0.097187 0.096204 0.093266 0.088410 0.081696 0.073203 0.063028 0.051281 0.038081 0.023556 0.007834 -0.008958 -0.026694 -0.045253 -0.064522 -0.084395 -0.104773 -0.125566 -0.146694 -0.168082 -0.189666 -0.211388 -0.233197 -0.255048 -0.276902 
-2.000000 -2.000000 -2.000000 -2.000000 -2.000000 -2.000000 -2.000000 -2.000000 -2.000000 -2.000000 -2.000000 -2.000000 -2.000000 -2.000000 -2.000000 -2.000000 -2.000000 -2.000000 -2.000000 -2.000000 -2.000000 -2.000000 -2.000000 -2.000000 0.057550 0.056646 0.053946 0.049480 0.043298 0.035467 0.026069 0.015198 0.002958 -0.010544 -0.025194 -0.040880 -0.057491 -0.074918 -0.093059 -0.111817 -0.131100 -0.150825 -0.170915 -0.191300 -0.211918 -0.232711 -0.253631 -0.274632 -0.295674 
-2.000000 -2.000000 -2.000000 -2.000000 -2.000000 -2.000000 -2.000000 -2.000000 -2.000000 -2.000000 -2.000000 -2.000000 -2.000000 -2.000000 -2.000000 -2.000000 -2.000000 -2.000000 -2.000000 -2.000000 -2.000000 -2.000000 -2.000000 -2.000000 0.019332 0.018499 0.016008 0.011886 0.006174 -0.001070 -0.009777 -0.019865 -0.031246 -0.043826 -0.057506 -0.072186 -0.087769 -0.104156 -0.121256 -0.138978 -0.157240 -0.175963 -0.195075 -0.214511 -0.234210 -0.254117 -0.274184 -0.294366 -0.314625 
-2.000000 -2.000000 -2.000000 -2.000000 -2.000000 -2.000000 -2.000000 -2.000000 -2.000000 -2.000000 -2.000000 -2.000000 -2.000000 -2.000000 -2.000000 -2.000000 -2.000000 -2.000000 -2.000000 -2.000000 -2.000000 -2.000000 -2.000000 -2.000000 -0.017572 -0.018343 -0.020649 -0.024466 -0.029761 -0.036482 -0.044571 -0.053959 -0.064567 -0.076315 -0.089115 -0.102879 -0.117521 -0.132952 -0.149089 -0.165851 -0.183160 -0.200945 -0.219137 -0.237676 -0.256502 -0.275565 -0.294815 -0.314211 -0.333714 
