75 75
3.451437e+00 0 5
-2.000000 -2.000000 -2.000000 -2.000000 -2.000000 -2.000000 -2.000000 -2.000000 -2.000000 -2.000000 -2.000000 -2.000000 -2.000000 -2.000000 -2.000000 -2.000000 -2.000000 -2.000000 -2.000000 -2.000000 -2.000000 -2.000000 -2.000000 -2.000000 -2.000000 -2.000000 -2.000000 -2.000000 -2.000000 -2.000000 -2.000000 -2.000000 -2.000000 -2.000000 -2.000000 -2.000000 -2.000000 0.385686 0.385363 0.384396 0.382788 0.380546 0.377677 0.374195 0.370110 0.365439 0.360198 0.354405 0.348080 0.341245 0.333920 0.326128 0.317892 0.309235 0.300180 0.290752 0.280972 0.270863 0.260448 0.249748 0.238785 0.227578 0.216147 0.204511 0.192688 0.180695 0.168547 0.156262 0.143852 0.131331 0.118713 0.106010 0.093232 0.080390 0.067495 
-2.000000 -2.000000 -2.000000 -2.000000 -2.000000 -2.000000 -2.000000 -2.000000 -2.000000 -2.000000 -2.000000 -2.000000 -2.000000 -2.000000 -2.000000 -2.000000 -2.000000 -2.000000 -2.000000 -2.000000 -2.000000 -2.000000 -2.000000 -2.000000 -2.000000 -2.000000 -2.000000 -2.000000 -2.000000 -2.000000 -2.000000 -2.000000 -2.000000 -2.000000 -2.000000 -2.000000 -2.000000 0.409512 0.409173 0.408157 0.406469 0.404116 0.401106 0.397454 0.393171 0.388277 0.382788 0.376725 0.370110 0.362965 0.355315 0.347183 0.338595 0.329576 0.320150 0.310344 0.300180 0.289685 0.278882 0.267793 0.256440 0.244846 0.233031 0.221015 0.208816 0.196451 0.183938 0.171293 0.158531 0.145664 0.132708 0.119673 0.106572 0.093415 0.080212 
-2.000000 -2.000000 -2.000000 -2.000000 -2.000000 -2.000000 -2.000000 -2.000000 -2.000000 -2.000000 -2.000000 -2.000000 -2.000000 -2.000000 -2.000000 -2.000000 -2.000000 -2.000000 -2.000000 -2.000000 -2.000000 -2.000000 -2.000000 -2.000000 -2.000000 -2.000000 -2.000000 -2.000000 -2.000000 -2.000000 -2.000000 -2.000000 -2.000000 -2.000000 -2.000000 -2.000000 -2.000000 0.433852 0.433495 0.432427 0.430653 0.428179 0.425018 0.421181 0.416686 0.411551 0.405796 0.399443 0.392516 0.385041 0.377042 0.368548 0.359585 0.350180 0.340360 0.330153 0.319585 0.308681 0.297468 0.285970 0.274210 0.262211 0.249994 0.237581 0.224990 0.212239 0.199347 0.186330 0.173203 0.159980 0.146674 0.133299 0.119866 0.106385 0.092866 
-2.000000 -2.000000 -2.000000 -2.000000 -2.000000 -2.000000 -2.000000 -2.000000 -2.000000 -2.000000 -2.000000 -2.000000 -2.000000 -2.000000 -2.000000 -2.000000 -2.000000 -2.000000 -2.000000 -2.000000 -2.000000 -2.000000 -2.000000 -2.000000 -2.000000 -2.000000 -2.000000 -2.000000 -2.000000 -2.000000 -2.000000 -2.000000 -2.000000 -2.000000 -2.000000 -2.000000 -2.000000 0.458733 0.458358 0.457233 0.455365 0.452762 0.449435 0.445400 0.440675 0.435280 0.429238 0.422573 0.415311 0.407481 0.399111 0.390229 0.380865 0.371050 0.360811 0.350180 0.339183 0.327849 0.316205 0.304276 0.292088 0.279664 0.267028 0.254200 0.241201 0.228050 0.214764 0.201362 0.187858 0.174266 0.160602 0.146877 0.133102 0.119289 0.105448 
-2.000000 -2.000000 -2.000000 -2.000000 -2.000000 -2.000000 -2.000000 -2.000000 -2.000000 -2.000000 -2.000000 -2.000000 -2.000000 -2.000000 -2.000000 -2.000000 -2.000000 -2.000000 -2.000000 -2.000000 -2.000000 -2.000000 -2.000000 -2.000000 -2.000000 -2.000000 -2.000000 -2.000000 -2.000000 -2.000000 -2.000000 -2.000000 -2.000000 -2.000000 -2.000000 -2.000000 -2.000000 0.484186 0.483790 0.482604 0.480634 0.477890 0.474384 0.470135 0.465161 0.459485 0.453133 0.446131 0.438510 0.430299 0.421529 0.412232 0.402442 0.392189 0.381505 0.370423 0.358973 0.347183 0.335084 0.322703 0.310066 0.297198 0.284123 0.270863 0.257439 0.243872 0.230179 0.216378 0.202484 0.188514 0.174479 0.160394 0.146270 0.132117 0.117946 
-2.000000 -2.000000 -2.000000 -2.000000 -2.000000 -2.000000 -2.000000 -2.000000 -2.000000 -2.000000 -2.000000 -2.000000 -2.000000 -2.000000 -2.000000 -2.000000 -2.000000 -2.000000 -2.000000 -2.000000 -2.000000 -2.000000 -2.000000 -2.000000 -2.000000 -2.000000 -2.000000 -2.000000 -2.000000 -2.000000 -2.000000 -2.000000 -2.000000 -2.000000 -2.000000 -2.000000 -2.000000 0.510244 0.509825 0.508572 0.506491 0.503593 0.499893 0.495410 0.490166 0.484186 0.477499 0.470135 0.462125 0.453504 0.444306 0.434565 0.424318 0.413598 0.402442 0.390881 0.378950 0.366680 0.354102 0.341245 0.328136 0.314803 0.301269 0.287559 0.273694 0.259694 0.245579 0.231366 0.217071 0.202709 0.188295 0.173841 0.159358 0.144858 0.130350 
-2.000000 -2.000000 -2.000000 -2.000000 -2.000000 -2.000000 -2.000000 -2.000000 -2.000000 -2.000000 -2.000000 -2.000000 -2.000000 -2.000000 -2.000000 -2.000000 -2.000000 -2.000000 -2.000000 -2.000000 -2.000000 -2.000000 -2.000000 -2.000000 -2.000000 -2.000000 -2.000000 -2.000000 -2.000000 -2.000000 -2.000000 -2.000000 -2.000000 -2.000000 -2.000000 -2.000000 -2.000000 0.536940 0.536497 0.535171 0.532969 0.529904 0.525992 0.521255 0.515717 0.509407 0.502357 0.494600 0.486171 0.477109 0.467450 0.457233 0.446497 0.435280 0.423619 0.411551 0.399111 0.386332 0.373249 0.359891 0.346288 0.332468 0.318455 0.304276 0.289952 0.275503 0.260951 0.246312 0.231603 0.216840 0.202035 0.187202 0.172353 0.157498 0.142646 
-2.000000 -2.000000 -2.000000 -2.000000 -2.000000 -2.000000 -2.000000 -2.000000 -2.000000 -2.000000 -2.000000 -2.000000 -2.000000 -2.000000 -2.000000 -2.000000 -2.000000 -2.000000 -2.000000 -2.000000 -2.000000 -2.000000 -2.000000 -2.000000 -2.000000 -2.000000 -2.000000 -2.000000 -2.000000 -2.000000 -2.000000 -2.000000 -2.000000 -2.000000 -2.000000 -2.000000 -2.000000 0.564314 0.563844 0.562438 0.560103 0.556855 0.552712 0.547697 0.541840 0.535171 0.527726 0.519544 0.510662 0.501124 0.490969 0.480241 0.468982 0.457233 0.445035 0.432427 0.419447 0.406132 0.392516 0.378632 0.364510 0.350180 0.335668 0.321000 0.306199 0.291286 0.276281 0.261203 0.246068 0.230891 0.215686 0.200466 0.185242 0.170024 0.154823 
-2.000000 -2.000000 -2.000000 -2.000000 -2.000000 -2.000000 -2.000000 -2.000000 -2.000000 -2.000000 -2.000000 -2.000000 -2.000000 -2.000000 -2.000000 -2.000000 -2.000000 -2.000000 -2.000000 -2.000000 -2.000000 -2.000000 -2.000000 -2.000000 -2.000000 -2.000000 -2.000000 -2.000000 -2.000000 -2.000000 -2.000000 -2.000000 -2.000000 -2.000000 -2.000000 -2.000000 -2.000000 0.592406 0.591907 0.590413 0.587933 0.584484 0.580087 0.574769 0.568562 0.561503 0.553629 0.544984 0.535613 0.525559 0.514871 0.503593 0.491773 0.479456 0.466686 0.453504 0.439952 0.426069 0.411891 0.397454 0.382788 0.367925 0.352892 0.337715 0.322419 0.307025 0.291553 0.276022 0.260448 0.244846 0.229231 0.213615 0.198009 0.182422 0.166865 
-2.000000 -2.000000 -2.000000 -2.000000 -2.000000 -2.000000 -2.000000 -2.000000 -2.000000 -2.000000 -2.000000 -2.000000 -2.000000 -2.000000 -2.000000 -2.000000 -2.000000 -2.000000 -2.000000 -2.000000 -2.000000 -2.000000 -2.000000 -2.000000 -2.000000 -2.000000 -2.000000 -2.000000 -2.000000 -2.000000 -2.000000 -2.000000 -2.000000 -2.000000 -2.000000 -2.000000 -2.000000 0.621263 0.620732 0.619140 0.616501 0.612831 0.608155 0.602505 0.595916 0.588428 0.580087 0.570940 0.561036 0.550426 0.539161 0.527292 0.514871 0.501945 0.488564 0.474773 0.460615 0.446131 0.431362 0.416342 0.401106 0.385686 0.370110 0.354405 0.338595 0.322703 0.306749 0.290752 0.274727 0.258691 0.242656 0.226635 0.210639 0.194677 0.178758 
-2.000000 -2.000000 -2.000000 -2.000000 -2.000000 -2.000000 -2.000000 -2.000000 -2.000000 -2.000000 -2.000000 -2.000000 -2.000000 -2.000000 -2.000000 -2.000000 -2.000000 -2.000000 -2.000000 -2.000000 -2.000000 -2.000000 -2.000000 -2.000000 -2.000000 -2.000000 -2.000000 -2.000000 -2.000000 -2.000000 -2.000000 -2.000000 -2.000000 -2.000000 -2.000000 -2.000000 -2.000000 0.650934 0.650367 0.648668 0.645852 0.641939 0.636956 0.630940 0.623931 0.615975 0.607123 0.597428 0.586945 0.575732 0.563844 0.551339 0.538271 0.524695 0.510662 0.496222 0.481421 0.466304 0.450911 0.435280 0.419447 0.403445 0.387304 0.371050 0.354708 0.338302 0.321851 0.305374 0.288887 0.272405 0.255942 0.239508 0.223115 0.206772 0.190487 
-2.000000 -2.000000 -2.000000 -2.000000 -2.000000 -2.000000 -2.000000 -2.000000 -2.000000 -2.000000 -2.000000 -2.000000 -2.000000 -2.000000 -2.000000 -2.000000 -2.000000 -2.000000 -2.000000 -2.000000 -2.000000 -2.000000 -2.000000 -2.000000 -2.000000 -2.000000 -2.000000 -2.000000 -2.000000 -2.000000 -2.000000 -2.000000 -2.000000 -2.000000 -2.000000 -2.000000 -2.000000 0.681474 0.680867 0.679050 0.676038 0.671854 0.666532 0.660112 0.652641 0.644171 0.634759 0.624466 0.613353 0.601485 0.588924 0.575732 0.561970 0.547697 0.532969 0.517839 0.502357 0.486569 0.470519 0.454247 0.437790 0.421181 0.404451 0.387628 0.370736 0.353799 0.336837 0.319867 0.302907 0.285970 0.269070 0.252217 0.235421 0.218691 0.202035 
-2.000000 -2.000000 -2.000000 -2.000000 -2.000000 -2.000000 -2.000000 -2.000000 -2.000000 -2.000000 -2.000000 -2.000000 -2.000000 -2.000000 -2.000000 -2.000000 -2.000000 -2.000000 -2.000000 -2.000000 -2.000000 -2.000000 -2.000000 -2.000000 -2.000000 -2.000000 -2.000000 -2.000000 -2.000000 -2.000000 -2.000000 -2.000000 -2.000000 -2.000000 -2.000000 -2.000000 -2.000000 0.712942 0.712291 0.710341 0.707112 0.702629 0.696931 0.690064 0.682082 0.673046 0.663019 0.652071 0.640272 0.627691 0.614400 0.600467 0.585959 0.570940 0.555470 0.539606 0.523402 0.506907 0.490166 0.473222 0.456111 0.438870 0.421529 0.404116 0.386656 0.369172 0.351685 0.334211 0.316766 0.299365 0.282020 0.264741 0.247537 0.230416 0.213386 
-2.000000 -2.000000 -2.000000 -2.000000 -2.000000 -2.000000 -2.000000 -2.000000 -2.000000 -2.000000 -2.000000 -2.000000 -2.000000 -2.000000 -2.000000 -2.000000 -2.000000 -2.000000 -2.000000 -2.000000 -2.000000 -2.000000 -2.000000 -2.000000 -2.000000 -2.000000 -2.000000 -2.000000 -2.000000 -2.000000 -2.000000 -2.000000 -2.000000 -2.000000 -2.000000 -2.000000 -2.000000 0.745406 0.744704 0.742607 0.739134 0.734317 0.728201 0.720838 0.712291 0.702629 0.691926 0.680260 0.667710 0.654354 0.640272 0.625538 0.610227 0.594408 0.578146 0.561503 0.544534 0.527292 0.509825 0.492176 0.474384 0.456485 0.438510 0.420487 0.402442 0.384396 0.366370 0.348380 0.330442 0.312568 0.294771 0.277060 0.259443 0.241928 0.224520 
-2.000000 -2.000000 -2.000000 -2.000000 -2.000000 -2.000000 -2.000000 -2.000000 -2.000000 -2.000000 -2.000000 -2.000000 -2.000000 -2.000000 -2.000000 -2.000000 -2.000000 -2.000000 -2.000000 -2.000000 -2.000000 -2.000000 -2.000000 -2.000000 -2.000000 -2.000000 -2.000000 -2.000000 -2.000000 -2.000000 -2.000000 -2.000000 -2.000000 -2.000000 -2.000000 -2.000000 -2.000000 0.778937 0.778180 0.775917 0.772171 0.766981 0.760396 0.752480 0.743305 0.732951 0.721502 0.709047 0.695674 0.681474 0.666532 0.650934 0.634759 0.618083 0.600976 0.583503 0.565726 0.547697 0.529468 0.511082 0.492579 0.473996 0.455365 0.436713 0.418065 0.399443 0.380865 0.362349 0.343908 0.325555 0.307301 0.289153 0.271120 0.253207 0.235421 
-2.000000 -2.000000 -2.000000 -2.000000 -2.000000 -2.000000 -2.000000 -2.000000 -2.000000 -2.000000 -2.000000 -2.000000 -2.000000 -2.000000 -2.000000 -2.000000 -2.000000 -2.000000 -2.000000 -2.000000 -2.000000 -2.000000 -2.000000 -2.000000 -2.000000 -2.000000 -2.000000 -2.000000 -2.000000 -2.000000 -2.000000 -2.000000 -2.000000 -2.000000 -2.000000 -2.000000 -2.000000 0.813618 0.812798 0.810348 0.806295 0.800684 0.793574 0.785040 0.775165 0.764042 0.751768 0.738443 0.724169 0.709047 0.693172 0.676638 0.659533 0.641939 0.623931 0.605578 0.586945 0.568088 0.549059 0.529904 0.510662 0.491371 0.472062 0.452762 0.433495 0.414283 0.395143 0.376091 0.357140 0.338302 0.319585 0.300997 0.282545 0.264234 0.246068 
-2.000000 -2.000000 -2.000000 -2.000000 -2.000000 -2.000000 -2.000000 -2.000000 -2.000000 -2.000000 -2.000000 -2.000000 -2.000000 -2.000000 -2.000000 -2.000000 -2.000000 -2.000000 -2.000000 -2.000000 -2.000000 -2.000000 -2.000000 -2.000000 -2.000000 -2.000000 -2.000000 -2.000000 -2.000000 -2.000000 -2.000000 -2.000000 -2.000000 -2.000000 -2.000000 -2.000000 -2.000000 0.849537 0.848646 0.845984 0.841584 0.835498 0.827798 0.818569 0.807911 0.795931 0.782742 0.768457 0.753194 0.737063 0.720174 0.702629 0.684523 0.665945 0.646977 0.627691 0.608155 0.588428 0.568562 0.548605 0.528596 0.508572 0.488564 0.468599 0.448699 0.428885 0.409173 0.389577 0.370110 0.350781 0.331598 0.312568 0.293696 0.274986 0.256440 
-2.000000 -2.000000 -2.000000 -2.000000 -2.000000 -2.000000 -2.000000 -2.000000 -2.000000 -2.000000 -2.000000 -2.000000 -2.000000 -2.000000 -2.000000 -2.000000 -2.000000 -2.000000 -2.000000 -2.000000 -2.000000 -2.000000 -2.000000 -2.000000 -2.000000 -2.000000 -2.000000 -2.000000 -2.000000 -2.000000 -2.000000 -2.000000 -2.000000 -2.000000 -2.000000 -2.000000 -2.000000 0.886797 0.885824 0.882921 0.878125 0.871500 0.863131 0.853120 0.841584 0.828646 0.814439 0.799094 0.782742 0.765509 0.747516 0.728876 0.709694 0.690064 0.670073 0.649800 0.629313 0.608673 0.587933 0.567142 0.546339 0.525559 0.504833 0.484186 0.463640 0.443214 0.422921 0.402776 0.382788 0.362965 0.343315 0.323842 0.304550 0.285442 0.266519 
-2.000000 -2.000000 -2.000000 -2.000000 -2.000000 -2.000000 -2.000000 -2.000000 -2.000000 -2.000000 -2.000000 -2.000000 -2.000000 -2.000000 -2.000000 -2.000000 -2.000000 -2.000000 -2.000000 -2.000000 -2.000000 -2.000000 -2.000000 -2.000000 -2.000000 -2.000000 -2.000000 -2.000000 -2.000000 -2.000000 -2.000000 -2.000000 -2.000000 -2.000000 -2.000000 -2.000000 -2.000000 0.925508 0.924442 0.921261 0.916013 0.908774 0.899645 0.888748 0.876221 0.862211 0.846870 0.830349 0.812798 0.794359 0.775165 0.755342 0.735002 0.714248 0.693172 0.671854 0.650367 0.628772 0.607123 0.585467 0.563844 0.542288 0.520826 0.499484 0.478281 0.457233 0.436354 0.415655 0.395143 0.374826 0.354708 0.334793 0.315083 0.295579 0.276281 
-2.000000 -2.000000 -2.000000 -2.000000 -2.000000 -2.000000 -2.000000 -2.000000 -2.000000 -2.000000 -2.000000 -2.000000 -2.000000 -2.000000 -2.000000 -2.000000 -2.000000 -2.000000 -2.000000 -2.000000 -2.000000 -2.000000 -2.000000 -2.000000 -2.000000 -2.000000 -2.000000 -2.000000 -2.000000 -2.000000 -2.000000 -2.000000 -2.000000 -2.000000 -2.000000 -2.000000 -2.000000 0.965795 0.964622 0.961122 0.955353 0.947409 0.937411 0.925508 0.911861 0.896645 0.880037 0.862211 0.843338 0.823578 0.803080 0.781978 0.760396 0.738443 0.716215 0.693796 0.671260 0.648668 0.626076 0.603527 0.581061 0.558709 0.536497 0.514448 0.492579 0.470905 0.449435 0.428179 0.407144 0.386332 0.365749 0.345394 0.325269 0.305374 0.285706 
-2.000000 -2.000000 -2.000000 -2.000000 -2.000000 -2.000000 -2.000000 -2.000000 -2.000000 -2.000000 -2.000000 -2.000000 -2.000000 -2.000000 -2.000000 -2.000000 -2.000000 -2.000000 -2.000000 -2.000000 -2.000000 -2.000000 -2.000000 -2.000000 -2.000000 -2.000000 -2.000000 -2.000000 -2.000000 -2.000000 -2.000000 -2.000000 -2.000000 -2.000000 -2.000000 -2.000000 -2.000000 1.007799 1.006500 1.002630 0.996258 0.987500 0.976506 0.963452 0.948534 0.931959 0.913932 0.894657 0.874327 0.853120 0.831203 0.808722 0.785809 0.762580 0.739134 0.715558 0.691926 0.668299 0.644731 0.621263 0.597933 0.574769 0.551796 0.529032 0.506491 0.484186 0.462125 0.440314 0.418756 0.397454 0.376408 0.355619 0.335084 0.314803 0.294771 
-2.000000 -2.000000 -2.000000 -2.000000 -2.000000 -2.000000 -2.000000 -2.000000 -2.000000 -2.000000 -2.000000 -2.000000 -2.000000 -2.000000 -2.000000 -2.000000 -2.000000 -2.000000 -2.000000 -2.000000 -2.000000 -2.000000 -2.000000 -2.000000 -2.000000 -2.000000 -2.000000 -2.000000 -2.000000 -2.000000 -2.000000 -2.000000 -2.000000 -2.000000 -2.000000 -2.000000 -2.000000 1.051676 1.050231 1.045927 1.038853 1.029150 1.017004 1.002630 0.986264 0.968151 0.948534 0.927647 0.905709 0.882921 0.859464 0.835498 0.811163 0.786580 0.761851 0.737063 0.712291 0.687593 0.663019 0.638611 0.614400 0.590413 0.566669 0.543185 0.519971 0.497036 0.474384 0.452020 0.429945 0.408157 0.386656 0.365439 0.344502 0.323842 0.303454 
-2.000000 -2.000000 -2.000000 -2.000000 -2.000000 -2.000000 -2.000000 -2.000000 -2.000000 -2.000000 -2.000000 -2.000000 -2.000000 -2.000000 -2.000000 -2.000000 -2.000000 -2.000000 -2.000000 -2.000000 -2.000000 -2.000000 -2.000000 -2.000000 -2.000000 -2.000000 -2.000000 -2.000000 -2.000000 -2.000000 -2.000000 -2.000000 -2.000000 -2.000000 -2.000000 -2.000000 -2.000000 1.097602 1.095984 1.091169 1.083269 1.072462 1.058978 1.043083 1.025061 1.005206 0.983803 0.961122 0.937411 0.912895 0.887771 0.862211 0.836362 0.810348 0.784273 0.758223 0.732269 0.706468 0.680867 0.655500 0.630397 0.605578 0.581061 0.556855 0.532969 0.509407 0.486171 0.463261 0.440675 0.418410 0.396462 0.374826 0.353497 0.332468 0.311733 
-2.000000 -2.000000 -2.000000 -2.000000 -2.000000 -2.000000 -2.000000 -2.000000 -2.000000 -2.000000 -2.000000 -2.000000 -2.000000 -2.000000 -2.000000 -2.000000 -2.000000 -2.000000 -2.000000 -2.000000 -2.000000 -2.000000 -2.000000 -2.000000 -2.000000 -2.000000 -2.000000 -2.000000 -2.000000 -2.000000 -2.000000 -2.000000 -2.000000 -2.000000 -2.000000 -2.000000 -2.000000 1.145771 1.143947 1.138525 1.129647 1.117541 1.102495 1.084837 1.064916 1.043083 1.019672 0.994996 0.969335 0.942936 0.916013 0.888748 0.861293 0.833775 0.806295 0.778937 0.751768 0.724839 0.698191 0.671854 0.645852 0.620201 0.594910 0.569987 0.545435 0.521255 0.497443 0.473996 0.450911 0.428179 0.405796 0.383752 0.362041 0.340655 0.319585 
-2.000000 -2.000000 -2.000000 -2.000000 -2.000000 -2.000000 -2.000000 -2.000000 -2.000000 -2.000000 -2.000000 -2.000000 -2.000000 -2.000000 -2.000000 -2.000000 -2.000000 -2.000000 -2.000000 -2.000000 -2.000000 -2.000000 -2.000000 -2.000000 -2.000000 -2.000000 -2.000000 -2.000000 -2.000000 -2.000000 -2.000000 -2.000000 -2.000000 -2.000000 -2.000000 -2.000000 -2.000000 1.196401 1.194329 1.188177 1.178133 1.164487 1.147604 1.127895 1.105790 1.081707 1.056042 1.029150 1.001348 0.972905 0.944050 0.914971 0.885824 0.856734 0.827798 0.799094 0.770682 0.742607 0.714903 0.687593 0.660692 0.634212 0.608155 0.582525 0.557318 0.532530 0.508155 0.484186 0.460615 0.437431 0.414625 0.392189 0.370110 0.348380 0.326988 
-2.000000 -2.000000 -2.000000 -2.000000 -2.000000 -2.000000 -2.000000 -2.000000 -2.000000 -2.000000 -2.000000 -2.000000 -2.000000 -2.000000 -2.000000 -2.000000 -2.000000 -2.000000 -2.000000 -2.000000 -2.000000 -2.000000 -2.000000 -2.000000 -2.000000 -2.000000 -2.000000 -2.000000 -2.000000 -2.000000 -2.000000 -2.000000 -2.000000 -2.000000 -2.000000 -2.000000 -2.000000 1.249726 1.247352 1.240318 1.228868 1.213382 1.194329 1.172227 1.147604 1.120963 1.092767 1.063423 1.033280 1.002630 0.971711 0.940717 0.909800 0.879080 0.848646 0.818569 0.788899 0.759670 0.730909 0.702629 0.674838 0.647540 0.620732 0.594408 0.568562 0.543185 0.518265 0.493790 0.469750 0.446131 0.422921 0.400107 0.377677 0.355619 0.333920 
-2.000000 -2.000000 -2.000000 -2.000000 -2.000000 -2.000000 -2.000000 -2.000000 -2.000000 -2.000000 -2.000000 -2.000000 -2.000000 -2.000000 -2.000000 -2.000000 -2.000000 -2.000000 -2.000000 -2.000000 -2.000000 -2.000000 -2.000000 -2.000000 -2.000000 -2.000000 -2.000000 -2.000000 -2.000000 -2.000000 -2.000000 -2.000000 -2.000000 -2.000000 -2.000000 -2.000000 -2.000000 1.305997 1.303253 1.295137 1.281979 1.264279 1.242649 1.217744 1.190217 1.160672 1.129647 1.097602 1.064916 1.031899 0.998795 0.965795 0.933043 0.900649 0.868692 0.837228 0.806295 0.775917 0.746108 0.716872 0.688209 0.660112 0.632573 0.605578 0.579116 0.553170 0.527726 0.502769 0.478281 0.454247 0.430653 0.407481 0.384718 0.362349 0.340360 
-2.000000 -2.000000 -2.000000 -2.000000 -2.000000 -2.000000 -2.000000 -2.000000 -2.000000 -2.000000 -2.000000 -2.000000 -2.000000 -2.000000 -2.000000 -2.000000 -2.000000 -2.000000 -2.000000 -2.000000 -2.000000 -2.000000 -2.000000 -2.000000 -2.000000 -2.000000 -2.000000 -2.000000 -2.000000 -2.000000 -2.000000 -2.000000 -2.000000 -2.000000 -2.000000 -2.000000 -2.000000 1.365469 1.362264 1.352809 1.337554 1.317174 1.292469 1.264279 1.233408 1.200578 1.166408 1.131407 1.095984 1.060455 1.025061 0.989984 0.955353 0.921261 0.887771 0.854923 0.822739 0.791230 0.760396 0.730230 0.700721 0.671854 0.643612 0.615975 0.588924 0.562438 0.536497 0.511082 0.486171 0.461747 0.437790 0.414283 0.391208 0.368548 0.346288 
-2.000000 -2.000000 -2.000000 -2.000000 -2.000000 -2.000000 -2.000000 -2.000000 -2.000000 -2.000000 -2.000000 -2.000000 -2.000000 -2.000000 -2.000000 -2.000000 -2.000000 -2.000000 -2.000000 -2.000000 -2.000000 -2.000000 -2.000000 -2.000000 -2.000000 -2.000000 -2.000000 -2.000000 -2.000000 -2.000000 -2.000000 -2.000000 -2.000000 -2.000000 -2.000000 -2.000000 -2.000000 1.428372 1.424586 1.413455 1.395607 1.371962 1.343583 1.311545 1.276839 1.240318 1.202683 1.164487 1.126151 1.087990 1.050231 1.013034 0.976506 0.940717 0.905709 0.871500 0.838095 0.805489 0.773666 0.742607 0.712291 0.682691 0.653782 0.625538 0.597933 0.570940 0.544534 0.518691 0.493386 0.468599 0.444306 0.420487 0.397123 0.374195 0.351685 
-2.000000 -2.000000 -2.000000 -2.000000 -2.000000 -2.000000 -2.000000 -2.000000 -2.000000 -2.000000 -2.000000 -2.000000 -2.000000 -2.000000 -2.000000 -2.000000 -2.000000 -2.000000 -2.000000 -2.000000 -2.000000 -2.000000 -2.000000 -2.000000 -2.000000 -2.000000 -2.000000 -2.000000 -2.000000 -2.000000 -2.000000 -2.000000 -2.000000 -2.000000 -2.000000 -2.000000 -2.000000 1.494860 1.490335 1.477084 1.456005 1.428372 1.395607 1.359086 1.320020 1.279400 1.238001 1.196401 1.155019 1.114149 1.073989 1.034666 0.996258 0.958805 0.922319 0.886797 0.852222 0.818569 0.785809 0.753909 0.722834 0.692549 0.663019 0.634212 0.606093 0.578631 0.551796 0.525559 0.499893 0.474773 0.450172 0.426069 0.402442 0.379269 0.356531 
-2.000000 -2.000000 -2.000000 -2.000000 -2.000000 -2.000000 -2.000000 -2.000000 -2.000000 -2.000000 -2.000000 -2.000000 -2.000000 -2.000000 -2.000000 -2.000000 -2.000000 -2.000000 -2.000000 -2.000000 -2.000000 -2.000000 -2.000000 -2.000000 -2.000000 -2.000000 -2.000000 -2.000000 -2.000000 -2.000000 -2.000000 -2.000000 -2.000000 -2.000000 -2.000000 -2.000000 -2.000000 1.564908 1.559432 1.543482 1.518362 1.485865 1.447898 1.406213 1.362264 1.317174 1.271766 1.226618 1.182120 1.138525 1.095984 1.054581 1.014353 0.975302 0.937411 0.900649 0.864977 0.830349 0.796720 0.764042 0.732269 0.701356 0.671260 0.641939 0.613353 0.585467 0.558244 0.531653 0.505662 0.480241 0.455365 0.431007 0.407144 0.383752 0.360811 
-2.000000 -2.000000 -2.000000 -2.000000 -2.000000 -2.000000 -2.000000 -2.000000 -2.000000 -2.000000 -2.000000 -2.000000 -2.000000 -2.000000 -2.000000 -2.000000 -2.000000 -2.000000 -2.000000 -2.000000 -2.000000 -2.000000 -2.000000 -2.000000 -2.000000 -2.000000 -2.000000 -2.000000 -2.000000 -2.000000 -2.000000 -2.000000 -2.000000 -2.000000 -2.000000 -2.000000 -2.000000 1.638113 1.631405 1.612010 1.581856 1.543482 1.499441 1.451929 1.402644 1.352809 1.303253 1.254517 1.206928 1.160672 1.115841 1.072462 1.030522 0.989984 0.950795 0.912895 0.876221 0.840709 0.806295 0.772918 0.740520 0.709047 0.678446 0.648668 0.619670 0.591409 0.563844 0.536940 0.510662 0.484979 0.459861 0.435280 0.411210 0.387628 0.364510 
-2.000000 -2.000000 -2.000000 -2.000000 -2.000000 -2.000000 -2.000000 -2.000000 -2.000000 -2.000000 -2.000000 -2.000000 -2.000000 -2.000000 -2.000000 -2.000000 -2.000000 -2.000000 -2.000000 -2.000000 -2.000000 -2.000000 -2.000000 -2.000000 -2.000000 -2.000000 -2.000000 -2.000000 -2.000000 -2.000000 -2.000000 -2.000000 -2.000000 -2.000000 -2.000000 -2.000000 -2.000000 1.713316 1.705025 1.681275 1.644950 1.599642 1.548721 1.494860 1.439964 1.385291 1.331620 1.279400 1.228868 1.180122 1.133175 1.087990 1.044502 1.002630 0.962285 0.923379 0.885824 0.849537 0.814439 0.780455 0.747516 0.715558 0.684523 0.654354 0.625002 0.596419 0.568562 0.541392 0.514871 0.488964 0.463640 0.438870 0.414625 0.390881 0.367613 
-2.000000 -2.000000 -2.000000 -2.000000 -2.000000 -2.000000 -2.000000 -2.000000 -2.000000 -2.000000 -2.000000 -2.000000 -2.000000 -2.000000 -2.000000 -2.000000 -2.000000 -2.000000 -2.000000 -2.000000 -2.000000 -2.000000 -2.000000 -2.000000 -2.000000 -2.000000 -2.000000 -2.000000 -2.000000 -2.000000 -2.000000 -2.000000 -2.000000 -2.000000 -2.000000 -2.000000 -2.000000 1.787963 1.777693 1.748617 1.705025 1.651922 1.593615 1.533225 1.472771 1.413455 1.355934 1.300529 1.247352 1.196401 1.147604 1.100857 1.056042 1.013034 0.971711 0.931959 0.893666 0.856734 0.821067 0.786580 0.753194 0.720838 0.689445 0.658955 0.629313 0.600467 0.572372 0.544984 0.518265 0.492176 0.466686 0.441761 0.417375 0.393500 0.370110 
-2.000000 -2.000000 -2.000000 -2.000000 -2.000000 -2.000000 -2.000000 -2.000000 -2.000000 -2.000000 -2.000000 -2.000000 -2.000000 -2.000000 -2.000000 -2.000000 -2.000000 -2.000000 -2.000000 -2.000000 -2.000000 -2.000000 -2.000000 -2.000000 -2.000000 -2.000000 -2.000000 -2.000000 -2.000000 -2.000000 -2.000000 -2.000000 -2.000000 -2.000000 -2.000000 -2.000000 -2.000000 1.857153 1.844584 1.809484 1.758037 1.696928 1.631405 1.564908 1.499441 1.436060 1.375250 1.317174 1.261815 1.209067 1.158779 1.110784 1.064916 1.021013 0.978924 0.938510 0.899645 0.862211 0.826105 0.791230 0.757501 0.724839 0.693172 0.662436 0.632573 0.603527 0.575250 0.547697 0.520826 0.494600 0.468982 0.443941 0.419447 0.395473 0.371991 
-2.000000 -2.000000 -2.000000 -2.000000 -2.000000 -2.000000 -2.000000 -2.000000 -2.000000 -2.000000 -2.000000 -2.000000 -2.000000 -2.000000 -2.000000 -2.000000 -2.000000 -2.000000 -2.000000 -2.000000 -2.000000 -2.000000 -2.000000 -2.000000 -2.000000 -2.000000 -2.000000 -2.000000 -2.000000 -2.000000 -2.000000 -2.000000 -2.000000 -2.000000 -2.000000 -2.000000 -2.000000 1.912826 1.897999 1.857153 1.798553 1.730516 1.659034 1.587687 1.518362 1.451929 1.388698 1.328686 1.271766 1.217744 1.166408 1.117541 1.070942 1.026420 0.983803 0.942936 0.903678 0.865903 0.829497 0.794359 0.760396 0.727526 0.695674 0.664772 0.634759 0.605578 0.577179 0.549514 0.522542 0.496222 0.470519 0.445400 0.420834 0.396792 0.373249 
-2.000000 -2.000000 -2.000000 -2.000000 -2.000000 -2.000000 -2.000000 -2.000000 -2.000000 -2.000000 -2.000000 -2.000000 -2.000000 -2.000000 -2.000000 -2.000000 -2.000000 -2.000000 -2.000000 -2.000000 -2.000000 -2.000000 -2.000000 -2.000000 -2.000000 -2.000000 -2.000000 -2.000000 -2.000000 -2.000000 -2.000000 -2.000000 -2.000000 -2.000000 -2.000000 -2.000000 -2.000000 1.944672 1.928358 1.883815 1.820782 1.748617 1.673704 1.599642 1.528203 1.460126 1.395607 1.334575 1.276839 1.222156 1.170278 1.120963 1.073989 1.029150 0.986264 0.945166 0.905709 0.867760 0.831203 0.795931 0.761851 0.728876 0.696931 0.665945 0.635856 0.606607 0.578146 0.550426 0.523402 0.497036 0.471290 0.446131 0.421529 0.397454 0.373879 
-2.000000 -2.000000 -2.000000 -2.000000 -2.000000 -2.000000 -2.000000 -2.000000 -2.000000 -2.000000 -2.000000 -2.000000 -2.000000 -2.000000 -2.000000 -2.000000 -2.000000 -2.000000 -2.000000 -2.000000 -2.000000 -2.000000 -2.000000 -2.000000 -2.000000 -2.000000 -2.000000 -2.000000 -2.000000 -2.000000 -2.000000 -2.000000 -2.000000 -2.000000 -2.000000 -2.000000 -2.000000 1.948882 1.932360 1.887304 1.823666 1.750948 1.675581 1.601165 1.529452 1.461163 1.396479 1.335318 1.277477 1.222711 1.170764 1.121393 1.074371 1.029493 0.986573 0.945446 0.905963 0.867993 0.831417 0.796128 0.762033 0.729045 0.697088 0.666092 0.635994 0.606736 0.578267 0.550540 0.523510 0.497137 0.471386 0.446223 0.421616 0.397536 0.373958 
-2.000000 -2.000000 -2.000000 -2.000000 -2.000000 -2.000000 -2.000000 -2.000000 -2.000000 -2.000000 -2.000000 -2.000000 -2.000000 -2.000000 -2.000000 -2.000000 -2.000000 -2.000000 -2.000000 -2.000000 -2.000000 -2.000000 -2.000000 -2.000000 -2.000000 -2.000000 -2.000000 -2.000000 -2.000000 -2.000000 -2.000000 -2.000000 -2.000000 -2.000000 -2.000000 -2.000000 -2.000000 1.944490 1.928185 1.883664 1.820657 1.748516 1.673623 1.599576 1.528149 1.460081 1.395569 1.334543 1.276811 1.222132 1.170257 1.120944 1.073972 1.029135 0.986251 0.945154 0.905698 0.867750 0.831194 0.795923 0.761843 0.728869 0.696924 0.665939 0.635850 0.606602 0.578141 0.550421 0.523397 0.497031 0.471286 0.446127 0.421525 0.397450 0.373876 
-2.000000 -2.000000 -2.000000 -2.000000 -2.000000 -2.000000 -2.000000 -2.000000 -2.000000 -2.000000 -2.000000 -2.000000 -2.000000 -2.000000 -2.000000 -2.000000 -2.000000 -2.000000 -2.000000 -2.000000 -2.000000 -2.000000 -2.000000 -2.000000 -2.000000 -2.000000 -2.000000 -2.000000 -2.000000 -2.000000 -2.000000 -2.000000 -2.000000 -2.000000 -2.000000 -2.000000 -2.000000 1.912335 1.897531 1.856739 1.798205 1.730231 1.658801 1.587497 1.518205 1.451798 1.388588 1.328592 1.271684 1.217673 1.166345 1.117486 1.070893 1.026376 0.983763 0.942900 0.903645 0.865873 0.829469 0.794333 0.760373 0.727504 0.695654 0.664754 0.634741 0.605562 0.577163 0.549500 0.522528 0.496209 0.470507 0.445388 0.420823 0.396782 0.373239 
-2.000000 -2.000000 -2.000000 -2.000000 -2.000000 -2.000000 -2.000000 -2.000000 -2.000000 -2.000000 -2.000000 -2.000000 -2.000000 -2.000000 -2.000000 -2.000000 -2.000000 -2.000000 -2.000000 -2.000000 -2.000000 -2.000000 -2.000000 -2.000000 -2.000000 -2.000000 -2.000000 -2.000000 -2.000000 -2.000000 -2.000000 -2.000000 -2.000000 -2.000000 -2.000000 -2.000000 -2.000000 1.856464 1.843921 1.808887 1.757523 1.696497 1.631048 1.564611 1.499193 1.435851 1.375072 1.317021 1.261683 1.208952 1.158677 1.110694 1.064835 1.020940 0.978859 0.938451 0.899591 0.862162 0.826059 0.791188 0.757462 0.724803 0.693138 0.662405 0.632543 0.603499 0.575224 0.547673 0.520803 0.494578 0.468961 0.443922 0.419429 0.395455 0.371974 
-2.000000 -2.000000 -2.000000 -2.000000 -2.000000 -2.000000 -2.000000 -2.000000 -2.000000 -2.000000 -2.000000 -2.000000 -2.000000 -2.000000 -2.000000 -2.000000 -2.000000 -2.000000 -2.000000 -2.000000 -2.000000 -2.000000 -2.000000 -2.000000 -2.000000 -2.000000 -2.000000 -2.000000 -2.000000 -2.000000 -2.000000 -2.000000 -2.000000 -2.000000 -2.000000 -2.000000 -2.000000 1.787178 1.776932 1.747917 1.704409 1.651391 1.593165 1.532844 1.472448 1.413179 1.355698 1.300324 1.247174 1.196244 1.147465 1.100734 1.055931 1.012934 0.971621 0.931877 0.893592 0.856665 0.821004 0.786521 0.753140 0.720788 0.689398 0.658911 0.629272 0.600429 0.572336 0.544951 0.518233 0.492146 0.466657 0.441734 0.417349 0.393475 0.370086 
-2.000000 -2.000000 -2.000000 -2.000000 -2.000000 -2.000000 -2.000000 -2.000000 -2.000000 -2.000000 -2.000000 -2.000000 -2.000000 -2.000000 -2.000000 -2.000000 -2.000000 -2.000000 -2.000000 -2.000000 -2.000000 -2.000000 -2.000000 -2.000000 -2.000000 -2.000000 -2.000000 -2.000000 -2.000000 -2.000000 -2.000000 -2.000000 -2.000000 -2.000000 -2.000000 -2.000000 -2.000000 1.712504 1.704233 1.680535 1.644282 1.599054 1.548210 1.494419 1.439584 1.384963 1.331335 1.279151 1.228650 1.179929 1.133003 1.087837 1.044365 1.002506 0.962172 0.923276 0.885730 0.849451 0.814359 0.780381 0.747448 0.715495 0.684464 0.654299 0.624950 0.596370 0.568517 0.541349 0.514830 0.488925 0.463604 0.438835 0.414592 0.390850 0.367583 
-2.000000 -2.000000 -2.000000 -2.000000 -2.000000 -2.000000 -2.000000 -2.000000 -2.000000 -2.000000 -2.000000 -2.000000 -2.000000 -2.000000 -2.000000 -2.000000 -2.000000 -2.000000 -2.000000 -2.000000 -2.000000 -2.000000 -2.000000 -2.000000 -2.000000 -2.000000 -2.000000 -2.000000 -2.000000 -2.000000 -2.000000 -2.000000 -2.000000 -2.000000 -2.000000 -2.000000 -2.000000 1.637312 1.630620 1.611266 1.581172 1.542867 1.498896 1.451450 1.402224 1.352441 1.302930 1.254232 1.206675 1.160448 1.115641 1.072282 1.030360 0.989836 0.950661 0.912773 0.876109 0.840606 0.806199 0.772830 0.740438 0.708970 0.678374 0.648602 0.619608 0.591350 0.563788 0.536888 0.510613 0.484932 0.459817 0.435238 0.411170 0.387589 0.364473 
-2.000000 -2.000000 -2.000000 -2.000000 -2.000000 -2.000000 -2.000000 -2.000000 -2.000000 -2.000000 -2.000000 -2.000000 -2.000000 -2.000000 -2.000000 -2.000000 -2.000000 -2.000000 -2.000000 -2.000000 -2.000000 -2.000000 -2.000000 -2.000000 -2.000000 -2.000000 -2.000000 -2.000000 -2.000000 -2.000000 -2.000000 -2.000000 -2.000000 -2.000000 -2.000000 -2.000000 -2.000000 1.564138 1.558673 1.542755 1.517684 1.485244 1.447338 1.405712 1.361818 1.316778 1.271414 1.226304 1.181840 1.138274 1.095758 1.054377 1.014168 0.975134 0.937258 0.900509 0.864847 0.830230 0.796609 0.763940 0.732174 0.701267 0.671177 0.641861 0.613280 0.585398 0.558180 0.531592 0.505604 0.480186 0.455313 0.430957 0.407096 0.383707 0.360768 
-2.000000 -2.000000 -2.000000 -2.000000 -2.000000 -2.000000 -2.000000 -2.000000 -2.000000 -2.000000 -2.000000 -2.000000 -2.000000 -2.000000 -2.000000 -2.000000 -2.000000 -2.000000 -2.000000 -2.000000 -2.000000 -2.000000 -2.000000 -2.000000 -2.000000 -2.000000 -2.000000 -2.000000 -2.000000 -2.000000 -2.000000 -2.000000 -2.000000 -2.000000 -2.000000 -2.000000 -2.000000 1.494126 1.489610 1.476385 1.455344 1.427759 1.395045 1.358576 1.319559 1.278986 1.237628 1.196066 1.154717 1.113876 1.073742 1.034442 0.996054 0.958618 0.922148 0.886640 0.852077 0.818435 0.785685 0.753793 0.722726 0.692448 0.662925 0.634123 0.606010 0.578553 0.551722 0.525489 0.499827 0.474710 0.450113 0.426013 0.402388 0.379217 0.356482 
-2.000000 -2.000000 -2.000000 -2.000000 -2.000000 -2.000000 -2.000000 -2.000000 -2.000000 -2.000000 -2.000000 -2.000000 -2.000000 -2.000000 -2.000000 -2.000000 -2.000000 -2.000000 -2.000000 -2.000000 -2.000000 -2.000000 -2.000000 -2.000000 -2.000000 -2.000000 -2.000000 -2.000000 -2.000000 -2.000000 -2.000000 -2.000000 -2.000000 -2.000000 -2.000000 -2.000000 -2.000000 1.427677 1.423898 1.412787 1.394970 1.371364 1.343028 1.311035 1.276372 1.239893 1.202297 1.164136 1.125833 1.087701 1.049968 1.012793 0.976285 0.940515 0.905523 0.871328 0.837937 0.805342 0.773529 0.742480 0.712172 0.682580 0.653678 0.625440 0.597841 0.570853 0.544452 0.518613 0.493313 0.468529 0.444239 0.420424 0.397062 0.374137 0.351629 
-2.000000 -2.000000 -2.000000 -2.000000 -2.000000 -2.000000 -2.000000 -2.000000 -2.000000 -2.000000 -2.000000 -2.000000 -2.000000 -2.000000 -2.000000 -2.000000 -2.000000 -2.000000 -2.000000 -2.000000 -2.000000 -2.000000 -2.000000 -2.000000 -2.000000 -2.000000 -2.000000 -2.000000 -2.000000 -2.000000 -2.000000 -2.000000 -2.000000 -2.000000 -2.000000 -2.000000 -2.000000 1.364812 1.361613 1.352173 1.336944 1.316595 1.291927 1.263775 1.232942 1.200149 1.166014 1.131047 1.095654 1.060153 1.024784 0.989729 0.955119 0.921046 0.887572 0.854739 0.822568 0.791071 0.760248 0.730092 0.700592 0.671733 0.643498 0.615867 0.588822 0.562342 0.536407 0.510996 0.486090 0.461670 0.437717 0.414213 0.391141 0.368484 0.346227 
-2.000000 -2.000000 -2.000000 -2.000000 -2.000000 -2.000000 -2.000000 -2.000000 -2.000000 -2.000000 -2.000000 -2.000000 -2.000000 -2.000000 -2.000000 -2.000000 -2.000000 -2.000000 -2.000000 -2.000000 -2.000000 -2.000000 -2.000000 -2.000000 -2.000000 -2.000000 -2.000000 -2.000000 -2.000000 -2.000000 -2.000000 -2.000000 -2.000000 -2.000000 -2.000000 -2.000000 -2.000000 1.305376 1.302637 1.294533 1.281395 1.263721 1.242121 1.217249 1.189756 1.160244 1.129251 1.097236 1.064578 1.031588 0.998508 0.965530 0.932798 0.900422 0.868481 0.837032 0.806113 0.775747 0.745949 0.716724 0.688070 0.659982 0.632450 0.605462 0.579006 0.553067 0.527628 0.502676 0.478193 0.454163 0.430573 0.407405 0.384645 0.362280 0.340293 
-2.000000 -2.000000 -2.000000 -2.000000 -2.000000 -2.000000 -2.000000 -2.000000 -2.000000 -2.000000 -2.000000 -2.000000 -2.000000 -2.000000 -2.000000 -2.000000 -2.000000 -2.000000 -2.000000 -2.000000 -2.000000 -2.000000 -2.000000 -2.000000 -2.000000 -2.000000 -2.000000 -2.000000 -2.000000 -2.000000 -2.000000 -2.000000 -2.000000 -2.000000 -2.000000 -2.000000 -2.000000 1.249138 1.246768 1.239743 1.228310 1.212846 1.193818 1.171744 1.147150 1.120538 1.092371 1.063055 1.032938 1.002312 0.971417 0.940444 0.909546 0.878843 0.848426 0.818364 0.788707 0.759491 0.730741 0.702471 0.674690 0.647401 0.620600 0.594284 0.568445 0.543074 0.518159 0.493691 0.469655 0.446041 0.422835 0.400025 0.377599 0.355544 0.333848 
-2.000000 -2.000000 -2.000000 -2.000000 -2.000000 -2.000000 -2.000000 -2.000000 -2.000000 -2.000000 -2.000000 -2.000000 -2.000000 -2.000000 -2.000000 -2.000000 -2.000000 -2.000000 -2.000000 -2.000000 -2.000000 -2.000000 -2.000000 -2.000000 -2.000000 -2.000000 -2.000000 -2.000000 -2.000000 -2.000000 -2.000000 -2.000000 -2.000000 -2.000000 -2.000000 -2.000000 -2.000000 1.195843 1.193774 1.187631 1.177600 1.163972 1.147110 1.127426 1.105346 1.081289 1.055649 1.028782 1.001004 0.972584 0.943750 0.914692 0.885563 0.856490 0.827570 0.798881 0.770482 0.742420 0.714727 0.687427 0.660536 0.634064 0.608016 0.582393 0.557193 0.532412 0.508043 0.484080 0.460513 0.437334 0.414533 0.392101 0.370026 0.348299 0.326910 
-2.000000 -2.000000 -2.000000 -2.000000 -2.000000 -2.000000 -2.000000 -2.000000 -2.000000 -2.000000 -2.000000 -2.000000 -2.000000 -2.000000 -2.000000 -2.000000 -2.000000 -2.000000 -2.000000 -2.000000 -2.000000 -2.000000 -2.000000 -2.000000 -2.000000 -2.000000 -2.000000 -2.000000 -2.000000 -2.000000 -2.000000 -2.000000 -2.000000 -2.000000 -2.000000 -2.000000 -2.000000 1.145241 1.143419 1.138004 1.129138 1.117047 1.102019 1.084381 1.064482 1.042671 1.019284 0.994630 0.968991 0.942613 0.915710 0.888464 0.861027 0.833525 0.806061 0.778717 0.751561 0.724644 0.698008 0.671682 0.645689 0.620047 0.594764 0.569849 0.545305 0.521130 0.497325 0.473884 0.450803 0.428077 0.405698 0.383659 0.361952 0.340569 0.319503 
-2.000000 -2.000000 -2.000000 -2.000000 -2.000000 -2.000000 -2.000000 -2.000000 -2.000000 -2.000000 -2.000000 -2.000000 -2.000000 -2.000000 -2.000000 -2.000000 -2.000000 -2.000000 -2.000000 -2.000000 -2.000000 -2.000000 -2.000000 -2.000000 -2.000000 -2.000000 -2.000000 -2.000000 -2.000000 -2.000000 -2.000000 -2.000000 -2.000000 -2.000000 -2.000000 -2.000000 -2.000000 1.097097 1.095481 1.090672 1.082781 1.071988 1.058519 1.042641 1.024639 1.004804 0.983421 0.960760 0.937069 0.912573 0.887467 0.861925 0.836092 0.810094 0.784034 0.757998 0.732057 0.706268 0.680677 0.655321 0.630228 0.605418 0.580909 0.556711 0.532832 0.509277 0.486047 0.463143 0.440562 0.418302 0.396359 0.374728 0.353402 0.332377 0.311646 
-2.000000 -2.000000 -2.000000 -2.000000 -2.000000 -2.000000 -2.000000 -2.000000 -2.000000 -2.000000 -2.000000 -2.000000 -2.000000 -2.000000 -2.000000 -2.000000 -2.000000 -2.000000 -2.000000 -2.000000 -2.000000 -2.000000 -2.000000 -2.000000 -2.000000 -2.000000 -2.000000 -2.000000 -2.000000 -2.000000 -2.000000 -2.000000 -2.000000 -2.000000 -2.000000 -2.000000 -2.000000 1.051194 1.049751 1.045452 1.038386 1.028694 1.016561 1.002202 0.985853 0.967758 0.948159 0.927290 0.905370 0.882599 0.859160 0.835210 0.810891 0.786323 0.761608 0.736834 0.712074 0.687387 0.662825 0.638427 0.614226 0.590247 0.566512 0.543035 0.519828 0.496900 0.474255 0.451897 0.429827 0.408044 0.386548 0.365336 0.344403 0.323747 0.303363 
-2.000000 -2.000000 -2.000000 -2.000000 -2.000000 -2.000000 -2.000000 -2.000000 -2.000000 -2.000000 -2.000000 -2.000000 -2.000000 -2.000000 -2.000000 -2.000000 -2.000000 -2.000000 -2.000000 -2.000000 -2.000000 -2.000000 -2.000000 -2.000000 -2.000000 -2.000000 -2.000000 -2.000000 -2.000000 -2.000000 -2.000000 -2.000000 -2.000000 -2.000000 -2.000000 -2.000000 -2.000000 1.007338 1.006041 1.002175 0.995810 0.987061 0.976078 0.963038 0.948135 0.931574 0.913564 0.894305 0.873991 0.852801 0.830900 0.808434 0.785536 0.762321 0.738889 0.715326 0.691706 0.668090 0.644532 0.621075 0.597754 0.574599 0.551634 0.528877 0.506344 0.484046 0.461991 0.440185 0.418633 0.397336 0.376296 0.355511 0.334981 0.314704 0.294676 
-2.000000 -2.000000 -2.000000 -2.000000 -2.000000 -2.000000 -2.000000 -2.000000 -2.000000 -2.000000 -2.000000 -2.000000 -2.000000 -2.000000 -2.000000 -2.000000 -2.000000 -2.000000 -2.000000 -2.000000 -2.000000 -2.000000 -2.000000 -2.000000 -2.000000 -2.000000 -2.000000 -2.000000 -2.000000 -2.000000 -2.000000 -2.000000 -2.000000 -2.000000 -2.000000 -2.000000 -2.000000 0.965353 0.964181 0.960685 0.954922 0.946986 0.936998 0.925106 0.911473 0.896270 0.879676 0.861866 0.843008 0.823263 0.802778 0.781691 0.760123 0.738183 0.715968 0.693561 0.671036 0.648456 0.625874 0.603335 0.580877 0.558534 0.536331 0.514289 0.492428 0.470760 0.449296 0.428047 0.407017 0.386211 0.365632 0.345282 0.325162 0.305270 0.285606 
-2.000000 -2.000000 -2.000000 -2.000000 -2.000000 -2.000000 -2.000000 -2.000000 -2.000000 -2.000000 -2.000000 -2.000000 -2.000000 -2.000000 -2.000000 -2.000000 -2.000000 -2.000000 -2.000000 -2.000000 -2.000000 -2.000000 -2.000000 -2.000000 -2.000000 -2.000000 -2.000000 -2.000000 -2.000000 -2.000000 -2.000000 -2.000000 -2.000000 -2.000000 -2.000000 -2.000000 -2.000000 0.925083 0.924019 0.920841 0.915598 0.908366 0.899246 0.888359 0.875844 0.861846 0.846517 0.830010 0.812472 0.794047 0.774867 0.755057 0.734730 0.713988 0.692924 0.671618 0.650141 0.628556 0.606918 0.585271 0.563657 0.542109 0.520656 0.499321 0.478125 0.457084 0.436212 0.415518 0.395012 0.374700 0.354588 0.334677 0.314971 0.295472 0.276178 
-2.000000 -2.000000 -2.000000 -2.000000 -2.000000 -2.000000 -2.000000 -2.000000 -2.000000 -2.000000 -2.000000 -2.000000 -2.000000 -2.000000 -2.000000 -2.000000 -2.000000 -2.000000 -2.000000 -2.000000 -2.000000 -2.000000 -2.000000 -2.000000 -2.000000 -2.000000 -2.000000 -2.000000 -2.000000 -2.000000 -2.000000 -2.000000 -2.000000 -2.000000 -2.000000 -2.000000 -2.000000 0.886389 0.885417 0.882516 0.877725 0.871107 0.862745 0.852743 0.841217 0.828290 0.814094 0.798761 0.782421 0.765201 0.747221 0.728593 0.709422 0.689804 0.669825 0.649563 0.629086 0.608456 0.587726 0.566944 0.546149 0.525378 0.504660 0.484020 0.463481 0.443061 0.422775 0.402636 0.382653 0.362836 0.343191 0.323723 0.304435 0.285331 0.266412 
-2.000000 -2.000000 -2.000000 -2.000000 -2.000000 -2.000000 -2.000000 -2.000000 -2.000000 -2.000000 -2.000000 -2.000000 -2.000000 -2.000000 -2.000000 -2.000000 -2.000000 -2.000000 -2.000000 -2.000000 -2.000000 -2.000000 -2.000000 -2.000000 -2.000000 -2.000000 -2.000000 -2.000000 -2.000000 -2.000000 -2.000000 -2.000000 -2.000000 -2.000000 -2.000000 -2.000000 -2.000000 0.849145 0.848254 0.845595 0.841198 0.835118 0.827424 0.818204 0.807555 0.795584 0.782405 0.768132 0.752879 0.736760 0.719882 0.702348 0.684253 0.665686 0.646729 0.627454 0.607928 0.588210 0.568354 0.548405 0.528404 0.508388 0.488388 0.468430 0.448537 0.428729 0.409023 0.389434 0.369972 0.350648 0.331471 0.312445 0.293578 0.274872 0.256330 
-2.000000 -2.000000 -2.000000 -2.000000 -2.000000 -2.000000 -2.000000 -2.000000 -2.000000 -2.000000 -2.000000 -2.000000 -2.000000 -2.000000 -2.000000 -2.000000 -2.000000 -2.000000 -2.000000 -2.000000 -2.000000 -2.000000 -2.000000 -2.000000 -2.000000 -2.000000 -2.000000 -2.000000 -2.000000 -2.000000 -2.000000 -2.000000 -2.000000 -2.000000 -2.000000 -2.000000 -2.000000 0.813239 0.812419 0.809971 0.805922 0.800316 0.793212 0.784685 0.774818 0.763704 0.751439 0.738124 0.723860 0.708748 0.692884 0.676361 0.659266 0.641681 0.623683 0.605341 0.586717 0.567870 0.548849 0.529702 0.510469 0.491185 0.471883 0.452590 0.433330 0.414125 0.394991 0.375945 0.357000 0.338166 0.319454 0.300871 0.282423 0.264117 0.245955 
-2.000000 -2.000000 -2.000000 -2.000000 -2.000000 -2.000000 -2.000000 -2.000000 -2.000000 -2.000000 -2.000000 -2.000000 -2.000000 -2.000000 -2.000000 -2.000000 -2.000000 -2.000000 -2.000000 -2.000000 -2.000000 -2.000000 -2.000000 -2.000000 -2.000000 -2.000000 -2.000000 -2.000000 -2.000000 -2.000000 -2.000000 -2.000000 -2.000000 -2.000000 -2.000000 -2.000000 -2.000000 0.778571 0.777814 0.775553 0.771811 0.766624 0.760045 0.752135 0.742968 0.732621 0.721181 0.708734 0.695371 0.681180 0.666248 0.650660 0.634494 0.617827 0.600730 0.583267 0.565498 0.547478 0.529257 0.510879 0.492384 0.473809 0.455185 0.436539 0.417898 0.399282 0.380711 0.362200 0.343765 0.325417 0.307167 0.289024 0.270995 0.253087 0.235305 
-2.000000 -2.000000 -2.000000 -2.000000 -2.000000 -2.000000 -2.000000 -2.000000 -2.000000 -2.000000 -2.000000 -2.000000 -2.000000 -2.000000 -2.000000 -2.000000 -2.000000 -2.000000 -2.000000 -2.000000 -2.000000 -2.000000 -2.000000 -2.000000 -2.000000 -2.000000 -2.000000 -2.000000 -2.000000 -2.000000 -2.000000 -2.000000 -2.000000 -2.000000 -2.000000 -2.000000 -2.000000 0.745051 0.744351 0.742255 0.738785 0.733972 0.727860 0.720502 0.711962 0.702307 0.691612 0.679954 0.667412 0.654065 0.639992 0.625267 0.609965 0.594155 0.577902 0.561267 0.544306 0.527073 0.509614 0.491973 0.474188 0.456296 0.438328 0.420312 0.402273 0.384233 0.366213 0.348228 0.330296 0.312427 0.294635 0.276929 0.259316 0.241805 0.224402 
-2.000000 -2.000000 -2.000000 -2.000000 -2.000000 -2.000000 -2.000000 -2.000000 -2.000000 -2.000000 -2.000000 -2.000000 -2.000000 -2.000000 -2.000000 -2.000000 -2.000000 -2.000000 -2.000000 -2.000000 -2.000000 -2.000000 -2.000000 -2.000000 -2.000000 -2.000000 -2.000000 -2.000000 -2.000000 -2.000000 -2.000000 -2.000000 -2.000000 -2.000000 -2.000000 -2.000000 -2.000000 0.712599 0.711948 0.710000 0.706773 0.702293 0.696600 0.689738 0.681762 0.672732 0.662712 0.651772 0.639980 0.627407 0.614124 0.600200 0.585700 0.570689 0.555227 0.539371 0.523175 0.506688 0.489955 0.473018 0.455915 0.438680 0.421346 0.403939 0.386486 0.369008 0.351526 0.334057 0.316618 0.299222 0.281882 0.264607 0.247407 0.230291 0.213265 
-2.000000 -2.000000 -2.000000 -2.000000 -2.000000 -2.000000 -2.000000 -2.000000 -2.000000 -2.000000 -2.000000 -2.000000 -2.000000 -2.000000 -2.000000 -2.000000 -2.000000 -2.000000 -2.000000 -2.000000 -2.000000 -2.000000 -2.000000 -2.000000 -2.000000 -2.000000 -2.000000 -2.000000 -2.000000 -2.000000 -2.000000 -2.000000 -2.000000 -2.000000 -2.000000 -2.000000 -2.000000 0.681141 0.680534 0.678718 0.675709 0.671528 0.666210 0.659795 0.652329 0.643864 0.634459 0.624172 0.613067 0.601206 0.588652 0.575468 0.561714 0.547449 0.532728 0.517606 0.502131 0.486351 0.470308 0.454044 0.437593 0.420991 0.404267 0.387450 0.370565 0.353633 0.336676 0.319712 0.302757 0.285825 0.268929 0.252081 0.235290 0.218564 0.201912 
-2.000000 -2.000000 -2.000000 -2.000000 -2.000000 -2.000000 -2.000000 -2.000000 -2.000000 -2.000000 -2.000000 -2.000000 -2.000000 -2.000000 -2.000000 -2.000000 -2.000000 -2.000000 -2.000000 -2.000000 -2.000000 -2.000000 -2.000000 -2.000000 -2.000000 -2.000000 -2.000000 -2.000000 -2.000000 -2.000000 -2.000000 -2.000000 -2.000000 -2.000000 -2.000000 -2.000000 -2.000000 0.650611 0.650044 0.648347 0.645532 0.641622 0.636643 0.630630 0.623626 0.615675 0.606829 0.597140 0.586664 0.575457 0.563577 0.551078 0.538018 0.524449 0.510424 0.495991 0.481197 0.466087 0.450700 0.435076 0.419250 0.403255 0.387119 0.370871 0.354535 0.338135 0.321689 0.305217 0.288735 0.272258 0.255800 0.239371 0.222982 0.206643 0.190362 
-2.000000 -2.000000 -2.000000 -2.000000 -2.000000 -2.000000 -2.000000 -2.000000 -2.000000 -2.000000 -2.000000 -2.000000 -2.000000 -2.000000 -2.000000 -2.000000 -2.000000 -2.000000 -2.000000 -2.000000 -2.000000 -2.000000 -2.000000 -2.000000 -2.000000 -2.000000 -2.000000 -2.000000 -2.000000 -2.000000 -2.000000 -2.000000 -2.000000 -2.000000 -2.000000 -2.000000 -2.000000 0.620949 0.620418 0.618828 0.616190 0.612522 0.607850 0.602203 0.595618 0.588136 0.579800 0.570658 0.560760 0.550156 0.538898 0.527036 0.514621 0.501702 0.488328 0.474543 0.460392 0.445915 0.431152 0.416139 0.400909 0.385495 0.369925 0.354226 0.338422 0.322535 0.306586 0.290594 0.274574 0.258543 0.242512 0.226496 0.210504 0.194546 0.178631 
-2.000000 -2.000000 -2.000000 -2.000000 -2.000000 -2.000000 -2.000000 -2.000000 -2.000000 -2.000000 -2.000000 -2.000000 -2.000000 -2.000000 -2.000000 -2.000000 -2.000000 -2.000000 -2.000000 -2.000000 -2.000000 -2.000000 -2.000000 -2.000000 -2.000000 -2.000000 -2.000000 -2.000000 -2.000000 -2.000000 -2.000000 -2.000000 -2.000000 -2.000000 -2.000000 -2.000000 -2.000000 0.592100 0.591602 0.590108 0.587630 0.584184 0.579789 0.574475 0.568272 0.561217 0.553348 0.544708 0.535342 0.525294 0.514612 0.503341 0.491527 0.479216 0.466452 0.453276 0.439731 0.425854 0.411683 0.397251 0.382591 0.367734 0.352707 0.337536 0.322245 0.306856 0.291389 0.275863 0.260294 0.244697 0.229086 0.213474 0.197872 0.182290 0.166736 
-2.000000 -2.000000 -2.000000 -2.000000 -2.000000 -2.000000 -2.000000 -2.000000 -2.000000 -2.000000 -2.000000 -2.000000 -2.000000 -2.000000 -2.000000 -2.000000 -2.000000 -2.000000 -2.000000 -2.000000 -2.000000 -2.000000 -2.000000 -2.000000 -2.000000 -2.000000 -2.000000 -2.000000 -2.000000 -2.000000 -2.000000 -2.000000 -2.000000 -2.000000 -2.000000 -2.000000 -2.000000 0.564016 0.563546 0.562141 0.559808 0.556562 0.552421 0.547410 0.541556 0.534891 0.527451 0.519273 0.510397 0.500863 0.490714 0.479992 0.468739 0.456996 0.444804 0.432202 0.419228 0.405919 0.392308 0.378430 0.364314 0.349989 0.335483 0.320820 0.306024 0.291116 0.276117 0.261043 0.245912 0.230740 0.215539 0.200324 0.185104 0.169890 0.154693 
-2.000000 -2.000000 -2.000000 -2.000000 -2.000000 -2.000000 -2.000000 -2.000000 -2.000000 -2.000000 -2.000000 -2.000000 -2.000000 -2.000000 -2.000000 -2.000000 -2.000000 -2.000000 -2.000000 -2.000000 -2.000000 -2.000000 -2.000000 -2.000000 -2.000000 -2.000000 -2.000000 -2.000000 -2.000000 -2.000000 -2.000000 -2.000000 -2.000000 -2.000000 -2.000000 -2.000000 -2.000000 0.536650 0.536207 0.534882 0.532681 0.529618 0.525708 0.520974 0.515439 0.509133 0.502087 0.494334 0.485910 0.476853 0.467199 0.456988 0.446257 0.435046 0.423390 0.411328 0.398893 0.386120 0.373043 0.359690 0.346093 0.332277 0.318271 0.304096 0.289777 0.275334 0.260786 0.246152 0.231447 0.216688 0.201888 0.187059 0.172214 0.157363 0.142515 
-2.000000 -2.000000 -2.000000 -2.000000 -2.000000 -2.000000 -2.000000 -2.000000 -2.000000 -2.000000 -2.000000 -2.000000 -2.000000 -2.000000 -2.000000 -2.000000 -2.000000 -2.000000 -2.000000 -2.000000 -2.000000 -2.000000 -2.000000 -2.000000 -2.000000 -2.000000 -2.000000 -2.000000 -2.000000 -2.000000 -2.000000 -2.000000 -2.000000 -2.000000 -2.000000 -2.000000 -2.000000 0.509960 0.509542 0.508290 0.506210 0.503314 0.499616 0.495136 0.489895 0.483918 0.477235 0.469874 0.461869 0.453252 0.444059 0.434323 0.424081 0.413367 0.402215 0.390660 0.378734 0.366470 0.353897 0.341045 0.327942 0.314613 0.301085 0.287379 0.273519 0.259524 0.245413 0.231205 0.216914 0.202557 0.188147 0.173697 0.159218 0.144722 0.130217 
-2.000000 -2.000000 -2.000000 -2.000000 -2.000000 -2.000000 -2.000000 -2.000000 -2.000000 -2.000000 -2.000000 -2.000000 -2.000000 -2.000000 -2.000000 -2.000000 -2.000000 -2.000000 -2.000000 -2.000000 -2.000000 -2.000000 -2.000000 -2.000000 -2.000000 -2.000000 -2.000000 -2.000000 -2.000000 -2.000000 -2.000000 -2.000000 -2.000000 -2.000000 -2.000000 -2.000000 -2.000000 0.483910 0.483514 0.482329 0.480360 0.477617 0.474113 0.469866 0.464895 0.459222 0.452873 0.445876 0.438258 0.430051 0.421286 0.411994 0.402208 0.391960 0.381282 0.370204 0.358759 0.346975 0.334881 0.322505 0.309872 0.297009 0.283939 0.270684 0.257265 0.243702 0.230013 0.216216 0.202327 0.188361 0.174331 0.160249 0.146129 0.131980 0.117812 
-2.000000 -2.000000 -2.000000 -2.000000 -2.000000 -2.000000 -2.000000 -2.000000 -2.000000 -2.000000 -2.000000 -2.000000 -2.000000 -2.000000 -2.000000 -2.000000 -2.000000 -2.000000 -2.000000 -2.000000 -2.000000 -2.000000 -2.000000 -2.000000 -2.000000 -2.000000 -2.000000 -2.000000 -2.000000 -2.000000 -2.000000 -2.000000 -2.000000 -2.000000 -2.000000 -2.000000 -2.000000 0.458463 0.458088 0.456964 0.455096 0.452495 0.449170 0.445137 0.440415 0.435023 0.428983 0.422322 0.415064 0.407238 0.398872 0.389994 0.380635 0.370824 0.360590 0.349963 0.338971 0.327642 0.316002 0.304079 0.291895 0.279476 0.266844 0.254021 0.241026 0.227880 0.214599 0.201200 0.187700 0.174113 0.160452 0.146731 0.132960 0.119151 0.105313 
-2.000000 -2.000000 -2.000000 -2.000000 -2.000000 -2.000000 -2.000000 -2.000000 -2.000000 -2.000000 -2.000000 -2.000000 -2.000000 -2.000000 -2.000000 -2.000000 -2.000000 -2.000000 -2.000000 -2.000000 -2.000000 -2.000000 -2.000000 -2.000000 -2.000000 -2.000000 -2.000000 -2.000000 -2.000000 -2.000000 -2.000000 -2.000000 -2.000000 -2.000000 -2.000000 -2.000000 -2.000000 0.433587 0.433231 0.432164 0.430390 0.427918 0.424758 0.420924 0.416431 0.411298 0.405546 0.399196 0.392273 0.384801 0.376807 0.368317 0.359358 0.349957 0.340142 0.329939 0.319375 0.308476 0.297268 0.285774 0.274019 0.262024 0.249812 0.237402 0.224815 0.212069 0.199182 0.186168 0.173045 0.159826 0.146524 0.133153 0.119723 0.106245 0.092730 
-2.000000 -2.000000 -2.000000 -2.000000 -2.000000 -2.000000 -2.000000 -2.000000 -2.000000 -2.000000 -2.000000 -2.000000 -2.000000 -2.000000 -2.000000 -2.000000 -2.000000 -2.000000 -2.000000 -2.000000 -2.000000 -2.000000 -2.000000 -2.000000 -2.000000 -2.000000 -2.000000 -2.000000 -2.000000 -2.000000 -2.000000 -2.000000 -2.000000 -2.000000 -2.000000 -2.000000 -2.000000 0.409253 0.408914 0.407899 0.406212 0.403860 0.400852 0.397201 0.392921 0.388029 0.382543 0.376483 0.369871 0.362730 0.355083 0.346956 0.338371 0.329356 0.319934 0.310132 0.299973 0.289482 0.278683 0.267598 0.256250 0.244660 0.232850 0.220837 0.208642 0.196282 0.183773 0.171132 0.158373 0.145511 0.132558 0.119527 0.106429 0.093275 0.080075 
-2.000000 -2.000000 -2.000000 -2.000000 -2.000000 -2.000000 -2.000000 -2.000000 -2.000000 -2.000000 -2.000000 -2.000000 -2.000000 -2.000000 -2.000000 -2.000000 -2.000000 -2.000000 -2.000000 -2.000000 -2.000000 -2.000000 -2.000000 -2.000000 -2.000000 -2.000000 -2.000000 -2.000000 -2.000000 -2.000000 -2.000000 -2.000000 -2.000000 -2.000000 -2.000000 -2.000000 -2.000000 0.385433 0.385110 0.384143 0.382536 0.380295 0.377428 0.373947 0.369865 0.365196 0.359957 0.354167 0.347846 0.341013 0.333692 0.325903 0.317671 0.309018 0.299967 0.290542 0.280766 0.270662 0.260251 0.249555 0.238595 0.227393 0.215966 0.204334 0.192515 0.180526 0.168382 0.156100 0.143694 0.131177 0.118563 0.105863 0.093088 0.080250 0.067358 
