63 63
1.949845e+00 0 5
-2.000000 -2.000000 -2.000000 -2.000000 -2.000000 -2.000000 -2.000000 -2.000000 -2.000000 -2.000000 -2.000000 -2.000000 -2.000000 -2.000000 -2.000000 -2.000000 -2.000000 -2.000000 -2.000000 -2.000000 -2.000000 -2.000000 -2.000000 -2.000000 -2.000000 -2.000000 -2.000000 -2.000000 -2.000000 -2.000000 -2.000000 0.245384 0.244924 0.243549 0.241265 0.238085 0.234027 0.229114 0.223371 0.216828 0.209517 0.201474 0.192736 0.183342 0.173332 0.162744 0.151620 0.139999 0.127919 0.115420 0.102538 0.089308 0.075764 0.061939 0.047862 0.033562 0.019067 0.004401 -0.010412 -0.025351 -0.040395 -0.055525 -0.070725 
-2.000000 -2.000000 -2.000000 -2.000000 -2.000000 -2.000000 -2.000000 -2.000000 -2.000000 -2.000000 -2.000000 -2.000000 -2.000000 -2.000000 -2.000000 -2.000000 -2.000000 -2.000000 -2.000000 -2.000000 -2.000000 -2.000000 -2.000000 -2.000000 -2.000000 -2.000000 -2.000000 -2.000000 -2.000000 -2.000000 -2.000000 0.273786 0.273298 0.271839 0.269417 0.266046 0.261746 0.256544 0.250467 0.243549 0.235827 0.227340 0.218129 0.208238 0.197710 0.186589 0.174920 0.162744 0.150105 0.137043 0.123599 0.109809 0.095710 0.081336 0.066719 0.051888 0.036873 0.021699 0.006389 -0.009033 -0.024547 -0.040134 -0.055778 
-2.000000 -2.000000 -2.000000 -2.000000 -2.000000 -2.000000 -2.000000 -2.000000 -2.000000 -2.000000 -2.000000 -2.000000 -2.000000 -2.000000 -2.000000 -2.000000 -2.000000 -2.000000 -2.000000 -2.000000 -2.000000 -2.000000 -2.000000 -2.000000 -2.000000 -2.000000 -2.000000 -2.000000 -2.000000 -2.000000 -2.000000 0.302945 0.302427 0.300876 0.298301 0.294721 0.290157 0.284637 0.278195 0.270869 0.262699 0.253729 0.244007 0.233579 0.222493 0.210799 0.198544 0.185776 0.172539 0.158880 0.144839 0.130457 0.115773 0.100822 0.085639 0.070253 0.054695 0.038991 0.023167 0.007244 -0.008757 -0.024815 -0.040915 
-2.000000 -2.000000 -2.000000 -2.000000 -2.000000 -2.000000 -2.000000 -2.000000 -2.000000 -2.000000 -2.000000 -2.000000 -2.000000 -2.000000 -2.000000 -2.000000 -2.000000 -2.000000 -2.000000 -2.000000 -2.000000 -2.000000 -2.000000 -2.000000 -2.000000 -2.000000 -2.000000 -2.000000 -2.000000 -2.000000 -2.000000 0.332910 0.332358 0.330705 0.327964 0.324153 0.319297 0.313430 0.306588 0.298815 0.290157 0.280662 0.270384 0.259375 0.247687 0.235376 0.222493 0.209090 0.195217 0.180921 0.166248 0.151241 0.135939 0.120382 0.104605 0.088639 0.072515 0.056261 0.039902 0.023461 0.006959 -0.009585 -0.026154 
-2.000000 -2.000000 -2.000000 -2.000000 -2.000000 -2.000000 -2.000000 -2.000000 -2.000000 -2.000000 -2.000000 -2.000000 -2.000000 -2.000000 -2.000000 -2.000000 -2.000000 -2.000000 -2.000000 -2.000000 -2.000000 -2.000000 -2.000000 -2.000000 -2.000000 -2.000000 -2.000000 -2.000000 -2.000000 -2.000000 -2.000000 0.363734 0.363144 0.361379 0.358453 0.354387 0.349211 0.342961 0.335680 0.327418 0.318225 0.308158 0.297276 0.285636 0.273298 0.260322 0.246765 0.232682 0.218129 0.203156 0.187813 0.172144 0.156193 0.139999 0.123599 0.107027 0.090314 0.073488 0.056575 0.039598 0.022579 0.005536 -0.011513 
-2.000000 -2.000000 -2.000000 -2.000000 -2.000000 -2.000000 -2.000000 -2.000000 -2.000000 -2.000000 -2.000000 -2.000000 -2.000000 -2.000000 -2.000000 -2.000000 -2.000000 -2.000000 -2.000000 -2.000000 -2.000000 -2.000000 -2.000000 -2.000000 -2.000000 -2.000000 -2.000000 -2.000000 -2.000000 -2.000000 -2.000000 0.395474 0.394843 0.392954 0.389823 0.385475 0.379943 0.373271 0.365507 0.356706 0.346929 0.336236 0.324695 0.312371 0.299329 0.285636 0.271353 0.256544 0.241265 0.225572 0.209517 0.193149 0.176513 0.159650 0.142599 0.125394 0.108068 0.090649 0.073163 0.055634 0.038082 0.020527 0.002985 
-2.000000 -2.000000 -2.000000 -2.000000 -2.000000 -2.000000 -2.000000 -2.000000 -2.000000 -2.000000 -2.000000 -2.000000 -2.000000 -2.000000 -2.000000 -2.000000 -2.000000 -2.000000 -2.000000 -2.000000 -2.000000 -2.000000 -2.000000 -2.000000 -2.000000 -2.000000 -2.000000 -2.000000 -2.000000 -2.000000 -2.000000 0.428195 0.427518 0.425490 0.422131 0.417470 0.411544 0.404404 0.396106 0.386713 0.376292 0.364915 0.352655 0.339587 0.325782 0.311314 0.296252 0.280662 0.264608 0.248150 0.231341 0.214235 0.196878 0.179313 0.161581 0.143718 0.125754 0.107721 0.089643 0.071544 0.053446 0.035365 0.017319 
-2.000000 -2.000000 -2.000000 -2.000000 -2.000000 -2.000000 -2.000000 -2.000000 -2.000000 -2.000000 -2.000000 -2.000000 -2.000000 -2.000000 -2.000000 -2.000000 -2.000000 -2.000000 -2.000000 -2.000000 -2.000000 -2.000000 -2.000000 -2.000000 -2.000000 -2.000000 -2.000000 -2.000000 -2.000000 -2.000000 -2.000000 0.461968 0.461238 0.459056 0.455443 0.450431 0.444067 0.436408 0.427518 0.417470 0.406341 0.394212 0.381167 0.367287 0.352655 0.337351 0.321449 0.305023 0.288142 0.270869 0.253262 0.235376 0.217261 0.198962 0.180519 0.161969 0.143344 0.124675 0.105987 0.087303 0.068644 0.050026 0.031466 
-2.000000 -2.000000 -2.000000 -2.000000 -2.000000 -2.000000 -2.000000 -2.000000 -2.000000 -2.000000 -2.000000 -2.000000 -2.000000 -2.000000 -2.000000 -2.000000 -2.000000 -2.000000 -2.000000 -2.000000 -2.000000 -2.000000 -2.000000 -2.000000 -2.000000 -2.000000 -2.000000 -2.000000 -2.000000 -2.000000 -2.000000 0.496871 0.496083 0.493727 0.489827 0.484423 0.477569 0.469330 0.459783 0.449009 0.437099 0.424144 0.410238 0.395474 0.379943 0.363734 0.346929 0.329607 0.311842 0.293703 0.275251 0.256544 0.237632 0.218564 0.199380 0.180117 0.160808 0.141483 0.122167 0.102882 0.083648 0.064482 0.045399 
-2.000000 -2.000000 -2.000000 -2.000000 -2.000000 -2.000000 -2.000000 -2.000000 -2.000000 -2.000000 -2.000000 -2.000000 -2.000000 -2.000000 -2.000000 -2.000000 -2.000000 -2.000000 -2.000000 -2.000000 -2.000000 -2.000000 -2.000000 -2.000000 -2.000000 -2.000000 -2.000000 -2.000000 -2.000000 -2.000000 -2.000000 0.532990 0.532136 0.529583 0.525362 0.519517 0.512113 0.503226 0.492944 0.481364 0.468589 0.454723 0.439873 0.424144 0.407636 0.390447 0.372669 0.354387 0.335680 0.316621 0.297276 0.277703 0.257957 0.238085 0.218129 0.198127 0.178111 0.158110 0.138149 0.118250 0.098430 0.078706 0.059092 
-2.000000 -2.000000 -2.000000 -2.000000 -2.000000 -2.000000 -2.000000 -2.000000 -2.000000 -2.000000 -2.000000 -2.000000 -2.000000 -2.000000 -2.000000 -2.000000 -2.000000 -2.000000 -2.000000 -2.000000 -2.000000 -2.000000 -2.000000 -2.000000 -2.000000 -2.000000 -2.000000 -2.000000 -2.000000 -2.000000 -2.000000 0.570422 0.569493 0.566718 0.562131 0.555788 0.547764 0.538149 0.527046 0.514567 0.500832 0.485961 0.470073 0.453288 0.435718 0.417470 0.398644 0.379333 0.359622 0.339587 0.319297 0.298815 0.278195 0.257485 0.236729 0.215962 0.195217 0.174522 0.153901 0.133374 0.112958 0.092667 0.072515 
-2.000000 -2.000000 -2.000000 -2.000000 -2.000000 -2.000000 -2.000000 -2.000000 -2.000000 -2.000000 -2.000000 -2.000000 -2.000000 -2.000000 -2.000000 -2.000000 -2.000000 -2.000000 -2.000000 -2.000000 -2.000000 -2.000000 -2.000000 -2.000000 -2.000000 -2.000000 -2.000000 -2.000000 -2.000000 -2.000000 -2.000000 0.609275 0.608261 0.605232 0.600230 0.593321 0.584594 0.574157 0.562131 0.548648 0.533845 0.517861 0.500832 0.482891 0.464164 0.444770 0.424817 0.404404 0.383624 0.362555 0.341271 0.319834 0.298301 0.276721 0.255134 0.233579 0.212085 0.190679 0.169384 0.148218 0.127197 0.106333 0.085639 
-2.000000 -2.000000 -2.000000 -2.000000 -2.000000 -2.000000 -2.000000 -2.000000 -2.000000 -2.000000 -2.000000 -2.000000 -2.000000 -2.000000 -2.000000 -2.000000 -2.000000 -2.000000 -2.000000 -2.000000 -2.000000 -2.000000 -2.000000 -2.000000 -2.000000 -2.000000 -2.000000 -2.000000 -2.000000 -2.000000 -2.000000 0.649670 0.648557 0.645237 0.639759 0.632204 0.622679 0.611311 0.598245 0.583635 0.567641 0.550423 0.532136 0.512929 0.492944 0.472309 0.451143 0.429554 0.407636 0.385475 0.363144 0.340709 0.318225 0.295741 0.273298 0.250931 0.228670 0.206538 0.184558 0.162744 0.141111 0.119671 0.098430 
-2.000000 -2.000000 -2.000000 -2.000000 -2.000000 -2.000000 -2.000000 -2.000000 -2.000000 -2.000000 -2.000000 -2.000000 -2.000000 -2.000000 -2.000000 -2.000000 -2.000000 -2.000000 -2.000000 -2.000000 -2.000000 -2.000000 -2.000000 -2.000000 -2.000000 -2.000000 -2.000000 -2.000000 -2.000000 -2.000000 -2.000000 0.691740 0.690515 0.686859 0.680833 0.672536 0.662097 0.649670 0.635426 0.619549 0.602224 0.583635 0.563960 0.543368 0.522012 0.500037 0.477569 0.454723 0.431599 0.408285 0.384857 0.361379 0.337909 0.314491 0.291167 0.267969 0.244924 0.222055 0.199380 0.176912 0.154664 0.132643 0.110856 
-2.000000 -2.000000 -2.000000 -2.000000 -2.000000 -2.000000 -2.000000 -2.000000 -2.000000 -2.000000 -2.000000 -2.000000 -2.000000 -2.000000 -2.000000 -2.000000 -2.000000 -2.000000 -2.000000 -2.000000 -2.000000 -2.000000 -2.000000 -2.000000 -2.000000 -2.000000 -2.000000 -2.000000 -2.000000 -2.000000 -2.000000 0.735639 0.734281 0.730235 0.723574 0.714420 0.702931 0.689292 0.673712 0.656404 0.637587 0.617475 0.596269 0.574157 0.551313 0.527890 0.504026 0.479842 0.455443 0.430917 0.406341 0.381780 0.357288 0.332910 0.308683 0.284637 0.260796 0.237180 0.213804 0.190679 0.167813 0.145213 0.122882 
-2.000000 -2.000000 -2.000000 -2.000000 -2.000000 -2.000000 -2.000000 -2.000000 -2.000000 -2.000000 -2.000000 -2.000000 -2.000000 -2.000000 -2.000000 -2.000000 -2.000000 -2.000000 -2.000000 -2.000000 -2.000000 -2.000000 -2.000000 -2.000000 -2.000000 -2.000000 -2.000000 -2.000000 -2.000000 -2.000000 -2.000000 0.781535 0.780023 0.775519 0.768117 0.757967 0.745264 0.730235 0.713128 0.694202 0.673712 0.651903 0.629006 0.605232 0.580770 0.555788 0.530433 0.504828 0.479083 0.453288 0.427518 0.401835 0.376292 0.350930 0.325782 0.300876 0.276230 0.251862 0.227783 0.204000 0.180519 0.157342 0.134472 
-2.000000 -2.000000 -2.000000 -2.000000 -2.000000 -2.000000 -2.000000 -2.000000 -2.000000 -2.000000 -2.000000 -2.000000 -2.000000 -2.000000 -2.000000 -2.000000 -2.000000 -2.000000 -2.000000 -2.000000 -2.000000 -2.000000 -2.000000 -2.000000 -2.000000 -2.000000 -2.000000 -2.000000 -2.000000 -2.000000 -2.000000 0.829620 0.827925 0.822881 0.814608 0.803292 0.789177 0.772543 0.753690 0.732928 0.710556 0.686859 0.662097 0.636505 0.610292 0.583635 0.556689 0.529583 0.502426 0.475307 0.448300 0.421462 0.394843 0.368478 0.342397 0.316621 0.291167 0.266046 0.241265 0.216828 0.192736 0.168991 0.145588 
-2.000000 -2.000000 -2.000000 -2.000000 -2.000000 -2.000000 -2.000000 -2.000000 -2.000000 -2.000000 -2.000000 -2.000000 -2.000000 -2.000000 -2.000000 -2.000000 -2.000000 -2.000000 -2.000000 -2.000000 -2.000000 -2.000000 -2.000000 -2.000000 -2.000000 -2.000000 -2.000000 -2.000000 -2.000000 -2.000000 -2.000000 0.880106 0.878194 0.872508 0.863201 0.850512 0.834746 0.816250 0.795392 0.772543 0.748054 0.722254 0.695438 0.667865 0.639759 0.611311 0.582678 0.553993 0.525362 0.496871 0.468589 0.440570 0.412854 0.385475 0.358453 0.331806 0.305545 0.279674 0.254197 0.229114 0.204422 0.180117 0.156193 
-2.000000 -2.000000 -2.000000 -2.000000 -2.000000 -2.000000 -2.000000 -2.000000 -2.000000 -2.000000 -2.000000 -2.000000 -2.000000 -2.000000 -2.000000 -2.000000 -2.000000 -2.000000 -2.000000 -2.000000 -2.000000 -2.000000 -2.000000 -2.000000 -2.000000 -2.000000 -2.000000 -2.000000 -2.000000 -2.000000 -2.000000 0.933233 0.931057 0.924599 0.914057 0.899737 0.882028 0.861364 0.838198 0.812973 0.786104 0.757967 0.728894 0.699168 0.669028 0.638672 0.608261 0.577924 0.547764 0.517861 0.488276 0.459056 0.430235 0.401835 0.373874 0.346360 0.319297 0.292687 0.266526 0.240809 0.215529 0.190679 0.166248 
-2.000000 -2.000000 -2.000000 -2.000000 -2.000000 -2.000000 -2.000000 -2.000000 -2.000000 -2.000000 -2.000000 -2.000000 -2.000000 -2.000000 -2.000000 -2.000000 -2.000000 -2.000000 -2.000000 -2.000000 -2.000000 -2.000000 -2.000000 -2.000000 -2.000000 -2.000000 -2.000000 -2.000000 -2.000000 -2.000000 -2.000000 0.989260 0.986765 0.979370 0.967336 0.951066 0.931057 0.907859 0.882028 0.854098 0.824556 0.793830 0.762288 0.730235 0.697921 0.665549 0.633276 0.601226 0.569493 0.538149 0.507243 0.476814 0.446884 0.417470 0.388576 0.360207 0.332358 0.305023 0.278195 0.251862 0.226013 0.200635 0.175716 
-2.000000 -2.000000 -2.000000 -2.000000 -2.000000 -2.000000 -2.000000 -2.000000 -2.000000 -2.000000 -2.000000 -2.000000 -2.000000 -2.000000 -2.000000 -2.000000 -2.000000 -2.000000 -2.000000 -2.000000 -2.000000 -2.000000 -2.000000 -2.000000 -2.000000 -2.000000 -2.000000 -2.000000 -2.000000 -2.000000 -2.000000 1.048468 1.045579 1.037034 1.023185 1.004564 0.981820 0.955649 0.926741 0.895736 0.863201 0.829620 0.795392 0.760843 0.726226 0.691740 0.657537 0.623727 0.590393 0.557592 0.525362 0.493727 0.462699 0.432283 0.402476 0.373271 0.344657 0.316621 0.289148 0.262222 0.235827 0.209944 0.184558 
-2.000000 -2.000000 -2.000000 -2.000000 -2.000000 -2.000000 -2.000000 -2.000000 -2.000000 -2.000000 -2.000000 -2.000000 -2.000000 -2.000000 -2.000000 -2.000000 -2.000000 -2.000000 -2.000000 -2.000000 -2.000000 -2.000000 -2.000000 -2.000000 -2.000000 -2.000000 -2.000000 -2.000000 -2.000000 -2.000000 -2.000000 1.111145 1.107764 1.097793 1.081712 1.060239 1.034226 1.004564 0.972107 0.937619 0.901753 0.865046 0.827925 0.790722 0.753690 0.717016 0.680833 0.645237 0.610292 0.576037 0.542494 0.509671 0.477569 0.446179 0.415486 0.385475 0.356126 0.327418 0.299329 0.271839 0.244924 0.218564 0.192736 
-2.000000 -2.000000 -2.000000 -2.000000 -2.000000 -2.000000 -2.000000 -2.000000 -2.000000 -2.000000 -2.000000 -2.000000 -2.000000 -2.000000 -2.000000 -2.000000 -2.000000 -2.000000 -2.000000 -2.000000 -2.000000 -2.000000 -2.000000 -2.000000 -2.000000 -2.000000 -2.000000 -2.000000 -2.000000 -2.000000 -2.000000 1.177559 1.173559 1.161797 1.142949 1.117994 1.088066 1.054310 1.017776 0.979370 0.939830 0.899737 0.859536 0.819552 0.780023 0.741112 0.702931 0.665549 0.629006 0.593321 0.558496 0.524522 0.491383 0.459056 0.427518 0.396739 0.366693 0.337351 0.308683 0.280662 0.253262 0.226455 0.200216 
-2.000000 -2.000000 -2.000000 -2.000000 -2.000000 -2.000000 -2.000000 -2.000000 -2.000000 -2.000000 -2.000000 -2.000000 -2.000000 -2.000000 -2.000000 -2.000000 -2.000000 -2.000000 -2.000000 -2.000000 -2.000000 -2.000000 -2.000000 -2.000000 -2.000000 -2.000000 -2.000000 -2.000000 -2.000000 -2.000000 -2.000000 1.247907 1.243114 1.229084 1.206777 1.177559 1.142949 1.104412 1.063236 1.020472 0.976934 0.933233 0.889805 0.846956 0.804890 0.763737 0.723574 0.684438 0.646341 0.609275 0.573220 0.538149 0.504026 0.470817 0.438484 0.406988 0.376292 0.346360 0.317155 0.288645 0.260796 0.233579 0.206963 
-2.000000 -2.000000 -2.000000 -2.000000 -2.000000 -2.000000 -2.000000 -2.000000 -2.000000 -2.000000 -2.000000 -2.000000 -2.000000 -2.000000 -2.000000 -2.000000 -2.000000 -2.000000 -2.000000 -2.000000 -2.000000 -2.000000 -2.000000 -2.000000 -2.000000 -2.000000 -2.000000 -2.000000 -2.000000 -2.000000 -2.000000 1.322201 1.316385 1.299455 1.272812 1.238380 1.198203 1.154149 1.107764 1.060239 1.012439 0.964972 0.918242 0.872508 0.827925 0.784575 0.742491 0.701673 0.662097 0.623727 0.586519 0.550423 0.515388 0.481364 0.448300 0.416146 0.384857 0.354387 0.324695 0.295741 0.267488 0.239899 0.212944 
-2.000000 -2.000000 -2.000000 -2.000000 -2.000000 -2.000000 -2.000000 -2.000000 -2.000000 -2.000000 -2.000000 -2.000000 -2.000000 -2.000000 -2.000000 -2.000000 -2.000000 -2.000000 -2.000000 -2.000000 -2.000000 -2.000000 -2.000000 -2.000000 -2.000000 -2.000000 -2.000000 -2.000000 -2.000000 -2.000000 -2.000000 1.400056 1.392912 1.372268 1.340205 1.299455 1.252760 1.202466 1.150380 1.097793 1.045579 0.994297 0.944287 0.895736 0.848730 0.803292 0.759403 0.717016 0.676072 0.636505 0.598245 0.561220 0.525362 0.490604 0.456885 0.424144 0.392326 0.361379 0.331256 0.301909 0.273298 0.245384 0.218129 
-2.000000 -2.000000 -2.000000 -2.000000 -2.000000 -2.000000 -2.000000 -2.000000 -2.000000 -2.000000 -2.000000 -2.000000 -2.000000 -2.000000 -2.000000 -2.000000 -2.000000 -2.000000 -2.000000 -2.000000 -2.000000 -2.000000 -2.000000 -2.000000 -2.000000 -2.000000 -2.000000 -2.000000 -2.000000 -2.000000 -2.000000 1.480289 1.471431 1.446073 1.407339 1.359112 1.305015 1.247907 1.189813 1.132059 1.075458 1.020472 0.967336 0.916144 0.866899 0.819552 0.774028 0.730235 0.688074 0.647448 0.608261 0.570422 0.533845 0.498451 0.464164 0.430917 0.398644 0.367287 0.336793 0.307111 0.278195 0.250002 0.222493 
-2.000000 -2.000000 -2.000000 -2.000000 -2.000000 -2.000000 -2.000000 -2.000000 -2.000000 -2.000000 -2.000000 -2.000000 -2.000000 -2.000000 -2.000000 -2.000000 -2.000000 -2.000000 -2.000000 -2.000000 -2.000000 -2.000000 -2.000000 -2.000000 -2.000000 -2.000000 -2.000000 -2.000000 -2.000000 -2.000000 -2.000000 1.560208 1.549196 1.518047 1.471431 1.414768 1.352704 1.288573 1.224518 1.161797 1.101089 1.042710 0.986765 0.933233 0.882028 0.833030 0.786104 0.741112 0.697921 0.656404 0.616441 0.577924 0.540750 0.504828 0.470073 0.436408 0.403761 0.372068 0.341271 0.311314 0.282149 0.253729 0.226013 
-2.000000 -2.000000 -2.000000 -2.000000 -2.000000 -2.000000 -2.000000 -2.000000 -2.000000 -2.000000 -2.000000 -2.000000 -2.000000 -2.000000 -2.000000 -2.000000 -2.000000 -2.000000 -2.000000 -2.000000 -2.000000 -2.000000 -2.000000 -2.000000 -2.000000 -2.000000 -2.000000 -2.000000 -2.000000 -2.000000 -2.000000 1.634559 1.621032 1.583305 1.528134 1.462782 1.392912 1.322201 1.252760 1.185685 1.121463 1.060239 1.001973 0.946534 0.893750 0.843431 0.795392 0.749456 0.705457 0.663244 0.622679 0.583635 0.546000 0.509671 0.474556 0.440570 0.407636 0.375686 0.344657 0.314491 0.285136 0.256544 0.228670 
-2.000000 -2.000000 -2.000000 -2.000000 -2.000000 -2.000000 -2.000000 -2.000000 -2.000000 -2.000000 -2.000000 -2.000000 -2.000000 -2.000000 -2.000000 -2.000000 -2.000000 -2.000000 -2.000000 -2.000000 -2.000000 -2.000000 -2.000000 -2.000000 -2.000000 -2.000000 -2.000000 -2.000000 -2.000000 -2.000000 -2.000000 1.694596 1.678588 1.634559 1.571570 1.498678 1.422349 1.346402 1.272812 1.202466 1.135656 1.072367 1.012439 0.955649 0.901753 0.850512 0.801701 0.755111 0.710556 0.667865 0.626887 0.587484 0.549535 0.512929 0.477569 0.443365 0.410238 0.378114 0.346929 0.316621 0.287138 0.258429 0.230449 
-2.000000 -2.000000 -2.000000 -2.000000 -2.000000 -2.000000 -2.000000 -2.000000 -2.000000 -2.000000 -2.000000 -2.000000 -2.000000 -2.000000 -2.000000 -2.000000 -2.000000 -2.000000 -2.000000 -2.000000 -2.000000 -2.000000 -2.000000 -2.000000 -2.000000 -2.000000 -2.000000 -2.000000 -2.000000 -2.000000 -2.000000 1.729029 1.711381 1.663286 1.595440 1.518047 1.437994 1.359112 1.283247 1.211137 1.142949 1.078573 1.017776 0.960284 0.905814 0.854098 0.804890 0.757967 0.713128 0.670194 0.629006 0.589421 0.551313 0.514567 0.479083 0.444770 0.411544 0.379333 0.348068 0.317690 0.288142 0.259375 0.231341 
-2.000000 -2.000000 -2.000000 -2.000000 -2.000000 -2.000000 -2.000000 -2.000000 -2.000000 -2.000000 -2.000000 -2.000000 -2.000000 -2.000000 -2.000000 -2.000000 -2.000000 -2.000000 -2.000000 -2.000000 -2.000000 -2.000000 -2.000000 -2.000000 -2.000000 -2.000000 -2.000000 -2.000000 -2.000000 -2.000000 -2.000000 1.733586 1.715708 1.667049 1.598539 1.520542 1.439997 1.360732 1.284572 1.212234 1.143870 1.079355 1.018448 0.960867 0.906324 0.854548 0.805291 0.758326 0.713451 0.670486 0.629272 0.589664 0.551535 0.514772 0.479273 0.444946 0.411708 0.379485 0.348211 0.317824 0.288268 0.259493 0.231453 
-2.000000 -2.000000 -2.000000 -2.000000 -2.000000 -2.000000 -2.000000 -2.000000 -2.000000 -2.000000 -2.000000 -2.000000 -2.000000 -2.000000 -2.000000 -2.000000 -2.000000 -2.000000 -2.000000 -2.000000 -2.000000 -2.000000 -2.000000 -2.000000 -2.000000 -2.000000 -2.000000 -2.000000 -2.000000 -2.000000 -2.000000 1.728832 1.711195 1.663124 1.595306 1.517938 1.437907 1.359042 1.283190 1.211089 1.142909 1.078539 1.017747 0.960258 0.905791 0.854078 0.804873 0.757952 0.713114 0.670182 0.628994 0.589410 0.551303 0.514558 0.479075 0.444762 0.411537 0.379326 0.348062 0.317684 0.288137 0.259369 0.231336 
-2.000000 -2.000000 -2.000000 -2.000000 -2.000000 -2.000000 -2.000000 -2.000000 -2.000000 -2.000000 -2.000000 -2.000000 -2.000000 -2.000000 -2.000000 -2.000000 -2.000000 -2.000000 -2.000000 -2.000000 -2.000000 -2.000000 -2.000000 -2.000000 -2.000000 -2.000000 -2.000000 -2.000000 -2.000000 -2.000000 -2.000000 1.694066 1.678082 1.634113 1.571197 1.498373 1.422102 1.346200 1.272646 1.202328 1.135539 1.072267 1.012354 0.955574 0.901687 0.850454 0.801649 0.755065 0.710515 0.667828 0.626852 0.587453 0.549506 0.512903 0.477545 0.443343 0.410217 0.378095 0.346910 0.316604 0.287122 0.258414 0.230435 
-2.000000 -2.000000 -2.000000 -2.000000 -2.000000 -2.000000 -2.000000 -2.000000 -2.000000 -2.000000 -2.000000 -2.000000 -2.000000 -2.000000 -2.000000 -2.000000 -2.000000 -2.000000 -2.000000 -2.000000 -2.000000 -2.000000 -2.000000 -2.000000 -2.000000 -2.000000 -2.000000 -2.000000 -2.000000 -2.000000 -2.000000 1.633817 1.620318 1.582663 1.527583 1.462322 1.392532 1.321885 1.252497 1.185464 1.121276 1.060078 1.001834 0.946413 0.893643 0.843336 0.795308 0.749381 0.705389 0.663182 0.622622 0.583584 0.545953 0.509628 0.474516 0.440532 0.407601 0.375654 0.344627 0.314463 0.285109 0.256518 0.228646 
-2.000000 -2.000000 -2.000000 -2.000000 -2.000000 -2.000000 -2.000000 -2.000000 -2.000000 -2.000000 -2.000000 -2.000000 -2.000000 -2.000000 -2.000000 -2.000000 -2.000000 -2.000000 -2.000000 -2.000000 -2.000000 -2.000000 -2.000000 -2.000000 -2.000000 -2.000000 -2.000000 -2.000000 -2.000000 -2.000000 -2.000000 1.559366 1.548379 1.517298 1.470772 1.414203 1.352225 1.288170 1.224176 1.161507 1.100840 1.042495 0.986577 0.933069 0.881883 0.832901 0.785988 0.741008 0.697827 0.656319 0.616364 0.577853 0.540685 0.504768 0.470017 0.436356 0.403712 0.372023 0.341228 0.311275 0.282112 0.253694 0.225980 
-2.000000 -2.000000 -2.000000 -2.000000 -2.000000 -2.000000 -2.000000 -2.000000 -2.000000 -2.000000 -2.000000 -2.000000 -2.000000 -2.000000 -2.000000 -2.000000 -2.000000 -2.000000 -2.000000 -2.000000 -2.000000 -2.000000 -2.000000 -2.000000 -2.000000 -2.000000 -2.000000 -2.000000 -2.000000 -2.000000 -2.000000 1.479422 1.470584 1.445282 1.406628 1.358487 1.304473 1.247440 1.189412 1.131713 1.075157 1.020210 0.967107 0.915941 0.866719 0.819392 0.773884 0.730105 0.687956 0.647340 0.608163 0.570332 0.533763 0.498374 0.464093 0.430850 0.398582 0.367230 0.336739 0.307060 0.278147 0.249957 0.222451 
-2.000000 -2.000000 -2.000000 -2.000000 -2.000000 -2.000000 -2.000000 -2.000000 -2.000000 -2.000000 -2.000000 -2.000000 -2.000000 -2.000000 -2.000000 -2.000000 -2.000000 -2.000000 -2.000000 -2.000000 -2.000000 -2.000000 -2.000000 -2.000000 -2.000000 -2.000000 -2.000000 -2.000000 -2.000000 -2.000000 -2.000000 1.399203 1.392076 1.371477 1.339478 1.298802 1.252183 1.201959 1.149936 1.097405 1.045238 0.993998 0.944022 0.895500 0.848520 0.803104 0.759232 0.716862 0.675932 0.636378 0.598128 0.561112 0.525262 0.490512 0.456799 0.424064 0.392252 0.361310 0.331190 0.301848 0.273241 0.245329 0.218078 
-2.000000 -2.000000 -2.000000 -2.000000 -2.000000 -2.000000 -2.000000 -2.000000 -2.000000 -2.000000 -2.000000 -2.000000 -2.000000 -2.000000 -2.000000 -2.000000 -2.000000 -2.000000 -2.000000 -2.000000 -2.000000 -2.000000 -2.000000 -2.000000 -2.000000 -2.000000 -2.000000 -2.000000 -2.000000 -2.000000 -2.000000 1.321382 1.315579 1.298684 1.272094 1.237723 1.197610 1.153620 1.107294 1.059821 1.012069 0.964642 0.917948 0.872245 0.827688 0.784362 0.742298 0.701497 0.661937 0.623580 0.586384 0.550299 0.515274 0.481258 0.448201 0.416054 0.384771 0.354306 0.324619 0.295670 0.267420 0.239836 0.212883 
-2.000000 -2.000000 -2.000000 -2.000000 -2.000000 -2.000000 -2.000000 -2.000000 -2.000000 -2.000000 -2.000000 -2.000000 -2.000000 -2.000000 -2.000000 -2.000000 -2.000000 -2.000000 -2.000000 -2.000000 -2.000000 -2.000000 -2.000000 -2.000000 -2.000000 -2.000000 -2.000000 -2.000000 -2.000000 -2.000000 -2.000000 1.247130 1.242347 1.228344 1.206079 1.176911 1.142355 1.103874 1.062751 1.020036 0.976543 0.932881 0.889489 0.846671 0.804632 0.763503 0.723361 0.684244 0.646163 0.609111 0.573069 0.538009 0.503897 0.470697 0.438372 0.406884 0.376194 0.346268 0.317069 0.288564 0.260720 0.233506 0.206894 
-2.000000 -2.000000 -2.000000 -2.000000 -2.000000 -2.000000 -2.000000 -2.000000 -2.000000 -2.000000 -2.000000 -2.000000 -2.000000 -2.000000 -2.000000 -2.000000 -2.000000 -2.000000 -2.000000 -2.000000 -2.000000 -2.000000 -2.000000 -2.000000 -2.000000 -2.000000 -2.000000 -2.000000 -2.000000 -2.000000 -2.000000 1.176825 1.172832 1.161092 1.142276 1.117363 1.087481 1.053773 1.017286 0.978923 0.939425 0.899370 0.859202 0.819249 0.779747 0.740860 0.702700 0.665337 0.628812 0.593142 0.558330 0.524369 0.491240 0.458924 0.427394 0.396624 0.366585 0.337249 0.308587 0.280572 0.253176 0.226374 0.200140 
-2.000000 -2.000000 -2.000000 -2.000000 -2.000000 -2.000000 -2.000000 -2.000000 -2.000000 -2.000000 -2.000000 -2.000000 -2.000000 -2.000000 -2.000000 -2.000000 -2.000000 -2.000000 -2.000000 -2.000000 -2.000000 -2.000000 -2.000000 -2.000000 -2.000000 -2.000000 -2.000000 -2.000000 -2.000000 -2.000000 -2.000000 1.110452 1.107077 1.097123 1.081069 1.059629 1.033654 1.004033 0.971617 0.937169 0.901340 0.864668 0.827579 0.790406 0.753401 0.716750 0.680589 0.645012 0.610084 0.575844 0.542315 0.509506 0.477415 0.446034 0.415351 0.385348 0.356007 0.327306 0.299224 0.271740 0.244830 0.218475 0.192652 
-2.000000 -2.000000 -2.000000 -2.000000 -2.000000 -2.000000 -2.000000 -2.000000 -2.000000 -2.000000 -2.000000 -2.000000 -2.000000 -2.000000 -2.000000 -2.000000 -2.000000 -2.000000 -2.000000 -2.000000 -2.000000 -2.000000 -2.000000 -2.000000 -2.000000 -2.000000 -2.000000 -2.000000 -2.000000 -2.000000 -2.000000 1.047814 1.044929 1.036398 1.022571 1.003978 0.981265 0.955129 0.926256 0.895287 0.862785 0.829236 0.795039 0.760517 0.725926 0.691463 0.657281 0.623490 0.590173 0.557388 0.525172 0.493550 0.462534 0.432129 0.402331 0.373135 0.344529 0.316501 0.289035 0.262115 0.235725 0.209848 0.184466 
-2.000000 -2.000000 -2.000000 -2.000000 -2.000000 -2.000000 -2.000000 -2.000000 -2.000000 -2.000000 -2.000000 -2.000000 -2.000000 -2.000000 -2.000000 -2.000000 -2.000000 -2.000000 -2.000000 -2.000000 -2.000000 -2.000000 -2.000000 -2.000000 -2.000000 -2.000000 -2.000000 -2.000000 -2.000000 -2.000000 -2.000000 0.988642 0.986150 0.978766 0.966750 0.950503 0.930521 0.907352 0.881552 0.853653 0.824141 0.793445 0.761930 0.729903 0.697613 0.665263 0.633010 0.600979 0.569264 0.537935 0.507044 0.476627 0.446710 0.417306 0.388423 0.360062 0.332221 0.304895 0.278073 0.251747 0.225904 0.200532 0.175617 
-2.000000 -2.000000 -2.000000 -2.000000 -2.000000 -2.000000 -2.000000 -2.000000 -2.000000 -2.000000 -2.000000 -2.000000 -2.000000 -2.000000 -2.000000 -2.000000 -2.000000 -2.000000 -2.000000 -2.000000 -2.000000 -2.000000 -2.000000 -2.000000 -2.000000 -2.000000 -2.000000 -2.000000 -2.000000 -2.000000 -2.000000 0.932647 0.930475 0.924026 0.913498 0.899197 0.881511 0.860872 0.837732 0.812534 0.785692 0.757582 0.728535 0.698833 0.668715 0.638380 0.607989 0.577670 0.547527 0.517639 0.488068 0.458861 0.430052 0.401663 0.373712 0.346207 0.319153 0.292551 0.266397 0.240687 0.215413 0.190569 0.166143 
-2.000000 -2.000000 -2.000000 -2.000000 -2.000000 -2.000000 -2.000000 -2.000000 -2.000000 -2.000000 -2.000000 -2.000000 -2.000000 -2.000000 -2.000000 -2.000000 -2.000000 -2.000000 -2.000000 -2.000000 -2.000000 -2.000000 -2.000000 -2.000000 -2.000000 -2.000000 -2.000000 -2.000000 -2.000000 -2.000000 -2.000000 0.879550 0.877640 0.871962 0.862667 0.849994 0.834247 0.815772 0.794938 0.772112 0.747648 0.721872 0.695079 0.667528 0.639444 0.611015 0.582401 0.553733 0.525118 0.496642 0.468374 0.440367 0.412664 0.385295 0.358284 0.331646 0.305393 0.279531 0.254061 0.228985 0.204299 0.180000 0.156081 
-2.000000 -2.000000 -2.000000 -2.000000 -2.000000 -2.000000 -2.000000 -2.000000 -2.000000 -2.000000 -2.000000 -2.000000 -2.000000 -2.000000 -2.000000 -2.000000 -2.000000 -2.000000 -2.000000 -2.000000 -2.000000 -2.000000 -2.000000 -2.000000 -2.000000 -2.000000 -2.000000 -2.000000 -2.000000 -2.000000 -2.000000 0.829090 0.827398 0.822361 0.814097 0.802796 0.788697 0.772081 0.753248 0.732507 0.710156 0.686480 0.661740 0.636169 0.609975 0.583337 0.556408 0.529319 0.502177 0.475073 0.448079 0.421254 0.394646 0.368292 0.342221 0.316455 0.291009 0.265896 0.241123 0.216693 0.192608 0.168868 0.145471 
-2.000000 -2.000000 -2.000000 -2.000000 -2.000000 -2.000000 -2.000000 -2.000000 -2.000000 -2.000000 -2.000000 -2.000000 -2.000000 -2.000000 -2.000000 -2.000000 -2.000000 -2.000000 -2.000000 -2.000000 -2.000000 -2.000000 -2.000000 -2.000000 -2.000000 -2.000000 -2.000000 -2.000000 -2.000000 -2.000000 -2.000000 0.781030 0.779520 0.775022 0.767628 0.757490 0.744801 0.729787 0.712699 0.693791 0.673319 0.651530 0.628652 0.604897 0.580453 0.555489 0.530149 0.504561 0.478831 0.453049 0.427292 0.401622 0.376090 0.350739 0.325601 0.300704 0.276067 0.251707 0.227635 0.203859 0.180385 0.157214 0.134350 
-2.000000 -2.000000 -2.000000 -2.000000 -2.000000 -2.000000 -2.000000 -2.000000 -2.000000 -2.000000 -2.000000 -2.000000 -2.000000 -2.000000 -2.000000 -2.000000 -2.000000 -2.000000 -2.000000 -2.000000 -2.000000 -2.000000 -2.000000 -2.000000 -2.000000 -2.000000 -2.000000 -2.000000 -2.000000 -2.000000 -2.000000 0.735157 0.733801 0.729759 0.723105 0.713961 0.702484 0.688860 0.673294 0.656003 0.637203 0.617108 0.595919 0.573825 0.550997 0.527590 0.503742 0.479573 0.455187 0.430675 0.406111 0.381562 0.357082 0.332714 0.308497 0.284460 0.260628 0.237020 0.213651 0.190533 0.167674 0.145080 0.122755 
-2.000000 -2.000000 -2.000000 -2.000000 -2.000000 -2.000000 -2.000000 -2.000000 -2.000000 -2.000000 -2.000000 -2.000000 -2.000000 -2.000000 -2.000000 -2.000000 -2.000000 -2.000000 -2.000000 -2.000000 -2.000000 -2.000000 -2.000000 -2.000000 -2.000000 -2.000000 -2.000000 -2.000000 -2.000000 -2.000000 -2.000000 0.691279 0.690054 0.686402 0.680383 0.672094 0.661666 0.649251 0.635021 0.619158 0.601848 0.583275 0.563616 0.543039 0.521699 0.499738 0.477285 0.454453 0.431342 0.408041 0.384625 0.361159 0.337699 0.314291 0.290977 0.267788 0.244752 0.221890 0.199222 0.176762 0.154520 0.132506 0.110725 
-2.000000 -2.000000 -2.000000 -2.000000 -2.000000 -2.000000 -2.000000 -2.000000 -2.000000 -2.000000 -2.000000 -2.000000 -2.000000 -2.000000 -2.000000 -2.000000 -2.000000 -2.000000 -2.000000 -2.000000 -2.000000 -2.000000 -2.000000 -2.000000 -2.000000 -2.000000 -2.000000 -2.000000 -2.000000 -2.000000 -2.000000 0.649227 0.648116 0.644799 0.639327 0.631779 0.622262 0.610905 0.597851 0.583254 0.567274 0.550069 0.531797 0.512604 0.492633 0.472012 0.450860 0.429283 0.407378 0.385229 0.362910 0.340485 0.318012 0.295538 0.273105 0.250746 0.228493 0.206370 0.184396 0.162590 0.140964 0.119529 0.098295 
-2.000000 -2.000000 -2.000000 -2.000000 -2.000000 -2.000000 -2.000000 -2.000000 -2.000000 -2.000000 -2.000000 -2.000000 -2.000000 -2.000000 -2.000000 -2.000000 -2.000000 -2.000000 -2.000000 -2.000000 -2.000000 -2.000000 -2.000000 -2.000000 -2.000000 -2.000000 -2.000000 -2.000000 -2.000000 -2.000000 -2.000000 0.608850 0.607836 0.604810 0.599813 0.592911 0.584192 0.573764 0.561749 0.548277 0.533487 0.517515 0.500499 0.482571 0.463857 0.444475 0.424534 0.404135 0.383366 0.362308 0.341035 0.319609 0.298086 0.276515 0.254938 0.233391 0.211905 0.190507 0.169219 0.148060 0.127045 0.106188 0.085499 
-2.000000 -2.000000 -2.000000 -2.000000 -2.000000 -2.000000 -2.000000 -2.000000 -2.000000 -2.000000 -2.000000 -2.000000 -2.000000 -2.000000 -2.000000 -2.000000 -2.000000 -2.000000 -2.000000 -2.000000 -2.000000 -2.000000 -2.000000 -2.000000 -2.000000 -2.000000 -2.000000 -2.000000 -2.000000 -2.000000 -2.000000 0.570012 0.569084 0.566312 0.561729 0.555392 0.547375 0.537768 0.526674 0.514206 0.500481 0.485621 0.469746 0.452972 0.435414 0.417178 0.398364 0.379064 0.359364 0.339340 0.319061 0.298589 0.277978 0.257278 0.236530 0.215771 0.195034 0.174347 0.153733 0.133212 0.112803 0.092519 0.072372 
-2.000000 -2.000000 -2.000000 -2.000000 -2.000000 -2.000000 -2.000000 -2.000000 -2.000000 -2.000000 -2.000000 -2.000000 -2.000000 -2.000000 -2.000000 -2.000000 -2.000000 -2.000000 -2.000000 -2.000000 -2.000000 -2.000000 -2.000000 -2.000000 -2.000000 -2.000000 -2.000000 -2.000000 -2.000000 -2.000000 -2.000000 0.532595 0.531742 0.529191 0.524973 0.519134 0.511736 0.502856 0.492583 0.481012 0.468246 0.454391 0.439552 0.423833 0.407336 0.390159 0.372391 0.354120 0.335424 0.316375 0.297039 0.277476 0.257739 0.237876 0.217928 0.197934 0.177926 0.157933 0.137979 0.118086 0.098273 0.078555 0.058946 
-2.000000 -2.000000 -2.000000 -2.000000 -2.000000 -2.000000 -2.000000 -2.000000 -2.000000 -2.000000 -2.000000 -2.000000 -2.000000 -2.000000 -2.000000 -2.000000 -2.000000 -2.000000 -2.000000 -2.000000 -2.000000 -2.000000 -2.000000 -2.000000 -2.000000 -2.000000 -2.000000 -2.000000 -2.000000 -2.000000 -2.000000 0.496489 0.495702 0.493348 0.489451 0.484052 0.477204 0.468972 0.459431 0.448666 0.436764 0.423819 0.409923 0.395169 0.379648 0.363448 0.346653 0.329342 0.311587 0.293457 0.275014 0.256316 0.237414 0.218354 0.199177 0.179922 0.160621 0.141303 0.121994 0.102716 0.083488 0.064328 0.045251 
-2.000000 -2.000000 -2.000000 -2.000000 -2.000000 -2.000000 -2.000000 -2.000000 -2.000000 -2.000000 -2.000000 -2.000000 -2.000000 -2.000000 -2.000000 -2.000000 -2.000000 -2.000000 -2.000000 -2.000000 -2.000000 -2.000000 -2.000000 -2.000000 -2.000000 -2.000000 -2.000000 -2.000000 -2.000000 -2.000000 -2.000000 0.461599 0.460870 0.458690 0.455079 0.450071 0.443713 0.436059 0.427176 0.417135 0.406014 0.393894 0.380858 0.366987 0.352364 0.337069 0.321177 0.304760 0.287888 0.270624 0.253026 0.235149 0.217042 0.198751 0.180316 0.161773 0.143156 0.124494 0.105812 0.087135 0.068481 0.049869 0.031315 
-2.000000 -2.000000 -2.000000 -2.000000 -2.000000 -2.000000 -2.000000 -2.000000 -2.000000 -2.000000 -2.000000 -2.000000 -2.000000 -2.000000 -2.000000 -2.000000 -2.000000 -2.000000 -2.000000 -2.000000 -2.000000 -2.000000 -2.000000 -2.000000 -2.000000 -2.000000 -2.000000 -2.000000 -2.000000 -2.000000 -2.000000 0.427838 0.427161 0.425135 0.421779 0.417121 0.411200 0.404065 0.395773 0.386387 0.375973 0.364604 0.352352 0.339292 0.325496 0.311036 0.295983 0.280402 0.264357 0.247906 0.231106 0.214008 0.196659 0.179102 0.161378 0.143521 0.125565 0.107538 0.089467 0.071374 0.053281 0.035207 0.017166 
-2.000000 -2.000000 -2.000000 -2.000000 -2.000000 -2.000000 -2.000000 -2.000000 -2.000000 -2.000000 -2.000000 -2.000000 -2.000000 -2.000000 -2.000000 -2.000000 -2.000000 -2.000000 -2.000000 -2.000000 -2.000000 -2.000000 -2.000000 -2.000000 -2.000000 -2.000000 -2.000000 -2.000000 -2.000000 -2.000000 -2.000000 0.395128 0.394497 0.392610 0.389481 0.385136 0.379609 0.372941 0.365183 0.356388 0.346617 0.335932 0.324398 0.312081 0.299047 0.285362 0.271088 0.256286 0.241015 0.225330 0.209283 0.192923 0.176294 0.159439 0.142395 0.125197 0.107878 0.090465 0.072986 0.055462 0.037916 0.020367 0.002830 
-2.000000 -2.000000 -2.000000 -2.000000 -2.000000 -2.000000 -2.000000 -2.000000 -2.000000 -2.000000 -2.000000 -2.000000 -2.000000 -2.000000 -2.000000 -2.000000 -2.000000 -2.000000 -2.000000 -2.000000 -2.000000 -2.000000 -2.000000 -2.000000 -2.000000 -2.000000 -2.000000 -2.000000 -2.000000 -2.000000 -2.000000 0.363398 0.362808 0.361045 0.358121 0.354058 0.348885 0.342640 0.335364 0.327107 0.317920 0.307860 0.296984 0.285351 0.273021 0.260052 0.246502 0.232427 0.217882 0.202916 0.187580 0.171919 0.155974 0.139788 0.123394 0.106829 0.090122 0.073303 0.056396 0.039425 0.022412 0.005374 -0.011670 
-2.000000 -2.000000 -2.000000 -2.000000 -2.000000 -2.000000 -2.000000 -2.000000 -2.000000 -2.000000 -2.000000 -2.000000 -2.000000 -2.000000 -2.000000 -2.000000 -2.000000 -2.000000 -2.000000 -2.000000 -2.000000 -2.000000 -2.000000 -2.000000 -2.000000 -2.000000 -2.000000 -2.000000 -2.000000 -2.000000 -2.000000 0.332584 0.332032 0.330380 0.327641 0.323832 0.318980 0.313117 0.306280 0.298511 0.289858 0.280370 0.270098 0.259095 0.247414 0.235110 0.222234 0.208838 0.194972 0.180683 0.166017 0.151017 0.135722 0.120172 0.104401 0.088441 0.072324 0.056076 0.039722 0.023287 0.006790 -0.009748 -0.026312 
-2.000000 -2.000000 -2.000000 -2.000000 -2.000000 -2.000000 -2.000000 -2.000000 -2.000000 -2.000000 -2.000000 -2.000000 -2.000000 -2.000000 -2.000000 -2.000000 -2.000000 -2.000000 -2.000000 -2.000000 -2.000000 -2.000000 -2.000000 -2.000000 -2.000000 -2.000000 -2.000000 -2.000000 -2.000000 -2.000000 -2.000000 0.302627 0.302110 0.300559 0.297987 0.294409 0.289848 0.284331 0.277894 0.270572 0.262407 0.253443 0.243726 0.233304 0.222225 0.210537 0.198289 0.185527 0.172297 0.158644 0.144610 0.130235 0.115557 0.100613 0.085435 0.070056 0.054503 0.038806 0.022986 0.007069 -0.008926 -0.024979 -0.041074 
-2.000000 -2.000000 -2.000000 -2.000000 -2.000000 -2.000000 -2.000000 -2.000000 -2.000000 -2.000000 -2.000000 -2.000000 -2.000000 -2.000000 -2.000000 -2.000000 -2.000000 -2.000000 -2.000000 -2.000000 -2.000000 -2.000000 -2.000000 -2.000000 -2.000000 -2.000000 -2.000000 -2.000000 -2.000000 -2.000000 -2.000000 0.273477 0.272989 0.271531 0.269110 0.265742 0.261445 0.256245 0.250172 0.243258 0.235541 0.227059 0.217854 0.207968 0.197446 0.186331 0.174667 0.162498 0.149865 0.136810 0.123371 0.109588 0.095495 0.081127 0.066516 0.051691 0.036682 0.021513 0.006209 -0.009208 -0.024717 -0.040299 -0.055938 
-2.000000 -2.000000 -2.000000 -2.000000 -2.000000 -2.000000 -2.000000 -2.000000 -2.000000 -2.000000 -2.000000 -2.000000 -2.000000 -2.000000 -2.000000 -2.000000 -2.000000 -2.000000 -2.000000 -2.000000 -2.000000 -2.000000 -2.000000 -2.000000 -2.000000 -2.000000 -2.000000 -2.000000 -2.000000 -2.000000 -2.000000 0.245082 0.244623 0.243249 0.240966 0.237788 0.233733 0.228823 0.223083 0.216544 0.209237 0.201199 0.192466 0.183077 0.173072 0.162490 0.151371 0.139756 0.127682 0.115189 0.102313 0.089089 0.075551 0.061731 0.047659 0.033365 0.018875 0.004215 -0.010593 -0.025526 -0.040565 -0.055691 -0.070886 
