55 55
1.270574e+00 0 5
-2.000000 -2.000000 -2.000000 -2.000000 -2.000000 -2.000000 -2.000000 -2.000000 -2.000000 -2.000000 -2.000000 -2.000000 -2.000000 -2.000000 -2.000000 -2.000000 -2.000000 -2.000000 -2.000000 -2.000000 -2.000000 -2.000000 -2.000000 -2.000000 -2.000000 -2.000000 -2.000000 0.129464 0.128858 0.127045 0.124037 0.119858 0.114538 0.108116 0.100634 0.092144 0.082699 0.072357 0.061178 0.049223 0.036552 0.023226 0.009306 -0.005151 -0.020090 -0.035458 -0.051204 -0.067282 -0.083647 -0.100259 -0.117080 -0.134075 -0.151212 -0.168462 -0.185799 
-2.000000 -2.000000 -2.000000 -2.000000 -2.000000 -2.000000 -2.000000 -2.000000 -2.000000 -2.000000 -2.000000 -2.000000 -2.000000 -2.000000 -2.000000 -2.000000 -2.000000 -2.000000 -2.000000 -2.000000 -2.000000 -2.000000 -2.000000 -2.000000 -2.000000 -2.000000 -2.000000 0.162094 0.161444 0.159502 0.156283 0.151813 0.146127 0.139268 0.131287 0.122242 0.112193 0.101206 0.089347 0.076685 0.063288 0.049223 0.034555 0.019347 0.003659 -0.012451 -0.028930 -0.045728 -0.062799 -0.080100 -0.097592 -0.115238 -0.133007 -0.150868 -0.168795 
-2.000000 -2.000000 -2.000000 -2.000000 -2.000000 -2.000000 -2.000000 -2.000000 -2.000000 -2.000000 -2.000000 -2.000000 -2.000000 -2.000000 -2.000000 -2.000000 -2.000000 -2.000000 -2.000000 -2.000000 -2.000000 -2.000000 -2.000000 -2.000000 -2.000000 -2.000000 -2.000000 0.195742 0.195045 0.192960 0.189505 0.184711 0.178618 0.171276 0.162744 0.153086 0.142373 0.130679 0.118078 0.104648 0.090464 0.075599 0.060127 0.044115 0.027628 0.010728 -0.006528 -0.024087 -0.041901 -0.059925 -0.078118 -0.096444 -0.114869 -0.133363 -0.151899 
-2.000000 -2.000000 -2.000000 -2.000000 -2.000000 -2.000000 -2.000000 -2.000000 -2.000000 -2.000000 -2.000000 -2.000000 -2.000000 -2.000000 -2.000000 -2.000000 -2.000000 -2.000000 -2.000000 -2.000000 -2.000000 -2.000000 -2.000000 -2.000000 -2.000000 -2.000000 -2.000000 0.230483 0.229732 0.227487 0.223769 0.218613 0.212067 0.204188 0.195045 0.184711 0.173267 0.160796 0.147385 0.133117 0.118078 0.102350 0.086012 0.069137 0.051797 0.034057 0.015977 -0.002386 -0.020981 -0.039763 -0.058689 -0.077721 -0.096827 -0.115975 -0.135140 
-2.000000 -2.000000 -2.000000 -2.000000 -2.000000 -2.000000 -2.000000 -2.000000 -2.000000 -2.000000 -2.000000 -2.000000 -2.000000 -2.000000 -2.000000 -2.000000 -2.000000 -2.000000 -2.000000 -2.000000 -2.000000 -2.000000 -2.000000 -2.000000 -2.000000 -2.000000 -2.000000 0.266399 0.265588 0.263163 0.259150 0.253589 0.246535 0.238058 0.228234 0.217151 0.204899 0.191575 0.177274 0.162094 0.146127 0.129464 0.112193 0.094393 0.076142 0.057508 0.038557 0.019347 -0.000070 -0.019644 -0.039334 -0.059101 -0.078912 -0.098736 -0.118548 
-2.000000 -2.000000 -2.000000 -2.000000 -2.000000 -2.000000 -2.000000 -2.000000 -2.000000 -2.000000 -2.000000 -2.000000 -2.000000 -2.000000 -2.000000 -2.000000 -2.000000 -2.000000 -2.000000 -2.000000 -2.000000 -2.000000 -2.000000 -2.000000 -2.000000 -2.000000 -2.000000 0.303581 0.302702 0.300074 0.295727 0.289710 0.282088 0.272940 0.262358 0.250441 0.237295 0.223029 0.207753 0.191575 0.174599 0.156925 0.138649 0.119858 0.100634 0.081052 0.061178 0.041075 0.020798 0.000395 -0.020090 -0.040619 -0.061159 -0.081679 -0.102156 
-2.000000 -2.000000 -2.000000 -2.000000 -2.000000 -2.000000 -2.000000 -2.000000 -2.000000 -2.000000 -2.000000 -2.000000 -2.000000 -2.000000 -2.000000 -2.000000 -2.000000 -2.000000 -2.000000 -2.000000 -2.000000 -2.000000 -2.000000 -2.000000 -2.000000 -2.000000 -2.000000 0.342131 0.341174 0.338315 0.333591 0.327058 0.318794 0.308893 0.297461 0.284615 0.270476 0.255171 0.238822 0.221553 0.203479 0.184711 0.165352 0.145499 0.125238 0.104648 0.083801 0.062760 0.041581 0.020314 -0.000997 -0.022315 -0.043606 -0.064842 -0.085998 
-2.000000 -2.000000 -2.000000 -2.000000 -2.000000 -2.000000 -2.000000 -2.000000 -2.000000 -2.000000 -2.000000 -2.000000 -2.000000 -2.000000 -2.000000 -2.000000 -2.000000 -2.000000 -2.000000 -2.000000 -2.000000 -2.000000 -2.000000 -2.000000 -2.000000 -2.000000 -2.000000 0.382160 0.381115 0.377994 0.372840 0.365721 0.356730 0.345978 0.333591 0.319705 0.304462 0.288005 0.270476 0.252012 0.232742 0.212790 0.192267 0.171276 0.149910 0.128253 0.106379 0.084353 0.062232 0.040066 0.017900 -0.004231 -0.026294 -0.048263 -0.070114 
-2.000000 -2.000000 -2.000000 -2.000000 -2.000000 -2.000000 -2.000000 -2.000000 -2.000000 -2.000000 -2.000000 -2.000000 -2.000000 -2.000000 -2.000000 -2.000000 -2.000000 -2.000000 -2.000000 -2.000000 -2.000000 -2.000000 -2.000000 -2.000000 -2.000000 -2.000000 -2.000000 0.423797 0.422651 0.419228 0.413581 0.405793 0.395974 0.384258 0.370794 0.355742 0.339266 0.321532 0.302702 0.282929 0.262358 0.241123 0.219346 0.197139 0.174599 0.151813 0.128858 0.105801 0.082699 0.059602 0.036552 0.013584 -0.009270 -0.031987 -0.054544 
-2.000000 -2.000000 -2.000000 -2.000000 -2.000000 -2.000000 -2.000000 -2.000000 -2.000000 -2.000000 -2.000000 -2.000000 -2.000000 -2.000000 -2.000000 -2.000000 -2.000000 -2.000000 -2.000000 -2.000000 -2.000000 -2.000000 -2.000000 -2.000000 -2.000000 -2.000000 -2.000000 0.467184 0.465920 0.462148 0.455933 0.447376 0.436611 0.423797 0.409114 0.392748 0.374894 0.355742 0.335475 0.314267 0.292279 0.269658 0.246535 0.223029 0.199243 0.175266 0.151178 0.127045 0.102924 0.078863 0.054904 0.031079 0.007417 -0.016060 -0.039334 
-2.000000 -2.000000 -2.000000 -2.000000 -2.000000 -2.000000 -2.000000 -2.000000 -2.000000 -2.000000 -2.000000 -2.000000 -2.000000 -2.000000 -2.000000 -2.000000 -2.000000 -2.000000 -2.000000 -2.000000 -2.000000 -2.000000 -2.000000 -2.000000 -2.000000 -2.000000 -2.000000 0.512479 0.511078 0.506902 0.500028 0.490582 0.478728 0.464659 0.448589 0.430741 0.411342 0.390611 0.368758 0.345978 0.322449 0.298330 0.273764 0.248875 0.223769 0.198540 0.173267 0.148015 0.122840 0.097787 0.072896 0.048197 0.023714 -0.000534 -0.024530 
-2.000000 -2.000000 -2.000000 -2.000000 -2.000000 -2.000000 -2.000000 -2.000000 -2.000000 -2.000000 -2.000000 -2.000000 -2.000000 -2.000000 -2.000000 -2.000000 -2.000000 -2.000000 -2.000000 -2.000000 -2.000000 -2.000000 -2.000000 -2.000000 -2.000000 -2.000000 -2.000000 0.559864 0.558302 0.553651 0.546008 0.535528 0.522414 0.506902 0.489249 0.469723 0.448589 0.426100 0.402496 0.377994 0.352791 0.327058 0.300948 0.274590 0.248094 0.221553 0.195045 0.168634 0.142373 0.116305 0.090464 0.064876 0.039563 0.014540 -0.010181 
-2.000000 -2.000000 -2.000000 -2.000000 -2.000000 -2.000000 -2.000000 -2.000000 -2.000000 -2.000000 -2.000000 -2.000000 -2.000000 -2.000000 -2.000000 -2.000000 -2.000000 -2.000000 -2.000000 -2.000000 -2.000000 -2.000000 -2.000000 -2.000000 -2.000000 -2.000000 -2.000000 0.609539 0.607788 0.602576 0.594027 0.582337 0.567757 0.550578 0.531113 0.509682 0.486595 0.462148 0.436611 0.410226 0.383208 0.355742 0.327986 0.300074 0.272117 0.244208 0.216421 0.188817 0.161444 0.134341 0.107536 0.081052 0.054904 0.029104 0.003659 
-2.000000 -2.000000 -2.000000 -2.000000 -2.000000 -2.000000 -2.000000 -2.000000 -2.000000 -2.000000 -2.000000 -2.000000 -2.000000 -2.000000 -2.000000 -2.000000 -2.000000 -2.000000 -2.000000 -2.000000 -2.000000 -2.000000 -2.000000 -2.000000 -2.000000 -2.000000 -2.000000 0.661732 0.659754 0.653874 0.644251 0.631133 0.614836 0.595723 0.574176 0.550578 0.525295 0.498666 0.470998 0.442559 0.413581 0.384258 0.354756 0.325209 0.295727 0.266399 0.237295 0.208469 0.179965 0.151813 0.124037 0.096653 0.069672 0.043099 0.016937 
-2.000000 -2.000000 -2.000000 -2.000000 -2.000000 -2.000000 -2.000000 -2.000000 -2.000000 -2.000000 -2.000000 -2.000000 -2.000000 -2.000000 -2.000000 -2.000000 -2.000000 -2.000000 -2.000000 -2.000000 -2.000000 -2.000000 -2.000000 -2.000000 -2.000000 -2.000000 -2.000000 0.716697 0.714445 0.707761 0.696852 0.682037 0.663720 0.642352 0.618405 0.592338 0.564582 0.535528 0.505518 0.474846 0.443759 0.412460 0.381115 0.349858 0.318794 0.288005 0.257554 0.227487 0.197839 0.168634 0.139887 0.111608 0.083801 0.056465 0.029597 
-2.000000 -2.000000 -2.000000 -2.000000 -2.000000 -2.000000 -2.000000 -2.000000 -2.000000 -2.000000 -2.000000 -2.000000 -2.000000 -2.000000 -2.000000 -2.000000 -2.000000 -2.000000 -2.000000 -2.000000 -2.000000 -2.000000 -2.000000 -2.000000 -2.000000 -2.000000 -2.000000 0.774712 0.772127 0.764466 0.752004 0.735157 0.714445 0.690439 0.663720 0.634840 0.604306 0.572562 0.539989 0.506902 0.473560 0.440171 0.406897 0.373866 0.341174 0.308893 0.277076 0.245758 0.214965 0.184711 0.155002 0.125839 0.097220 0.069137 0.041581 
-2.000000 -2.000000 -2.000000 -2.000000 -2.000000 -2.000000 -2.000000 -2.000000 -2.000000 -2.000000 -2.000000 -2.000000 -2.000000 -2.000000 -2.000000 -2.000000 -2.000000 -2.000000 -2.000000 -2.000000 -2.000000 -2.000000 -2.000000 -2.000000 -2.000000 -2.000000 -2.000000 0.836079 0.833083 0.824223 0.809866 0.790568 0.767004 0.739902 0.709977 0.677898 0.644251 0.609539 0.574176 0.538497 0.502765 0.467184 0.431909 0.397054 0.362704 0.328915 0.295727 0.263163 0.231235 0.199946 0.169293 0.139268 0.109859 0.081052 0.052830 
-2.000000 -2.000000 -2.000000 -2.000000 -2.000000 -2.000000 -2.000000 -2.000000 -2.000000 -2.000000 -2.000000 -2.000000 -2.000000 -2.000000 -2.000000 -2.000000 -2.000000 -2.000000 -2.000000 -2.000000 -2.000000 -2.000000 -2.000000 -2.000000 -2.000000 -2.000000 -2.000000 0.901112 0.897603 0.887252 0.870563 0.848286 0.821311 0.790568 0.756944 0.721236 0.684122 0.646158 0.607788 0.569353 0.531113 0.493261 0.455933 0.419228 0.383208 0.347914 0.313367 0.279575 0.246535 0.214239 0.182671 0.151813 0.121645 0.092144 0.063288 
-2.000000 -2.000000 -2.000000 -2.000000 -2.000000 -2.000000 -2.000000 -2.000000 -2.000000 -2.000000 -2.000000 -2.000000 -2.000000 -2.000000 -2.000000 -2.000000 -2.000000 -2.000000 -2.000000 -2.000000 -2.000000 -2.000000 -2.000000 -2.000000 -2.000000 -2.000000 -2.000000 0.970108 0.965949 0.953725 0.934141 0.908223 0.877157 0.842137 0.804260 0.764466 0.723525 0.682037 0.640462 0.599136 0.558302 0.518129 0.478728 0.440171 0.402496 0.365721 0.329847 0.294863 0.260751 0.227487 0.195045 0.163394 0.132506 0.102350 0.072896 
-2.000000 -2.000000 -2.000000 -2.000000 -2.000000 -2.000000 -2.000000 -2.000000 -2.000000 -2.000000 -2.000000 -2.000000 -2.000000 -2.000000 -2.000000 -2.000000 -2.000000 -2.000000 -2.000000 -2.000000 -2.000000 -2.000000 -2.000000 -2.000000 -2.000000 -2.000000 -2.000000 1.043293 1.038303 1.023700 1.000491 0.970108 0.934141 0.894123 0.851396 0.807054 0.761944 0.716697 0.671763 0.627457 0.583988 0.541486 0.500028 0.459652 0.420366 0.382160 0.345013 0.308893 0.273764 0.239588 0.206324 0.173932 0.142373 0.111608 0.081600 
-2.000000 -2.000000 -2.000000 -2.000000 -2.000000 -2.000000 -2.000000 -2.000000 -2.000000 -2.000000 -2.000000 -2.000000 -2.000000 -2.000000 -2.000000 -2.000000 -2.000000 -2.000000 -2.000000 -2.000000 -2.000000 -2.000000 -2.000000 -2.000000 -2.000000 -2.000000 -2.000000 1.120708 1.114643 1.096992 1.069230 1.033376 0.991573 0.945777 0.897603 0.848286 0.798729 0.749555 0.701182 0.653874 0.607788 0.563004 0.519552 0.477430 0.436611 0.397054 0.358712 0.321532 0.285460 0.250441 0.216421 0.183350 0.151178 0.119858 0.089347 
-2.000000 -2.000000 -2.000000 -2.000000 -2.000000 -2.000000 -2.000000 -2.000000 -2.000000 -2.000000 -2.000000 -2.000000 -2.000000 -2.000000 -2.000000 -2.000000 -2.000000 -2.000000 -2.000000 -2.000000 -2.000000 -2.000000 -2.000000 -2.000000 -2.000000 -2.000000 -2.000000 1.201985 1.194521 1.172957 1.139489 1.096992 1.048346 0.996007 0.941861 0.887252 0.833083 0.779930 0.728139 0.677898 0.629291 0.582337 0.537010 0.493261 0.451023 0.410226 0.370794 0.332652 0.295727 0.259949 0.225253 0.191575 0.158857 0.127045 0.096087 
-2.000000 -2.000000 -2.000000 -2.000000 -2.000000 -2.000000 -2.000000 -2.000000 -2.000000 -2.000000 -2.000000 -2.000000 -2.000000 -2.000000 -2.000000 -2.000000 -2.000000 -2.000000 -2.000000 -2.000000 -2.000000 -2.000000 -2.000000 -2.000000 -2.000000 -2.000000 -2.000000 1.285922 1.276646 1.250103 1.209597 1.159222 1.102788 1.043293 0.982848 0.922830 0.864074 0.807054 0.752004 0.699012 0.648074 0.599136 0.552112 0.506902 0.463402 0.421507 0.381115 0.342131 0.304462 0.268026 0.232742 0.198540 0.165352 0.133117 0.101778 
-2.000000 -2.000000 -2.000000 -2.000000 -2.000000 -2.000000 -2.000000 -2.000000 -2.000000 -2.000000 -2.000000 -2.000000 -2.000000 -2.000000 -2.000000 -2.000000 -2.000000 -2.000000 -2.000000 -2.000000 -2.000000 -2.000000 -2.000000 -2.000000 -2.000000 -2.000000 -2.000000 1.369731 1.358170 1.325491 1.276646 1.217363 1.152532 1.085651 1.018949 0.953725 0.890673 0.830108 0.772127 0.716697 0.663720 0.613063 0.564582 0.518129 0.473560 0.430741 0.389546 0.349858 0.311572 0.274590 0.238822 0.204188 0.170614 0.138031 0.106379 
-2.000000 -2.000000 -2.000000 -2.000000 -2.000000 -2.000000 -2.000000 -2.000000 -2.000000 -2.000000 -2.000000 -2.000000 -2.000000 -2.000000 -2.000000 -2.000000 -2.000000 -2.000000 -2.000000 -2.000000 -2.000000 -2.000000 -2.000000 -2.000000 -2.000000 -2.000000 -2.000000 1.447898 1.433661 1.393992 1.336070 1.267590 1.194521 1.120708 1.048346 0.978556 0.911826 0.848286 0.787883 0.730465 0.675843 0.623813 0.574176 0.526742 0.481335 0.437794 0.395974 0.355742 0.316978 0.279575 0.243435 0.208469 0.174599 0.141751 0.109859 
-2.000000 -2.000000 -2.000000 -2.000000 -2.000000 -2.000000 -2.000000 -2.000000 -2.000000 -2.000000 -2.000000 -2.000000 -2.000000 -2.000000 -2.000000 -2.000000 -2.000000 -2.000000 -2.000000 -2.000000 -2.000000 -2.000000 -2.000000 -2.000000 -2.000000 -2.000000 -2.000000 1.511168 1.494284 1.447898 1.381663 1.305188 1.225289 1.145956 1.069230 0.996007 0.926565 0.860868 0.798729 0.739902 0.684122 0.631133 0.580692 0.532580 0.486595 0.442559 0.400311 0.359707 0.320618 0.282929 0.246535 0.211345 0.177274 0.144246 0.112193 
-2.000000 -2.000000 -2.000000 -2.000000 -2.000000 -2.000000 -2.000000 -2.000000 -2.000000 -2.000000 -2.000000 -2.000000 -2.000000 -2.000000 -2.000000 -2.000000 -2.000000 -2.000000 -2.000000 -2.000000 -2.000000 -2.000000 -2.000000 -2.000000 -2.000000 -2.000000 -2.000000 1.547523 1.528885 1.478154 1.406746 1.325491 1.241651 1.159222 1.080101 1.005026 0.934141 0.867306 0.804260 0.744701 0.688323 0.634840 0.583988 0.535528 0.489249 0.444961 0.402496 0.361703 0.322449 0.284615 0.248094 0.212790 0.178618 0.145499 0.113364 
-2.000000 -2.000000 -2.000000 -2.000000 -2.000000 -2.000000 -2.000000 -2.000000 -2.000000 -2.000000 -2.000000 -2.000000 -2.000000 -2.000000 -2.000000 -2.000000 -2.000000 -2.000000 -2.000000 -2.000000 -2.000000 -2.000000 -2.000000 -2.000000 -2.000000 -2.000000 -2.000000 1.552339 1.533453 1.482120 1.410004 1.328108 1.243746 1.160912 1.081481 1.006168 0.935098 0.868118 0.804957 0.745304 0.688851 0.635306 0.584401 0.535898 0.489582 0.445262 0.402770 0.361953 0.322678 0.284826 0.248289 0.212971 0.178786 0.145656 0.113511 
-2.000000 -2.000000 -2.000000 -2.000000 -2.000000 -2.000000 -2.000000 -2.000000 -2.000000 -2.000000 -2.000000 -2.000000 -2.000000 -2.000000 -2.000000 -2.000000 -2.000000 -2.000000 -2.000000 -2.000000 -2.000000 -2.000000 -2.000000 -2.000000 -2.000000 -2.000000 -2.000000 1.547315 1.528687 1.477983 1.406605 1.325378 1.241560 1.159148 1.080041 1.004977 0.934099 0.867271 0.804230 0.744674 0.688300 0.634820 0.583970 0.535512 0.489235 0.444948 0.402484 0.361692 0.322439 0.284605 0.248085 0.212782 0.178610 0.145492 0.113358 
-2.000000 -2.000000 -2.000000 -2.000000 -2.000000 -2.000000 -2.000000 -2.000000 -2.000000 -2.000000 -2.000000 -2.000000 -2.000000 -2.000000 -2.000000 -2.000000 -2.000000 -2.000000 -2.000000 -2.000000 -2.000000 -2.000000 -2.000000 -2.000000 -2.000000 -2.000000 -2.000000 1.510610 1.493751 1.447428 1.381271 1.304868 1.225030 1.145745 1.069056 0.995863 0.926444 0.860764 0.798640 0.739824 0.684054 0.631073 0.580639 0.532532 0.486553 0.442521 0.400276 0.359675 0.320588 0.282901 0.246510 0.211322 0.177252 0.144226 0.112174 
-2.000000 -2.000000 -2.000000 -2.000000 -2.000000 -2.000000 -2.000000 -2.000000 -2.000000 -2.000000 -2.000000 -2.000000 -2.000000 -2.000000 -2.000000 -2.000000 -2.000000 -2.000000 -2.000000 -2.000000 -2.000000 -2.000000 -2.000000 -2.000000 -2.000000 -2.000000 -2.000000 1.447117 1.432910 1.393317 1.335493 1.267109 1.194123 1.120379 1.048072 0.978327 0.911631 0.848120 0.787739 0.730340 0.675733 0.623716 0.574089 0.526664 0.481265 0.437731 0.395916 0.355689 0.316929 0.279530 0.243393 0.208431 0.174563 0.141717 0.109827 
-2.000000 -2.000000 -2.000000 -2.000000 -2.000000 -2.000000 -2.000000 -2.000000 -2.000000 -2.000000 -2.000000 -2.000000 -2.000000 -2.000000 -2.000000 -2.000000 -2.000000 -2.000000 -2.000000 -2.000000 -2.000000 -2.000000 -2.000000 -2.000000 -2.000000 -2.000000 -2.000000 1.368847 1.357313 1.324706 1.275956 1.216772 1.152033 1.085230 1.018593 0.953423 0.890414 0.829885 0.771932 0.716527 0.663570 0.612930 0.564463 0.518022 0.473463 0.430653 0.389466 0.349785 0.311505 0.274528 0.238765 0.204135 0.170564 0.137985 0.106335 
-2.000000 -2.000000 -2.000000 -2.000000 -2.000000 -2.000000 -2.000000 -2.000000 -2.000000 -2.000000 -2.000000 -2.000000 -2.000000 -2.000000 -2.000000 -2.000000 -2.000000 -2.000000 -2.000000 -2.000000 -2.000000 -2.000000 -2.000000 -2.000000 -2.000000 -2.000000 -2.000000 1.285014 1.275759 1.249276 1.208853 1.158569 1.102223 1.042807 0.982431 0.922470 0.863763 0.806782 0.751766 0.698802 0.647888 0.598970 0.551963 0.506768 0.463280 0.421396 0.381014 0.342038 0.304377 0.267947 0.232669 0.198472 0.165289 0.133058 0.101722 
-2.000000 -2.000000 -2.000000 -2.000000 -2.000000 -2.000000 -2.000000 -2.000000 -2.000000 -2.000000 -2.000000 -2.000000 -2.000000 -2.000000 -2.000000 -2.000000 -2.000000 -2.000000 -2.000000 -2.000000 -2.000000 -2.000000 -2.000000 -2.000000 -2.000000 -2.000000 -2.000000 1.201094 1.193647 1.172131 1.138731 1.096312 1.047745 0.995480 0.941400 0.886849 0.832730 0.779620 0.727865 0.677654 0.629074 0.582142 0.536834 0.493102 0.450879 0.410094 0.370673 0.332541 0.295625 0.259855 0.225165 0.191493 0.158781 0.126973 0.096021 
-2.000000 -2.000000 -2.000000 -2.000000 -2.000000 -2.000000 -2.000000 -2.000000 -2.000000 -2.000000 -2.000000 -2.000000 -2.000000 -2.000000 -2.000000 -2.000000 -2.000000 -2.000000 -2.000000 -2.000000 -2.000000 -2.000000 -2.000000 -2.000000 -2.000000 -2.000000 -2.000000 1.119854 1.113802 1.096189 1.068481 1.032691 0.990956 0.945227 0.897114 0.847854 0.798345 0.749214 0.700878 0.653602 0.607543 0.562783 0.519353 0.477249 0.436446 0.396903 0.358574 0.321404 0.285342 0.250331 0.216319 0.183255 0.151089 0.119775 0.089269 
-2.000000 -2.000000 -2.000000 -2.000000 -2.000000 -2.000000 -2.000000 -2.000000 -2.000000 -2.000000 -2.000000 -2.000000 -2.000000 -2.000000 -2.000000 -2.000000 -2.000000 -2.000000 -2.000000 -2.000000 -2.000000 -2.000000 -2.000000 -2.000000 -2.000000 -2.000000 -2.000000 1.042484 1.037504 1.022930 0.999764 0.969434 0.933525 0.893565 0.850893 0.806602 0.761538 0.716333 0.671436 0.627162 0.583721 0.541244 0.499808 0.459451 0.420182 0.381992 0.344858 0.308749 0.273631 0.239464 0.206209 0.173825 0.142273 0.111514 0.081512 
-2.000000 -2.000000 -2.000000 -2.000000 -2.000000 -2.000000 -2.000000 -2.000000 -2.000000 -2.000000 -2.000000 -2.000000 -2.000000 -2.000000 -2.000000 -2.000000 -2.000000 -2.000000 -2.000000 -2.000000 -2.000000 -2.000000 -2.000000 -2.000000 -2.000000 -2.000000 -2.000000 0.969344 0.965194 0.952992 0.933442 0.907568 0.876550 0.841580 0.803751 0.764004 0.723105 0.681657 0.640117 0.598823 0.558017 0.517869 0.478491 0.439953 0.402296 0.365536 0.329676 0.294705 0.260604 0.227351 0.194917 0.163275 0.132395 0.102246 0.072798 
-2.000000 -2.000000 -2.000000 -2.000000 -2.000000 -2.000000 -2.000000 -2.000000 -2.000000 -2.000000 -2.000000 -2.000000 -2.000000 -2.000000 -2.000000 -2.000000 -2.000000 -2.000000 -2.000000 -2.000000 -2.000000 -2.000000 -2.000000 -2.000000 -2.000000 -2.000000 -2.000000 0.900393 0.896889 0.886556 0.869896 0.847654 0.820719 0.790018 0.756437 0.720770 0.683695 0.645768 0.607431 0.569026 0.530814 0.492986 0.455681 0.418996 0.382994 0.347716 0.313183 0.279404 0.246377 0.214091 0.182532 0.151683 0.121523 0.092029 0.063180 
-2.000000 -2.000000 -2.000000 -2.000000 -2.000000 -2.000000 -2.000000 -2.000000 -2.000000 -2.000000 -2.000000 -2.000000 -2.000000 -2.000000 -2.000000 -2.000000 -2.000000 -2.000000 -2.000000 -2.000000 -2.000000 -2.000000 -2.000000 -2.000000 -2.000000 -2.000000 -2.000000 0.835401 0.832409 0.823564 0.809229 0.789960 0.766430 0.739363 0.709476 0.677433 0.643822 0.609143 0.573811 0.538161 0.502455 0.466898 0.431645 0.396810 0.362478 0.328705 0.295532 0.262981 0.231065 0.199787 0.169144 0.139128 0.109727 0.080928 0.052713 
-2.000000 -2.000000 -2.000000 -2.000000 -2.000000 -2.000000 -2.000000 -2.000000 -2.000000 -2.000000 -2.000000 -2.000000 -2.000000 -2.000000 -2.000000 -2.000000 -2.000000 -2.000000 -2.000000 -2.000000 -2.000000 -2.000000 -2.000000 -2.000000 -2.000000 -2.000000 -2.000000 0.774071 0.771490 0.763841 0.751397 0.734574 0.713890 0.689915 0.663227 0.634380 0.603877 0.572164 0.539619 0.506559 0.473242 0.439876 0.406624 0.373612 0.340937 0.308673 0.276870 0.245566 0.214786 0.184542 0.154844 0.125691 0.097080 0.069005 0.041456 
-2.000000 -2.000000 -2.000000 -2.000000 -2.000000 -2.000000 -2.000000 -2.000000 -2.000000 -2.000000 -2.000000 -2.000000 -2.000000 -2.000000 -2.000000 -2.000000 -2.000000 -2.000000 -2.000000 -2.000000 -2.000000 -2.000000 -2.000000 -2.000000 -2.000000 -2.000000 -2.000000 0.716090 0.713842 0.707168 0.696274 0.681478 0.663184 0.641843 0.617923 0.591885 0.564157 0.535131 0.505147 0.474500 0.443436 0.412159 0.380835 0.349597 0.318550 0.287777 0.257340 0.227286 0.197651 0.168457 0.139721 0.111451 0.083653 0.056325 0.029464 
-2.000000 -2.000000 -2.000000 -2.000000 -2.000000 -2.000000 -2.000000 -2.000000 -2.000000 -2.000000 -2.000000 -2.000000 -2.000000 -2.000000 -2.000000 -2.000000 -2.000000 -2.000000 -2.000000 -2.000000 -2.000000 -2.000000 -2.000000 -2.000000 -2.000000 -2.000000 -2.000000 0.661157 0.659182 0.653309 0.643699 0.630597 0.614321 0.595230 0.573707 0.550133 0.524875 0.498272 0.470628 0.442212 0.413255 0.383953 0.354470 0.324941 0.295476 0.266163 0.237074 0.208261 0.179769 0.151629 0.123863 0.096489 0.069517 0.042952 0.016798 
-2.000000 -2.000000 -2.000000 -2.000000 -2.000000 -2.000000 -2.000000 -2.000000 -2.000000 -2.000000 -2.000000 -2.000000 -2.000000 -2.000000 -2.000000 -2.000000 -2.000000 -2.000000 -2.000000 -2.000000 -2.000000 -2.000000 -2.000000 -2.000000 -2.000000 -2.000000 -2.000000 0.608992 0.607243 0.602038 0.593500 0.581823 0.567260 0.550101 0.530657 0.509247 0.486183 0.461758 0.436243 0.409879 0.382881 0.355434 0.327697 0.299802 0.271861 0.243967 0.216194 0.188603 0.161242 0.134150 0.107355 0.080881 0.054742 0.028950 0.003514 
-2.000000 -2.000000 -2.000000 -2.000000 -2.000000 -2.000000 -2.000000 -2.000000 -2.000000 -2.000000 -2.000000 -2.000000 -2.000000 -2.000000 -2.000000 -2.000000 -2.000000 -2.000000 -2.000000 -2.000000 -2.000000 -2.000000 -2.000000 -2.000000 -2.000000 -2.000000 -2.000000 0.559343 0.557783 0.553137 0.545503 0.535036 0.521936 0.506440 0.488806 0.469299 0.448184 0.425716 0.402131 0.377649 0.352464 0.326750 0.300657 0.274314 0.247834 0.221307 0.194813 0.168415 0.142166 0.116109 0.090277 0.064699 0.039395 0.014381 -0.010333 
-2.000000 -2.000000 -2.000000 -2.000000 -2.000000 -2.000000 -2.000000 -2.000000 -2.000000 -2.000000 -2.000000 -2.000000 -2.000000 -2.000000 -2.000000 -2.000000 -2.000000 -2.000000 -2.000000 -2.000000 -2.000000 -2.000000 -2.000000 -2.000000 -2.000000 -2.000000 -2.000000 0.511982 0.510582 0.506411 0.499545 0.490109 0.478267 0.464213 0.448158 0.430327 0.410946 0.390233 0.368398 0.345635 0.322124 0.298022 0.273472 0.248597 0.223507 0.198292 0.173031 0.147791 0.122627 0.097586 0.072705 0.048015 0.023541 -0.000698 -0.024686 
-2.000000 -2.000000 -2.000000 -2.000000 -2.000000 -2.000000 -2.000000 -2.000000 -2.000000 -2.000000 -2.000000 -2.000000 -2.000000 -2.000000 -2.000000 -2.000000 -2.000000 -2.000000 -2.000000 -2.000000 -2.000000 -2.000000 -2.000000 -2.000000 -2.000000 -2.000000 -2.000000 0.466708 0.465445 0.461678 0.455469 0.446921 0.436167 0.423366 0.408696 0.392346 0.374507 0.355371 0.335120 0.313928 0.291956 0.269350 0.246243 0.222751 0.198978 0.175015 0.150939 0.126818 0.102708 0.078658 0.054708 0.030893 0.007239 -0.016230 -0.039495 
-2.000000 -2.000000 -2.000000 -2.000000 -2.000000 -2.000000 -2.000000 -2.000000 -2.000000 -2.000000 -2.000000 -2.000000 -2.000000 -2.000000 -2.000000 -2.000000 -2.000000 -2.000000 -2.000000 -2.000000 -2.000000 -2.000000 -2.000000 -2.000000 -2.000000 -2.000000 -2.000000 0.423341 0.422195 0.418776 0.413134 0.405354 0.395545 0.383840 0.370388 0.355349 0.338888 0.321169 0.302353 0.282594 0.262038 0.240817 0.219055 0.196861 0.174334 0.151560 0.128618 0.105572 0.082480 0.059393 0.036353 0.013394 -0.009452 -0.032160 -0.054710 
-2.000000 -2.000000 -2.000000 -2.000000 -2.000000 -2.000000 -2.000000 -2.000000 -2.000000 -2.000000 -2.000000 -2.000000 -2.000000 -2.000000 -2.000000 -2.000000 -2.000000 -2.000000 -2.000000 -2.000000 -2.000000 -2.000000 -2.000000 -2.000000 -2.000000 -2.000000 -2.000000 0.381722 0.380678 0.377560 0.372410 0.365298 0.356315 0.345573 0.333197 0.319323 0.304093 0.287649 0.270133 0.251682 0.232426 0.212487 0.191976 0.170998 0.149645 0.128000 0.106137 0.084121 0.062011 0.039855 0.017698 -0.004424 -0.026479 -0.048439 -0.070283 
-2.000000 -2.000000 -2.000000 -2.000000 -2.000000 -2.000000 -2.000000 -2.000000 -2.000000 -2.000000 -2.000000 -2.000000 -2.000000 -2.000000 -2.000000 -2.000000 -2.000000 -2.000000 -2.000000 -2.000000 -2.000000 -2.000000 -2.000000 -2.000000 -2.000000 -2.000000 -2.000000 0.341709 0.340753 0.337897 0.333177 0.326650 0.318394 0.308501 0.297078 0.284243 0.270115 0.254822 0.238485 0.221228 0.203166 0.184411 0.165064 0.145223 0.124973 0.104394 0.083558 0.062527 0.041358 0.020101 -0.001202 -0.022510 -0.043793 -0.065021 -0.086170 
-2.000000 -2.000000 -2.000000 -2.000000 -2.000000 -2.000000 -2.000000 -2.000000 -2.000000 -2.000000 -2.000000 -2.000000 -2.000000 -2.000000 -2.000000 -2.000000 -2.000000 -2.000000 -2.000000 -2.000000 -2.000000 -2.000000 -2.000000 -2.000000 -2.000000 -2.000000 -2.000000 0.303175 0.302296 0.299670 0.295327 0.289316 0.281700 0.272560 0.261986 0.250078 0.236943 0.222687 0.207422 0.191255 0.174291 0.156629 0.138364 0.119584 0.100370 0.080798 0.060935 0.040842 0.020574 0.000180 -0.020296 -0.040817 -0.061349 -0.081862 -0.102331 
-2.000000 -2.000000 -2.000000 -2.000000 -2.000000 -2.000000 -2.000000 -2.000000 -2.000000 -2.000000 -2.000000 -2.000000 -2.000000 -2.000000 -2.000000 -2.000000 -2.000000 -2.000000 -2.000000 -2.000000 -2.000000 -2.000000 -2.000000 -2.000000 -2.000000 -2.000000 -2.000000 0.266007 0.265196 0.262773 0.258763 0.253207 0.246159 0.237689 0.227873 0.216798 0.204555 0.191240 0.176950 0.161779 0.145823 0.129171 0.111910 0.094121 0.075879 0.057256 0.038314 0.019113 -0.000294 -0.019860 -0.039541 -0.059301 -0.079104 -0.098921 -0.118726 
-2.000000 -2.000000 -2.000000 -2.000000 -2.000000 -2.000000 -2.000000 -2.000000 -2.000000 -2.000000 -2.000000 -2.000000 -2.000000 -2.000000 -2.000000 -2.000000 -2.000000 -2.000000 -2.000000 -2.000000 -2.000000 -2.000000 -2.000000 -2.000000 -2.000000 -2.000000 -2.000000 0.230103 0.229353 0.227110 0.223395 0.218243 0.211702 0.203830 0.194693 0.184367 0.172931 0.160469 0.147066 0.132809 0.117779 0.102061 0.085732 0.068867 0.051536 0.033805 0.015735 -0.002619 -0.021206 -0.039979 -0.058897 -0.077922 -0.097020 -0.116162 -0.135320 
-2.000000 -2.000000 -2.000000 -2.000000 -2.000000 -2.000000 -2.000000 -2.000000 -2.000000 -2.000000 -2.000000 -2.000000 -2.000000 -2.000000 -2.000000 -2.000000 -2.000000 -2.000000 -2.000000 -2.000000 -2.000000 -2.000000 -2.000000 -2.000000 -2.000000 -2.000000 -2.000000 0.195374 0.194678 0.192595 0.189143 0.184352 0.178263 0.170927 0.162401 0.152750 0.142045 0.130359 0.117767 0.104345 0.090169 0.075314 0.059850 0.043847 0.027369 0.010478 -0.006769 -0.024320 -0.042126 -0.060142 -0.078328 -0.096646 -0.115063 -0.133550 -0.152080 
-2.000000 -2.000000 -2.000000 -2.000000 -2.000000 -2.000000 -2.000000 -2.000000 -2.000000 -2.000000 -2.000000 -2.000000 -2.000000 -2.000000 -2.000000 -2.000000 -2.000000 -2.000000 -2.000000 -2.000000 -2.000000 -2.000000 -2.000000 -2.000000 -2.000000 -2.000000 -2.000000 0.161738 0.161089 0.159148 0.155932 0.151465 0.145783 0.138929 0.130954 0.121914 0.111872 0.100892 0.089041 0.076387 0.062998 0.048941 0.034281 0.019082 0.003403 -0.012699 -0.029170 -0.045960 -0.063023 -0.080317 -0.097801 -0.115440 -0.133202 -0.151056 -0.168977 
-2.000000 -2.000000 -2.000000 -2.000000 -2.000000 -2.000000 -2.000000 -2.000000 -2.000000 -2.000000 -2.000000 -2.000000 -2.000000 -2.000000 -2.000000 -2.000000 -2.000000 -2.000000 -2.000000 -2.000000 -2.000000 -2.000000 -2.000000 -2.000000 -2.000000 -2.000000 -2.000000 0.129119 0.128513 0.126701 0.123696 0.119520 0.114204 0.107785 0.100309 0.091824 0.082386 0.072051 0.060878 0.048930 0.036267 0.022949 0.009037 -0.005413 -0.020344 -0.035704 -0.051443 -0.067513 -0.083871 -0.100475 -0.117289 -0.134277 -0.151408 -0.168652 -0.185982 
