67 67
2.249055e+00 0 5
-2.000000 -2.000000 -2.000000 -2.000000 -2.000000 -2.000000 -2.000000 -2.000000 -2.000000 -2.000000 -2.000000 -2.000000 -2.000000 -2.000000 -2.000000 -2.000000 -2.000000 -2.000000 -2.000000 -2.000000 -2.000000 -2.000000 -2.000000 -2.000000 -2.000000 -2.000000 -2.000000 -2.000000 -2.000000 -2.000000 -2.000000 -2.000000 -2.000000 0.266744 0.266338 0.265119 0.263095 0.260275 0.256673 0.252307 0.247197 0.241367 0.234842 0.227650 0.219822 0.211390 0.202384 0.192838 0.182786 0.172260 0.161294 0.149919 0.138167 0.126070 0.113656 0.100953 0.087990 0.074791 0.061382 0.047784 0.034021 0.020112 0.006076 -0.008070 -0.022308 -0.036623 -0.051002 
-2.000000 -2.000000 -2.000000 -2.000000 -2.000000 -2.000000 -2.000000 -2.000000 -2.000000 -2.000000 -2.000000 -2.000000 -2.000000 -2.000000 -2.000000 -2.000000 -2.000000 -2.000000 -2.000000 -2.000000 -2.000000 -2.000000 -2.000000 -2.000000 -2.000000 -2.000000 -2.000000 -2.000000 -2.000000 -2.000000 -2.000000 -2.000000 -2.000000 0.293522 0.293092 0.291804 0.289666 0.286687 0.282885 0.278278 0.272889 0.266744 0.259873 0.252307 0.244079 0.235223 0.225775 0.215771 0.205248 0.194241 0.182786 0.170918 0.158671 0.146077 0.133169 0.119976 0.106527 0.092849 0.078967 0.064906 0.050687 0.036333 0.021862 0.007292 -0.007359 -0.022077 -0.036847 
-2.000000 -2.000000 -2.000000 -2.000000 -2.000000 -2.000000 -2.000000 -2.000000 -2.000000 -2.000000 -2.000000 -2.000000 -2.000000 -2.000000 -2.000000 -2.000000 -2.000000 -2.000000 -2.000000 -2.000000 -2.000000 -2.000000 -2.000000 -2.000000 -2.000000 -2.000000 -2.000000 -2.000000 -2.000000 -2.000000 -2.000000 -2.000000 -2.000000 0.320964 0.320509 0.319145 0.316882 0.313730 0.309709 0.304840 0.299147 0.292662 0.285416 0.277445 0.268784 0.259472 0.249549 0.239054 0.228026 0.216505 0.204530 0.192138 0.179366 0.166249 0.152819 0.139110 0.125151 0.110971 0.096596 0.082051 0.067359 0.052543 0.037621 0.022613 0.007536 -0.007596 -0.022768 
-2.000000 -2.000000 -2.000000 -2.000000 -2.000000 -2.000000 -2.000000 -2.000000 -2.000000 -2.000000 -2.000000 -2.000000 -2.000000 -2.000000 -2.000000 -2.000000 -2.000000 -2.000000 -2.000000 -2.000000 -2.000000 -2.000000 -2.000000 -2.000000 -2.000000 -2.000000 -2.000000 -2.000000 -2.000000 -2.000000 -2.000000 -2.000000 -2.000000 0.349110 0.348627 0.347181 0.344781 0.341440 0.337180 0.332024 0.326001 0.319145 0.311492 0.303081 0.293952 0.284149 0.273714 0.262691 0.251123 0.239054 0.226524 0.213576 0.200247 0.186575 0.172596 0.158344 0.143850 0.129144 0.114254 0.099206 0.084023 0.068728 0.053340 0.037880 0.022363 0.006805 -0.008779 
-2.000000 -2.000000 -2.000000 -2.000000 -2.000000 -2.000000 -2.000000 -2.000000 -2.000000 -2.000000 -2.000000 -2.000000 -2.000000 -2.000000 -2.000000 -2.000000 -2.000000 -2.000000 -2.000000 -2.000000 -2.000000 -2.000000 -2.000000 -2.000000 -2.000000 -2.000000 -2.000000 -2.000000 -2.000000 -2.000000 -2.000000 -2.000000 -2.000000 0.378004 0.377491 0.375954 0.373403 0.369855 0.365333 0.359863 0.353480 0.346219 0.338123 0.329235 0.319599 0.309264 0.298278 0.286687 0.274541 0.261884 0.248764 0.235223 0.221304 0.207046 0.192488 0.177665 0.162610 0.147355 0.131927 0.116355 0.100662 0.084870 0.069002 0.053074 0.037106 0.021111 0.005105 
-2.000000 -2.000000 -2.000000 -2.000000 -2.000000 -2.000000 -2.000000 -2.000000 -2.000000 -2.000000 -2.000000 -2.000000 -2.000000 -2.000000 -2.000000 -2.000000 -2.000000 -2.000000 -2.000000 -2.000000 -2.000000 -2.000000 -2.000000 -2.000000 -2.000000 -2.000000 -2.000000 -2.000000 -2.000000 -2.000000 -2.000000 -2.000000 -2.000000 0.407694 0.407147 0.405510 0.402793 0.399017 0.394207 0.388393 0.381614 0.373912 0.365333 0.355925 0.345739 0.334829 0.323247 0.311046 0.298278 0.284994 0.271243 0.257072 0.242527 0.227650 0.212481 0.197058 0.181415 0.165585 0.149598 0.133480 0.117258 0.100953 0.084588 0.068180 0.051747 0.035304 0.018865 
-2.000000 -2.000000 -2.000000 -2.000000 -2.000000 -2.000000 -2.000000 -2.000000 -2.000000 -2.000000 -2.000000 -2.000000 -2.000000 -2.000000 -2.000000 -2.000000 -2.000000 -2.000000 -2.000000 -2.000000 -2.000000 -2.000000 -2.000000 -2.000000 -2.000000 -2.000000 -2.000000 -2.000000 -2.000000 -2.000000 -2.000000 -2.000000 -2.000000 0.438231 0.437647 0.435899 0.433000 0.428972 0.423844 0.417652 0.410439 0.402252 0.393144 0.383170 0.372387 0.360853 0.348627 0.335768 0.322332 0.308376 0.293952 0.279112 0.263903 0.248372 0.232559 0.216505 0.200247 0.183816 0.167246 0.150562 0.133791 0.116957 0.100079 0.083177 0.066267 0.049366 0.032486 
-2.000000 -2.000000 -2.000000 -2.000000 -2.000000 -2.000000 -2.000000 -2.000000 -2.000000 -2.000000 -2.000000 -2.000000 -2.000000 -2.000000 -2.000000 -2.000000 -2.000000 -2.000000 -2.000000 -2.000000 -2.000000 -2.000000 -2.000000 -2.000000 -2.000000 -2.000000 -2.000000 -2.000000 -2.000000 -2.000000 -2.000000 -2.000000 -2.000000 0.469673 0.469048 0.467177 0.464075 0.459768 0.454289 0.447679 0.439988 0.431269 0.421582 0.410990 0.399555 0.387344 0.374422 0.360853 0.346700 0.332024 0.316882 0.301329 0.285416 0.269193 0.252703 0.235987 0.219083 0.202027 0.184849 0.167578 0.150240 0.132858 0.115453 0.098044 0.080647 0.063276 0.045946 
-2.000000 -2.000000 -2.000000 -2.000000 -2.000000 -2.000000 -2.000000 -2.000000 -2.000000 -2.000000 -2.000000 -2.000000 -2.000000 -2.000000 -2.000000 -2.000000 -2.000000 -2.000000 -2.000000 -2.000000 -2.000000 -2.000000 -2.000000 -2.000000 -2.000000 -2.000000 -2.000000 -2.000000 -2.000000 -2.000000 -2.000000 -2.000000 -2.000000 0.502083 0.501412 0.499404 0.496077 0.491460 0.485591 0.478519 0.470299 0.460995 0.450672 0.439402 0.427256 0.414309 0.400632 0.386297 0.371373 0.355925 0.340016 0.323705 0.307047 0.290093 0.272889 0.255479 0.237901 0.220192 0.202384 0.184505 0.166581 0.148635 0.130688 0.112759 0.094863 0.077014 0.059225 
-2.000000 -2.000000 -2.000000 -2.000000 -2.000000 -2.000000 -2.000000 -2.000000 -2.000000 -2.000000 -2.000000 -2.000000 -2.000000 -2.000000 -2.000000 -2.000000 -2.000000 -2.000000 -2.000000 -2.000000 -2.000000 -2.000000 -2.000000 -2.000000 -2.000000 -2.000000 -2.000000 -2.000000 -2.000000 -2.000000 -2.000000 -2.000000 -2.000000 0.535530 0.534808 0.532647 0.529068 0.524105 0.517802 0.510216 0.501412 0.491460 0.480437 0.468423 0.455501 0.441751 0.427256 0.412093 0.396339 0.380064 0.363336 0.346219 0.328771 0.311046 0.293092 0.274954 0.256673 0.238285 0.219822 0.201314 0.182786 0.164261 0.145759 0.127297 0.108892 0.090556 0.072302 
-2.000000 -2.000000 -2.000000 -2.000000 -2.000000 -2.000000 -2.000000 -2.000000 -2.000000 -2.000000 -2.000000 -2.000000 -2.000000 -2.000000 -2.000000 -2.000000 -2.000000 -2.000000 -2.000000 -2.000000 -2.000000 -2.000000 -2.000000 -2.000000 -2.000000 -2.000000 -2.000000 -2.000000 -2.000000 -2.000000 -2.000000 -2.000000 -2.000000 0.570092 0.569312 0.566979 0.563118 0.557767 0.550980 0.542821 0.533366 0.522697 0.510901 0.498070 0.484297 0.469673 0.454289 0.438231 0.421582 0.404421 0.386820 0.368846 0.350562 0.332024 0.313282 0.294383 0.275369 0.256275 0.237135 0.217977 0.198827 0.179707 0.160637 0.141633 0.122709 0.103879 0.085153 
-2.000000 -2.000000 -2.000000 -2.000000 -2.000000 -2.000000 -2.000000 -2.000000 -2.000000 -2.000000 -2.000000 -2.000000 -2.000000 -2.000000 -2.000000 -2.000000 -2.000000 -2.000000 -2.000000 -2.000000 -2.000000 -2.000000 -2.000000 -2.000000 -2.000000 -2.000000 -2.000000 -2.000000 -2.000000 -2.000000 -2.000000 -2.000000 -2.000000 0.605854 0.605009 0.602482 0.598302 0.592515 0.585184 0.576385 0.566204 0.554738 0.542087 0.528356 0.513649 0.498070 0.481720 0.464694 0.447083 0.428972 0.410439 0.391555 0.372387 0.352992 0.333424 0.313730 0.293952 0.274127 0.254287 0.234460 0.214672 0.194944 0.175293 0.155737 0.136287 0.116957 0.097754 
-2.000000 -2.000000 -2.000000 -2.000000 -2.000000 -2.000000 -2.000000 -2.000000 -2.000000 -2.000000 -2.000000 -2.000000 -2.000000 -2.000000 -2.000000 -2.000000 -2.000000 -2.000000 -2.000000 -2.000000 -2.000000 -2.000000 -2.000000 -2.000000 -2.000000 -2.000000 -2.000000 -2.000000 -2.000000 -2.000000 -2.000000 -2.000000 -2.000000 0.642911 0.641991 0.639244 0.634704 0.628425 0.620481 0.610961 0.599969 0.587614 0.574015 0.559289 0.543557 0.526934 0.509533 0.491460 0.472813 0.453684 0.434157 0.414309 0.394207 0.373912 0.353480 0.332957 0.312386 0.291804 0.271243 0.250729 0.230287 0.209938 0.189697 0.169579 0.149598 0.129761 0.110079 
-2.000000 -2.000000 -2.000000 -2.000000 -2.000000 -2.000000 -2.000000 -2.000000 -2.000000 -2.000000 -2.000000 -2.000000 -2.000000 -2.000000 -2.000000 -2.000000 -2.000000 -2.000000 -2.000000 -2.000000 -2.000000 -2.000000 -2.000000 -2.000000 -2.000000 -2.000000 -2.000000 -2.000000 -2.000000 -2.000000 -2.000000 -2.000000 -2.000000 0.681368 0.680364 0.677366 0.672415 0.665577 0.656939 0.646608 0.634704 0.621356 0.606701 0.590876 0.574015 0.556250 0.537705 0.518498 0.498736 0.478519 0.457934 0.437063 0.415977 0.394739 0.373403 0.352019 0.330627 0.309264 0.287961 0.266744 0.245636 0.224653 0.203814 0.183129 0.162610 0.142265 0.122101 
-2.000000 -2.000000 -2.000000 -2.000000 -2.000000 -2.000000 -2.000000 -2.000000 -2.000000 -2.000000 -2.000000 -2.000000 -2.000000 -2.000000 -2.000000 -2.000000 -2.000000 -2.000000 -2.000000 -2.000000 -2.000000 -2.000000 -2.000000 -2.000000 -2.000000 -2.000000 -2.000000 -2.000000 -2.000000 -2.000000 -2.000000 -2.000000 -2.000000 0.721345 0.720244 0.716958 0.711538 0.704061 0.694634 0.683383 0.670451 0.655990 0.640158 0.623113 0.605009 0.585993 0.566204 0.545771 0.524810 0.503428 0.481720 0.459768 0.437647 0.415420 0.393144 0.370866 0.348627 0.326462 0.304399 0.282464 0.260677 0.239054 0.217609 0.196352 0.175293 0.154438 0.133791 
-2.000000 -2.000000 -2.000000 -2.000000 -2.000000 -2.000000 -2.000000 -2.000000 -2.000000 -2.000000 -2.000000 -2.000000 -2.000000 -2.000000 -2.000000 -2.000000 -2.000000 -2.000000 -2.000000 -2.000000 -2.000000 -2.000000 -2.000000 -2.000000 -2.000000 -2.000000 -2.000000 -2.000000 -2.000000 -2.000000 -2.000000 -2.000000 -2.000000 0.762973 0.761760 0.758143 0.752181 0.743971 0.733642 0.721345 0.707249 0.691536 0.674389 0.655990 0.636514 0.616128 0.594986 0.573227 0.550980 0.528356 0.505454 0.482363 0.459156 0.435899 0.412646 0.389445 0.366334 0.343346 0.320509 0.297843 0.275369 0.253098 0.231044 0.209213 0.187613 0.166249 0.145122 
-2.000000 -2.000000 -2.000000 -2.000000 -2.000000 -2.000000 -2.000000 -2.000000 -2.000000 -2.000000 -2.000000 -2.000000 -2.000000 -2.000000 -2.000000 -2.000000 -2.000000 -2.000000 -2.000000 -2.000000 -2.000000 -2.000000 -2.000000 -2.000000 -2.000000 -2.000000 -2.000000 -2.000000 -2.000000 -2.000000 -2.000000 -2.000000 -2.000000 0.806401 0.805058 0.801055 0.794466 0.785411 0.774044 0.760551 0.745135 0.728009 0.709388 0.689483 0.668495 0.646608 0.623994 0.600805 0.577177 0.553231 0.529068 0.504778 0.480437 0.456108 0.431845 0.407694 0.383690 0.359863 0.336238 0.312834 0.289666 0.266744 0.244079 0.221675 0.199536 0.177665 0.156062 
-2.000000 -2.000000 -2.000000 -2.000000 -2.000000 -2.000000 -2.000000 -2.000000 -2.000000 -2.000000 -2.000000 -2.000000 -2.000000 -2.000000 -2.000000 -2.000000 -2.000000 -2.000000 -2.000000 -2.000000 -2.000000 -2.000000 -2.000000 -2.000000 -2.000000 -2.000000 -2.000000 -2.000000 -2.000000 -2.000000 -2.000000 -2.000000 -2.000000 0.851796 0.850301 0.845846 0.838526 0.828487 0.815922 0.801055 0.784133 0.765408 0.745135 0.723554 0.700896 0.677366 0.653154 0.628425 0.603322 0.577972 0.552479 0.526934 0.501412 0.475974 0.450672 0.425547 0.400632 0.375954 0.351533 0.327384 0.303520 0.279948 0.256673 0.233699 0.211026 0.188654 0.166581 
-2.000000 -2.000000 -2.000000 -2.000000 -2.000000 -2.000000 -2.000000 -2.000000 -2.000000 -2.000000 -2.000000 -2.000000 -2.000000 -2.000000 -2.000000 -2.000000 -2.000000 -2.000000 -2.000000 -2.000000 -2.000000 -2.000000 -2.000000 -2.000000 -2.000000 -2.000000 -2.000000 -2.000000 -2.000000 -2.000000 -2.000000 -2.000000 -2.000000 0.899345 0.897670 0.892683 0.884502 0.873313 0.859354 0.842903 0.824257 0.803720 0.781588 0.758143 0.733642 0.708317 0.682374 0.655990 0.629316 0.602482 0.575593 0.548740 0.521994 0.495414 0.469048 0.442931 0.417093 0.391555 0.366334 0.341440 0.316882 0.292662 0.268784 0.245246 0.222046 0.199181 0.176647 
-2.000000 -2.000000 -2.000000 -2.000000 -2.000000 -2.000000 -2.000000 -2.000000 -2.000000 -2.000000 -2.000000 -2.000000 -2.000000 -2.000000 -2.000000 -2.000000 -2.000000 -2.000000 -2.000000 -2.000000 -2.000000 -2.000000 -2.000000 -2.000000 -2.000000 -2.000000 -2.000000 -2.000000 -2.000000 -2.000000 -2.000000 -2.000000 -2.000000 0.949257 0.947367 0.941746 0.932546 0.920001 0.904413 0.886125 0.865500 0.842903 0.818682 0.793161 0.766631 0.739350 0.711538 0.683383 0.655043 0.626647 0.598302 0.570092 0.542087 0.514338 0.486888 0.459768 0.433000 0.406600 0.380580 0.354945 0.329698 0.304840 0.280366 0.256275 0.232559 0.209213 0.186229 
-2.000000 -2.000000 -2.000000 -2.000000 -2.000000 -2.000000 -2.000000 -2.000000 -2.000000 -2.000000 -2.000000 -2.000000 -2.000000 -2.000000 -2.000000 -2.000000 -2.000000 -2.000000 -2.000000 -2.000000 -2.000000 -2.000000 -2.000000 -2.000000 -2.000000 -2.000000 -2.000000 -2.000000 -2.000000 -2.000000 -2.000000 -2.000000 -2.000000 1.001765 0.999615 0.993233 0.982814 0.968661 0.951157 0.930730 0.907827 0.882885 0.856314 0.828487 0.799729 0.770322 0.740500 0.710462 0.680364 0.650337 0.620481 0.590876 0.561582 0.532647 0.504103 0.475974 0.448276 0.421019 0.394207 0.367840 0.341916 0.316430 0.291376 0.266744 0.242527 0.218714 0.195295 
-2.000000 -2.000000 -2.000000 -2.000000 -2.000000 -2.000000 -2.000000 -2.000000 -2.000000 -2.000000 -2.000000 -2.000000 -2.000000 -2.000000 -2.000000 -2.000000 -2.000000 -2.000000 -2.000000 -2.000000 -2.000000 -2.000000 -2.000000 -2.000000 -2.000000 -2.000000 -2.000000 -2.000000 -2.000000 -2.000000 -2.000000 -2.000000 -2.000000 1.057122 1.054657 1.047351 1.035462 1.019387 0.999615 0.976688 0.951157 0.923547 0.894338 0.863955 0.832760 0.801055 0.769088 0.737057 0.705121 0.673401 0.641991 0.610961 0.580363 0.550232 0.520592 0.491460 0.462840 0.434737 0.407147 0.380064 0.353480 0.327384 0.301766 0.276613 0.251912 0.227650 0.203814 
-2.000000 -2.000000 -2.000000 -2.000000 -2.000000 -2.000000 -2.000000 -2.000000 -2.000000 -2.000000 -2.000000 -2.000000 -2.000000 -2.000000 -2.000000 -2.000000 -2.000000 -2.000000 -2.000000 -2.000000 -2.000000 -2.000000 -2.000000 -2.000000 -2.000000 -2.000000 -2.000000 -2.000000 -2.000000 -2.000000 -2.000000 -2.000000 -2.000000 1.115602 1.112749 1.104310 1.090632 1.072240 1.049772 1.023915 0.995349 0.964706 0.932546 0.899345 0.865500 0.831331 0.797090 0.762973 0.729129 0.695671 0.662679 0.630210 0.598302 0.566979 0.536254 0.506131 0.476609 0.447679 0.419332 0.391555 0.364333 0.337651 0.311492 0.285840 0.260677 0.235987 0.211753 
-2.000000 -2.000000 -2.000000 -2.000000 -2.000000 -2.000000 -2.000000 -2.000000 -2.000000 -2.000000 -2.000000 -2.000000 -2.000000 -2.000000 -2.000000 -2.000000 -2.000000 -2.000000 -2.000000 -2.000000 -2.000000 -2.000000 -2.000000 -2.000000 -2.000000 -2.000000 -2.000000 -2.000000 -2.000000 -2.000000 -2.000000 -2.000000 -2.000000 1.177484 1.174147 1.164304 1.148428 1.127225 1.101537 1.072240 1.040176 1.006099 0.970653 0.934369 0.897670 0.860882 0.824257 0.787978 0.752181 0.716958 0.682374 0.648468 0.615263 0.582767 0.550980 0.519893 0.489495 0.459768 0.430694 0.402252 0.374422 0.347181 0.320509 0.294383 0.268784 0.243690 0.219083 
-2.000000 -2.000000 -2.000000 -2.000000 -2.000000 -2.000000 -2.000000 -2.000000 -2.000000 -2.000000 -2.000000 -2.000000 -2.000000 -2.000000 -2.000000 -2.000000 -2.000000 -2.000000 -2.000000 -2.000000 -2.000000 -2.000000 -2.000000 -2.000000 -2.000000 -2.000000 -2.000000 -2.000000 -2.000000 -2.000000 -2.000000 -2.000000 -2.000000 1.243028 1.239081 1.227476 1.208875 1.184245 1.154701 1.121371 1.085290 1.047351 1.008283 0.968661 0.928922 0.889391 0.850301 0.811815 0.774044 0.737057 0.700896 0.665577 0.631105 0.597470 0.564658 0.532647 0.501412 0.470926 0.441163 0.412093 0.383690 0.355925 0.328771 0.302204 0.276198 0.250729 0.225775 
-2.000000 -2.000000 -2.000000 -2.000000 -2.000000 -2.000000 -2.000000 -2.000000 -2.000000 -2.000000 -2.000000 -2.000000 -2.000000 -2.000000 -2.000000 -2.000000 -2.000000 -2.000000 -2.000000 -2.000000 -2.000000 -2.000000 -2.000000 -2.000000 -2.000000 -2.000000 -2.000000 -2.000000 -2.000000 -2.000000 -2.000000 -2.000000 -2.000000 1.312419 1.307693 1.293856 1.271853 1.243028 1.208875 1.170838 1.130185 1.087952 1.044945 1.001765 0.958844 0.916486 0.874893 0.834194 0.794466 0.755748 0.718051 0.681368 0.645681 0.610961 0.577177 0.544294 0.512273 0.481078 0.450672 0.421019 0.392084 0.363835 0.336238 0.309264 0.282885 0.257072 0.231801 
-2.000000 -2.000000 -2.000000 -2.000000 -2.000000 -2.000000 -2.000000 -2.000000 -2.000000 -2.000000 -2.000000 -2.000000 -2.000000 -2.000000 -2.000000 -2.000000 -2.000000 -2.000000 -2.000000 -2.000000 -2.000000 -2.000000 -2.000000 -2.000000 -2.000000 -2.000000 -2.000000 -2.000000 -2.000000 -2.000000 -2.000000 -2.000000 -2.000000 1.385660 1.379928 1.363242 1.336977 1.303024 1.263394 1.219928 1.174147 1.127225 1.080019 1.033126 0.986950 0.941746 0.897670 0.854803 0.813179 0.772800 0.733642 0.695671 0.658844 0.623113 0.588427 0.554738 0.521994 0.490149 0.459156 0.428972 0.399555 0.370866 0.342869 0.315529 0.288813 0.262691 0.237135 
-2.000000 -2.000000 -2.000000 -2.000000 -2.000000 -2.000000 -2.000000 -2.000000 -2.000000 -2.000000 -2.000000 -2.000000 -2.000000 -2.000000 -2.000000 -2.000000 -2.000000 -2.000000 -2.000000 -2.000000 -2.000000 -2.000000 -2.000000 -2.000000 -2.000000 -2.000000 -2.000000 -2.000000 -2.000000 -2.000000 -2.000000 -2.000000 -2.000000 1.462362 1.455326 1.434992 1.403402 1.363242 1.317205 1.267601 1.216208 1.164304 1.112749 1.062098 1.012688 0.964706 0.918240 0.873313 0.829907 0.787978 0.747470 0.708317 0.670451 0.633801 0.598302 0.563887 0.530496 0.498070 0.466555 0.435899 0.406055 0.376978 0.348627 0.320964 0.293952 0.267559 0.241753 
-2.000000 -2.000000 -2.000000 -2.000000 -2.000000 -2.000000 -2.000000 -2.000000 -2.000000 -2.000000 -2.000000 -2.000000 -2.000000 -2.000000 -2.000000 -2.000000 -2.000000 -2.000000 -2.000000 -2.000000 -2.000000 -2.000000 -2.000000 -2.000000 -2.000000 -2.000000 -2.000000 -2.000000 -2.000000 -2.000000 -2.000000 -2.000000 -2.000000 1.541347 1.532629 1.507670 1.469534 1.422032 1.368722 1.312419 1.255118 1.198128 1.142253 1.087952 1.035462 0.984877 0.936201 0.889391 0.844372 0.801055 0.759345 0.719146 0.680364 0.642911 0.606701 0.571657 0.537705 0.504778 0.472813 0.441751 0.411541 0.382132 0.353480 0.325541 0.298278 0.271654 0.245636 
-2.000000 -2.000000 -2.000000 -2.000000 -2.000000 -2.000000 -2.000000 -2.000000 -2.000000 -2.000000 -2.000000 -2.000000 -2.000000 -2.000000 -2.000000 -2.000000 -2.000000 -2.000000 -2.000000 -2.000000 -2.000000 -2.000000 -2.000000 -2.000000 -2.000000 -2.000000 -2.000000 -2.000000 -2.000000 -2.000000 -2.000000 -2.000000 -2.000000 1.619956 1.609128 1.578494 1.532629 1.476850 1.415718 1.352515 1.289353 1.227476 1.167557 1.109916 1.054657 1.001765 0.951157 0.902717 0.856314 0.811815 0.769088 0.728009 0.688461 0.650337 0.613537 0.577972 0.543557 0.510216 0.477881 0.446488 0.415977 0.386297 0.357398 0.329235 0.301766 0.274954 0.248764 
-2.000000 -2.000000 -2.000000 -2.000000 -2.000000 -2.000000 -2.000000 -2.000000 -2.000000 -2.000000 -2.000000 -2.000000 -2.000000 -2.000000 -2.000000 -2.000000 -2.000000 -2.000000 -2.000000 -2.000000 -2.000000 -2.000000 -2.000000 -2.000000 -2.000000 -2.000000 -2.000000 -2.000000 -2.000000 -2.000000 -2.000000 -2.000000 -2.000000 1.693024 1.679735 1.642662 1.588416 1.524117 1.455326 1.385660 1.317205 1.251046 1.187669 1.127225 1.069680 1.014909 0.962743 0.913001 0.865500 0.820069 0.776544 0.734777 0.694634 0.655990 0.618735 0.582767 0.547996 0.514338 0.481720 0.450072 0.419332 0.389445 0.360358 0.332024 0.304399 0.277445 0.251123 
-2.000000 -2.000000 -2.000000 -2.000000 -2.000000 -2.000000 -2.000000 -2.000000 -2.000000 -2.000000 -2.000000 -2.000000 -2.000000 -2.000000 -2.000000 -2.000000 -2.000000 -2.000000 -2.000000 -2.000000 -2.000000 -2.000000 -2.000000 -2.000000 -2.000000 -2.000000 -2.000000 -2.000000 -2.000000 -2.000000 -2.000000 -2.000000 -2.000000 1.751974 1.736261 1.693024 1.631126 1.559440 1.484315 1.409509 1.336977 1.267601 1.201677 1.139201 1.080019 1.023915 0.970653 0.920001 0.871739 0.825662 0.781588 0.739350 0.698798 0.659800 0.622234 0.585993 0.550980 0.517107 0.484297 0.452477 0.421582 0.391555 0.362341 0.333892 0.306163 0.279112 0.252703 
-2.000000 -2.000000 -2.000000 -2.000000 -2.000000 -2.000000 -2.000000 -2.000000 -2.000000 -2.000000 -2.000000 -2.000000 -2.000000 -2.000000 -2.000000 -2.000000 -2.000000 -2.000000 -2.000000 -2.000000 -2.000000 -2.000000 -2.000000 -2.000000 -2.000000 -2.000000 -2.000000 -2.000000 -2.000000 -2.000000 -2.000000 -2.000000 -2.000000 1.785763 1.768448 1.721237 1.654588 1.578494 1.499718 1.422032 1.347264 1.276154 1.208875 1.145328 1.085290 1.028494 0.974667 0.923547 0.874893 0.828487 0.784133 0.741654 0.700896 0.661717 0.623994 0.587614 0.552479 0.518498 0.485591 0.453684 0.422712 0.392614 0.363336 0.334829 0.307047 0.279948 0.253494 
-2.000000 -2.000000 -2.000000 -2.000000 -2.000000 -2.000000 -2.000000 -2.000000 -2.000000 -2.000000 -2.000000 -2.000000 -2.000000 -2.000000 -2.000000 -2.000000 -2.000000 -2.000000 -2.000000 -2.000000 -2.000000 -2.000000 -2.000000 -2.000000 -2.000000 -2.000000 -2.000000 -2.000000 -2.000000 -2.000000 -2.000000 -2.000000 -2.000000 1.790233 1.772693 1.724931 1.657634 1.580948 1.501689 1.423627 1.348570 1.277236 1.209784 1.146100 1.085954 1.029070 0.975171 0.923992 0.875289 0.828841 0.784452 0.741943 0.701158 0.661957 0.624214 0.587817 0.552667 0.518672 0.485753 0.453835 0.422853 0.392746 0.363461 0.334946 0.307158 0.280053 0.253593 
-2.000000 -2.000000 -2.000000 -2.000000 -2.000000 -2.000000 -2.000000 -2.000000 -2.000000 -2.000000 -2.000000 -2.000000 -2.000000 -2.000000 -2.000000 -2.000000 -2.000000 -2.000000 -2.000000 -2.000000 -2.000000 -2.000000 -2.000000 -2.000000 -2.000000 -2.000000 -2.000000 -2.000000 -2.000000 -2.000000 -2.000000 -2.000000 -2.000000 1.785570 1.768264 1.721077 1.654457 1.578388 1.499632 1.421963 1.347207 1.276107 1.208835 1.145294 1.085261 1.028469 0.974645 0.923527 0.874876 0.828472 0.784119 0.741642 0.700884 0.661706 0.623984 0.587606 0.552471 0.518491 0.485584 0.453677 0.422706 0.392608 0.363331 0.334824 0.307042 0.279943 0.253490 
-2.000000 -2.000000 -2.000000 -2.000000 -2.000000 -2.000000 -2.000000 -2.000000 -2.000000 -2.000000 -2.000000 -2.000000 -2.000000 -2.000000 -2.000000 -2.000000 -2.000000 -2.000000 -2.000000 -2.000000 -2.000000 -2.000000 -2.000000 -2.000000 -2.000000 -2.000000 -2.000000 -2.000000 -2.000000 -2.000000 -2.000000 -2.000000 -2.000000 1.751454 1.735764 1.692586 1.630759 1.559140 1.484071 1.409310 1.336812 1.267464 1.201562 1.139103 1.079934 1.023841 0.970589 0.919944 0.871688 0.825617 0.781547 0.739313 0.698764 0.659769 0.622205 0.585967 0.550955 0.517085 0.484276 0.452457 0.421564 0.391538 0.362325 0.333877 0.306148 0.279099 0.252690 
-2.000000 -2.000000 -2.000000 -2.000000 -2.000000 -2.000000 -2.000000 -2.000000 -2.000000 -2.000000 -2.000000 -2.000000 -2.000000 -2.000000 -2.000000 -2.000000 -2.000000 -2.000000 -2.000000 -2.000000 -2.000000 -2.000000 -2.000000 -2.000000 -2.000000 -2.000000 -2.000000 -2.000000 -2.000000 -2.000000 -2.000000 -2.000000 -2.000000 1.692295 1.679034 1.642031 1.587874 1.523664 1.454951 1.385349 1.316946 1.250828 1.187484 1.127066 1.069543 1.014789 0.962637 0.912907 0.865417 0.819994 0.776476 0.734716 0.694578 0.655939 0.618688 0.582724 0.547956 0.514301 0.481685 0.450039 0.419302 0.389416 0.360331 0.331999 0.304376 0.277422 0.251102 
-2.000000 -2.000000 -2.000000 -2.000000 -2.000000 -2.000000 -2.000000 -2.000000 -2.000000 -2.000000 -2.000000 -2.000000 -2.000000 -2.000000 -2.000000 -2.000000 -2.000000 -2.000000 -2.000000 -2.000000 -2.000000 -2.000000 -2.000000 -2.000000 -2.000000 -2.000000 -2.000000 -2.000000 -2.000000 -2.000000 -2.000000 -2.000000 -2.000000 1.619129 1.608326 1.577758 1.531981 1.476294 1.415246 1.352117 1.289015 1.227189 1.167311 1.109703 1.054472 1.001602 0.951013 0.902590 0.856200 0.811712 0.768995 0.727924 0.688384 0.650266 0.613472 0.577912 0.543501 0.510165 0.477833 0.446443 0.415935 0.386258 0.357361 0.329200 0.301733 0.274923 0.248734 
-2.000000 -2.000000 -2.000000 -2.000000 -2.000000 -2.000000 -2.000000 -2.000000 -2.000000 -2.000000 -2.000000 -2.000000 -2.000000 -2.000000 -2.000000 -2.000000 -2.000000 -2.000000 -2.000000 -2.000000 -2.000000 -2.000000 -2.000000 -2.000000 -2.000000 -2.000000 -2.000000 -2.000000 -2.000000 -2.000000 -2.000000 -2.000000 -2.000000 1.540493 1.531796 1.506893 1.468834 1.421416 1.368188 1.311959 1.254722 1.197786 1.141956 1.087694 1.035236 0.984676 0.936023 0.889232 0.844230 0.800927 0.759228 0.719040 0.680267 0.642822 0.606619 0.571581 0.537635 0.504713 0.472752 0.441694 0.411488 0.382082 0.353432 0.325497 0.298236 0.271614 0.245598 
-2.000000 -2.000000 -2.000000 -2.000000 -2.000000 -2.000000 -2.000000 -2.000000 -2.000000 -2.000000 -2.000000 -2.000000 -2.000000 -2.000000 -2.000000 -2.000000 -2.000000 -2.000000 -2.000000 -2.000000 -2.000000 -2.000000 -2.000000 -2.000000 -2.000000 -2.000000 -2.000000 -2.000000 -2.000000 -2.000000 -2.000000 -2.000000 -2.000000 1.461522 1.454503 1.434213 1.402686 1.362598 1.316635 1.267100 1.215771 1.163920 1.112412 1.061802 1.012426 0.964473 0.918032 0.873126 0.829738 0.787826 0.747332 0.708191 0.670335 0.633695 0.598203 0.563796 0.530411 0.497991 0.466481 0.435830 0.405990 0.376917 0.348570 0.320910 0.293901 0.267511 0.241707 
-2.000000 -2.000000 -2.000000 -2.000000 -2.000000 -2.000000 -2.000000 -2.000000 -2.000000 -2.000000 -2.000000 -2.000000 -2.000000 -2.000000 -2.000000 -2.000000 -2.000000 -2.000000 -2.000000 -2.000000 -2.000000 -2.000000 -2.000000 -2.000000 -2.000000 -2.000000 -2.000000 -2.000000 -2.000000 -2.000000 -2.000000 -2.000000 -2.000000 1.384853 1.379134 1.362482 1.336268 1.302376 1.262810 1.219406 1.173683 1.126813 1.079653 1.032801 0.986659 0.941486 0.897436 0.854592 0.812988 0.772626 0.733483 0.695526 0.658711 0.622990 0.588314 0.554632 0.521896 0.490057 0.459070 0.428892 0.399480 0.370795 0.342802 0.315466 0.288753 0.262634 0.237081 
-2.000000 -2.000000 -2.000000 -2.000000 -2.000000 -2.000000 -2.000000 -2.000000 -2.000000 -2.000000 -2.000000 -2.000000 -2.000000 -2.000000 -2.000000 -2.000000 -2.000000 -2.000000 -2.000000 -2.000000 -2.000000 -2.000000 -2.000000 -2.000000 -2.000000 -2.000000 -2.000000 -2.000000 -2.000000 -2.000000 -2.000000 -2.000000 -2.000000 1.311653 1.306936 1.293126 1.271164 1.242389 1.208289 1.170307 1.129706 1.087522 1.044558 1.001417 0.958532 0.916204 0.874638 0.833962 0.794255 0.755555 0.717874 0.681206 0.645531 0.610823 0.577050 0.544175 0.512162 0.480974 0.450575 0.420928 0.391999 0.363754 0.336162 0.309193 0.282817 0.257008 0.231740 
-2.000000 -2.000000 -2.000000 -2.000000 -2.000000 -2.000000 -2.000000 -2.000000 -2.000000 -2.000000 -2.000000 -2.000000 -2.000000 -2.000000 -2.000000 -2.000000 -2.000000 -2.000000 -2.000000 -2.000000 -2.000000 -2.000000 -2.000000 -2.000000 -2.000000 -2.000000 -2.000000 -2.000000 -2.000000 -2.000000 -2.000000 -2.000000 -2.000000 1.242303 1.238364 1.226780 1.208211 1.183622 1.154124 1.120840 1.084805 1.046910 1.007883 0.968298 0.928593 0.889091 0.850028 0.811566 0.773816 0.736849 0.700703 0.665400 0.630941 0.597319 0.564517 0.532515 0.501289 0.470812 0.441055 0.411992 0.383595 0.355835 0.328687 0.302124 0.276122 0.250657 0.225707 
-2.000000 -2.000000 -2.000000 -2.000000 -2.000000 -2.000000 -2.000000 -2.000000 -2.000000 -2.000000 -2.000000 -2.000000 -2.000000 -2.000000 -2.000000 -2.000000 -2.000000 -2.000000 -2.000000 -2.000000 -2.000000 -2.000000 -2.000000 -2.000000 -2.000000 -2.000000 -2.000000 -2.000000 -2.000000 -2.000000 -2.000000 -2.000000 -2.000000 1.176800 1.173469 1.163642 1.147792 1.126623 1.100972 1.071716 1.039692 1.005654 0.970246 0.933996 0.897328 0.860570 0.823970 0.787715 0.751939 0.716736 0.682169 0.648278 0.615086 0.582603 0.550827 0.519751 0.489361 0.459643 0.430576 0.402142 0.374318 0.347083 0.320416 0.294295 0.268700 0.243611 0.219008 
-2.000000 -2.000000 -2.000000 -2.000000 -2.000000 -2.000000 -2.000000 -2.000000 -2.000000 -2.000000 -2.000000 -2.000000 -2.000000 -2.000000 -2.000000 -2.000000 -2.000000 -2.000000 -2.000000 -2.000000 -2.000000 -2.000000 -2.000000 -2.000000 -2.000000 -2.000000 -2.000000 -2.000000 -2.000000 -2.000000 -2.000000 -2.000000 -2.000000 1.114956 1.112107 1.103682 1.090026 1.071660 1.049224 1.023401 0.994870 0.964262 0.932135 0.898966 0.865151 0.831009 0.796793 0.762699 0.728876 0.695437 0.662461 0.630008 0.598114 0.566804 0.536091 0.505978 0.476465 0.447544 0.419206 0.391436 0.364221 0.337545 0.311391 0.285744 0.260586 0.235900 0.211671 
-2.000000 -2.000000 -2.000000 -2.000000 -2.000000 -2.000000 -2.000000 -2.000000 -2.000000 -2.000000 -2.000000 -2.000000 -2.000000 -2.000000 -2.000000 -2.000000 -2.000000 -2.000000 -2.000000 -2.000000 -2.000000 -2.000000 -2.000000 -2.000000 -2.000000 -2.000000 -2.000000 -2.000000 -2.000000 -2.000000 -2.000000 -2.000000 -2.000000 1.056511 1.054050 1.046755 1.034883 1.018830 0.999085 0.976187 0.950686 0.923107 0.893928 0.863574 0.832406 0.800727 0.768783 0.736775 0.704859 0.673157 0.641764 0.610750 0.580165 0.550047 0.520419 0.491297 0.462688 0.434594 0.407012 0.379936 0.353359 0.327270 0.301658 0.276510 0.251815 0.227557 0.203725 
-2.000000 -2.000000 -2.000000 -2.000000 -2.000000 -2.000000 -2.000000 -2.000000 -2.000000 -2.000000 -2.000000 -2.000000 -2.000000 -2.000000 -2.000000 -2.000000 -2.000000 -2.000000 -2.000000 -2.000000 -2.000000 -2.000000 -2.000000 -2.000000 -2.000000 -2.000000 -2.000000 -2.000000 -2.000000 -2.000000 -2.000000 -2.000000 -2.000000 1.001186 0.999039 0.992666 0.982261 0.968128 0.950645 0.930243 0.907367 0.882451 0.855908 0.828106 0.799373 0.769990 0.740191 0.710173 0.680095 0.650085 0.620246 0.590656 0.561376 0.532454 0.503921 0.475803 0.448116 0.420868 0.394064 0.367705 0.341788 0.316309 0.291261 0.266635 0.242423 0.218615 0.195201 
-2.000000 -2.000000 -2.000000 -2.000000 -2.000000 -2.000000 -2.000000 -2.000000 -2.000000 -2.000000 -2.000000 -2.000000 -2.000000 -2.000000 -2.000000 -2.000000 -2.000000 -2.000000 -2.000000 -2.000000 -2.000000 -2.000000 -2.000000 -2.000000 -2.000000 -2.000000 -2.000000 -2.000000 -2.000000 -2.000000 -2.000000 -2.000000 -2.000000 0.948708 0.946819 0.941206 0.932018 0.919489 0.903920 0.885653 0.865051 0.842477 0.818280 0.792783 0.766276 0.739016 0.711225 0.683090 0.654768 0.626389 0.598060 0.569866 0.541874 0.514138 0.486700 0.459590 0.432832 0.406442 0.380430 0.354803 0.329564 0.304712 0.280245 0.256159 0.232449 0.209108 0.186129 
-2.000000 -2.000000 -2.000000 -2.000000 -2.000000 -2.000000 -2.000000 -2.000000 -2.000000 -2.000000 -2.000000 -2.000000 -2.000000 -2.000000 -2.000000 -2.000000 -2.000000 -2.000000 -2.000000 -2.000000 -2.000000 -2.000000 -2.000000 -2.000000 -2.000000 -2.000000 -2.000000 -2.000000 -2.000000 -2.000000 -2.000000 -2.000000 -2.000000 0.898822 0.897148 0.892168 0.883997 0.872821 0.858879 0.842446 0.823820 0.803303 0.781193 0.757768 0.733288 0.707984 0.682060 0.655694 0.629038 0.602220 0.575347 0.548508 0.521775 0.495208 0.468853 0.442747 0.416919 0.391390 0.366178 0.341292 0.316741 0.292528 0.268656 0.245124 0.221930 0.199071 0.176541 
-2.000000 -2.000000 -2.000000 -2.000000 -2.000000 -2.000000 -2.000000 -2.000000 -2.000000 -2.000000 -2.000000 -2.000000 -2.000000 -2.000000 -2.000000 -2.000000 -2.000000 -2.000000 -2.000000 -2.000000 -2.000000 -2.000000 -2.000000 -2.000000 -2.000000 -2.000000 -2.000000 -2.000000 -2.000000 -2.000000 -2.000000 -2.000000 -2.000000 0.851297 0.849804 0.845354 0.838043 0.828015 0.815464 0.800613 0.783708 0.765001 0.744747 0.723185 0.700545 0.677035 0.652840 0.628128 0.603042 0.577707 0.552229 0.526698 0.501188 0.475763 0.450472 0.425357 0.400452 0.375783 0.351371 0.327230 0.303374 0.279809 0.256540 0.233572 0.210905 0.188538 0.166470 
-2.000000 -2.000000 -2.000000 -2.000000 -2.000000 -2.000000 -2.000000 -2.000000 -2.000000 -2.000000 -2.000000 -2.000000 -2.000000 -2.000000 -2.000000 -2.000000 -2.000000 -2.000000 -2.000000 -2.000000 -2.000000 -2.000000 -2.000000 -2.000000 -2.000000 -2.000000 -2.000000 -2.000000 -2.000000 -2.000000 -2.000000 -2.000000 -2.000000 0.805924 0.804583 0.800584 0.794003 0.784957 0.773602 0.760123 0.744722 0.727612 0.709008 0.689120 0.668149 0.646279 0.623681 0.600508 0.576896 0.552964 0.528815 0.504538 0.480209 0.455892 0.431641 0.407500 0.383505 0.359688 0.336071 0.312675 0.289514 0.266600 0.243941 0.221543 0.199410 0.177545 0.155946 
-2.000000 -2.000000 -2.000000 -2.000000 -2.000000 -2.000000 -2.000000 -2.000000 -2.000000 -2.000000 -2.000000 -2.000000 -2.000000 -2.000000 -2.000000 -2.000000 -2.000000 -2.000000 -2.000000 -2.000000 -2.000000 -2.000000 -2.000000 -2.000000 -2.000000 -2.000000 -2.000000 -2.000000 -2.000000 -2.000000 -2.000000 -2.000000 -2.000000 0.762516 0.761305 0.757691 0.751736 0.743534 0.733215 0.720930 0.706848 0.691149 0.674017 0.655633 0.636173 0.615803 0.594675 0.572932 0.550698 0.528088 0.505200 0.482121 0.458926 0.435680 0.412438 0.389247 0.366145 0.343167 0.320337 0.297680 0.275213 0.252949 0.230901 0.209077 0.187483 0.166124 0.145002 
-2.000000 -2.000000 -2.000000 -2.000000 -2.000000 -2.000000 -2.000000 -2.000000 -2.000000 -2.000000 -2.000000 -2.000000 -2.000000 -2.000000 -2.000000 -2.000000 -2.000000 -2.000000 -2.000000 -2.000000 -2.000000 -2.000000 -2.000000 -2.000000 -2.000000 -2.000000 -2.000000 -2.000000 -2.000000 -2.000000 -2.000000 -2.000000 -2.000000 0.720906 0.719807 0.716525 0.711109 0.703640 0.694222 0.682981 0.670061 0.655613 0.639794 0.622763 0.604673 0.585671 0.565896 0.545477 0.524530 0.503161 0.481464 0.459524 0.437415 0.415199 0.392933 0.370665 0.348435 0.326279 0.304224 0.282297 0.260517 0.238901 0.217462 0.196212 0.175159 0.154309 0.133667 
-2.000000 -2.000000 -2.000000 -2.000000 -2.000000 -2.000000 -2.000000 -2.000000 -2.000000 -2.000000 -2.000000 -2.000000 -2.000000 -2.000000 -2.000000 -2.000000 -2.000000 -2.000000 -2.000000 -2.000000 -2.000000 -2.000000 -2.000000 -2.000000 -2.000000 -2.000000 -2.000000 -2.000000 -2.000000 -2.000000 -2.000000 -2.000000 -2.000000 0.680947 0.679944 0.676949 0.672003 0.665171 0.656541 0.646219 0.634325 0.620989 0.606346 0.590533 0.573684 0.555932 0.537401 0.518206 0.498457 0.478251 0.457679 0.436819 0.415744 0.394516 0.373190 0.351815 0.330432 0.309078 0.287783 0.266574 0.245472 0.224497 0.203664 0.182985 0.162472 0.142132 0.121973 
-2.000000 -2.000000 -2.000000 -2.000000 -2.000000 -2.000000 -2.000000 -2.000000 -2.000000 -2.000000 -2.000000 -2.000000 -2.000000 -2.000000 -2.000000 -2.000000 -2.000000 -2.000000 -2.000000 -2.000000 -2.000000 -2.000000 -2.000000 -2.000000 -2.000000 -2.000000 -2.000000 -2.000000 -2.000000 -2.000000 -2.000000 -2.000000 -2.000000 0.642505 0.641587 0.638842 0.634306 0.628032 0.620095 0.610584 0.599601 0.587257 0.573668 0.558953 0.543232 0.526621 0.509232 0.491170 0.472535 0.453418 0.433902 0.414064 0.393972 0.373688 0.353265 0.332751 0.312189 0.291615 0.271062 0.250556 0.230121 0.209778 0.189543 0.169432 0.149456 0.129625 0.109948 
-2.000000 -2.000000 -2.000000 -2.000000 -2.000000 -2.000000 -2.000000 -2.000000 -2.000000 -2.000000 -2.000000 -2.000000 -2.000000 -2.000000 -2.000000 -2.000000 -2.000000 -2.000000 -2.000000 -2.000000 -2.000000 -2.000000 -2.000000 -2.000000 -2.000000 -2.000000 -2.000000 -2.000000 -2.000000 -2.000000 -2.000000 -2.000000 -2.000000 0.605463 0.604618 0.602094 0.597917 0.592136 0.584811 0.576019 0.565846 0.554389 0.541748 0.528027 0.513330 0.497762 0.481423 0.464408 0.446808 0.428707 0.410184 0.391311 0.372152 0.352767 0.333208 0.313523 0.293753 0.273936 0.254104 0.234284 0.214503 0.194781 0.175137 0.155586 0.136143 0.116817 0.097620 
-2.000000 -2.000000 -2.000000 -2.000000 -2.000000 -2.000000 -2.000000 -2.000000 -2.000000 -2.000000 -2.000000 -2.000000 -2.000000 -2.000000 -2.000000 -2.000000 -2.000000 -2.000000 -2.000000 -2.000000 -2.000000 -2.000000 -2.000000 -2.000000 -2.000000 -2.000000 -2.000000 -2.000000 -2.000000 -2.000000 -2.000000 -2.000000 -2.000000 0.569715 0.568935 0.566604 0.562746 0.557399 0.550618 0.542466 0.533018 0.522357 0.510570 0.497748 0.483984 0.469370 0.453996 0.437948 0.421310 0.404158 0.386567 0.368603 0.350328 0.331798 0.313065 0.294175 0.275168 0.256082 0.236949 0.217799 0.198656 0.179542 0.160478 0.141480 0.122562 0.103737 0.085016 
-2.000000 -2.000000 -2.000000 -2.000000 -2.000000 -2.000000 -2.000000 -2.000000 -2.000000 -2.000000 -2.000000 -2.000000 -2.000000 -2.000000 -2.000000 -2.000000 -2.000000 -2.000000 -2.000000 -2.000000 -2.000000 -2.000000 -2.000000 -2.000000 -2.000000 -2.000000 -2.000000 -2.000000 -2.000000 -2.000000 -2.000000 -2.000000 -2.000000 0.535165 0.534443 0.532284 0.528708 0.523749 0.517451 0.509871 0.501073 0.491128 0.480113 0.468108 0.455194 0.441454 0.426968 0.411814 0.396069 0.379803 0.363085 0.345977 0.328538 0.310821 0.292875 0.274745 0.256472 0.238091 0.219636 0.201134 0.182613 0.164094 0.145598 0.127142 0.108742 0.090412 0.072163 
-2.000000 -2.000000 -2.000000 -2.000000 -2.000000 -2.000000 -2.000000 -2.000000 -2.000000 -2.000000 -2.000000 -2.000000 -2.000000 -2.000000 -2.000000 -2.000000 -2.000000 -2.000000 -2.000000 -2.000000 -2.000000 -2.000000 -2.000000 -2.000000 -2.000000 -2.000000 -2.000000 -2.000000 -2.000000 -2.000000 -2.000000 -2.000000 -2.000000 0.501729 0.501059 0.499052 0.495728 0.491114 0.485250 0.478183 0.469969 0.460671 0.450356 0.439093 0.426956 0.414016 0.400348 0.386022 0.371106 0.355667 0.339766 0.323464 0.306814 0.289868 0.272672 0.255269 0.237699 0.219997 0.202196 0.184323 0.166406 0.148466 0.130526 0.112602 0.094711 0.076867 0.059083 
-2.000000 -2.000000 -2.000000 -2.000000 -2.000000 -2.000000 -2.000000 -2.000000 -2.000000 -2.000000 -2.000000 -2.000000 -2.000000 -2.000000 -2.000000 -2.000000 -2.000000 -2.000000 -2.000000 -2.000000 -2.000000 -2.000000 -2.000000 -2.000000 -2.000000 -2.000000 -2.000000 -2.000000 -2.000000 -2.000000 -2.000000 -2.000000 -2.000000 0.469330 0.468705 0.466836 0.463736 0.459432 0.453957 0.447352 0.439666 0.430954 0.421273 0.410687 0.399260 0.387057 0.374142 0.360581 0.346437 0.331768 0.316634 0.301089 0.285185 0.268969 0.252486 0.235777 0.218881 0.201831 0.184660 0.167396 0.150064 0.132688 0.115289 0.097885 0.080493 0.063128 0.045802 
-2.000000 -2.000000 -2.000000 -2.000000 -2.000000 -2.000000 -2.000000 -2.000000 -2.000000 -2.000000 -2.000000 -2.000000 -2.000000 -2.000000 -2.000000 -2.000000 -2.000000 -2.000000 -2.000000 -2.000000 -2.000000 -2.000000 -2.000000 -2.000000 -2.000000 -2.000000 -2.000000 -2.000000 -2.000000 -2.000000 -2.000000 -2.000000 -2.000000 0.437898 0.437314 0.435568 0.432671 0.428646 0.423521 0.417333 0.410125 0.401944 0.392842 0.382874 0.372098 0.360571 0.348352 0.335500 0.322072 0.308123 0.293707 0.278874 0.263673 0.248148 0.232343 0.216296 0.200044 0.183621 0.167056 0.150379 0.133614 0.116785 0.099913 0.083016 0.066112 0.049215 0.032340 
-2.000000 -2.000000 -2.000000 -2.000000 -2.000000 -2.000000 -2.000000 -2.000000 -2.000000 -2.000000 -2.000000 -2.000000 -2.000000 -2.000000 -2.000000 -2.000000 -2.000000 -2.000000 -2.000000 -2.000000 -2.000000 -2.000000 -2.000000 -2.000000 -2.000000 -2.000000 -2.000000 -2.000000 -2.000000 -2.000000 -2.000000 -2.000000 -2.000000 0.407370 0.406824 0.405188 0.402473 0.398700 0.393892 0.388083 0.381308 0.373611 0.365037 0.355635 0.345456 0.334552 0.322977 0.310782 0.298021 0.284744 0.271000 0.256836 0.242298 0.227428 0.212266 0.196849 0.181213 0.165389 0.149408 0.133296 0.117080 0.100781 0.084421 0.068018 0.051590 0.035152 0.018718 
-2.000000 -2.000000 -2.000000 -2.000000 -2.000000 -2.000000 -2.000000 -2.000000 -2.000000 -2.000000 -2.000000 -2.000000 -2.000000 -2.000000 -2.000000 -2.000000 -2.000000 -2.000000 -2.000000 -2.000000 -2.000000 -2.000000 -2.000000 -2.000000 -2.000000 -2.000000 -2.000000 -2.000000 -2.000000 -2.000000 -2.000000 -2.000000 -2.000000 0.377690 0.377177 0.375641 0.373092 0.369546 0.365026 0.359560 0.353181 0.345925 0.337834 0.328951 0.319321 0.308992 0.298012 0.286427 0.274287 0.261637 0.248524 0.234989 0.221077 0.206826 0.192274 0.177457 0.162408 0.147159 0.131737 0.116171 0.100483 0.084697 0.068834 0.052912 0.036948 0.020958 0.004956 
-2.000000 -2.000000 -2.000000 -2.000000 -2.000000 -2.000000 -2.000000 -2.000000 -2.000000 -2.000000 -2.000000 -2.000000 -2.000000 -2.000000 -2.000000 -2.000000 -2.000000 -2.000000 -2.000000 -2.000000 -2.000000 -2.000000 -2.000000 -2.000000 -2.000000 -2.000000 -2.000000 -2.000000 -2.000000 -2.000000 -2.000000 -2.000000 -2.000000 0.348804 0.348321 0.346876 0.344477 0.341139 0.336881 0.331728 0.325709 0.318858 0.311209 0.302803 0.293679 0.283882 0.273452 0.262435 0.250873 0.238810 0.226287 0.213344 0.200021 0.186356 0.172383 0.158137 0.143649 0.128949 0.114064 0.099021 0.083844 0.068554 0.053172 0.037716 0.022204 0.006651 -0.008929 
-2.000000 -2.000000 -2.000000 -2.000000 -2.000000 -2.000000 -2.000000 -2.000000 -2.000000 -2.000000 -2.000000 -2.000000 -2.000000 -2.000000 -2.000000 -2.000000 -2.000000 -2.000000 -2.000000 -2.000000 -2.000000 -2.000000 -2.000000 -2.000000 -2.000000 -2.000000 -2.000000 -2.000000 -2.000000 -2.000000 -2.000000 -2.000000 -2.000000 0.320665 0.320210 0.318848 0.316586 0.313436 0.309418 0.304551 0.298862 0.292381 0.285139 0.277172 0.268516 0.259209 0.249291 0.238802 0.227780 0.216265 0.204295 0.191909 0.179143 0.166031 0.152607 0.138904 0.124950 0.110776 0.096406 0.081866 0.067180 0.052369 0.037452 0.022449 0.007376 -0.007751 -0.022919 
-2.000000 -2.000000 -2.000000 -2.000000 -2.000000 -2.000000 -2.000000 -2.000000 -2.000000 -2.000000 -2.000000 -2.000000 -2.000000 -2.000000 -2.000000 -2.000000 -2.000000 -2.000000 -2.000000 -2.000000 -2.000000 -2.000000 -2.000000 -2.000000 -2.000000 -2.000000 -2.000000 -2.000000 -2.000000 -2.000000 -2.000000 -2.000000 -2.000000 0.293231 0.292801 0.291514 0.289377 0.286400 0.282600 0.277996 0.272610 0.266469 0.259602 0.252040 0.243816 0.234965 0.225522 0.215523 0.205005 0.194003 0.182554 0.170691 0.158450 0.145862 0.132959 0.119771 0.106327 0.092654 0.078778 0.064721 0.050508 0.036158 0.021692 0.007127 -0.007520 -0.022233 -0.036999 
-2.000000 -2.000000 -2.000000 -2.000000 -2.000000 -2.000000 -2.000000 -2.000000 -2.000000 -2.000000 -2.000000 -2.000000 -2.000000 -2.000000 -2.000000 -2.000000 -2.000000 -2.000000 -2.000000 -2.000000 -2.000000 -2.000000 -2.000000 -2.000000 -2.000000 -2.000000 -2.000000 -2.000000 -2.000000 -2.000000 -2.000000 -2.000000 -2.000000 0.266460 0.266053 0.264836 0.262813 0.259994 0.256395 0.252031 0.246924 0.241097 0.234575 0.227388 0.219564 0.211136 0.202135 0.192594 0.182546 0.172025 0.161064 0.149694 0.137948 0.125856 0.113447 0.100749 0.087791 0.074598 0.061193 0.047601 0.033842 0.019937 0.005906 -0.008235 -0.022468 -0.036780 -0.051154 
