43 43
5.395106e-01 0 5
-2.000000 -2.000000 -2.000000 -2.000000 -2.000000 -2.000000 -2.000000 -2.000000 -2.000000 -2.000000 -2.000000 -2.000000 -2.000000 -2.000000 -2.000000 -2.000000 -2.000000 -2.000000 -2.000000 -2.000000 -2.000000 -0.163082 -0.164094 -0.167116 -0.172110 -0.179016 -0.187750 -0.198213 -0.210292 -0.223861 -0.238792 -0.254951 -0.272206 -0.290428 -0.309493 -0.329283 -0.349690 -0.370611 -0.391955 -0.413638 -0.435584 -0.457727 -0.480008 
-2.000000 -2.000000 -2.000000 -2.000000 -2.000000 -2.000000 -2.000000 -2.000000 -2.000000 -2.000000 -2.000000 -2.000000 -2.000000 -2.000000 -2.000000 -2.000000 -2.000000 -2.000000 -2.000000 -2.000000 -2.000000 -0.120742 -0.121848 -0.125150 -0.130604 -0.138134 -0.147644 -0.159014 -0.172110 -0.186787 -0.202895 -0.220280 -0.238792 -0.258285 -0.278622 -0.299672 -0.321317 -0.343447 -0.365964 -0.388779 -0.411816 -0.435004 -0.458283 
-2.000000 -2.000000 -2.000000 -2.000000 -2.000000 -2.000000 -2.000000 -2.000000 -2.000000 -2.000000 -2.000000 -2.000000 -2.000000 -2.000000 -2.000000 -2.000000 -2.000000 -2.000000 -2.000000 -2.000000 -2.000000 -0.076667 -0.077881 -0.081506 -0.087485 -0.095731 -0.106123 -0.118522 -0.132767 -0.148689 -0.166110 -0.184856 -0.204755 -0.225642 -0.247364 -0.269778 -0.292756 -0.316179 -0.339944 -0.363958 -0.388142 -0.412424 -0.436744 
-2.000000 -2.000000 -2.000000 -2.000000 -2.000000 -2.000000 -2.000000 -2.000000 -2.000000 -2.000000 -2.000000 -2.000000 -2.000000 -2.000000 -2.000000 -2.000000 -2.000000 -2.000000 -2.000000 -2.000000 -2.000000 -0.030701 -0.032041 -0.036038 -0.042624 -0.051691 -0.063096 -0.076667 -0.092215 -0.109537 -0.128430 -0.148689 -0.170118 -0.192534 -0.215765 -0.239656 -0.264066 -0.288870 -0.313960 -0.339240 -0.364628 -0.390052 -0.415453 
-2.000000 -2.000000 -2.000000 -2.000000 -2.000000 -2.000000 -2.000000 -2.000000 -2.000000 -2.000000 -2.000000 -2.000000 -2.000000 -2.000000 -2.000000 -2.000000 -2.000000 -2.000000 -2.000000 -2.000000 -2.000000 0.017332 0.015846 0.011415 0.004124 -0.005894 -0.018463 -0.033377 -0.050407 -0.069313 -0.089856 -0.111800 -0.134921 -0.159014 -0.183888 -0.209373 -0.235320 -0.261597 -0.288090 -0.314701 -0.341348 -0.367961 -0.394481 
-2.000000 -2.000000 -2.000000 -2.000000 -2.000000 -2.000000 -2.000000 -2.000000 -2.000000 -2.000000 -2.000000 -2.000000 -2.000000 -2.000000 -2.000000 -2.000000 -2.000000 -2.000000 -2.000000 -2.000000 -2.000000 0.067631 0.065972 0.061033 0.052918 0.041792 0.027874 0.011415 -0.007307 -0.028009 -0.050407 -0.074228 -0.099220 -0.125150 -0.151810 -0.179016 -0.206607 -0.234448 -0.262421 -0.290428 -0.318387 -0.346231 -0.373904 
-2.000000 -2.000000 -2.000000 -2.000000 -2.000000 -2.000000 -2.000000 -2.000000 -2.000000 -2.000000 -2.000000 -2.000000 -2.000000 -2.000000 -2.000000 -2.000000 -2.000000 -2.000000 -2.000000 -2.000000 -2.000000 0.120419 0.118557 0.113016 0.103928 0.091505 0.076014 0.057770 0.037106 0.014364 -0.010122 -0.036038 -0.063096 -0.091037 -0.119633 -0.148689 -0.178035 -0.207531 -0.237059 -0.266522 -0.295842 -0.324954 -0.353809 
-2.000000 -2.000000 -2.000000 -2.000000 -2.000000 -2.000000 -2.000000 -2.000000 -2.000000 -2.000000 -2.000000 -2.000000 -2.000000 -2.000000 -2.000000 -2.000000 -2.000000 -2.000000 -2.000000 -2.000000 -2.000000 0.175949 0.173843 0.167584 0.157342 0.143385 0.126052 0.105731 0.082834 0.057770 0.030931 0.002680 -0.026657 -0.056794 -0.087485 -0.118522 -0.149731 -0.180970 -0.212123 -0.243097 -0.273818 -0.304229 -0.334287 
-2.000000 -2.000000 -2.000000 -2.000000 -2.000000 -2.000000 -2.000000 -2.000000 -2.000000 -2.000000 -2.000000 -2.000000 -2.000000 -2.000000 -2.000000 -2.000000 -2.000000 -2.000000 -2.000000 -2.000000 -2.000000 0.234505 0.232104 0.224980 0.213354 0.197571 0.178065 0.155322 0.129846 0.102133 0.072642 0.041792 0.009948 -0.022578 -0.055524 -0.088672 -0.121848 -0.154911 -0.187750 -0.220280 -0.252435 -0.284167 -0.315440 
-2.000000 -2.000000 -2.000000 -2.000000 -2.000000 -2.000000 -2.000000 -2.000000 -2.000000 -2.000000 -2.000000 -2.000000 -2.000000 -2.000000 -2.000000 -2.000000 -2.000000 -2.000000 -2.000000 -2.000000 -2.000000 0.296401 0.293641 0.285464 0.272163 0.254190 0.232104 0.206522 0.178065 0.147329 0.114855 0.081119 0.046527 0.011415 -0.023942 -0.059325 -0.094561 -0.129518 -0.164094 -0.198213 -0.231823 -0.264886 -0.297377 
-2.000000 -2.000000 -2.000000 -2.000000 -2.000000 -2.000000 -2.000000 -2.000000 -2.000000 -2.000000 -2.000000 -2.000000 -2.000000 -2.000000 -2.000000 -2.000000 -2.000000 -2.000000 -2.000000 -2.000000 -2.000000 0.361983 0.358778 0.349304 0.333956 0.313336 0.288173 0.259251 0.227342 0.193162 0.157342 0.120419 0.082834 0.044943 0.007027 -0.030701 -0.068076 -0.104980 -0.141325 -0.177053 -0.212123 -0.246513 -0.280213 
-2.000000 -2.000000 -2.000000 -2.000000 -2.000000 -2.000000 -2.000000 -2.000000 -2.000000 -2.000000 -2.000000 -2.000000 -2.000000 -2.000000 -2.000000 -2.000000 -2.000000 -2.000000 -2.000000 -2.000000 -2.000000 0.431610 0.427850 0.416760 0.398887 0.375042 0.346191 0.313336 0.277435 0.239345 0.199792 0.159372 0.118557 0.077710 0.037106 -0.003054 -0.042624 -0.081506 -0.119633 -0.156967 -0.193486 -0.229184 -0.264066 
-2.000000 -2.000000 -2.000000 -2.000000 -2.000000 -2.000000 -2.000000 -2.000000 -2.000000 -2.000000 -2.000000 -2.000000 -2.000000 -2.000000 -2.000000 -2.000000 -2.000000 -2.000000 -2.000000 -2.000000 -2.000000 0.505637 0.501171 0.488045 0.467027 0.439232 0.405947 0.368464 0.327965 0.285464 0.241785 0.197571 0.153310 0.109359 0.065972 0.023326 -0.018463 -0.059325 -0.099220 -0.138134 -0.176068 -0.213036 -0.249060 
-2.000000 -2.000000 -2.000000 -2.000000 -2.000000 -2.000000 -2.000000 -2.000000 -2.000000 -2.000000 -2.000000 -2.000000 -2.000000 -2.000000 -2.000000 -2.000000 -2.000000 -2.000000 -2.000000 -2.000000 -2.000000 0.584348 0.578975 0.563256 0.538290 0.505637 0.467027 0.424121 0.378369 0.330950 0.282771 0.234505 0.186629 0.139475 0.093259 0.048116 0.004124 -0.038684 -0.080301 -0.120742 -0.160034 -0.198213 -0.235320 
-2.000000 -2.000000 -2.000000 -2.000000 -2.000000 -2.000000 -2.000000 -2.000000 -2.000000 -2.000000 -2.000000 -2.000000 -2.000000 -2.000000 -2.000000 -2.000000 -2.000000 -2.000000 -2.000000 -2.000000 -2.000000 0.667841 0.661291 0.642237 0.612294 0.573670 0.528702 0.479513 0.427850 0.375042 0.322054 0.269550 0.217968 0.167584 0.118557 0.070966 0.024837 -0.019839 -0.063096 -0.104980 -0.145547 -0.184856 -0.222968 
-2.000000 -2.000000 -2.000000 -2.000000 -2.000000 -2.000000 -2.000000 -2.000000 -2.000000 -2.000000 -2.000000 -2.000000 -2.000000 -2.000000 -2.000000 -2.000000 -2.000000 -2.000000 -2.000000 -2.000000 -2.000000 0.755781 0.747692 0.724339 0.688135 0.642237 0.589791 0.533469 0.475311 0.416760 0.358778 0.301974 0.246705 0.193162 0.141426 0.091505 0.043365 -0.003054 -0.047827 -0.091037 -0.132767 -0.173103 -0.212123 
-2.000000 -2.000000 -2.000000 -2.000000 -2.000000 -2.000000 -2.000000 -2.000000 -2.000000 -2.000000 -2.000000 -2.000000 -2.000000 -2.000000 -2.000000 -2.000000 -2.000000 -2.000000 -2.000000 -2.000000 -2.000000 0.846935 0.836843 0.807992 0.764033 0.709475 0.648492 0.584348 0.519325 0.454894 0.391939 0.330950 0.272163 0.215655 0.161411 0.109359 0.059398 0.011415 -0.034709 -0.079093 -0.121848 -0.163082 -0.202895 
-2.000000 -2.000000 -2.000000 -2.000000 -2.000000 -2.000000 -2.000000 -2.000000 -2.000000 -2.000000 -2.000000 -2.000000 -2.000000 -2.000000 -2.000000 -2.000000 -2.000000 -2.000000 -2.000000 -2.000000 -2.000000 0.938327 0.925695 0.890035 0.836843 0.772454 0.702238 0.630001 0.558143 0.488045 0.420425 0.355597 0.293641 0.234505 0.178065 0.124166 0.072642 0.023326 -0.023942 -0.069313 -0.112927 -0.154911 -0.195382 
-2.000000 -2.000000 -2.000000 -2.000000 -2.000000 -2.000000 -2.000000 -2.000000 -2.000000 -2.000000 -2.000000 -2.000000 -2.000000 -2.000000 -2.000000 -2.000000 -2.000000 -2.000000 -2.000000 -2.000000 -2.000000 1.023946 1.008323 0.964860 0.901572 0.826996 0.747692 0.667841 0.589791 0.514713 0.443095 0.375042 0.310468 0.249186 0.190974 0.135599 0.082834 0.032467 -0.015699 -0.061842 -0.106123 -0.148689 -0.189669 
-2.000000 -2.000000 -2.000000 -2.000000 -2.000000 -2.000000 -2.000000 -2.000000 -2.000000 -2.000000 -2.000000 -2.000000 -2.000000 -2.000000 -2.000000 -2.000000 -2.000000 -2.000000 -2.000000 -2.000000 -2.000000 1.093545 1.074945 1.023946 0.951372 0.867909 0.781053 0.695127 0.612294 0.533469 0.458900 0.388507 0.322054 0.259251 0.199792 0.143385 0.089757 0.038663 -0.010122 -0.056794 -0.101533 -0.144495 -0.185823 
-2.000000 -2.000000 -2.000000 -2.000000 -2.000000 -2.000000 -2.000000 -2.000000 -2.000000 -2.000000 -2.000000 -2.000000 -2.000000 -2.000000 -2.000000 -2.000000 -2.000000 -2.000000 -2.000000 -2.000000 -2.000000 1.133666 1.113084 1.057194 0.978823 0.890035 0.798813 0.709475 0.624015 0.543167 0.467027 0.395399 0.327965 0.264370 0.204267 0.147329 0.093259 0.041792 -0.007307 -0.054250 -0.099220 -0.142384 -0.183888 
-2.000000 -2.000000 -2.000000 -2.000000 -2.000000 -2.000000 -2.000000 -2.000000 -2.000000 -2.000000 -2.000000 -2.000000 -2.000000 -2.000000 -2.000000 -2.000000 -2.000000 -2.000000 -2.000000 -2.000000 -2.000000 1.138988 1.118127 1.061556 0.982392 0.892888 0.801088 0.711303 0.625504 0.544395 0.468053 0.396268 0.328709 0.265015 0.204830 0.147824 0.093698 0.042185 -0.006954 -0.053931 -0.098931 -0.142120 -0.183645 
-2.000000 -2.000000 -2.000000 -2.000000 -2.000000 -2.000000 -2.000000 -2.000000 -2.000000 -2.000000 -2.000000 -2.000000 -2.000000 -2.000000 -2.000000 -2.000000 -2.000000 -2.000000 -2.000000 -2.000000 -2.000000 1.133437 1.112867 1.057006 0.978669 0.889911 0.798714 0.709395 0.623951 0.543113 0.466982 0.395361 0.327932 0.264343 0.204243 0.147307 0.093240 0.041775 -0.007323 -0.054264 -0.099233 -0.142396 -0.183898 
-2.000000 -2.000000 -2.000000 -2.000000 -2.000000 -2.000000 -2.000000 -2.000000 -2.000000 -2.000000 -2.000000 -2.000000 -2.000000 -2.000000 -2.000000 -2.000000 -2.000000 -2.000000 -2.000000 -2.000000 -2.000000 1.092929 1.074358 1.023431 0.950943 0.867561 0.780772 0.694899 0.612107 0.533314 0.458770 0.388396 0.321959 0.259169 0.199720 0.143321 0.089701 0.038612 -0.010167 -0.056835 -0.101570 -0.144529 -0.185854 
-2.000000 -2.000000 -2.000000 -2.000000 -2.000000 -2.000000 -2.000000 -2.000000 -2.000000 -2.000000 -2.000000 -2.000000 -2.000000 -2.000000 -2.000000 -2.000000 -2.000000 -2.000000 -2.000000 -2.000000 -2.000000 1.023089 1.007499 0.964122 0.900942 0.826473 0.747261 0.667486 0.589496 0.514467 0.442886 0.374864 0.310314 0.249052 0.190857 0.135495 0.082741 0.032384 -0.015774 -0.061910 -0.106185 -0.148745 -0.189721 
-2.000000 -2.000000 -2.000000 -2.000000 -2.000000 -2.000000 -2.000000 -2.000000 -2.000000 -2.000000 -2.000000 -2.000000 -2.000000 -2.000000 -2.000000 -2.000000 -2.000000 -2.000000 -2.000000 -2.000000 -2.000000 0.937361 0.924760 0.889179 0.836093 0.771814 0.701698 0.629547 0.557761 0.487720 0.420147 0.355358 0.293434 0.234323 0.177905 0.124025 0.072516 0.023213 -0.024045 -0.069406 -0.113012 -0.154988 -0.195454 
-2.000000 -2.000000 -2.000000 -2.000000 -2.000000 -2.000000 -2.000000 -2.000000 -2.000000 -2.000000 -2.000000 -2.000000 -2.000000 -2.000000 -2.000000 -2.000000 -2.000000 -2.000000 -2.000000 -2.000000 -2.000000 0.845947 0.835879 0.807094 0.763226 0.708768 0.647882 0.583825 0.518876 0.454508 0.391605 0.330660 0.271909 0.215432 0.161213 0.109183 0.059240 0.011273 -0.034838 -0.079210 -0.121955 -0.163180 -0.202985 
-2.000000 -2.000000 -2.000000 -2.000000 -2.000000 -2.000000 -2.000000 -2.000000 -2.000000 -2.000000 -2.000000 -2.000000 -2.000000 -2.000000 -2.000000 -2.000000 -2.000000 -2.000000 -2.000000 -2.000000 -2.000000 0.754816 0.746745 0.723444 0.687316 0.641503 0.589143 0.532902 0.474816 0.416328 0.358401 0.301642 0.246413 0.192903 0.141194 0.091298 0.043179 -0.003222 -0.047980 -0.091176 -0.132895 -0.173220 -0.212231 
-2.000000 -2.000000 -2.000000 -2.000000 -2.000000 -2.000000 -2.000000 -2.000000 -2.000000 -2.000000 -2.000000 -2.000000 -2.000000 -2.000000 -2.000000 -2.000000 -2.000000 -2.000000 -2.000000 -2.000000 -2.000000 0.666919 0.660383 0.641370 0.611487 0.572934 0.528039 0.478923 0.427326 0.374579 0.321644 0.269186 0.217644 0.167294 0.118297 0.070732 0.024626 -0.020031 -0.063271 -0.105140 -0.145694 -0.184991 -0.223093 
-2.000000 -2.000000 -2.000000 -2.000000 -2.000000 -2.000000 -2.000000 -2.000000 -2.000000 -2.000000 -2.000000 -2.000000 -2.000000 -2.000000 -2.000000 -2.000000 -2.000000 -2.000000 -2.000000 -2.000000 -2.000000 0.583477 0.578115 0.562427 0.537509 0.504914 0.466366 0.423523 0.377831 0.330467 0.282339 0.234117 0.186281 0.139161 0.092975 0.047860 0.003891 -0.038896 -0.080495 -0.120920 -0.160198 -0.198365 -0.235461 
-2.000000 -2.000000 -2.000000 -2.000000 -2.000000 -2.000000 -2.000000 -2.000000 -2.000000 -2.000000 -2.000000 -2.000000 -2.000000 -2.000000 -2.000000 -2.000000 -2.000000 -2.000000 -2.000000 -2.000000 -2.000000 0.504817 0.500359 0.487258 0.466278 0.438530 0.405297 0.367867 0.327421 0.284970 0.241338 0.197166 0.152943 0.109026 0.065670 0.023051 -0.018715 -0.059556 -0.099432 -0.138329 -0.176248 -0.213203 -0.249215 
-2.000000 -2.000000 -2.000000 -2.000000 -2.000000 -2.000000 -2.000000 -2.000000 -2.000000 -2.000000 -2.000000 -2.000000 -2.000000 -2.000000 -2.000000 -2.000000 -2.000000 -2.000000 -2.000000 -2.000000 -2.000000 0.430839 0.427085 0.416015 0.398172 0.374366 0.345557 0.312748 0.276894 0.238848 0.199337 0.158957 0.118177 0.077363 0.036788 -0.003345 -0.042891 -0.081752 -0.119860 -0.157176 -0.193680 -0.229364 -0.264233 
-2.000000 -2.000000 -2.000000 -2.000000 -2.000000 -2.000000 -2.000000 -2.000000 -2.000000 -2.000000 -2.000000 -2.000000 -2.000000 -2.000000 -2.000000 -2.000000 -2.000000 -2.000000 -2.000000 -2.000000 -2.000000 0.361257 0.358058 0.348599 0.333276 0.312687 0.287560 0.258677 0.226808 0.192667 0.156885 0.119998 0.082446 0.044587 0.006698 -0.031004 -0.068356 -0.105238 -0.141565 -0.177275 -0.212329 -0.246706 -0.280392 
-2.000000 -2.000000 -2.000000 -2.000000 -2.000000 -2.000000 -2.000000 -2.000000 -2.000000 -2.000000 -2.000000 -2.000000 -2.000000 -2.000000 -2.000000 -2.000000 -2.000000 -2.000000 -2.000000 -2.000000 -2.000000 0.295717 0.292962 0.284796 0.271515 0.253568 0.231513 0.205963 0.177541 0.146839 0.114399 0.080697 0.046135 0.011052 -0.024279 -0.059637 -0.094851 -0.129787 -0.164343 -0.198446 -0.232040 -0.265089 -0.297567 
-2.000000 -2.000000 -2.000000 -2.000000 -2.000000 -2.000000 -2.000000 -2.000000 -2.000000 -2.000000 -2.000000 -2.000000 -2.000000 -2.000000 -2.000000 -2.000000 -2.000000 -2.000000 -2.000000 -2.000000 -2.000000 0.233858 0.231461 0.224347 0.212738 0.196976 0.177495 0.154780 0.129335 0.101651 0.072191 0.041370 0.009554 -0.022945 -0.055866 -0.088991 -0.122145 -0.155187 -0.188008 -0.220521 -0.252661 -0.284379 -0.315639 
-2.000000 -2.000000 -2.000000 -2.000000 -2.000000 -2.000000 -2.000000 -2.000000 -2.000000 -2.000000 -2.000000 -2.000000 -2.000000 -2.000000 -2.000000 -2.000000 -2.000000 -2.000000 -2.000000 -2.000000 -2.000000 0.175337 0.173234 0.166983 0.156755 0.142815 0.125504 0.105207 0.082336 0.057298 0.030486 0.002261 -0.027050 -0.057162 -0.087830 -0.118845 -0.150034 -0.181253 -0.212388 -0.243346 -0.274051 -0.304449 -0.334493 
-2.000000 -2.000000 -2.000000 -2.000000 -2.000000 -2.000000 -2.000000 -2.000000 -2.000000 -2.000000 -2.000000 -2.000000 -2.000000 -2.000000 -2.000000 -2.000000 -2.000000 -2.000000 -2.000000 -2.000000 -2.000000 0.119837 0.117978 0.112444 0.103368 0.090959 0.075487 0.057263 0.036621 0.013903 -0.010559 -0.036451 -0.063486 -0.091404 -0.119979 -0.149014 -0.178341 -0.207819 -0.237330 -0.266777 -0.296081 -0.325180 -0.354022 
-2.000000 -2.000000 -2.000000 -2.000000 -2.000000 -2.000000 -2.000000 -2.000000 -2.000000 -2.000000 -2.000000 -2.000000 -2.000000 -2.000000 -2.000000 -2.000000 -2.000000 -2.000000 -2.000000 -2.000000 -2.000000 0.067077 0.065421 0.060488 0.052382 0.041269 0.027366 0.010926 -0.007778 -0.028459 -0.050835 -0.074636 -0.099606 -0.125516 -0.152155 -0.179342 -0.206915 -0.234739 -0.262696 -0.290687 -0.318632 -0.346462 -0.374123 
-2.000000 -2.000000 -2.000000 -2.000000 -2.000000 -2.000000 -2.000000 -2.000000 -2.000000 -2.000000 -2.000000 -2.000000 -2.000000 -2.000000 -2.000000 -2.000000 -2.000000 -2.000000 -2.000000 -2.000000 -2.000000 0.016804 0.015320 0.010894 0.003611 -0.006396 -0.018952 -0.033850 -0.050863 -0.069751 -0.090275 -0.112200 -0.135302 -0.159376 -0.184231 -0.209699 -0.235629 -0.261889 -0.288367 -0.314963 -0.341596 -0.368196 -0.394705 
-2.000000 -2.000000 -2.000000 -2.000000 -2.000000 -2.000000 -2.000000 -2.000000 -2.000000 -2.000000 -2.000000 -2.000000 -2.000000 -2.000000 -2.000000 -2.000000 -2.000000 -2.000000 -2.000000 -2.000000 -2.000000 -0.031205 -0.032544 -0.036537 -0.043116 -0.052174 -0.063566 -0.077124 -0.092657 -0.109964 -0.128839 -0.149081 -0.170494 -0.192892 -0.216107 -0.239981 -0.264374 -0.289164 -0.314239 -0.339505 -0.364879 -0.390291 -0.415681 
-2.000000 -2.000000 -2.000000 -2.000000 -2.000000 -2.000000 -2.000000 -2.000000 -2.000000 -2.000000 -2.000000 -2.000000 -2.000000 -2.000000 -2.000000 -2.000000 -2.000000 -2.000000 -2.000000 -2.000000 -2.000000 -0.077150 -0.078363 -0.081984 -0.087958 -0.096195 -0.106577 -0.118964 -0.133197 -0.149104 -0.166510 -0.185241 -0.205124 -0.225995 -0.247702 -0.270101 -0.293063 -0.316472 -0.340223 -0.364225 -0.388395 -0.412665 -0.436974 
-2.000000 -2.000000 -2.000000 -2.000000 -2.000000 -2.000000 -2.000000 -2.000000 -2.000000 -2.000000 -2.000000 -2.000000 -2.000000 -2.000000 -2.000000 -2.000000 -2.000000 -2.000000 -2.000000 -2.000000 -2.000000 -0.121206 -0.122311 -0.125610 -0.131058 -0.138581 -0.148082 -0.159442 -0.172526 -0.187191 -0.203285 -0.220656 -0.239154 -0.258633 -0.278956 -0.299992 -0.321623 -0.343739 -0.366243 -0.389046 -0.412071 -0.435247 -0.458515 
-2.000000 -2.000000 -2.000000 -2.000000 -2.000000 -2.000000 -2.000000 -2.000000 -2.000000 -2.000000 -2.000000 -2.000000 -2.000000 -2.000000 -2.000000 -2.000000 -2.000000 -2.000000 -2.000000 -2.000000 -2.000000 -0.163528 -0.164539 -0.167558 -0.172548 -0.179447 -0.188174 -0.198628 -0.210696 -0.224254 -0.239173 -0.255319 -0.272562 -0.290771 -0.309823 -0.329600 -0.349994 -0.370902 -0.392234 -0.413905 -0.435840 -0.457972 -0.480242 
