47 47
7.177943e-01 0 5
-2.000000 -2.000000 -2.000000 -2.000000 -2.000000 -2.000000 -2.000000 -2.000000 -2.000000 -2.000000 -2.000000 -2.000000 -2.000000 -2.000000 -2.000000 -2.000000 -2.000000 -2.000000 -2.000000 -2.000000 -2.000000 -2.000000 -2.000000 -0.066080 -0.066921 -0.069437 -0.073600 -0.079368 -0.086683 -0.095474 -0.105661 -0.117152 -0.129853 -0.143664 -0.158484 -0.174213 -0.190754 -0.208013 -0.225899 -0.244328 -0.263221 -0.282506 -0.302115 -0.321989 -0.342071 -0.362313 -0.382670 
-2.000000 -2.000000 -2.000000 -2.000000 -2.000000 -2.000000 -2.000000 -2.000000 -2.000000 -2.000000 -2.000000 -2.000000 -2.000000 -2.000000 -2.000000 -2.000000 -2.000000 -2.000000 -2.000000 -2.000000 -2.000000 -2.000000 -2.000000 -0.027500 -0.028412 -0.031140 -0.035651 -0.041894 -0.049803 -0.059294 -0.070272 -0.082633 -0.096266 -0.111058 -0.126895 -0.143664 -0.161256 -0.179568 -0.198500 -0.217961 -0.237867 -0.258139 -0.278708 -0.299510 -0.320487 -0.341591 -0.362774 
-2.000000 -2.000000 -2.000000 -2.000000 -2.000000 -2.000000 -2.000000 -2.000000 -2.000000 -2.000000 -2.000000 -2.000000 -2.000000 -2.000000 -2.000000 -2.000000 -2.000000 -2.000000 -2.000000 -2.000000 -2.000000 -2.000000 -2.000000 0.012518 0.011525 0.008557 0.003652 -0.003131 -0.011709 -0.021987 -0.033851 -0.047182 -0.061850 -0.077727 -0.094682 -0.112589 -0.131326 -0.150777 -0.170837 -0.191405 -0.212390 -0.233711 -0.255293 -0.277071 -0.298987 -0.320988 -0.343031 
-2.000000 -2.000000 -2.000000 -2.000000 -2.000000 -2.000000 -2.000000 -2.000000 -2.000000 -2.000000 -2.000000 -2.000000 -2.000000 -2.000000 -2.000000 -2.000000 -2.000000 -2.000000 -2.000000 -2.000000 -2.000000 -2.000000 -2.000000 0.054094 0.053008 0.049766 0.044411 0.037017 0.027679 0.016513 0.003652 -0.010764 -0.026585 -0.043663 -0.061850 -0.081003 -0.100986 -0.121673 -0.142947 -0.164700 -0.186835 -0.209267 -0.231919 -0.254722 -0.277617 -0.300554 -0.323485 
-2.000000 -2.000000 -2.000000 -2.000000 -2.000000 -2.000000 -2.000000 -2.000000 -2.000000 -2.000000 -2.000000 -2.000000 -2.000000 -2.000000 -2.000000 -2.000000 -2.000000 -2.000000 -2.000000 -2.000000 -2.000000 -2.000000 -2.000000 0.097363 0.096171 0.092613 0.086744 0.078650 0.068447 0.056274 0.042287 0.026653 0.009544 -0.008867 -0.028412 -0.048931 -0.070272 -0.092296 -0.114876 -0.137897 -0.161256 -0.184864 -0.208641 -0.232517 -0.256434 -0.280339 -0.304190 
-2.000000 -2.000000 -2.000000 -2.000000 -2.000000 -2.000000 -2.000000 -2.000000 -2.000000 -2.000000 -2.000000 -2.000000 -2.000000 -2.000000 -2.000000 -2.000000 -2.000000 -2.000000 -2.000000 -2.000000 -2.000000 -2.000000 -2.000000 0.142477 0.141162 0.137239 0.130776 0.121877 0.110684 0.097363 0.082101 0.065095 0.046546 0.026653 0.005608 -0.016409 -0.039229 -0.062699 -0.086683 -0.111058 -0.135716 -0.160565 -0.185522 -0.210519 -0.235496 -0.260404 -0.285201 
-2.000000 -2.000000 -2.000000 -2.000000 -2.000000 -2.000000 -2.000000 -2.000000 -2.000000 -2.000000 -2.000000 -2.000000 -2.000000 -2.000000 -2.000000 -2.000000 -2.000000 -2.000000 -2.000000 -2.000000 -2.000000 -2.000000 -2.000000 0.189605 0.188147 0.183800 0.176647 0.166818 0.154485 0.139850 0.123138 0.104581 0.084417 0.062874 0.040172 0.016513 -0.007916 -0.032949 -0.058439 -0.084257 -0.110291 -0.136444 -0.162637 -0.188799 -0.214874 -0.240814 -0.266580 
-2.000000 -2.000000 -2.000000 -2.000000 -2.000000 -2.000000 -2.000000 -2.000000 -2.000000 -2.000000 -2.000000 -2.000000 -2.000000 -2.000000 -2.000000 -2.000000 -2.000000 -2.000000 -2.000000 -2.000000 -2.000000 -2.000000 -2.000000 0.238941 0.237315 0.232470 0.224511 0.213599 0.199946 0.183800 0.165431 0.145118 0.123138 0.099757 0.075224 0.049766 0.023588 -0.003131 -0.030232 -0.057583 -0.085067 -0.112589 -0.140067 -0.167437 -0.194642 -0.221641 -0.248396 
-2.000000 -2.000000 -2.000000 -2.000000 -2.000000 -2.000000 -2.000000 -2.000000 -2.000000 -2.000000 -2.000000 -2.000000 -2.000000 -2.000000 -2.000000 -2.000000 -2.000000 -2.000000 -2.000000 -2.000000 -2.000000 -2.000000 -2.000000 0.290701 0.288875 0.283443 0.274534 0.262352 0.247163 0.229270 0.209002 0.186693 0.162670 0.137239 0.110684 0.083257 0.055183 0.026653 -0.002168 -0.031140 -0.060148 -0.089097 -0.117909 -0.146522 -0.174886 -0.202962 -0.230721 
-2.000000 -2.000000 -2.000000 -2.000000 -2.000000 -2.000000 -2.000000 -2.000000 -2.000000 -2.000000 -2.000000 -2.000000 -2.000000 -2.000000 -2.000000 -2.000000 -2.000000 -2.000000 -2.000000 -2.000000 -2.000000 -2.000000 -2.000000 0.345130 0.343066 0.336932 0.326895 0.313214 0.296223 0.276302 0.253850 0.229270 0.202945 0.175230 0.146444 0.116869 0.086744 0.056274 0.025629 -0.005051 -0.035651 -0.066080 -0.096266 -0.126152 -0.155696 -0.184864 -0.213633 
-2.000000 -2.000000 -2.000000 -2.000000 -2.000000 -2.000000 -2.000000 -2.000000 -2.000000 -2.000000 -2.000000 -2.000000 -2.000000 -2.000000 -2.000000 -2.000000 -2.000000 -2.000000 -2.000000 -2.000000 -2.000000 -2.000000 -2.000000 0.402500 0.400149 0.393170 0.381781 0.366317 0.347203 0.324914 0.299943 0.272773 0.243856 0.213599 0.182361 0.150447 0.118116 0.085579 0.053008 0.020543 -0.011709 -0.043663 -0.075255 -0.106436 -0.137171 -0.167437 -0.197217 
-2.000000 -2.000000 -2.000000 -2.000000 -2.000000 -2.000000 -2.000000 -2.000000 -2.000000 -2.000000 -2.000000 -2.000000 -2.000000 -2.000000 -2.000000 -2.000000 -2.000000 -2.000000 -2.000000 -2.000000 -2.000000 -2.000000 -2.000000 0.463117 0.460414 0.452407 0.439383 0.421781 0.400149 0.375087 0.347203 0.317080 0.285247 0.252169 0.218243 0.183800 0.149109 0.114385 0.079797 0.045477 0.011525 -0.021987 -0.055004 -0.087489 -0.119418 -0.150777 -0.181561 
-2.000000 -2.000000 -2.000000 -2.000000 -2.000000 -2.000000 -2.000000 -2.000000 -2.000000 -2.000000 -2.000000 -2.000000 -2.000000 -2.000000 -2.000000 -2.000000 -2.000000 -2.000000 -2.000000 -2.000000 -2.000000 -2.000000 -2.000000 0.527308 0.524172 0.514901 0.499880 0.479695 0.455060 0.426738 0.395484 0.361997 0.326895 0.290701 0.253850 0.216690 0.179495 0.142477 0.105795 0.069569 0.033883 -0.001203 -0.035651 -0.069437 -0.102550 -0.134987 -0.166754 
-2.000000 -2.000000 -2.000000 -2.000000 -2.000000 -2.000000 -2.000000 -2.000000 -2.000000 -2.000000 -2.000000 -2.000000 -2.000000 -2.000000 -2.000000 -2.000000 -2.000000 -2.000000 -2.000000 -2.000000 -2.000000 -2.000000 -2.000000 0.595421 0.591743 0.580897 0.563414 0.540087 0.511854 0.479695 0.444546 0.407241 0.368493 0.328884 0.288875 0.248825 0.209002 0.169605 0.130776 0.092613 0.055183 0.018524 -0.017343 -0.052411 -0.086683 -0.120171 -0.152891 
-2.000000 -2.000000 -2.000000 -2.000000 -2.000000 -2.000000 -2.000000 -2.000000 -2.000000 -2.000000 -2.000000 -2.000000 -2.000000 -2.000000 -2.000000 -2.000000 -2.000000 -2.000000 -2.000000 -2.000000 -2.000000 -2.000000 -2.000000 0.667790 0.663425 0.650596 0.630051 0.602875 0.570321 0.533650 0.494015 0.452407 0.409631 0.366317 0.322943 0.279858 0.237315 0.195485 0.154485 0.114385 0.075224 0.037017 -0.000236 -0.036548 -0.071939 -0.106436 -0.140067 
-2.000000 -2.000000 -2.000000 -2.000000 -2.000000 -2.000000 -2.000000 -2.000000 -2.000000 -2.000000 -2.000000 -2.000000 -2.000000 -2.000000 -2.000000 -2.000000 -2.000000 -2.000000 -2.000000 -2.000000 -2.000000 -2.000000 -2.000000 0.744681 0.739434 0.724082 0.699695 0.667790 0.630051 0.588097 0.543342 0.496937 0.449771 0.402500 0.355596 0.309382 0.264072 0.219802 0.176647 0.134643 0.093796 0.054094 0.015511 -0.021987 -0.058439 -0.093888 -0.128376 
-2.000000 -2.000000 -2.000000 -2.000000 -2.000000 -2.000000 -2.000000 -2.000000 -2.000000 -2.000000 -2.000000 -2.000000 -2.000000 -2.000000 -2.000000 -2.000000 -2.000000 -2.000000 -2.000000 -2.000000 -2.000000 -2.000000 -2.000000 0.826172 0.819781 0.801190 0.771965 0.734253 0.690328 0.642257 0.591743 0.540087 0.488230 0.436824 0.386301 0.336932 0.288875 0.242212 0.196967 0.153135 0.110684 0.069569 0.029738 -0.008867 -0.046304 -0.082633 -0.117909 
-2.000000 -2.000000 -2.000000 -2.000000 -2.000000 -2.000000 -2.000000 -2.000000 -2.000000 -2.000000 -2.000000 -2.000000 -2.000000 -2.000000 -2.000000 -2.000000 -2.000000 -2.000000 -2.000000 -2.000000 -2.000000 -2.000000 -2.000000 0.911918 0.904034 0.881270 0.845967 0.801190 0.749995 0.694985 0.638149 0.580897 0.524172 0.468572 0.414451 0.361997 0.311294 0.262352 0.215142 0.169605 0.125670 0.083257 0.042287 0.002677 -0.035651 -0.072770 -0.108752 
-2.000000 -2.000000 -2.000000 -2.000000 -2.000000 -2.000000 -2.000000 -2.000000 -2.000000 -2.000000 -2.000000 -2.000000 -2.000000 -2.000000 -2.000000 -2.000000 -2.000000 -2.000000 -2.000000 -2.000000 -2.000000 -2.000000 -2.000000 1.000695 0.990871 0.962781 0.919959 0.866778 0.807293 0.744681 0.681166 0.618189 0.556618 0.496937 0.439383 0.384035 0.330882 0.279858 0.230867 0.183800 0.138543 0.094982 0.053008 0.012518 -0.026585 -0.064392 -0.100986 
-2.000000 -2.000000 -2.000000 -2.000000 -2.000000 -2.000000 -2.000000 -2.000000 -2.000000 -2.000000 -2.000000 -2.000000 -2.000000 -2.000000 -2.000000 -2.000000 -2.000000 -2.000000 -2.000000 -2.000000 -2.000000 -2.000000 -2.000000 1.089589 1.077310 1.042632 0.990871 0.928164 0.859722 0.789249 0.719089 0.650596 0.584482 0.521059 0.460414 0.402500 0.347203 0.294375 0.243856 0.195485 0.149109 0.104581 0.061767 0.020543 -0.019206 -0.057583 -0.094682 
-2.000000 -2.000000 -2.000000 -2.000000 -2.000000 -2.000000 -2.000000 -2.000000 -2.000000 -2.000000 -2.000000 -2.000000 -2.000000 -2.000000 -2.000000 -2.000000 -2.000000 -2.000000 -2.000000 -2.000000 -2.000000 -2.000000 -2.000000 1.172752 1.157586 1.115373 1.053854 0.981285 0.904034 0.826172 0.749995 0.676660 0.606652 0.540087 0.476888 0.416881 0.359853 0.305582 0.253850 0.204451 0.157197 0.111914 0.068447 0.026653 -0.013595 -0.052411 -0.089899 
-2.000000 -2.000000 -2.000000 -2.000000 -2.000000 -2.000000 -2.000000 -2.000000 -2.000000 -2.000000 -2.000000 -2.000000 -2.000000 -2.000000 -2.000000 -2.000000 -2.000000 -2.000000 -2.000000 -2.000000 -2.000000 -2.000000 -2.000000 1.240265 1.222230 1.172752 1.102267 1.021106 0.936541 0.852786 0.771965 0.694985 0.622106 0.553260 0.488230 0.426738 0.368493 0.313214 0.260639 0.210529 0.162670 0.116869 0.072954 0.030771 -0.009816 -0.048931 -0.086683 
-2.000000 -2.000000 -2.000000 -2.000000 -2.000000 -2.000000 -2.000000 -2.000000 -2.000000 -2.000000 -2.000000 -2.000000 -2.000000 -2.000000 -2.000000 -2.000000 -2.000000 -2.000000 -2.000000 -2.000000 -2.000000 -2.000000 -2.000000 1.279143 1.259202 1.205014 1.128938 1.042632 0.953841 0.866778 0.783406 0.704459 0.630051 0.560003 0.494015 0.431752 0.372878 0.317080 0.264072 0.213599 0.165431 0.119366 0.075224 0.032844 -0.007916 -0.047182 -0.085067 
-2.000000 -2.000000 -2.000000 -2.000000 -2.000000 -2.000000 -2.000000 -2.000000 -2.000000 -2.000000 -2.000000 -2.000000 -2.000000 -2.000000 -2.000000 -2.000000 -2.000000 -2.000000 -2.000000 -2.000000 -2.000000 -2.000000 -2.000000 1.284298 1.264089 1.209245 1.132405 1.045407 0.956057 0.868561 0.784859 0.705659 0.631054 0.560853 0.494744 0.432383 0.373429 0.317565 0.264503 0.213984 0.165778 0.119679 0.075508 0.033103 -0.007678 -0.046963 -0.084865 
-2.000000 -2.000000 -2.000000 -2.000000 -2.000000 -2.000000 -2.000000 -2.000000 -2.000000 -2.000000 -2.000000 -2.000000 -2.000000 -2.000000 -2.000000 -2.000000 -2.000000 -2.000000 -2.000000 -2.000000 -2.000000 -2.000000 -2.000000 1.278921 1.258992 1.204832 1.128788 1.042512 0.953745 0.866701 0.783343 0.704407 0.630007 0.559966 0.493984 0.431724 0.372854 0.317059 0.264054 0.213582 0.165416 0.119352 0.075211 0.032832 -0.007926 -0.047191 -0.085076 
-2.000000 -2.000000 -2.000000 -2.000000 -2.000000 -2.000000 -2.000000 -2.000000 -2.000000 -2.000000 -2.000000 -2.000000 -2.000000 -2.000000 -2.000000 -2.000000 -2.000000 -2.000000 -2.000000 -2.000000 -2.000000 -2.000000 -2.000000 1.239668 1.221661 1.172252 1.101850 1.020767 0.936267 0.852564 0.771782 0.694834 0.621978 0.553152 0.488137 0.426657 0.368423 0.313152 0.260584 0.210480 0.162625 0.116828 0.072917 0.030737 -0.009847 -0.048959 -0.086709 
-2.000000 -2.000000 -2.000000 -2.000000 -2.000000 -2.000000 -2.000000 -2.000000 -2.000000 -2.000000 -2.000000 -2.000000 -2.000000 -2.000000 -2.000000 -2.000000 -2.000000 -2.000000 -2.000000 -2.000000 -2.000000 -2.000000 -2.000000 1.171920 1.156787 1.114656 1.053241 0.980776 0.903614 0.825825 0.749707 0.676418 0.606447 0.539912 0.476737 0.416749 0.359738 0.305480 0.253759 0.204370 0.157124 0.111848 0.068386 0.026598 -0.013645 -0.052457 -0.089942 
-2.000000 -2.000000 -2.000000 -2.000000 -2.000000 -2.000000 -2.000000 -2.000000 -2.000000 -2.000000 -2.000000 -2.000000 -2.000000 -2.000000 -2.000000 -2.000000 -2.000000 -2.000000 -2.000000 -2.000000 -2.000000 -2.000000 -2.000000 1.088650 1.076401 1.041799 0.990141 0.927540 0.859195 0.788806 0.718715 0.650279 0.584210 0.520826 0.460211 0.402323 0.347047 0.294236 0.243732 0.195374 0.149008 0.104490 0.061684 0.020467 -0.019276 -0.057647 -0.094742 
-2.000000 -2.000000 -2.000000 -2.000000 -2.000000 -2.000000 -2.000000 -2.000000 -2.000000 -2.000000 -2.000000 -2.000000 -2.000000 -2.000000 -2.000000 -2.000000 -2.000000 -2.000000 -2.000000 -2.000000 -2.000000 -2.000000 -2.000000 0.999733 0.989933 0.961906 0.919173 0.866089 0.806698 0.744170 0.680727 0.617811 0.556292 0.496654 0.439134 0.383816 0.330688 0.279685 0.230712 0.183661 0.138417 0.094867 0.052903 0.012422 -0.026674 -0.064474 -0.101062 
-2.000000 -2.000000 -2.000000 -2.000000 -2.000000 -2.000000 -2.000000 -2.000000 -2.000000 -2.000000 -2.000000 -2.000000 -2.000000 -2.000000 -2.000000 -2.000000 -2.000000 -2.000000 -2.000000 -2.000000 -2.000000 -2.000000 -2.000000 0.910977 0.903112 0.880398 0.845168 0.800473 0.749363 0.694431 0.637665 0.580475 0.523803 0.468248 0.414164 0.361743 0.311067 0.262149 0.214959 0.169439 0.125520 0.083120 0.042161 0.002562 -0.035757 -0.072868 -0.108843 
-2.000000 -2.000000 -2.000000 -2.000000 -2.000000 -2.000000 -2.000000 -2.000000 -2.000000 -2.000000 -2.000000 -2.000000 -2.000000 -2.000000 -2.000000 -2.000000 -2.000000 -2.000000 -2.000000 -2.000000 -2.000000 -2.000000 -2.000000 0.825272 0.818896 0.800343 0.771177 0.733534 0.689681 0.641680 0.591231 0.539634 0.487828 0.436468 0.385984 0.336648 0.288621 0.241982 0.196760 0.152947 0.110512 0.069412 0.029594 -0.009000 -0.046427 -0.082746 -0.118015 
-2.000000 -2.000000 -2.000000 -2.000000 -2.000000 -2.000000 -2.000000 -2.000000 -2.000000 -2.000000 -2.000000 -2.000000 -2.000000 -2.000000 -2.000000 -2.000000 -2.000000 -2.000000 -2.000000 -2.000000 -2.000000 -2.000000 -2.000000 0.743830 0.738594 0.723273 0.698932 0.667083 0.629404 0.587512 0.542815 0.496465 0.449347 0.402120 0.355254 0.309074 0.263794 0.219550 0.176418 0.134434 0.093605 0.053919 0.015350 -0.022136 -0.058577 -0.094016 -0.128495 
-2.000000 -2.000000 -2.000000 -2.000000 -2.000000 -2.000000 -2.000000 -2.000000 -2.000000 -2.000000 -2.000000 -2.000000 -2.000000 -2.000000 -2.000000 -2.000000 -2.000000 -2.000000 -2.000000 -2.000000 -2.000000 -2.000000 -2.000000 0.666989 0.662632 0.649827 0.629318 0.602188 0.569685 0.533066 0.493483 0.451924 0.409193 0.365921 0.322583 0.279532 0.237018 0.195215 0.154238 0.114158 0.075016 0.036825 -0.000413 -0.036711 -0.072091 -0.106577 -0.140199 
-2.000000 -2.000000 -2.000000 -2.000000 -2.000000 -2.000000 -2.000000 -2.000000 -2.000000 -2.000000 -2.000000 -2.000000 -2.000000 -2.000000 -2.000000 -2.000000 -2.000000 -2.000000 -2.000000 -2.000000 -2.000000 -2.000000 -2.000000 0.594667 0.590996 0.580168 0.562715 0.539425 0.511234 0.479120 0.444016 0.406755 0.368048 0.328477 0.288503 0.248485 0.208691 0.169319 0.130514 0.092372 0.054960 0.018318 -0.017534 -0.052588 -0.086848 -0.120325 -0.153035 
-2.000000 -2.000000 -2.000000 -2.000000 -2.000000 -2.000000 -2.000000 -2.000000 -2.000000 -2.000000 -2.000000 -2.000000 -2.000000 -2.000000 -2.000000 -2.000000 -2.000000 -2.000000 -2.000000 -2.000000 -2.000000 -2.000000 -2.000000 0.526598 0.523468 0.514211 0.499214 0.479060 0.454460 0.426176 0.394961 0.361512 0.326447 0.290288 0.253470 0.216340 0.179172 0.142179 0.105521 0.069316 0.033648 -0.001421 -0.035853 -0.069625 -0.102726 -0.135152 -0.166908 
-2.000000 -2.000000 -2.000000 -2.000000 -2.000000 -2.000000 -2.000000 -2.000000 -2.000000 -2.000000 -2.000000 -2.000000 -2.000000 -2.000000 -2.000000 -2.000000 -2.000000 -2.000000 -2.000000 -2.000000 -2.000000 -2.000000 -2.000000 0.462447 0.459749 0.451754 0.438749 0.421172 0.399570 0.374539 0.346690 0.316600 0.284800 0.251754 0.217859 0.183444 0.148779 0.114079 0.079513 0.045214 0.011279 -0.022215 -0.055217 -0.087688 -0.119604 -0.150952 -0.181724 
-2.000000 -2.000000 -2.000000 -2.000000 -2.000000 -2.000000 -2.000000 -2.000000 -2.000000 -2.000000 -2.000000 -2.000000 -2.000000 -2.000000 -2.000000 -2.000000 -2.000000 -2.000000 -2.000000 -2.000000 -2.000000 -2.000000 -2.000000 0.401867 0.399519 0.392550 0.381177 0.365734 0.346645 0.324383 0.299442 0.272301 0.243413 0.213185 0.181974 0.150087 0.117780 0.085266 0.052717 0.020271 -0.011963 -0.043901 -0.075477 -0.106644 -0.137366 -0.167620 -0.197390 
-2.000000 -2.000000 -2.000000 -2.000000 -2.000000 -2.000000 -2.000000 -2.000000 -2.000000 -2.000000 -2.000000 -2.000000 -2.000000 -2.000000 -2.000000 -2.000000 -2.000000 -2.000000 -2.000000 -2.000000 -2.000000 -2.000000 -2.000000 0.344530 0.342469 0.336343 0.326319 0.312656 0.295686 0.275788 0.253361 0.228807 0.202508 0.174819 0.146059 0.116507 0.086405 0.055957 0.025332 -0.005329 -0.035911 -0.066324 -0.096495 -0.126368 -0.155899 -0.185055 -0.213814 
-2.000000 -2.000000 -2.000000 -2.000000 -2.000000 -2.000000 -2.000000 -2.000000 -2.000000 -2.000000 -2.000000 -2.000000 -2.000000 -2.000000 -2.000000 -2.000000 -2.000000 -2.000000 -2.000000 -2.000000 -2.000000 -2.000000 -2.000000 0.290131 0.288308 0.282882 0.273984 0.261817 0.246645 0.228773 0.208527 0.186241 0.162241 0.136834 0.110301 0.082897 0.054843 0.026333 -0.002468 -0.031422 -0.060414 -0.089347 -0.118144 -0.146744 -0.175095 -0.203160 -0.230908 
-2.000000 -2.000000 -2.000000 -2.000000 -2.000000 -2.000000 -2.000000 -2.000000 -2.000000 -2.000000 -2.000000 -2.000000 -2.000000 -2.000000 -2.000000 -2.000000 -2.000000 -2.000000 -2.000000 -2.000000 -2.000000 -2.000000 -2.000000 0.238398 0.236774 0.231936 0.223985 0.213086 0.199448 0.183320 0.164970 0.144677 0.122717 0.099357 0.074845 0.049407 0.023249 -0.003451 -0.030535 -0.057868 -0.085337 -0.112843 -0.140308 -0.167664 -0.194858 -0.221844 -0.248589 
-2.000000 -2.000000 -2.000000 -2.000000 -2.000000 -2.000000 -2.000000 -2.000000 -2.000000 -2.000000 -2.000000 -2.000000 -2.000000 -2.000000 -2.000000 -2.000000 -2.000000 -2.000000 -2.000000 -2.000000 -2.000000 -2.000000 -2.000000 0.189087 0.187631 0.183289 0.176144 0.166326 0.154006 0.139386 0.122690 0.104151 0.084005 0.062481 0.039797 0.016158 -0.008253 -0.033269 -0.058743 -0.084544 -0.110563 -0.136702 -0.162881 -0.189030 -0.215093 -0.241022 -0.266778 
-2.000000 -2.000000 -2.000000 -2.000000 -2.000000 -2.000000 -2.000000 -2.000000 -2.000000 -2.000000 -2.000000 -2.000000 -2.000000 -2.000000 -2.000000 -2.000000 -2.000000 -2.000000 -2.000000 -2.000000 -2.000000 -2.000000 -2.000000 0.141981 0.140668 0.136750 0.130293 0.121404 0.110222 0.096914 0.081667 0.064676 0.046144 0.026267 0.005239 -0.016760 -0.039564 -0.063018 -0.086986 -0.111346 -0.135990 -0.160825 -0.185769 -0.210754 -0.235720 -0.260617 -0.285403 
-2.000000 -2.000000 -2.000000 -2.000000 -2.000000 -2.000000 -2.000000 -2.000000 -2.000000 -2.000000 -2.000000 -2.000000 -2.000000 -2.000000 -2.000000 -2.000000 -2.000000 -2.000000 -2.000000 -2.000000 -2.000000 -2.000000 -2.000000 0.096889 0.095698 0.092144 0.086280 0.078194 0.068001 0.055839 0.041865 0.026245 0.009151 -0.009245 -0.028775 -0.049278 -0.070604 -0.092613 -0.115178 -0.138185 -0.161531 -0.185126 -0.208890 -0.232755 -0.256660 -0.280555 -0.304396 
-2.000000 -2.000000 -2.000000 -2.000000 -2.000000 -2.000000 -2.000000 -2.000000 -2.000000 -2.000000 -2.000000 -2.000000 -2.000000 -2.000000 -2.000000 -2.000000 -2.000000 -2.000000 -2.000000 -2.000000 -2.000000 -2.000000 -2.000000 0.053639 0.052554 0.049315 0.043965 0.036578 0.027248 0.016093 0.003243 -0.011160 -0.026969 -0.044033 -0.062206 -0.081345 -0.101314 -0.121988 -0.143247 -0.164987 -0.187110 -0.209530 -0.232170 -0.254962 -0.277846 -0.300772 -0.323694 
-2.000000 -2.000000 -2.000000 -2.000000 -2.000000 -2.000000 -2.000000 -2.000000 -2.000000 -2.000000 -2.000000 -2.000000 -2.000000 -2.000000 -2.000000 -2.000000 -2.000000 -2.000000 -2.000000 -2.000000 -2.000000 -2.000000 -2.000000 0.012080 0.011088 0.008122 0.003222 -0.003554 -0.012125 -0.022394 -0.034248 -0.047568 -0.062224 -0.078089 -0.095031 -0.112925 -0.131649 -0.151089 -0.171135 -0.191691 -0.212664 -0.233973 -0.255545 -0.277312 -0.299217 -0.321209 -0.343242 
-2.000000 -2.000000 -2.000000 -2.000000 -2.000000 -2.000000 -2.000000 -2.000000 -2.000000 -2.000000 -2.000000 -2.000000 -2.000000 -2.000000 -2.000000 -2.000000 -2.000000 -2.000000 -2.000000 -2.000000 -2.000000 -2.000000 -2.000000 -0.027922 -0.028834 -0.031558 -0.036065 -0.042304 -0.050206 -0.059689 -0.070658 -0.083009 -0.096631 -0.111412 -0.127237 -0.143995 -0.161576 -0.179875 -0.198796 -0.218246 -0.238140 -0.258401 -0.278960 -0.299751 -0.320719 -0.341813 -0.362987 
-2.000000 -2.000000 -2.000000 -2.000000 -2.000000 -2.000000 -2.000000 -2.000000 -2.000000 -2.000000 -2.000000 -2.000000 -2.000000 -2.000000 -2.000000 -2.000000 -2.000000 -2.000000 -2.000000 -2.000000 -2.000000 -2.000000 -2.000000 -0.066487 -0.067328 -0.069841 -0.074001 -0.079764 -0.087073 -0.095857 -0.106036 -0.117518 -0.130210 -0.144010 -0.158820 -0.174539 -0.191069 -0.208317 -0.226192 -0.244610 -0.263493 -0.282767 -0.302367 -0.322230 -0.342303 -0.362536 -0.382884 
