73 73
2.992265e+00 0 5
-2.000000 -2.000000 -2.000000 -2.000000 -2.000000 -2.000000 -2.000000 -2.000000 -2.000000 -2.000000 -2.000000 -2.000000 -2.000000 -2.000000 -2.000000 -2.000000 -2.000000 -2.000000 -2.000000 -2.000000 -2.000000 -2.000000 -2.000000 -2.000000 -2.000000 -2.000000 -2.000000 -2.000000 -2.000000 -2.000000 -2.000000 -2.000000 -2.000000 -2.000000 -2.000000 -2.000000 0.338147 0.337805 0.336780 0.335077 0.332703 0.329667 0.325981 0.321661 0.316723 0.311185 0.305069 0.298396 0.291188 0.283471 0.275268 0.266605 0.257507 0.248000 0.238109 0.227858 0.217273 0.206377 0.195194 0.183746 0.172055 0.160141 0.148024 0.135723 0.123256 0.110641 0.097892 0.085025 0.072055 0.058993 0.045854 0.032648 0.019386 
-2.000000 -2.000000 -2.000000 -2.000000 -2.000000 -2.000000 -2.000000 -2.000000 -2.000000 -2.000000 -2.000000 -2.000000 -2.000000 -2.000000 -2.000000 -2.000000 -2.000000 -2.000000 -2.000000 -2.000000 -2.000000 -2.000000 -2.000000 -2.000000 -2.000000 -2.000000 -2.000000 -2.000000 -2.000000 -2.000000 -2.000000 -2.000000 -2.000000 -2.000000 -2.000000 -2.000000 0.362705 0.362346 0.361268 0.359478 0.356982 0.353792 0.349921 0.345386 0.340204 0.334398 0.327988 0.321000 0.313458 0.305389 0.296820 0.287778 0.278290 0.268385 0.258089 0.247430 0.236432 0.225123 0.213527 0.201666 0.189566 0.177246 0.164728 0.152031 0.139175 0.126176 0.113052 0.099817 0.086486 0.073073 0.059589 0.046048 0.032459 
-2.000000 -2.000000 -2.000000 -2.000000 -2.000000 -2.000000 -2.000000 -2.000000 -2.000000 -2.000000 -2.000000 -2.000000 -2.000000 -2.000000 -2.000000 -2.000000 -2.000000 -2.000000 -2.000000 -2.000000 -2.000000 -2.000000 -2.000000 -2.000000 -2.000000 -2.000000 -2.000000 -2.000000 -2.000000 -2.000000 -2.000000 -2.000000 -2.000000 -2.000000 -2.000000 -2.000000 0.387813 0.387434 0.386299 0.384414 0.381787 0.378430 0.374359 0.369591 0.364147 0.358050 0.351325 0.343999 0.336098 0.327653 0.318692 0.309246 0.299344 0.289015 0.278290 0.267198 0.255765 0.244020 0.231989 0.219696 0.207167 0.194423 0.181487 0.168378 0.155117 0.141721 0.128208 0.114592 0.100889 0.087113 0.073276 0.059391 0.045467 
-2.000000 -2.000000 -2.000000 -2.000000 -2.000000 -2.000000 -2.000000 -2.000000 -2.000000 -2.000000 -2.000000 -2.000000 -2.000000 -2.000000 -2.000000 -2.000000 -2.000000 -2.000000 -2.000000 -2.000000 -2.000000 -2.000000 -2.000000 -2.000000 -2.000000 -2.000000 -2.000000 -2.000000 -2.000000 -2.000000 -2.000000 -2.000000 -2.000000 -2.000000 -2.000000 -2.000000 0.413499 0.413099 0.411902 0.409914 0.407145 0.403607 0.399318 0.394299 0.388571 0.382161 0.375096 0.367406 0.359120 0.350272 0.340892 0.331014 0.320670 0.309892 0.298711 0.287160 0.275268 0.263064 0.250575 0.237829 0.224850 0.211663 0.198291 0.184753 0.171072 0.157264 0.143348 0.129339 0.115254 0.101104 0.086904 0.072665 0.058398 
-2.000000 -2.000000 -2.000000 -2.000000 -2.000000 -2.000000 -2.000000 -2.000000 -2.000000 -2.000000 -2.000000 -2.000000 -2.000000 -2.000000 -2.000000 -2.000000 -2.000000 -2.000000 -2.000000 -2.000000 -2.000000 -2.000000 -2.000000 -2.000000 -2.000000 -2.000000 -2.000000 -2.000000 -2.000000 -2.000000 -2.000000 -2.000000 -2.000000 -2.000000 -2.000000 -2.000000 0.439797 0.439375 0.438110 0.436010 0.433085 0.429351 0.424826 0.419534 0.413499 0.406750 0.399318 0.391235 0.382536 0.373254 0.363426 0.353086 0.342270 0.331014 0.319350 0.307314 0.294936 0.282247 0.269278 0.256055 0.242606 0.228956 0.215129 0.201146 0.187027 0.172793 0.158461 0.144047 0.129566 0.115033 0.100460 0.085859 0.071242 
-2.000000 -2.000000 -2.000000 -2.000000 -2.000000 -2.000000 -2.000000 -2.000000 -2.000000 -2.000000 -2.000000 -2.000000 -2.000000 -2.000000 -2.000000 -2.000000 -2.000000 -2.000000 -2.000000 -2.000000 -2.000000 -2.000000 -2.000000 -2.000000 -2.000000 -2.000000 -2.000000 -2.000000 -2.000000 -2.000000 -2.000000 -2.000000 -2.000000 -2.000000 -2.000000 -2.000000 0.466743 0.466296 0.464957 0.462735 0.459641 0.455692 0.450911 0.445321 0.438953 0.431837 0.424008 0.415502 0.406356 0.396609 0.386299 0.375466 0.364147 0.352381 0.340204 0.327653 0.314761 0.301562 0.288087 0.274365 0.260424 0.246291 0.231989 0.217542 0.202971 0.188295 0.173533 0.158700 0.143814 0.128886 0.113931 0.098961 0.083984 
-2.000000 -2.000000 -2.000000 -2.000000 -2.000000 -2.000000 -2.000000 -2.000000 -2.000000 -2.000000 -2.000000 -2.000000 -2.000000 -2.000000 -2.000000 -2.000000 -2.000000 -2.000000 -2.000000 -2.000000 -2.000000 -2.000000 -2.000000 -2.000000 -2.000000 -2.000000 -2.000000 -2.000000 -2.000000 -2.000000 -2.000000 -2.000000 -2.000000 -2.000000 -2.000000 -2.000000 0.494375 0.493901 0.492481 0.490125 0.486846 0.482663 0.477601 0.471688 0.464957 0.457443 0.449184 0.440220 0.430592 0.420344 0.409518 0.398155 0.386299 0.373990 0.361268 0.348172 0.334737 0.321000 0.306992 0.292746 0.278290 0.263652 0.248857 0.233928 0.218887 0.203755 0.188549 0.173286 0.157982 0.142650 0.127304 0.111955 0.096612 
-2.000000 -2.000000 -2.000000 -2.000000 -2.000000 -2.000000 -2.000000 -2.000000 -2.000000 -2.000000 -2.000000 -2.000000 -2.000000 -2.000000 -2.000000 -2.000000 -2.000000 -2.000000 -2.000000 -2.000000 -2.000000 -2.000000 -2.000000 -2.000000 -2.000000 -2.000000 -2.000000 -2.000000 -2.000000 -2.000000 -2.000000 -2.000000 -2.000000 -2.000000 -2.000000 -2.000000 0.522736 0.522232 0.520723 0.518220 0.514738 0.510299 0.504930 0.498664 0.491537 0.483589 0.474863 0.465403 0.455255 0.444467 0.433085 0.421156 0.408725 0.395838 0.382536 0.368861 0.354853 0.340548 0.325981 0.311185 0.296191 0.281026 0.265717 0.250288 0.234761 0.219157 0.203493 0.187787 0.172055 0.156309 0.140562 0.124827 0.109112 
-2.000000 -2.000000 -2.000000 -2.000000 -2.000000 -2.000000 -2.000000 -2.000000 -2.000000 -2.000000 -2.000000 -2.000000 -2.000000 -2.000000 -2.000000 -2.000000 -2.000000 -2.000000 -2.000000 -2.000000 -2.000000 -2.000000 -2.000000 -2.000000 -2.000000 -2.000000 -2.000000 -2.000000 -2.000000 -2.000000 -2.000000 -2.000000 -2.000000 -2.000000 -2.000000 -2.000000 0.551871 0.551334 0.549728 0.547063 0.543357 0.538636 0.532931 0.526279 0.518719 0.510299 0.501064 0.491066 0.480355 0.468984 0.457005 0.444467 0.431422 0.417917 0.403999 0.389711 0.375096 0.360193 0.345039 0.329667 0.314109 0.298396 0.282553 0.266605 0.250575 0.234484 0.218349 0.202188 0.186015 0.169846 0.153691 0.137561 0.121467 
-2.000000 -2.000000 -2.000000 -2.000000 -2.000000 -2.000000 -2.000000 -2.000000 -2.000000 -2.000000 -2.000000 -2.000000 -2.000000 -2.000000 -2.000000 -2.000000 -2.000000 -2.000000 -2.000000 -2.000000 -2.000000 -2.000000 -2.000000 -2.000000 -2.000000 -2.000000 -2.000000 -2.000000 -2.000000 -2.000000 -2.000000 -2.000000 -2.000000 -2.000000 -2.000000 -2.000000 0.581832 0.581259 0.579544 0.576700 0.572748 0.567717 0.561642 0.554564 0.546532 0.537594 0.527805 0.517222 0.505902 0.493901 0.481277 0.468086 0.454383 0.440220 0.425646 0.410708 0.395452 0.379919 0.364147 0.348172 0.332026 0.315741 0.299344 0.282859 0.266309 0.249715 0.233096 0.216468 0.199846 0.183243 0.166672 0.150142 0.133663 
-2.000000 -2.000000 -2.000000 -2.000000 -2.000000 -2.000000 -2.000000 -2.000000 -2.000000 -2.000000 -2.000000 -2.000000 -2.000000 -2.000000 -2.000000 -2.000000 -2.000000 -2.000000 -2.000000 -2.000000 -2.000000 -2.000000 -2.000000 -2.000000 -2.000000 -2.000000 -2.000000 -2.000000 -2.000000 -2.000000 -2.000000 -2.000000 -2.000000 -2.000000 -2.000000 -2.000000 0.612674 0.612060 0.610225 0.607183 0.602959 0.597584 0.591101 0.583556 0.575002 0.565499 0.555105 0.543885 0.531902 0.519220 0.505902 0.492009 0.477601 0.462735 0.447463 0.431837 0.415904 0.399706 0.383286 0.366680 0.349921 0.333041 0.316068 0.299027 0.281942 0.264831 0.247715 0.230608 0.213527 0.196482 0.179487 0.162550 0.145681 
-2.000000 -2.000000 -2.000000 -2.000000 -2.000000 -2.000000 -2.000000 -2.000000 -2.000000 -2.000000 -2.000000 -2.000000 -2.000000 -2.000000 -2.000000 -2.000000 -2.000000 -2.000000 -2.000000 -2.000000 -2.000000 -2.000000 -2.000000 -2.000000 -2.000000 -2.000000 -2.000000 -2.000000 -2.000000 -2.000000 -2.000000 -2.000000 -2.000000 -2.000000 -2.000000 -2.000000 0.644457 0.643799 0.641830 0.638568 0.634040 0.628285 0.621349 0.613288 0.604162 0.594036 0.582980 0.571065 0.558362 0.544942 0.530874 0.516227 0.501064 0.485447 0.469434 0.453078 0.436429 0.419534 0.402433 0.385167 0.367769 0.350272 0.332703 0.315088 0.297450 0.279809 0.262182 0.244587 0.227036 0.209542 0.192116 0.174767 0.157503 
-2.000000 -2.000000 -2.000000 -2.000000 -2.000000 -2.000000 -2.000000 -2.000000 -2.000000 -2.000000 -2.000000 -2.000000 -2.000000 -2.000000 -2.000000 -2.000000 -2.000000 -2.000000 -2.000000 -2.000000 -2.000000 -2.000000 -2.000000 -2.000000 -2.000000 -2.000000 -2.000000 -2.000000 -2.000000 -2.000000 -2.000000 -2.000000 -2.000000 -2.000000 -2.000000 -2.000000 0.677250 0.676542 0.674423 0.670915 0.666049 0.659870 0.652432 0.643799 0.634040 0.623230 0.611448 0.598773 0.585286 0.571065 0.556188 0.540729 0.524757 0.508339 0.491537 0.474408 0.457005 0.439375 0.421562 0.403607 0.385544 0.367406 0.349221 0.331014 0.312808 0.294622 0.276475 0.258381 0.240353 0.222403 0.204540 0.186774 0.169111 
-2.000000 -2.000000 -2.000000 -2.000000 -2.000000 -2.000000 -2.000000 -2.000000 -2.000000 -2.000000 -2.000000 -2.000000 -2.000000 -2.000000 -2.000000 -2.000000 -2.000000 -2.000000 -2.000000 -2.000000 -2.000000 -2.000000 -2.000000 -2.000000 -2.000000 -2.000000 -2.000000 -2.000000 -2.000000 -2.000000 -2.000000 -2.000000 -2.000000 -2.000000 -2.000000 -2.000000 0.711126 0.710362 0.708075 0.704291 0.699046 0.692394 0.684397 0.675128 0.664668 0.653103 0.640522 0.627016 0.612674 0.597584 0.581832 0.565499 0.548660 0.531388 0.513748 0.495800 0.477601 0.459200 0.440643 0.421969 0.403215 0.384414 0.365593 0.346777 0.327988 0.309246 0.290566 0.271964 0.253452 0.235040 0.216736 0.198550 0.180486 
-2.000000 -2.000000 -2.000000 -2.000000 -2.000000 -2.000000 -2.000000 -2.000000 -2.000000 -2.000000 -2.000000 -2.000000 -2.000000 -2.000000 -2.000000 -2.000000 -2.000000 -2.000000 -2.000000 -2.000000 -2.000000 -2.000000 -2.000000 -2.000000 -2.000000 -2.000000 -2.000000 -2.000000 -2.000000 -2.000000 -2.000000 -2.000000 -2.000000 -2.000000 -2.000000 -2.000000 0.746169 0.745341 0.742865 0.738769 0.733099 0.725916 0.717293 0.707316 0.696077 0.683677 0.670216 0.655798 0.640522 0.624489 0.607790 0.590516 0.572748 0.554564 0.536035 0.517222 0.498186 0.478976 0.459641 0.440220 0.420750 0.401263 0.381787 0.362346 0.342961 0.323650 0.304430 0.285312 0.266309 0.247430 0.228682 0.210072 0.191605 
-2.000000 -2.000000 -2.000000 -2.000000 -2.000000 -2.000000 -2.000000 -2.000000 -2.000000 -2.000000 -2.000000 -2.000000 -2.000000 -2.000000 -2.000000 -2.000000 -2.000000 -2.000000 -2.000000 -2.000000 -2.000000 -2.000000 -2.000000 -2.000000 -2.000000 -2.000000 -2.000000 -2.000000 -2.000000 -2.000000 -2.000000 -2.000000 -2.000000 -2.000000 -2.000000 -2.000000 0.782469 0.781569 0.778878 0.774431 0.768280 0.760498 0.751173 0.740403 0.728297 0.714970 0.700538 0.685118 0.668823 0.651762 0.634040 0.615753 0.596991 0.577836 0.558362 0.538636 0.518719 0.498664 0.478517 0.458321 0.438110 0.417917 0.397768 0.377687 0.357694 0.337805 0.318035 0.298396 0.278897 0.259547 0.240353 0.221318 0.202449 
-2.000000 -2.000000 -2.000000 -2.000000 -2.000000 -2.000000 -2.000000 -2.000000 -2.000000 -2.000000 -2.000000 -2.000000 -2.000000 -2.000000 -2.000000 -2.000000 -2.000000 -2.000000 -2.000000 -2.000000 -2.000000 -2.000000 -2.000000 -2.000000 -2.000000 -2.000000 -2.000000 -2.000000 -2.000000 -2.000000 -2.000000 -2.000000 -2.000000 -2.000000 -2.000000 -2.000000 0.820130 0.819147 0.816212 0.811364 0.804668 0.796209 0.786091 0.774431 0.761356 0.746999 0.731493 0.714970 0.697559 0.679382 0.660552 0.641176 0.621349 0.601160 0.580687 0.559999 0.539159 0.518220 0.497230 0.476230 0.455255 0.434336 0.413499 0.392765 0.372152 0.351677 0.331351 0.311185 0.291188 0.271366 0.251724 0.232265 0.212993 
-2.000000 -2.000000 -2.000000 -2.000000 -2.000000 -2.000000 -2.000000 -2.000000 -2.000000 -2.000000 -2.000000 -2.000000 -2.000000 -2.000000 -2.000000 -2.000000 -2.000000 -2.000000 -2.000000 -2.000000 -2.000000 -2.000000 -2.000000 -2.000000 -2.000000 -2.000000 -2.000000 -2.000000 -2.000000 -2.000000 -2.000000 -2.000000 -2.000000 -2.000000 -2.000000 -2.000000 0.859265 0.858187 0.854971 0.849665 0.842347 0.833118 0.822103 0.809440 0.795279 0.779773 0.763077 0.745341 0.726708 0.707316 0.687288 0.666741 0.645777 0.624489 0.602959 0.581259 0.559453 0.537594 0.515730 0.493901 0.472141 0.450478 0.428938 0.407539 0.386299 0.365231 0.344345 0.323650 0.303153 0.282859 0.262770 0.242889 0.223217 
-2.000000 -2.000000 -2.000000 -2.000000 -2.000000 -2.000000 -2.000000 -2.000000 -2.000000 -2.000000 -2.000000 -2.000000 -2.000000 -2.000000 -2.000000 -2.000000 -2.000000 -2.000000 -2.000000 -2.000000 -2.000000 -2.000000 -2.000000 -2.000000 -2.000000 -2.000000 -2.000000 -2.000000 -2.000000 -2.000000 -2.000000 -2.000000 -2.000000 -2.000000 -2.000000 -2.000000 0.900001 0.898815 0.895275 0.889442 0.881409 0.871300 0.859265 0.845468 0.830085 0.813296 0.795279 0.776204 0.756235 0.735520 0.714199 0.692394 0.670216 0.647763 0.625119 0.602358 0.579544 0.556731 0.533963 0.511281 0.488717 0.466296 0.444041 0.421969 0.400095 0.378430 0.356982 0.335758 0.314761 0.293996 0.273463 0.253164 0.233096 
-2.000000 -2.000000 -2.000000 -2.000000 -2.000000 -2.000000 -2.000000 -2.000000 -2.000000 -2.000000 -2.000000 -2.000000 -2.000000 -2.000000 -2.000000 -2.000000 -2.000000 -2.000000 -2.000000 -2.000000 -2.000000 -2.000000 -2.000000 -2.000000 -2.000000 -2.000000 -2.000000 -2.000000 -2.000000 -2.000000 -2.000000 -2.000000 -2.000000 -2.000000 -2.000000 -2.000000 0.942482 0.941169 0.937254 0.930810 0.921952 0.910833 0.897632 0.882547 0.865787 0.847561 0.828076 0.807525 0.786091 0.763940 0.741222 0.718070 0.694600 0.670915 0.647100 0.623230 0.599369 0.575568 0.551871 0.528316 0.504930 0.481739 0.458760 0.436010 0.413499 0.391235 0.369226 0.347474 0.325981 0.304749 0.283777 0.263064 0.242606 
-2.000000 -2.000000 -2.000000 -2.000000 -2.000000 -2.000000 -2.000000 -2.000000 -2.000000 -2.000000 -2.000000 -2.000000 -2.000000 -2.000000 -2.000000 -2.000000 -2.000000 -2.000000 -2.000000 -2.000000 -2.000000 -2.000000 -2.000000 -2.000000 -2.000000 -2.000000 -2.000000 -2.000000 -2.000000 -2.000000 -2.000000 -2.000000 -2.000000 -2.000000 -2.000000 -2.000000 0.986868 0.985406 0.981052 0.973895 0.964080 0.951793 0.937254 0.920702 0.902384 0.882547 0.861428 0.839248 0.816212 0.792502 0.768280 0.743688 0.718848 0.693864 0.668823 0.643799 0.618853 0.594036 0.569388 0.544942 0.520723 0.496753 0.473046 0.449615 0.426467 0.403607 0.381039 0.358763 0.336780 0.315088 0.293683 0.272563 0.251724 
-2.000000 -2.000000 -2.000000 -2.000000 -2.000000 -2.000000 -2.000000 -2.000000 -2.000000 -2.000000 -2.000000 -2.000000 -2.000000 -2.000000 -2.000000 -2.000000 -2.000000 -2.000000 -2.000000 -2.000000 -2.000000 -2.000000 -2.000000 -2.000000 -2.000000 -2.000000 -2.000000 -2.000000 -2.000000 -2.000000 -2.000000 -2.000000 -2.000000 -2.000000 -2.000000 -2.000000 1.033337 1.031700 1.026827 1.018834 1.007899 0.994256 0.978174 0.959943 0.939860 0.918212 0.895275 0.871300 0.846513 0.821115 0.795279 0.769154 0.742865 0.716517 0.690199 0.663980 0.637918 0.612060 0.586443 0.561094 0.536035 0.511281 0.486846 0.462735 0.438953 0.415502 0.392382 0.369591 0.347125 0.324981 0.303153 0.281636 0.260424 
-2.000000 -2.000000 -2.000000 -2.000000 -2.000000 -2.000000 -2.000000 -2.000000 -2.000000 -2.000000 -2.000000 -2.000000 -2.000000 -2.000000 -2.000000 -2.000000 -2.000000 -2.000000 -2.000000 -2.000000 -2.000000 -2.000000 -2.000000 -2.000000 -2.000000 -2.000000 -2.000000 -2.000000 -2.000000 -2.000000 -2.000000 -2.000000 -2.000000 -2.000000 -2.000000 -2.000000 1.082091 1.080244 1.074756 1.065770 1.053517 1.038289 1.020420 1.000263 0.978174 0.954492 0.929533 0.903581 0.876886 0.849665 0.822103 0.794351 0.766539 0.738769 0.711126 0.683677 0.656474 0.629557 0.602959 0.576700 0.550798 0.525264 0.500103 0.475318 0.450911 0.426878 0.403215 0.379919 0.356982 0.334398 0.312158 0.290256 0.268682 
-2.000000 -2.000000 -2.000000 -2.000000 -2.000000 -2.000000 -2.000000 -2.000000 -2.000000 -2.000000 -2.000000 -2.000000 -2.000000 -2.000000 -2.000000 -2.000000 -2.000000 -2.000000 -2.000000 -2.000000 -2.000000 -2.000000 -2.000000 -2.000000 -2.000000 -2.000000 -2.000000 -2.000000 -2.000000 -2.000000 -2.000000 -2.000000 -2.000000 -2.000000 -2.000000 -2.000000 1.133350 1.131252 1.125023 1.114853 1.101037 1.083946 1.063997 1.041624 1.017253 0.991285 0.964080 0.935957 0.907191 0.878012 0.848612 0.819147 0.789743 0.760498 0.731493 0.702786 0.674423 0.646438 0.618853 0.591686 0.564946 0.538636 0.512760 0.487313 0.462291 0.437689 0.413499 0.389711 0.366317 0.343307 0.320670 0.298396 0.276475 
-2.000000 -2.000000 -2.000000 -2.000000 -2.000000 -2.000000 -2.000000 -2.000000 -2.000000 -2.000000 -2.000000 -2.000000 -2.000000 -2.000000 -2.000000 -2.000000 -2.000000 -2.000000 -2.000000 -2.000000 -2.000000 -2.000000 -2.000000 -2.000000 -2.000000 -2.000000 -2.000000 -2.000000 -2.000000 -2.000000 -2.000000 -2.000000 -2.000000 -2.000000 -2.000000 -2.000000 1.187356 1.184952 1.177826 1.166229 1.150546 1.131252 1.108874 1.083946 1.056980 1.028445 0.998753 0.968258 0.937254 0.905984 0.874643 0.843384 0.812329 0.781569 0.751173 0.721191 0.691661 0.662606 0.634040 0.605972 0.578404 0.551334 0.524757 0.498664 0.473046 0.447893 0.423191 0.398930 0.375096 0.351677 0.328659 0.306030 0.283777 
-2.000000 -2.000000 -2.000000 -2.000000 -2.000000 -2.000000 -2.000000 -2.000000 -2.000000 -2.000000 -2.000000 -2.000000 -2.000000 -2.000000 -2.000000 -2.000000 -2.000000 -2.000000 -2.000000 -2.000000 -2.000000 -2.000000 -2.000000 -2.000000 -2.000000 -2.000000 -2.000000 -2.000000 -2.000000 -2.000000 -2.000000 -2.000000 -2.000000 -2.000000 -2.000000 -2.000000 1.244368 1.241587 1.233363 1.220030 1.202099 1.180187 1.154964 1.127088 1.097176 1.065770 1.033337 1.000263 0.966860 0.933375 0.900001 0.866884 0.834133 0.801829 0.770029 0.738769 0.708075 0.677960 0.648427 0.619476 0.591101 0.563291 0.536035 0.509318 0.483126 0.457443 0.432253 0.407539 0.383286 0.359478 0.336098 0.313133 0.290566 
-2.000000 -2.000000 -2.000000 -2.000000 -2.000000 -2.000000 -2.000000 -2.000000 -2.000000 -2.000000 -2.000000 -2.000000 -2.000000 -2.000000 -2.000000 -2.000000 -2.000000 -2.000000 -2.000000 -2.000000 -2.000000 -2.000000 -2.000000 -2.000000 -2.000000 -2.000000 -2.000000 -2.000000 -2.000000 -2.000000 -2.000000 -2.000000 -2.000000 -2.000000 -2.000000 -2.000000 1.304648 1.301398 1.291813 1.276350 1.255694 1.230660 1.202099 1.170827 1.137579 1.102982 1.067551 1.031700 0.995749 0.959943 0.924464 0.889442 0.854971 0.821115 0.787913 0.755387 0.723547 0.692394 0.661920 0.632113 0.602959 0.574438 0.546532 0.519220 0.492481 0.466296 0.440643 0.415502 0.390854 0.366680 0.342961 0.319680 0.296820 
-2.000000 -2.000000 -2.000000 -2.000000 -2.000000 -2.000000 -2.000000 -2.000000 -2.000000 -2.000000 -2.000000 -2.000000 -2.000000 -2.000000 -2.000000 -2.000000 -2.000000 -2.000000 -2.000000 -2.000000 -2.000000 -2.000000 -2.000000 -2.000000 -2.000000 -2.000000 -2.000000 -2.000000 -2.000000 -2.000000 -2.000000 -2.000000 -2.000000 -2.000000 -2.000000 -2.000000 1.368435 1.364596 1.353305 1.335205 1.311230 1.282461 1.249990 1.214822 1.177826 1.139711 1.101037 1.062231 1.023611 0.985406 0.947777 0.910833 0.874643 0.839248 0.804668 0.770906 0.737955 0.705801 0.674423 0.643799 0.613903 0.584708 0.556188 0.528316 0.501064 0.474408 0.448323 0.422784 0.397768 0.373254 0.349221 0.325648 0.302516 
-2.000000 -2.000000 -2.000000 -2.000000 -2.000000 -2.000000 -2.000000 -2.000000 -2.000000 -2.000000 -2.000000 -2.000000 -2.000000 -2.000000 -2.000000 -2.000000 -2.000000 -2.000000 -2.000000 -2.000000 -2.000000 -2.000000 -2.000000 -2.000000 -2.000000 -2.000000 -2.000000 -2.000000 -2.000000 -2.000000 -2.000000 -2.000000 -2.000000 -2.000000 -2.000000 -2.000000 1.435896 1.431304 1.417857 1.396468 1.368435 1.335205 1.298176 1.258578 1.217418 1.175479 1.133350 1.091452 1.050083 1.009443 0.969660 0.930810 0.892932 0.856041 0.820130 0.785182 0.751173 0.718070 0.685840 0.654448 0.623859 0.594036 0.564946 0.536554 0.508828 0.481739 0.455255 0.429351 0.403999 0.379174 0.354853 0.331014 0.307635 
-2.000000 -2.000000 -2.000000 -2.000000 -2.000000 -2.000000 -2.000000 -2.000000 -2.000000 -2.000000 -2.000000 -2.000000 -2.000000 -2.000000 -2.000000 -2.000000 -2.000000 -2.000000 -2.000000 -2.000000 -2.000000 -2.000000 -2.000000 -2.000000 -2.000000 -2.000000 -2.000000 -2.000000 -2.000000 -2.000000 -2.000000 -2.000000 -2.000000 -2.000000 -2.000000 -2.000000 1.507015 1.501453 1.485256 1.459753 1.426767 1.388243 1.345961 1.301398 1.255694 1.209683 1.163950 1.118890 1.074756 1.031700 0.989807 0.949111 0.909615 0.871300 0.834133 0.798074 0.763077 0.729094 0.696077 0.663980 0.632755 0.602358 0.572748 0.543885 0.515730 0.488248 0.461406 0.435172 0.409518 0.384414 0.359835 0.335758 0.312158 
-2.000000 -2.000000 -2.000000 -2.000000 -2.000000 -2.000000 -2.000000 -2.000000 -2.000000 -2.000000 -2.000000 -2.000000 -2.000000 -2.000000 -2.000000 -2.000000 -2.000000 -2.000000 -2.000000 -2.000000 -2.000000 -2.000000 -2.000000 -2.000000 -2.000000 -2.000000 -2.000000 -2.000000 -2.000000 -2.000000 -2.000000 -2.000000 -2.000000 -2.000000 -2.000000 -2.000000 1.581391 1.574573 1.554864 1.524229 1.485256 1.440546 1.392333 1.342342 1.291813 1.241587 1.192209 1.144009 1.097176 1.051797 1.007899 0.965468 0.924464 0.884833 0.846513 0.809440 0.773547 0.738769 0.705045 0.672315 0.640522 0.609615 0.579544 0.550263 0.521728 0.493901 0.466743 0.440220 0.414299 0.388951 0.364147 0.339861 0.316068 
-2.000000 -2.000000 -2.000000 -2.000000 -2.000000 -2.000000 -2.000000 -2.000000 -2.000000 -2.000000 -2.000000 -2.000000 -2.000000 -2.000000 -2.000000 -2.000000 -2.000000 -2.000000 -2.000000 -2.000000 -2.000000 -2.000000 -2.000000 -2.000000 -2.000000 -2.000000 -2.000000 -2.000000 -2.000000 -2.000000 -2.000000 -2.000000 -2.000000 -2.000000 -2.000000 -2.000000 1.657860 1.649427 1.625272 1.588340 1.542297 1.490576 1.435896 1.380195 1.324745 1.270335 1.217418 1.166229 1.116867 1.069340 1.023611 0.979610 0.937254 0.896452 0.857113 0.819147 0.782469 0.746999 0.712660 0.679382 0.647100 0.615753 0.585286 0.555646 0.526787 0.498664 0.471237 0.444467 0.418321 0.392765 0.367769 0.343307 0.319350 
-2.000000 -2.000000 -2.000000 -2.000000 -2.000000 -2.000000 -2.000000 -2.000000 -2.000000 -2.000000 -2.000000 -2.000000 -2.000000 -2.000000 -2.000000 -2.000000 -2.000000 -2.000000 -2.000000 -2.000000 -2.000000 -2.000000 -2.000000 -2.000000 -2.000000 -2.000000 -2.000000 -2.000000 -2.000000 -2.000000 -2.000000 -2.000000 -2.000000 -2.000000 -2.000000 -2.000000 1.733833 1.723377 1.693779 1.649427 1.595427 1.536174 1.474842 1.413480 1.353305 1.294981 1.238826 1.184952 1.133350 1.083946 1.036632 0.991285 0.947777 0.905984 0.865787 0.827074 0.789743 0.753696 0.718848 0.685118 0.652432 0.620724 0.589932 0.559999 0.530874 0.502510 0.474863 0.447893 0.421562 0.395838 0.370687 0.346081 0.321992 
-2.000000 -2.000000 -2.000000 -2.000000 -2.000000 -2.000000 -2.000000 -2.000000 -2.000000 -2.000000 -2.000000 -2.000000 -2.000000 -2.000000 -2.000000 -2.000000 -2.000000 -2.000000 -2.000000 -2.000000 -2.000000 -2.000000 -2.000000 -2.000000 -2.000000 -2.000000 -2.000000 -2.000000 -2.000000 -2.000000 -2.000000 -2.000000 -2.000000 -2.000000 -2.000000 -2.000000 1.804320 1.791511 1.755751 1.703368 1.641191 1.574573 1.507015 1.440546 1.376234 1.314564 1.255694 1.199603 1.146176 1.095259 1.046679 1.000263 0.955848 0.913278 0.872411 0.833118 0.795279 0.758788 0.723547 0.689469 0.656474 0.624489 0.593448 0.563291 0.533963 0.505416 0.477601 0.450478 0.424008 0.398155 0.372886 0.348172 0.323983 
-2.000000 -2.000000 -2.000000 -2.000000 -2.000000 -2.000000 -2.000000 -2.000000 -2.000000 -2.000000 -2.000000 -2.000000 -2.000000 -2.000000 -2.000000 -2.000000 -2.000000 -2.000000 -2.000000 -2.000000 -2.000000 -2.000000 -2.000000 -2.000000 -2.000000 -2.000000 -2.000000 -2.000000 -2.000000 -2.000000 -2.000000 -2.000000 -2.000000 -2.000000 -2.000000 -2.000000 1.861088 1.845965 1.804320 1.744617 1.675359 1.602657 1.530152 1.459753 1.392333 1.328200 1.267362 1.209683 1.154964 1.102982 1.053517 1.006360 0.961317 0.918212 0.876886 0.837195 0.799010 0.762216 0.726708 0.692394 0.659189 0.627016 0.595807 0.565499 0.536035 0.507363 0.479436 0.452210 0.425646 0.399706 0.374359 0.349571 0.325314 
-2.000000 -2.000000 -2.000000 -2.000000 -2.000000 -2.000000 -2.000000 -2.000000 -2.000000 -2.000000 -2.000000 -2.000000 -2.000000 -2.000000 -2.000000 -2.000000 -2.000000 -2.000000 -2.000000 -2.000000 -2.000000 -2.000000 -2.000000 -2.000000 -2.000000 -2.000000 -2.000000 -2.000000 -2.000000 -2.000000 -2.000000 -2.000000 -2.000000 -2.000000 -2.000000 -2.000000 1.893583 1.876934 1.831500 1.767259 1.693779 1.617573 1.542297 1.469743 1.400649 1.335205 1.273331 1.214822 1.159431 1.106900 1.056980 1.009443 0.964080 0.920702 0.879141 0.839248 0.800888 0.763940 0.728297 0.693864 0.660552 0.628285 0.596991 0.566606 0.537074 0.508339 0.480355 0.453078 0.426467 0.400484 0.375096 0.350272 0.325981 
-2.000000 -2.000000 -2.000000 -2.000000 -2.000000 -2.000000 -2.000000 -2.000000 -2.000000 -2.000000 -2.000000 -2.000000 -2.000000 -2.000000 -2.000000 -2.000000 -2.000000 -2.000000 -2.000000 -2.000000 -2.000000 -2.000000 -2.000000 -2.000000 -2.000000 -2.000000 -2.000000 -2.000000 -2.000000 -2.000000 -2.000000 -2.000000 -2.000000 -2.000000 -2.000000 -2.000000 1.897880 1.881018 1.835058 1.770197 1.696151 1.619482 1.543844 1.471011 1.401702 1.336090 1.274083 1.215470 1.159993 1.107392 1.057415 1.009830 0.964426 0.921014 0.879424 0.839505 0.801123 0.764156 0.728496 0.694048 0.660723 0.628444 0.597139 0.566745 0.537204 0.508461 0.480471 0.453187 0.426569 0.400581 0.375189 0.350359 0.326065 
-2.000000 -2.000000 -2.000000 -2.000000 -2.000000 -2.000000 -2.000000 -2.000000 -2.000000 -2.000000 -2.000000 -2.000000 -2.000000 -2.000000 -2.000000 -2.000000 -2.000000 -2.000000 -2.000000 -2.000000 -2.000000 -2.000000 -2.000000 -2.000000 -2.000000 -2.000000 -2.000000 -2.000000 -2.000000 -2.000000 -2.000000 -2.000000 -2.000000 -2.000000 -2.000000 -2.000000 1.893397 1.876758 1.831346 1.767132 1.693677 1.617490 1.542230 1.469688 1.400604 1.335167 1.273298 1.214794 1.159407 1.106879 1.056961 1.009426 0.964064 0.920688 0.879129 0.839237 0.800877 0.763930 0.728289 0.693856 0.660545 0.628278 0.596984 0.566600 0.537068 0.508334 0.480350 0.453073 0.426462 0.400480 0.375092 0.350268 0.325978 
-2.000000 -2.000000 -2.000000 -2.000000 -2.000000 -2.000000 -2.000000 -2.000000 -2.000000 -2.000000 -2.000000 -2.000000 -2.000000 -2.000000 -2.000000 -2.000000 -2.000000 -2.000000 -2.000000 -2.000000 -2.000000 -2.000000 -2.000000 -2.000000 -2.000000 -2.000000 -2.000000 -2.000000 -2.000000 -2.000000 -2.000000 -2.000000 -2.000000 -2.000000 -2.000000 -2.000000 1.860588 1.845487 1.803898 1.744263 1.675069 1.602421 1.529959 1.459593 1.392200 1.328088 1.267266 1.209601 1.154892 1.102919 1.053461 1.006311 0.961273 0.918172 0.876850 0.837162 0.798980 0.762188 0.726683 0.692370 0.659167 0.626995 0.595788 0.565481 0.536018 0.507347 0.479421 0.452196 0.425632 0.399694 0.374347 0.349559 0.325303 
-2.000000 -2.000000 -2.000000 -2.000000 -2.000000 -2.000000 -2.000000 -2.000000 -2.000000 -2.000000 -2.000000 -2.000000 -2.000000 -2.000000 -2.000000 -2.000000 -2.000000 -2.000000 -2.000000 -2.000000 -2.000000 -2.000000 -2.000000 -2.000000 -2.000000 -2.000000 -2.000000 -2.000000 -2.000000 -2.000000 -2.000000 -2.000000 -2.000000 -2.000000 -2.000000 -2.000000 1.803618 1.790835 1.755142 1.702844 1.640753 1.574210 1.506713 1.440295 1.376022 1.314384 1.255539 1.199469 1.146059 1.095156 1.046587 1.000182 0.955775 0.913212 0.872351 0.833063 0.795229 0.758742 0.723505 0.689430 0.656437 0.624455 0.593416 0.563261 0.533936 0.505389 0.477577 0.450455 0.423986 0.398134 0.372867 0.348153 0.323965 
-2.000000 -2.000000 -2.000000 -2.000000 -2.000000 -2.000000 -2.000000 -2.000000 -2.000000 -2.000000 -2.000000 -2.000000 -2.000000 -2.000000 -2.000000 -2.000000 -2.000000 -2.000000 -2.000000 -2.000000 -2.000000 -2.000000 -2.000000 -2.000000 -2.000000 -2.000000 -2.000000 -2.000000 -2.000000 -2.000000 -2.000000 -2.000000 -2.000000 -2.000000 -2.000000 -2.000000 1.733035 1.722602 1.693068 1.648800 1.594888 1.535717 1.474455 1.413152 1.353026 1.294742 1.238619 1.184771 1.133191 1.083806 1.036507 0.991173 0.947677 0.905893 0.865704 0.826999 0.789673 0.753633 0.718790 0.685064 0.652382 0.620677 0.589888 0.559958 0.530836 0.502474 0.474829 0.447860 0.421532 0.395809 0.370659 0.346054 0.321967 
-2.000000 -2.000000 -2.000000 -2.000000 -2.000000 -2.000000 -2.000000 -2.000000 -2.000000 -2.000000 -2.000000 -2.000000 -2.000000 -2.000000 -2.000000 -2.000000 -2.000000 -2.000000 -2.000000 -2.000000 -2.000000 -2.000000 -2.000000 -2.000000 -2.000000 -2.000000 -2.000000 -2.000000 -2.000000 -2.000000 -2.000000 -2.000000 -2.000000 -2.000000 -2.000000 -2.000000 1.657035 1.648621 1.624519 1.587661 1.541700 1.490057 1.435449 1.379809 1.324412 1.270046 1.217166 1.166008 1.116671 1.069167 1.023456 0.979471 0.937128 0.896338 0.857009 0.819052 0.782382 0.746918 0.712586 0.679313 0.647036 0.615693 0.585230 0.555594 0.526738 0.498618 0.471193 0.444426 0.418281 0.392728 0.367734 0.343273 0.319319 
-2.000000 -2.000000 -2.000000 -2.000000 -2.000000 -2.000000 -2.000000 -2.000000 -2.000000 -2.000000 -2.000000 -2.000000 -2.000000 -2.000000 -2.000000 -2.000000 -2.000000 -2.000000 -2.000000 -2.000000 -2.000000 -2.000000 -2.000000 -2.000000 -2.000000 -2.000000 -2.000000 -2.000000 -2.000000 -2.000000 -2.000000 -2.000000 -2.000000 -2.000000 -2.000000 -2.000000 1.580577 1.573775 1.554108 1.523534 1.484631 1.439993 1.391847 1.341916 1.291440 1.241259 1.191920 1.143754 1.096948 1.051594 1.007716 0.965303 0.924315 0.884697 0.846389 0.809326 0.773442 0.738673 0.704956 0.672232 0.640445 0.609543 0.579477 0.550199 0.521669 0.493845 0.466690 0.440170 0.414252 0.388906 0.364104 0.339820 0.316030 
-2.000000 -2.000000 -2.000000 -2.000000 -2.000000 -2.000000 -2.000000 -2.000000 -2.000000 -2.000000 -2.000000 -2.000000 -2.000000 -2.000000 -2.000000 -2.000000 -2.000000 -2.000000 -2.000000 -2.000000 -2.000000 -2.000000 -2.000000 -2.000000 -2.000000 -2.000000 -2.000000 -2.000000 -2.000000 -2.000000 -2.000000 -2.000000 -2.000000 -2.000000 -2.000000 -2.000000 1.506232 1.500682 1.484518 1.459064 1.426137 1.387675 1.345453 1.300946 1.255293 1.209326 1.163633 1.118607 1.074502 1.031472 0.989601 0.948924 0.909445 0.871145 0.833991 0.797943 0.762956 0.728983 0.695974 0.663883 0.632665 0.602274 0.572670 0.543811 0.515661 0.488183 0.461344 0.435114 0.409462 0.384361 0.359785 0.335710 0.312113 
-2.000000 -2.000000 -2.000000 -2.000000 -2.000000 -2.000000 -2.000000 -2.000000 -2.000000 -2.000000 -2.000000 -2.000000 -2.000000 -2.000000 -2.000000 -2.000000 -2.000000 -2.000000 -2.000000 -2.000000 -2.000000 -2.000000 -2.000000 -2.000000 -2.000000 -2.000000 -2.000000 -2.000000 -2.000000 -2.000000 -2.000000 -2.000000 -2.000000 -2.000000 -2.000000 -2.000000 1.435152 1.430568 1.417147 1.395798 1.367813 1.334635 1.297659 1.258111 1.216998 1.175102 1.133011 1.091147 1.049808 1.009194 0.969433 0.930603 0.892744 0.855868 0.819971 0.785036 0.751037 0.717944 0.685724 0.654340 0.623757 0.593941 0.564856 0.536470 0.508749 0.481664 0.455185 0.429284 0.403935 0.379114 0.354796 0.330959 0.307583 
-2.000000 -2.000000 -2.000000 -2.000000 -2.000000 -2.000000 -2.000000 -2.000000 -2.000000 -2.000000 -2.000000 -2.000000 -2.000000 -2.000000 -2.000000 -2.000000 -2.000000 -2.000000 -2.000000 -2.000000 -2.000000 -2.000000 -2.000000 -2.000000 -2.000000 -2.000000 -2.000000 -2.000000 -2.000000 -2.000000 -2.000000 -2.000000 -2.000000 -2.000000 -2.000000 -2.000000 1.367731 1.363898 1.352628 1.334559 1.310624 1.281898 1.249472 1.214350 1.177396 1.139321 1.100683 1.061909 1.023318 0.985139 0.947533 0.910610 0.874438 0.839060 0.804494 0.770745 0.737806 0.705662 0.674294 0.643679 0.613790 0.584603 0.556089 0.528222 0.500976 0.474325 0.448244 0.422709 0.397697 0.373187 0.349157 0.325587 0.302458 
-2.000000 -2.000000 -2.000000 -2.000000 -2.000000 -2.000000 -2.000000 -2.000000 -2.000000 -2.000000 -2.000000 -2.000000 -2.000000 -2.000000 -2.000000 -2.000000 -2.000000 -2.000000 -2.000000 -2.000000 -2.000000 -2.000000 -2.000000 -2.000000 -2.000000 -2.000000 -2.000000 -2.000000 -2.000000 -2.000000 -2.000000 -2.000000 -2.000000 -2.000000 -2.000000 -2.000000 1.303981 1.300738 1.291169 1.275731 1.255108 1.230110 1.201587 1.170355 1.137145 1.102584 1.067187 1.031366 0.995444 0.959663 0.924206 0.889205 0.854753 0.820914 0.787726 0.755214 0.723386 0.692244 0.661780 0.631983 0.602836 0.574323 0.546423 0.519117 0.492385 0.466205 0.440556 0.415420 0.390776 0.366606 0.342890 0.319613 0.296756 
-2.000000 -2.000000 -2.000000 -2.000000 -2.000000 -2.000000 -2.000000 -2.000000 -2.000000 -2.000000 -2.000000 -2.000000 -2.000000 -2.000000 -2.000000 -2.000000 -2.000000 -2.000000 -2.000000 -2.000000 -2.000000 -2.000000 -2.000000 -2.000000 -2.000000 -2.000000 -2.000000 -2.000000 -2.000000 -2.000000 -2.000000 -2.000000 -2.000000 -2.000000 -2.000000 -2.000000 1.243738 1.240962 1.232751 1.219439 1.201534 1.179653 1.154462 1.126621 1.096742 1.065369 1.032967 0.999922 0.966545 0.933085 0.899733 0.866636 0.833904 0.801617 0.769831 0.738585 0.707904 0.677799 0.648277 0.619335 0.590968 0.563166 0.535917 0.509207 0.483021 0.457344 0.432159 0.407450 0.383201 0.359397 0.336021 0.313059 0.290496 
-2.000000 -2.000000 -2.000000 -2.000000 -2.000000 -2.000000 -2.000000 -2.000000 -2.000000 -2.000000 -2.000000 -2.000000 -2.000000 -2.000000 -2.000000 -2.000000 -2.000000 -2.000000 -2.000000 -2.000000 -2.000000 -2.000000 -2.000000 -2.000000 -2.000000 -2.000000 -2.000000 -2.000000 -2.000000 -2.000000 -2.000000 -2.000000 -2.000000 -2.000000 -2.000000 -2.000000 1.186760 1.184360 1.177245 1.165665 1.150003 1.130735 1.108385 1.083486 1.056551 1.028045 0.998381 0.967912 0.936933 0.905686 0.874366 0.843128 0.812090 0.781346 0.750965 0.720998 0.691480 0.662436 0.633881 0.605823 0.578264 0.551202 0.524632 0.498546 0.472934 0.447786 0.423091 0.398834 0.375005 0.351590 0.328576 0.305951 0.283701 
-2.000000 -2.000000 -2.000000 -2.000000 -2.000000 -2.000000 -2.000000 -2.000000 -2.000000 -2.000000 -2.000000 -2.000000 -2.000000 -2.000000 -2.000000 -2.000000 -2.000000 -2.000000 -2.000000 -2.000000 -2.000000 -2.000000 -2.000000 -2.000000 -2.000000 -2.000000 -2.000000 -2.000000 -2.000000 -2.000000 -2.000000 -2.000000 -2.000000 -2.000000 -2.000000 -2.000000 1.132785 1.130690 1.124470 1.114314 1.100516 1.083446 1.063522 1.041174 1.016830 0.990887 0.963707 0.935609 0.906866 0.877709 0.848329 0.818883 0.789496 0.760268 0.731277 0.702584 0.674234 0.646260 0.618686 0.591529 0.564797 0.538496 0.512627 0.487187 0.462172 0.437576 0.413391 0.389609 0.366220 0.343214 0.320581 0.298311 0.276394 
-2.000000 -2.000000 -2.000000 -2.000000 -2.000000 -2.000000 -2.000000 -2.000000 -2.000000 -2.000000 -2.000000 -2.000000 -2.000000 -2.000000 -2.000000 -2.000000 -2.000000 -2.000000 -2.000000 -2.000000 -2.000000 -2.000000 -2.000000 -2.000000 -2.000000 -2.000000 -2.000000 -2.000000 -2.000000 -2.000000 -2.000000 -2.000000 -2.000000 -2.000000 -2.000000 -2.000000 1.081554 1.079710 1.074228 1.065255 1.053017 1.037807 1.019959 0.999824 0.977758 0.954099 0.929163 0.903233 0.876560 0.849359 0.821816 0.794082 0.766287 0.738533 0.710904 0.683468 0.656277 0.629372 0.602784 0.576536 0.550643 0.525117 0.499963 0.475186 0.450785 0.426758 0.403102 0.379811 0.356879 0.334299 0.312064 0.290166 0.268596 
-2.000000 -2.000000 -2.000000 -2.000000 -2.000000 -2.000000 -2.000000 -2.000000 -2.000000 -2.000000 -2.000000 -2.000000 -2.000000 -2.000000 -2.000000 -2.000000 -2.000000 -2.000000 -2.000000 -2.000000 -2.000000 -2.000000 -2.000000 -2.000000 -2.000000 -2.000000 -2.000000 -2.000000 -2.000000 -2.000000 -2.000000 -2.000000 -2.000000 -2.000000 -2.000000 -2.000000 1.032826 1.031191 1.026324 1.018340 1.007419 0.993791 0.977727 0.959516 0.939452 0.917826 0.894909 0.870954 0.846187 0.820808 0.794990 0.768881 0.742608 0.716276 0.689971 0.663765 0.637716 0.611869 0.586262 0.560923 0.535873 0.511128 0.486700 0.462596 0.438821 0.415377 0.392263 0.369477 0.347016 0.324877 0.303054 0.281541 0.260333 
-2.000000 -2.000000 -2.000000 -2.000000 -2.000000 -2.000000 -2.000000 -2.000000 -2.000000 -2.000000 -2.000000 -2.000000 -2.000000 -2.000000 -2.000000 -2.000000 -2.000000 -2.000000 -2.000000 -2.000000 -2.000000 -2.000000 -2.000000 -2.000000 -2.000000 -2.000000 -2.000000 -2.000000 -2.000000 -2.000000 -2.000000 -2.000000 -2.000000 -2.000000 -2.000000 -2.000000 0.986380 0.984920 0.980571 0.973422 0.963618 0.951345 0.936821 0.920286 0.901986 0.882167 0.861066 0.838905 0.815887 0.792194 0.767990 0.743414 0.718589 0.693618 0.668591 0.643580 0.618646 0.593840 0.569202 0.544765 0.520556 0.496594 0.472895 0.449471 0.426330 0.403476 0.380914 0.358644 0.336667 0.314979 0.293579 0.272464 0.251628 
-2.000000 -2.000000 -2.000000 -2.000000 -2.000000 -2.000000 -2.000000 -2.000000 -2.000000 -2.000000 -2.000000 -2.000000 -2.000000 -2.000000 -2.000000 -2.000000 -2.000000 -2.000000 -2.000000 -2.000000 -2.000000 -2.000000 -2.000000 -2.000000 -2.000000 -2.000000 -2.000000 -2.000000 -2.000000 -2.000000 -2.000000 -2.000000 -2.000000 -2.000000 -2.000000 -2.000000 0.942016 0.940704 0.936793 0.930356 0.921508 0.910400 0.897213 0.882143 0.865399 0.847189 0.827720 0.807186 0.785768 0.763633 0.740931 0.717794 0.694339 0.670667 0.646865 0.623007 0.599157 0.575367 0.551681 0.528135 0.504758 0.481575 0.458604 0.435861 0.413357 0.391100 0.369096 0.347350 0.325863 0.304636 0.283669 0.262959 0.242506 
-2.000000 -2.000000 -2.000000 -2.000000 -2.000000 -2.000000 -2.000000 -2.000000 -2.000000 -2.000000 -2.000000 -2.000000 -2.000000 -2.000000 -2.000000 -2.000000 -2.000000 -2.000000 -2.000000 -2.000000 -2.000000 -2.000000 -2.000000 -2.000000 -2.000000 -2.000000 -2.000000 -2.000000 -2.000000 -2.000000 -2.000000 -2.000000 -2.000000 -2.000000 -2.000000 -2.000000 0.899554 0.898369 0.894834 0.889006 0.880981 0.870883 0.858859 0.845075 0.829707 0.812932 0.794930 0.775870 0.755916 0.735216 0.713909 0.692118 0.669954 0.647513 0.624882 0.602133 0.579330 0.556526 0.533769 0.511096 0.488540 0.466128 0.443880 0.421816 0.399949 0.378290 0.356848 0.335630 0.314639 0.293878 0.273350 0.253055 0.232992 
-2.000000 -2.000000 -2.000000 -2.000000 -2.000000 -2.000000 -2.000000 -2.000000 -2.000000 -2.000000 -2.000000 -2.000000 -2.000000 -2.000000 -2.000000 -2.000000 -2.000000 -2.000000 -2.000000 -2.000000 -2.000000 -2.000000 -2.000000 -2.000000 -2.000000 -2.000000 -2.000000 -2.000000 -2.000000 -2.000000 -2.000000 -2.000000 -2.000000 -2.000000 -2.000000 -2.000000 0.858836 0.857760 0.854547 0.849246 0.841934 0.832714 0.821710 0.809058 0.794910 0.779417 0.762734 0.745011 0.726393 0.707014 0.687000 0.666465 0.645514 0.624238 0.602720 0.581031 0.559235 0.537387 0.515532 0.493712 0.471961 0.450306 0.428774 0.407382 0.386149 0.365087 0.344207 0.323518 0.303027 0.282737 0.262653 0.242777 0.223109 
-2.000000 -2.000000 -2.000000 -2.000000 -2.000000 -2.000000 -2.000000 -2.000000 -2.000000 -2.000000 -2.000000 -2.000000 -2.000000 -2.000000 -2.000000 -2.000000 -2.000000 -2.000000 -2.000000 -2.000000 -2.000000 -2.000000 -2.000000 -2.000000 -2.000000 -2.000000 -2.000000 -2.000000 -2.000000 -2.000000 -2.000000 -2.000000 -2.000000 -2.000000 -2.000000 -2.000000 0.819718 0.818736 0.815803 0.810960 0.804270 0.795819 0.785710 0.774060 0.760996 0.746651 0.731157 0.714647 0.697248 0.679083 0.660266 0.640902 0.621087 0.600909 0.580447 0.559770 0.538940 0.518011 0.497030 0.476039 0.455072 0.434161 0.413331 0.392604 0.371998 0.351529 0.331210 0.311050 0.291058 0.271241 0.251603 0.232150 0.212882 
-2.000000 -2.000000 -2.000000 -2.000000 -2.000000 -2.000000 -2.000000 -2.000000 -2.000000 -2.000000 -2.000000 -2.000000 -2.000000 -2.000000 -2.000000 -2.000000 -2.000000 -2.000000 -2.000000 -2.000000 -2.000000 -2.000000 -2.000000 -2.000000 -2.000000 -2.000000 -2.000000 -2.000000 -2.000000 -2.000000 -2.000000 -2.000000 -2.000000 -2.000000 -2.000000 -2.000000 0.782072 0.781172 0.778484 0.774041 0.767896 0.760121 0.750803 0.740042 0.727947 0.714630 0.700209 0.684800 0.668516 0.651467 0.633756 0.615481 0.596730 0.577585 0.558122 0.538407 0.518499 0.498453 0.478315 0.458127 0.437925 0.417739 0.397598 0.377524 0.357537 0.337654 0.317890 0.298257 0.278763 0.259419 0.240229 0.221199 0.202334 
-2.000000 -2.000000 -2.000000 -2.000000 -2.000000 -2.000000 -2.000000 -2.000000 -2.000000 -2.000000 -2.000000 -2.000000 -2.000000 -2.000000 -2.000000 -2.000000 -2.000000 -2.000000 -2.000000 -2.000000 -2.000000 -2.000000 -2.000000 -2.000000 -2.000000 -2.000000 -2.000000 -2.000000 -2.000000 -2.000000 -2.000000 -2.000000 -2.000000 -2.000000 -2.000000 -2.000000 0.745786 0.744958 0.742484 0.738393 0.732728 0.725550 0.716934 0.706965 0.695736 0.683345 0.669894 0.655486 0.640221 0.624197 0.607510 0.590246 0.572489 0.554315 0.535795 0.516992 0.497965 0.478764 0.459437 0.440024 0.420562 0.401083 0.381614 0.362180 0.342801 0.323497 0.304282 0.285170 0.266172 0.247298 0.228555 0.209949 0.191487 
-2.000000 -2.000000 -2.000000 -2.000000 -2.000000 -2.000000 -2.000000 -2.000000 -2.000000 -2.000000 -2.000000 -2.000000 -2.000000 -2.000000 -2.000000 -2.000000 -2.000000 -2.000000 -2.000000 -2.000000 -2.000000 -2.000000 -2.000000 -2.000000 -2.000000 -2.000000 -2.000000 -2.000000 -2.000000 -2.000000 -2.000000 -2.000000 -2.000000 -2.000000 -2.000000 -2.000000 0.710756 0.709992 0.707708 0.703926 0.698686 0.692039 0.684049 0.674787 0.664335 0.652779 0.640207 0.626709 0.612377 0.597297 0.581555 0.565231 0.548402 0.531139 0.513508 0.495570 0.477380 0.458987 0.440438 0.421772 0.403026 0.384232 0.365417 0.346608 0.327826 0.309090 0.290416 0.271820 0.253312 0.234905 0.216607 0.198424 0.180365 
-2.000000 -2.000000 -2.000000 -2.000000 -2.000000 -2.000000 -2.000000 -2.000000 -2.000000 -2.000000 -2.000000 -2.000000 -2.000000 -2.000000 -2.000000 -2.000000 -2.000000 -2.000000 -2.000000 -2.000000 -2.000000 -2.000000 -2.000000 -2.000000 -2.000000 -2.000000 -2.000000 -2.000000 -2.000000 -2.000000 -2.000000 -2.000000 -2.000000 -2.000000 -2.000000 -2.000000 0.676892 0.676184 0.674067 0.670562 0.665700 0.659526 0.652094 0.643467 0.633715 0.622913 0.611139 0.598472 0.584994 0.570782 0.555914 0.540464 0.524501 0.508092 0.491299 0.474179 0.456783 0.439162 0.421357 0.403409 0.385354 0.367222 0.349044 0.330843 0.312644 0.294464 0.276322 0.258233 0.240211 0.222265 0.204408 0.186646 0.168988 
-2.000000 -2.000000 -2.000000 -2.000000 -2.000000 -2.000000 -2.000000 -2.000000 -2.000000 -2.000000 -2.000000 -2.000000 -2.000000 -2.000000 -2.000000 -2.000000 -2.000000 -2.000000 -2.000000 -2.000000 -2.000000 -2.000000 -2.000000 -2.000000 -2.000000 -2.000000 -2.000000 -2.000000 -2.000000 -2.000000 -2.000000 -2.000000 -2.000000 -2.000000 -2.000000 -2.000000 0.644110 0.643453 0.641485 0.638226 0.633701 0.627950 0.621020 0.612964 0.603845 0.593726 0.582678 0.570770 0.558075 0.544663 0.530604 0.515965 0.500811 0.485202 0.469197 0.452849 0.436208 0.419320 0.402228 0.384969 0.367578 0.350087 0.332525 0.314916 0.297284 0.279648 0.262028 0.244438 0.226892 0.209403 0.191982 0.174637 0.157377 
-2.000000 -2.000000 -2.000000 -2.000000 -2.000000 -2.000000 -2.000000 -2.000000 -2.000000 -2.000000 -2.000000 -2.000000 -2.000000 -2.000000 -2.000000 -2.000000 -2.000000 -2.000000 -2.000000 -2.000000 -2.000000 -2.000000 -2.000000 -2.000000 -2.000000 -2.000000 -2.000000 -2.000000 -2.000000 -2.000000 -2.000000 -2.000000 -2.000000 -2.000000 -2.000000 -2.000000 0.612337 0.611725 0.609891 0.606851 0.602629 0.597259 0.590780 0.583240 0.574693 0.565195 0.554809 0.543596 0.531620 0.518945 0.505635 0.491750 0.477350 0.462492 0.447228 0.431609 0.415683 0.399494 0.383080 0.366481 0.349729 0.332856 0.315889 0.298854 0.281774 0.264670 0.247558 0.230457 0.213380 0.196341 0.179350 0.162418 0.145552 
-2.000000 -2.000000 -2.000000 -2.000000 -2.000000 -2.000000 -2.000000 -2.000000 -2.000000 -2.000000 -2.000000 -2.000000 -2.000000 -2.000000 -2.000000 -2.000000 -2.000000 -2.000000 -2.000000 -2.000000 -2.000000 -2.000000 -2.000000 -2.000000 -2.000000 -2.000000 -2.000000 -2.000000 -2.000000 -2.000000 -2.000000 -2.000000 -2.000000 -2.000000 -2.000000 -2.000000 0.581506 0.580933 0.579219 0.576377 0.572428 0.567400 0.561329 0.554257 0.546229 0.537297 0.527515 0.516939 0.505625 0.493631 0.481014 0.467831 0.454135 0.439979 0.425412 0.410482 0.395233 0.379707 0.363941 0.347973 0.331834 0.315555 0.299163 0.282684 0.266140 0.249552 0.232938 0.216315 0.199698 0.183100 0.166533 0.150007 0.133533 
-2.000000 -2.000000 -2.000000 -2.000000 -2.000000 -2.000000 -2.000000 -2.000000 -2.000000 -2.000000 -2.000000 -2.000000 -2.000000 -2.000000 -2.000000 -2.000000 -2.000000 -2.000000 -2.000000 -2.000000 -2.000000 -2.000000 -2.000000 -2.000000 -2.000000 -2.000000 -2.000000 -2.000000 -2.000000 -2.000000 -2.000000 -2.000000 -2.000000 -2.000000 -2.000000 -2.000000 0.551554 0.551017 0.549412 0.546749 0.543046 0.538328 0.532627 0.525978 0.518424 0.510009 0.500780 0.490788 0.480083 0.468719 0.456746 0.444215 0.431177 0.417678 0.403767 0.389486 0.374878 0.359982 0.344833 0.329468 0.313917 0.298209 0.282372 0.266430 0.250406 0.234319 0.218190 0.202034 0.185866 0.169701 0.153550 0.137425 0.121335 
-2.000000 -2.000000 -2.000000 -2.000000 -2.000000 -2.000000 -2.000000 -2.000000 -2.000000 -2.000000 -2.000000 -2.000000 -2.000000 -2.000000 -2.000000 -2.000000 -2.000000 -2.000000 -2.000000 -2.000000 -2.000000 -2.000000 -2.000000 -2.000000 -2.000000 -2.000000 -2.000000 -2.000000 -2.000000 -2.000000 -2.000000 -2.000000 -2.000000 -2.000000 -2.000000 -2.000000 0.522427 0.521923 0.520416 0.517914 0.514434 0.509998 0.504633 0.498371 0.491248 0.483305 0.474584 0.465130 0.454988 0.444206 0.432830 0.420907 0.408483 0.395602 0.382306 0.368638 0.354636 0.340337 0.325777 0.310987 0.295999 0.280840 0.265536 0.250113 0.234591 0.218992 0.203333 0.187632 0.171904 0.156163 0.140421 0.124689 0.108978 
-2.000000 -2.000000 -2.000000 -2.000000 -2.000000 -2.000000 -2.000000 -2.000000 -2.000000 -2.000000 -2.000000 -2.000000 -2.000000 -2.000000 -2.000000 -2.000000 -2.000000 -2.000000 -2.000000 -2.000000 -2.000000 -2.000000 -2.000000 -2.000000 -2.000000 -2.000000 -2.000000 -2.000000 -2.000000 -2.000000 -2.000000 -2.000000 -2.000000 -2.000000 -2.000000 -2.000000 0.494074 0.493600 0.492182 0.489827 0.486550 0.482370 0.477311 0.471402 0.464675 0.457165 0.448911 0.439952 0.430330 0.420087 0.409266 0.397910 0.386060 0.373757 0.361041 0.347950 0.334522 0.320790 0.306789 0.292548 0.278098 0.263466 0.248676 0.233752 0.218717 0.203589 0.188388 0.173130 0.157830 0.142503 0.127161 0.111816 0.096477 
-2.000000 -2.000000 -2.000000 -2.000000 -2.000000 -2.000000 -2.000000 -2.000000 -2.000000 -2.000000 -2.000000 -2.000000 -2.000000 -2.000000 -2.000000 -2.000000 -2.000000 -2.000000 -2.000000 -2.000000 -2.000000 -2.000000 -2.000000 -2.000000 -2.000000 -2.000000 -2.000000 -2.000000 -2.000000 -2.000000 -2.000000 -2.000000 -2.000000 -2.000000 -2.000000 -2.000000 0.466450 0.466003 0.464665 0.462444 0.459352 0.455406 0.450627 0.445041 0.438676 0.431565 0.423740 0.415239 0.406098 0.396356 0.386051 0.375223 0.363910 0.352150 0.339979 0.327433 0.314548 0.301354 0.287884 0.274168 0.260232 0.246104 0.231808 0.217366 0.202799 0.188128 0.173371 0.158543 0.143661 0.128738 0.113787 0.098820 0.083848 
-2.000000 -2.000000 -2.000000 -2.000000 -2.000000 -2.000000 -2.000000 -2.000000 -2.000000 -2.000000 -2.000000 -2.000000 -2.000000 -2.000000 -2.000000 -2.000000 -2.000000 -2.000000 -2.000000 -2.000000 -2.000000 -2.000000 -2.000000 -2.000000 -2.000000 -2.000000 -2.000000 -2.000000 -2.000000 -2.000000 -2.000000 -2.000000 -2.000000 -2.000000 -2.000000 -2.000000 0.439511 0.439089 0.437825 0.435726 0.432803 0.429071 0.424549 0.419260 0.413228 0.406483 0.399055 0.390977 0.382282 0.373005 0.363182 0.352847 0.342037 0.330785 0.319128 0.307096 0.294723 0.282040 0.269076 0.255859 0.242415 0.228770 0.214948 0.200969 0.186856 0.172626 0.158298 0.143889 0.129413 0.114884 0.100315 0.085718 0.071104 
-2.000000 -2.000000 -2.000000 -2.000000 -2.000000 -2.000000 -2.000000 -2.000000 -2.000000 -2.000000 -2.000000 -2.000000 -2.000000 -2.000000 -2.000000 -2.000000 -2.000000 -2.000000 -2.000000 -2.000000 -2.000000 -2.000000 -2.000000 -2.000000 -2.000000 -2.000000 -2.000000 -2.000000 -2.000000 -2.000000 -2.000000 -2.000000 -2.000000 -2.000000 -2.000000 -2.000000 0.413220 0.412820 0.411624 0.409637 0.406869 0.403333 0.399047 0.394030 0.388306 0.381900 0.374838 0.367152 0.358871 0.350027 0.340652 0.330778 0.320439 0.309666 0.298491 0.286945 0.275058 0.262858 0.250375 0.237634 0.224660 0.211478 0.198110 0.184577 0.170900 0.157097 0.143185 0.129181 0.115099 0.100954 0.086758 0.072523 0.058260 
-2.000000 -2.000000 -2.000000 -2.000000 -2.000000 -2.000000 -2.000000 -2.000000 -2.000000 -2.000000 -2.000000 -2.000000 -2.000000 -2.000000 -2.000000 -2.000000 -2.000000 -2.000000 -2.000000 -2.000000 -2.000000 -2.000000 -2.000000 -2.000000 -2.000000 -2.000000 -2.000000 -2.000000 -2.000000 -2.000000 -2.000000 -2.000000 -2.000000 -2.000000 -2.000000 -2.000000 0.387540 0.387161 0.386027 0.384143 0.381517 0.378162 0.374093 0.369328 0.363887 0.357793 0.351072 0.343749 0.335853 0.327412 0.318455 0.309014 0.299116 0.288792 0.278072 0.266984 0.255557 0.243816 0.231790 0.219502 0.206977 0.194238 0.181306 0.168202 0.154946 0.141554 0.128045 0.114433 0.100735 0.086963 0.073130 0.059248 0.045327 
-2.000000 -2.000000 -2.000000 -2.000000 -2.000000 -2.000000 -2.000000 -2.000000 -2.000000 -2.000000 -2.000000 -2.000000 -2.000000 -2.000000 -2.000000 -2.000000 -2.000000 -2.000000 -2.000000 -2.000000 -2.000000 -2.000000 -2.000000 -2.000000 -2.000000 -2.000000 -2.000000 -2.000000 -2.000000 -2.000000 -2.000000 -2.000000 -2.000000 -2.000000 -2.000000 -2.000000 0.362439 0.362079 0.361002 0.359213 0.356718 0.353530 0.349661 0.345128 0.339950 0.334146 0.327740 0.320755 0.313217 0.305152 0.296587 0.287549 0.278066 0.268165 0.257873 0.247218 0.236226 0.224921 0.213329 0.201473 0.189377 0.177062 0.164548 0.151856 0.139004 0.126009 0.112889 0.099658 0.086331 0.072921 0.059442 0.045904 0.032319 
-2.000000 -2.000000 -2.000000 -2.000000 -2.000000 -2.000000 -2.000000 -2.000000 -2.000000 -2.000000 -2.000000 -2.000000 -2.000000 -2.000000 -2.000000 -2.000000 -2.000000 -2.000000 -2.000000 -2.000000 -2.000000 -2.000000 -2.000000 -2.000000 -2.000000 -2.000000 -2.000000 -2.000000 -2.000000 -2.000000 -2.000000 -2.000000 -2.000000 -2.000000 -2.000000 -2.000000 0.337886 0.337544 0.336520 0.334818 0.332445 0.329410 0.325727 0.321409 0.316473 0.310938 0.304825 0.298155 0.290951 0.283237 0.275038 0.266379 0.257285 0.247782 0.237895 0.227649 0.217068 0.206177 0.194998 0.183554 0.171867 0.159957 0.147845 0.135548 0.123085 0.110474 0.097729 0.084866 0.071899 0.058842 0.045706 0.032504 0.019245 
