61 61
1.690441e+00 0 5
-2.000000 -2.000000 -2.000000 -2.000000 -2.000000 -2.000000 -2.000000 -2.000000 -2.000000 -2.000000 -2.000000 -2.000000 -2.000000 -2.000000 -2.000000 -2.000000 -2.000000 -2.000000 -2.000000 -2.000000 -2.000000 -2.000000 -2.000000 -2.000000 -2.000000 -2.000000 -2.000000 -2.000000 -2.000000 -2.000000 0.196667 0.196176 0.194703 0.192259 0.188858 0.184520 0.179270 0.173139 0.166159 0.158368 0.149806 0.140514 0.130536 0.119915 0.108697 0.096925 0.084644 0.071895 0.058721 0.045161 0.031254 0.017035 0.002540 -0.012201 -0.027155 -0.042295 -0.057596 -0.073031 -0.088580 -0.104220 -0.119934 
-2.000000 -2.000000 -2.000000 -2.000000 -2.000000 -2.000000 -2.000000 -2.000000 -2.000000 -2.000000 -2.000000 -2.000000 -2.000000 -2.000000 -2.000000 -2.000000 -2.000000 -2.000000 -2.000000 -2.000000 -2.000000 -2.000000 -2.000000 -2.000000 -2.000000 -2.000000 -2.000000 -2.000000 -2.000000 -2.000000 0.226091 0.225568 0.224003 0.221405 0.217792 0.213186 0.207617 0.201117 0.193724 0.185480 0.176431 0.166621 0.156100 0.144917 0.133119 0.120756 0.107876 0.094524 0.080746 0.066584 0.052079 0.037269 0.022191 0.006878 -0.008637 -0.024325 -0.040160 -0.056115 -0.072170 -0.088301 -0.104490 
-2.000000 -2.000000 -2.000000 -2.000000 -2.000000 -2.000000 -2.000000 -2.000000 -2.000000 -2.000000 -2.000000 -2.000000 -2.000000 -2.000000 -2.000000 -2.000000 -2.000000 -2.000000 -2.000000 -2.000000 -2.000000 -2.000000 -2.000000 -2.000000 -2.000000 -2.000000 -2.000000 -2.000000 -2.000000 -2.000000 0.256330 0.255773 0.254106 0.251339 0.247493 0.242593 0.236672 0.229768 0.221924 0.213186 0.203606 0.193235 0.182127 0.170335 0.157914 0.144917 0.131395 0.117400 0.102979 0.088178 0.073041 0.057608 0.041917 0.026005 0.009904 -0.006356 -0.022746 -0.039242 -0.055819 -0.072457 -0.089136 
-2.000000 -2.000000 -2.000000 -2.000000 -2.000000 -2.000000 -2.000000 -2.000000 -2.000000 -2.000000 -2.000000 -2.000000 -2.000000 -2.000000 -2.000000 -2.000000 -2.000000 -2.000000 -2.000000 -2.000000 -2.000000 -2.000000 -2.000000 -2.000000 -2.000000 -2.000000 -2.000000 -2.000000 -2.000000 -2.000000 0.287440 0.286844 0.285064 0.282110 0.278006 0.272782 0.266474 0.259126 0.250788 0.241511 0.231352 0.220370 0.208625 0.196176 0.183082 0.169404 0.155196 0.140514 0.125409 0.109931 0.094125 0.078035 0.061702 0.045161 0.028448 0.011593 -0.005375 -0.022430 -0.039548 -0.056708 -0.073891 
-2.000000 -2.000000 -2.000000 -2.000000 -2.000000 -2.000000 -2.000000 -2.000000 -2.000000 -2.000000 -2.000000 -2.000000 -2.000000 -2.000000 -2.000000 -2.000000 -2.000000 -2.000000 -2.000000 -2.000000 -2.000000 -2.000000 -2.000000 -2.000000 -2.000000 -2.000000 -2.000000 -2.000000 -2.000000 -2.000000 0.319477 0.318840 0.316934 0.313773 0.309384 0.303801 0.297066 0.289230 0.280347 0.270478 0.259688 0.248040 0.235603 0.222442 0.208625 0.194213 0.179270 0.163855 0.148022 0.131826 0.115314 0.098532 0.081523 0.064325 0.046972 0.029498 0.011931 -0.005702 -0.023378 -0.041076 -0.058777 
-2.000000 -2.000000 -2.000000 -2.000000 -2.000000 -2.000000 -2.000000 -2.000000 -2.000000 -2.000000 -2.000000 -2.000000 -2.000000 -2.000000 -2.000000 -2.000000 -2.000000 -2.000000 -2.000000 -2.000000 -2.000000 -2.000000 -2.000000 -2.000000 -2.000000 -2.000000 -2.000000 -2.000000 -2.000000 -2.000000 0.352509 0.351825 0.349778 0.346387 0.341681 0.335699 0.328492 0.320116 0.310634 0.300115 0.288632 0.276258 0.263069 0.249137 0.234537 0.219337 0.203606 0.187407 0.170801 0.153843 0.136585 0.119075 0.101357 0.083471 0.065453 0.047335 0.029148 0.010917 -0.007334 -0.025585 -0.043816 
-2.000000 -2.000000 -2.000000 -2.000000 -2.000000 -2.000000 -2.000000 -2.000000 -2.000000 -2.000000 -2.000000 -2.000000 -2.000000 -2.000000 -2.000000 -2.000000 -2.000000 -2.000000 -2.000000 -2.000000 -2.000000 -2.000000 -2.000000 -2.000000 -2.000000 -2.000000 -2.000000 -2.000000 -2.000000 -2.000000 0.386606 0.385869 0.383666 0.380017 0.374957 0.368532 0.360799 0.351825 0.341681 0.330447 0.318204 0.305036 0.291026 0.276258 0.260812 0.244764 0.228188 0.211154 0.193724 0.175959 0.157914 0.139638 0.121178 0.102573 0.083862 0.065076 0.046247 0.027400 0.008557 -0.010260 -0.029033 
-2.000000 -2.000000 -2.000000 -2.000000 -2.000000 -2.000000 -2.000000 -2.000000 -2.000000 -2.000000 -2.000000 -2.000000 -2.000000 -2.000000 -2.000000 -2.000000 -2.000000 -2.000000 -2.000000 -2.000000 -2.000000 -2.000000 -2.000000 -2.000000 -2.000000 -2.000000 -2.000000 -2.000000 -2.000000 -2.000000 0.421847 0.421052 0.418672 0.414735 0.409278 0.402358 0.394039 0.384399 0.373522 0.361497 0.348419 0.334381 0.319477 0.303801 0.287440 0.270478 0.252997 0.235069 0.216765 0.198146 0.179270 0.160190 0.140952 0.121599 0.102167 0.082691 0.063199 0.043717 0.024268 0.004871 -0.014456 
-2.000000 -2.000000 -2.000000 -2.000000 -2.000000 -2.000000 -2.000000 -2.000000 -2.000000 -2.000000 -2.000000 -2.000000 -2.000000 -2.000000 -2.000000 -2.000000 -2.000000 -2.000000 -2.000000 -2.000000 -2.000000 -2.000000 -2.000000 -2.000000 -2.000000 -2.000000 -2.000000 -2.000000 -2.000000 -2.000000 0.458322 0.457460 0.454882 0.450618 0.444716 0.437239 0.428265 0.417882 0.406190 0.393290 0.379291 0.364298 0.348419 0.331754 0.314403 0.296459 0.278006 0.259126 0.239892 0.220370 0.200620 0.180696 0.160647 0.140514 0.120336 0.100145 0.079970 0.059837 0.039767 0.019778 -0.000112 
-2.000000 -2.000000 -2.000000 -2.000000 -2.000000 -2.000000 -2.000000 -2.000000 -2.000000 -2.000000 -2.000000 -2.000000 -2.000000 -2.000000 -2.000000 -2.000000 -2.000000 -2.000000 -2.000000 -2.000000 -2.000000 -2.000000 -2.000000 -2.000000 -2.000000 -2.000000 -2.000000 -2.000000 -2.000000 -2.000000 0.496128 0.495190 0.492387 0.487755 0.481348 0.473243 0.463532 0.452319 0.439718 0.425847 0.410831 0.394789 0.377842 0.360103 0.341681 0.322677 0.303185 0.283289 0.263069 0.242593 0.221924 0.201117 0.180221 0.159278 0.138327 0.117400 0.096524 0.075724 0.055020 0.034429 0.013967 
-2.000000 -2.000000 -2.000000 -2.000000 -2.000000 -2.000000 -2.000000 -2.000000 -2.000000 -2.000000 -2.000000 -2.000000 -2.000000 -2.000000 -2.000000 -2.000000 -2.000000 -2.000000 -2.000000 -2.000000 -2.000000 -2.000000 -2.000000 -2.000000 -2.000000 -2.000000 -2.000000 -2.000000 -2.000000 -2.000000 0.535376 0.534351 0.531291 0.526238 0.519259 0.510444 0.499901 0.487755 0.474137 0.459186 0.443044 0.425847 0.407731 0.388823 0.369242 0.349098 0.328492 0.307515 0.286250 0.264768 0.243135 0.221405 0.199629 0.177848 0.156100 0.134416 0.112822 0.091341 0.069992 0.048790 0.027749 
-2.000000 -2.000000 -2.000000 -2.000000 -2.000000 -2.000000 -2.000000 -2.000000 -2.000000 -2.000000 -2.000000 -2.000000 -2.000000 -2.000000 -2.000000 -2.000000 -2.000000 -2.000000 -2.000000 -2.000000 -2.000000 -2.000000 -2.000000 -2.000000 -2.000000 -2.000000 -2.000000 -2.000000 -2.000000 -2.000000 0.576186 0.575062 0.571708 0.566173 0.558540 0.548916 0.537432 0.524233 0.509475 0.493320 0.475929 0.457460 0.438064 0.417882 0.397047 0.375677 0.353880 0.331754 0.309384 0.286844 0.264201 0.241511 0.218822 0.196176 0.173608 0.151148 0.128821 0.106647 0.084644 0.062824 0.041199 
-2.000000 -2.000000 -2.000000 -2.000000 -2.000000 -2.000000 -2.000000 -2.000000 -2.000000 -2.000000 -2.000000 -2.000000 -2.000000 -2.000000 -2.000000 -2.000000 -2.000000 -2.000000 -2.000000 -2.000000 -2.000000 -2.000000 -2.000000 -2.000000 -2.000000 -2.000000 -2.000000 -2.000000 -2.000000 -2.000000 0.618697 0.617459 0.613764 0.607675 0.599291 0.588743 0.576186 0.561795 0.545755 0.528252 0.509475 0.489602 0.468803 0.447236 0.425045 0.402358 0.379291 0.355945 0.332409 0.308760 0.285064 0.261375 0.237743 0.214206 0.190798 0.167547 0.144475 0.121599 0.098935 0.076493 0.054283 
-2.000000 -2.000000 -2.000000 -2.000000 -2.000000 -2.000000 -2.000000 -2.000000 -2.000000 -2.000000 -2.000000 -2.000000 -2.000000 -2.000000 -2.000000 -2.000000 -2.000000 -2.000000 -2.000000 -2.000000 -2.000000 -2.000000 -2.000000 -2.000000 -2.000000 -2.000000 -2.000000 -2.000000 -2.000000 -2.000000 0.663064 0.661692 0.657601 0.650870 0.641618 0.630006 0.616224 0.600479 0.582990 0.563979 0.543659 0.522236 0.499901 0.476827 0.453172 0.429073 0.404653 0.380017 0.355256 0.330447 0.305654 0.280934 0.256330 0.231881 0.207617 0.183561 0.159734 0.136151 0.112822 0.089757 0.066961 
-2.000000 -2.000000 -2.000000 -2.000000 -2.000000 -2.000000 -2.000000 -2.000000 -2.000000 -2.000000 -2.000000 -2.000000 -2.000000 -2.000000 -2.000000 -2.000000 -2.000000 -2.000000 -2.000000 -2.000000 -2.000000 -2.000000 -2.000000 -2.000000 -2.000000 -2.000000 -2.000000 -2.000000 -2.000000 -2.000000 0.709458 0.707930 0.703376 0.695894 0.685634 0.672792 0.657601 0.640312 0.621185 0.600479 0.578442 0.555309 0.531291 0.506581 0.481348 0.455740 0.429883 0.403887 0.377842 0.351825 0.325899 0.300115 0.274517 0.249137 0.224003 0.199134 0.174547 0.150253 0.126260 0.102573 0.079195 
-2.000000 -2.000000 -2.000000 -2.000000 -2.000000 -2.000000 -2.000000 -2.000000 -2.000000 -2.000000 -2.000000 -2.000000 -2.000000 -2.000000 -2.000000 -2.000000 -2.000000 -2.000000 -2.000000 -2.000000 -2.000000 -2.000000 -2.000000 -2.000000 -2.000000 -2.000000 -2.000000 -2.000000 -2.000000 -2.000000 0.758076 0.756362 0.751262 0.742897 0.731456 0.717185 0.700368 0.681310 0.660324 0.637713 0.613764 0.588743 0.562886 0.536403 0.509475 0.482258 0.454882 0.427457 0.400074 0.372806 0.345712 0.318840 0.292228 0.265905 0.239892 0.214206 0.188858 0.163855 0.139201 0.114898 0.090944 
-2.000000 -2.000000 -2.000000 -2.000000 -2.000000 -2.000000 -2.000000 -2.000000 -2.000000 -2.000000 -2.000000 -2.000000 -2.000000 -2.000000 -2.000000 -2.000000 -2.000000 -2.000000 -2.000000 -2.000000 -2.000000 -2.000000 -2.000000 -2.000000 -2.000000 -2.000000 -2.000000 -2.000000 -2.000000 -2.000000 0.809134 0.807200 0.801449 0.792036 0.779203 0.763259 0.744557 0.723468 0.700368 0.675613 0.649536 0.622434 0.594571 0.566173 0.537432 0.508508 0.479534 0.450618 0.421847 0.393290 0.365001 0.337022 0.309384 0.282110 0.255217 0.228714 0.202609 0.176903 0.151596 0.126686 0.102167 
-2.000000 -2.000000 -2.000000 -2.000000 -2.000000 -2.000000 -2.000000 -2.000000 -2.000000 -2.000000 -2.000000 -2.000000 -2.000000 -2.000000 -2.000000 -2.000000 -2.000000 -2.000000 -2.000000 -2.000000 -2.000000 -2.000000 -2.000000 -2.000000 -2.000000 -2.000000 -2.000000 -2.000000 -2.000000 -2.000000 0.862877 0.860676 0.854142 0.843477 0.828991 0.811078 0.790179 0.766751 0.741243 0.714077 0.685634 0.656247 0.626204 0.595746 0.565075 0.534351 0.503706 0.473243 0.443044 0.413169 0.383666 0.354568 0.325899 0.297674 0.269904 0.242593 0.215740 0.189342 0.163395 0.137891 0.112822 
-2.000000 -2.000000 -2.000000 -2.000000 -2.000000 -2.000000 -2.000000 -2.000000 -2.000000 -2.000000 -2.000000 -2.000000 -2.000000 -2.000000 -2.000000 -2.000000 -2.000000 -2.000000 -2.000000 -2.000000 -2.000000 -2.000000 -2.000000 -2.000000 -2.000000 -2.000000 -2.000000 -2.000000 -2.000000 -2.000000 0.919570 0.917045 0.909561 0.897384 0.880920 0.860676 0.837207 0.811078 0.782830 0.752955 0.721889 0.690001 0.657601 0.624944 0.592230 0.559622 0.527244 0.495190 0.463532 0.432322 0.401595 0.371377 0.341681 0.312515 0.283880 0.255773 0.228188 0.201117 0.174547 0.148468 0.122866 
-2.000000 -2.000000 -2.000000 -2.000000 -2.000000 -2.000000 -2.000000 -2.000000 -2.000000 -2.000000 -2.000000 -2.000000 -2.000000 -2.000000 -2.000000 -2.000000 -2.000000 -2.000000 -2.000000 -2.000000 -2.000000 -2.000000 -2.000000 -2.000000 -2.000000 -2.000000 -2.000000 -2.000000 -2.000000 -2.000000 0.979502 0.976577 0.967926 0.953907 0.935059 0.912040 0.885557 0.856309 0.824944 0.792036 0.758076 0.723468 0.688540 0.653550 0.618697 0.584135 0.549975 0.516301 0.483169 0.450618 0.418672 0.387344 0.356636 0.326546 0.297066 0.268186 0.239892 0.212169 0.185000 0.158368 0.132256 
-2.000000 -2.000000 -2.000000 -2.000000 -2.000000 -2.000000 -2.000000 -2.000000 -2.000000 -2.000000 -2.000000 -2.000000 -2.000000 -2.000000 -2.000000 -2.000000 -2.000000 -2.000000 -2.000000 -2.000000 -2.000000 -2.000000 -2.000000 -2.000000 -2.000000 -2.000000 -2.000000 -2.000000 -2.000000 -2.000000 1.042969 1.039545 1.029446 1.013162 0.991419 0.965084 0.935059 0.902211 0.867314 0.831030 0.793902 0.756362 0.718747 0.681310 0.644241 0.607675 0.571708 0.536403 0.501800 0.467920 0.434774 0.402358 0.370664 0.339678 0.309384 0.279761 0.250788 0.222442 0.194703 0.167547 0.140952 
-2.000000 -2.000000 -2.000000 -2.000000 -2.000000 -2.000000 -2.000000 -2.000000 -2.000000 -2.000000 -2.000000 -2.000000 -2.000000 -2.000000 -2.000000 -2.000000 -2.000000 -2.000000 -2.000000 -2.000000 -2.000000 -2.000000 -2.000000 -2.000000 -2.000000 -2.000000 -2.000000 -2.000000 -2.000000 -2.000000 1.110249 1.106195 1.094279 1.075183 1.049905 1.019596 0.985417 0.948432 0.909561 0.869551 0.828991 0.788329 0.747896 0.707930 0.668596 0.630006 0.592230 0.555309 0.519259 0.484082 0.449771 0.416306 0.383666 0.351825 0.320755 0.290427 0.260812 0.231881 0.203606 0.175959 0.148913 
-2.000000 -2.000000 -2.000000 -2.000000 -2.000000 -2.000000 -2.000000 -2.000000 -2.000000 -2.000000 -2.000000 -2.000000 -2.000000 -2.000000 -2.000000 -2.000000 -2.000000 -2.000000 -2.000000 -2.000000 -2.000000 -2.000000 -2.000000 -2.000000 -2.000000 -2.000000 -2.000000 -2.000000 -2.000000 -2.000000 1.181548 1.176689 1.162466 1.139857 1.110249 1.075183 1.036150 0.994454 0.951161 0.907096 0.862877 0.818945 0.775608 0.733071 0.691466 0.650870 0.611318 0.572823 0.535376 0.498955 0.463532 0.429073 0.395540 0.362896 0.331100 0.300115 0.269904 0.240431 0.211661 0.183561 0.156100 
-2.000000 -2.000000 -2.000000 -2.000000 -2.000000 -2.000000 -2.000000 -2.000000 -2.000000 -2.000000 -2.000000 -2.000000 -2.000000 -2.000000 -2.000000 -2.000000 -2.000000 -2.000000 -2.000000 -2.000000 -2.000000 -2.000000 -2.000000 -2.000000 -2.000000 -2.000000 -2.000000 -2.000000 -2.000000 -2.000000 1.256888 1.250989 1.233817 1.206799 1.171890 1.131167 1.086530 1.039545 0.991419 0.943030 0.894991 0.847710 0.801449 0.756362 0.712532 0.669990 0.628735 0.588743 0.549975 0.512388 0.475929 0.440547 0.406190 0.372806 0.340345 0.308760 0.278006 0.248040 0.218822 0.190312 0.162477 
-2.000000 -2.000000 -2.000000 -2.000000 -2.000000 -2.000000 -2.000000 -2.000000 -2.000000 -2.000000 -2.000000 -2.000000 -2.000000 -2.000000 -2.000000 -2.000000 -2.000000 -2.000000 -2.000000 -2.000000 -2.000000 -2.000000 -2.000000 -2.000000 -2.000000 -2.000000 -2.000000 -2.000000 -2.000000 -2.000000 1.335890 1.328639 1.307687 1.275152 1.233817 1.186468 1.135488 1.082711 1.029446 0.976577 0.924668 0.874061 0.824944 0.777402 0.731456 0.687084 0.644241 0.602864 0.562886 0.524233 0.486834 0.450618 0.415520 0.381473 0.348419 0.316300 0.285064 0.254661 0.225046 0.196176 0.168011 
-2.000000 -2.000000 -2.000000 -2.000000 -2.000000 -2.000000 -2.000000 -2.000000 -2.000000 -2.000000 -2.000000 -2.000000 -2.000000 -2.000000 -2.000000 -2.000000 -2.000000 -2.000000 -2.000000 -2.000000 -2.000000 -2.000000 -2.000000 -2.000000 -2.000000 -2.000000 -2.000000 -2.000000 -2.000000 -2.000000 1.417365 1.408366 1.382611 1.343284 1.294337 1.239456 1.181548 1.122666 1.064152 1.006829 0.951161 0.897384 0.845588 0.795776 0.747896 0.701869 0.657601 0.614992 0.573941 0.534351 0.496128 0.459186 0.423443 0.388823 0.355256 0.322677 0.291026 0.260249 0.230295 0.201117 0.172670 
-2.000000 -2.000000 -2.000000 -2.000000 -2.000000 -2.000000 -2.000000 -2.000000 -2.000000 -2.000000 -2.000000 -2.000000 -2.000000 -2.000000 -2.000000 -2.000000 -2.000000 -2.000000 -2.000000 -2.000000 -2.000000 -2.000000 -2.000000 -2.000000 -2.000000 -2.000000 -2.000000 -2.000000 -2.000000 -2.000000 1.498587 1.487391 1.455730 1.408366 1.350826 1.287834 1.222781 1.157839 1.094279 1.032784 0.973673 0.917045 0.862877 0.811078 0.761524 0.714077 0.668596 0.624944 0.582990 0.542615 0.503706 0.466160 0.429883 0.394789 0.360799 0.327842 0.295852 0.264768 0.234537 0.205106 0.176431 
-2.000000 -2.000000 -2.000000 -2.000000 -2.000000 -2.000000 -2.000000 -2.000000 -2.000000 -2.000000 -2.000000 -2.000000 -2.000000 -2.000000 -2.000000 -2.000000 -2.000000 -2.000000 -2.000000 -2.000000 -2.000000 -2.000000 -2.000000 -2.000000 -2.000000 -2.000000 -2.000000 -2.000000 -2.000000 -2.000000 1.574216 1.560452 1.522074 1.465981 1.399581 1.328639 1.256888 1.186468 1.118483 1.053420 0.991419 0.932437 0.876335 0.822934 0.772042 0.723468 0.677030 0.632560 0.589902 0.548916 0.509475 0.471462 0.434774 0.399315 0.365001 0.331754 0.299504 0.268186 0.237743 0.208120 0.179270 
-2.000000 -2.000000 -2.000000 -2.000000 -2.000000 -2.000000 -2.000000 -2.000000 -2.000000 -2.000000 -2.000000 -2.000000 -2.000000 -2.000000 -2.000000 -2.000000 -2.000000 -2.000000 -2.000000 -2.000000 -2.000000 -2.000000 -2.000000 -2.000000 -2.000000 -2.000000 -2.000000 -2.000000 -2.000000 -2.000000 1.635335 1.619034 1.574216 1.510140 1.436048 1.358522 1.281440 1.206799 1.135488 1.067795 1.003699 0.943030 0.885557 0.831030 0.779203 0.729846 0.682747 0.637713 0.594571 0.553168 0.513363 0.475032 0.438064 0.402358 0.367824 0.334381 0.301954 0.270478 0.239892 0.210140 0.181173 
-2.000000 -2.000000 -2.000000 -2.000000 -2.000000 -2.000000 -2.000000 -2.000000 -2.000000 -2.000000 -2.000000 -2.000000 -2.000000 -2.000000 -2.000000 -2.000000 -2.000000 -2.000000 -2.000000 -2.000000 -2.000000 -2.000000 -2.000000 -2.000000 -2.000000 -2.000000 -2.000000 -2.000000 -2.000000 -2.000000 1.670412 1.652432 1.603456 1.534417 1.455730 1.374408 1.294337 1.217380 1.144276 1.075183 1.009983 0.948432 0.890247 0.835138 0.782830 0.733071 0.685634 0.640312 0.596925 0.555309 0.515319 0.476827 0.439718 0.403887 0.369242 0.335699 0.303185 0.271629 0.240971 0.211154 0.182127 
-2.000000 -2.000000 -2.000000 -2.000000 -2.000000 -2.000000 -2.000000 -2.000000 -2.000000 -2.000000 -2.000000 -2.000000 -2.000000 -2.000000 -2.000000 -2.000000 -2.000000 -2.000000 -2.000000 -2.000000 -2.000000 -2.000000 -2.000000 -2.000000 -2.000000 -2.000000 -2.000000 -2.000000 -2.000000 -2.000000 1.675055 1.656840 1.607286 1.537569 1.458265 1.376442 1.295980 1.218723 1.145388 1.076116 1.010775 0.949113 0.890837 0.835654 0.783285 0.733476 0.685996 0.640638 0.597220 0.555577 0.515565 0.477052 0.439925 0.404078 0.369419 0.335865 0.303338 0.271773 0.241105 0.211280 0.182246 
-2.000000 -2.000000 -2.000000 -2.000000 -2.000000 -2.000000 -2.000000 -2.000000 -2.000000 -2.000000 -2.000000 -2.000000 -2.000000 -2.000000 -2.000000 -2.000000 -2.000000 -2.000000 -2.000000 -2.000000 -2.000000 -2.000000 -2.000000 -2.000000 -2.000000 -2.000000 -2.000000 -2.000000 -2.000000 -2.000000 1.670211 1.652242 1.603290 1.534280 1.455620 1.374320 1.294265 1.217322 1.144227 1.075143 1.009948 0.948403 0.890221 0.835115 0.782810 0.733054 0.685618 0.640298 0.596912 0.555297 0.515309 0.476818 0.439709 0.403878 0.369234 0.335692 0.303178 0.271623 0.240965 0.211148 0.182121 
-2.000000 -2.000000 -2.000000 -2.000000 -2.000000 -2.000000 -2.000000 -2.000000 -2.000000 -2.000000 -2.000000 -2.000000 -2.000000 -2.000000 -2.000000 -2.000000 -2.000000 -2.000000 -2.000000 -2.000000 -2.000000 -2.000000 -2.000000 -2.000000 -2.000000 -2.000000 -2.000000 -2.000000 -2.000000 -2.000000 1.634796 1.618519 1.573763 1.509761 1.435738 1.358271 1.281235 1.206630 1.135348 1.067677 1.003598 0.942944 0.885482 0.830964 0.779145 0.729794 0.682700 0.637671 0.594533 0.553133 0.513331 0.475003 0.438037 0.402333 0.367801 0.334359 0.301935 0.270460 0.239875 0.210124 0.181157 
-2.000000 -2.000000 -2.000000 -2.000000 -2.000000 -2.000000 -2.000000 -2.000000 -2.000000 -2.000000 -2.000000 -2.000000 -2.000000 -2.000000 -2.000000 -2.000000 -2.000000 -2.000000 -2.000000 -2.000000 -2.000000 -2.000000 -2.000000 -2.000000 -2.000000 -2.000000 -2.000000 -2.000000 -2.000000 -2.000000 1.573462 1.559725 1.521421 1.465422 1.399114 1.328253 1.256568 1.186201 1.118259 1.053230 0.991256 0.932296 0.876212 0.822826 0.771947 0.723383 0.676954 0.632491 0.589840 0.548859 0.509423 0.471414 0.434730 0.399274 0.364963 0.331719 0.299471 0.268155 0.237714 0.208093 0.179245 
-2.000000 -2.000000 -2.000000 -2.000000 -2.000000 -2.000000 -2.000000 -2.000000 -2.000000 -2.000000 -2.000000 -2.000000 -2.000000 -2.000000 -2.000000 -2.000000 -2.000000 -2.000000 -2.000000 -2.000000 -2.000000 -2.000000 -2.000000 -2.000000 -2.000000 -2.000000 -2.000000 -2.000000 -2.000000 -2.000000 1.497732 1.486561 1.454969 1.407697 1.350252 1.287348 1.222372 1.157492 1.093984 1.032532 0.973455 0.916855 0.862711 0.810931 0.761394 0.713961 0.668491 0.624849 0.582904 0.542537 0.503634 0.466094 0.429822 0.394733 0.360747 0.327793 0.295806 0.264726 0.234497 0.205068 0.176395 
-2.000000 -2.000000 -2.000000 -2.000000 -2.000000 -2.000000 -2.000000 -2.000000 -2.000000 -2.000000 -2.000000 -2.000000 -2.000000 -2.000000 -2.000000 -2.000000 -2.000000 -2.000000 -2.000000 -2.000000 -2.000000 -2.000000 -2.000000 -2.000000 -2.000000 -2.000000 -2.000000 -2.000000 -2.000000 -2.000000 1.416484 1.407507 1.381809 1.342561 1.293702 1.238906 1.181074 1.122259 1.063801 1.006525 0.950896 0.897151 0.845383 0.795594 0.747734 0.701724 0.657470 0.614873 0.573833 0.534252 0.496038 0.459103 0.423366 0.388751 0.355189 0.322615 0.290968 0.260195 0.230244 0.201068 0.172625 
-2.000000 -2.000000 -2.000000 -2.000000 -2.000000 -2.000000 -2.000000 -2.000000 -2.000000 -2.000000 -2.000000 -2.000000 -2.000000 -2.000000 -2.000000 -2.000000 -2.000000 -2.000000 -2.000000 -2.000000 -2.000000 -2.000000 -2.000000 -2.000000 -2.000000 -2.000000 -2.000000 -2.000000 -2.000000 -2.000000 1.335025 1.327790 1.306884 1.274415 1.233155 1.185883 1.134974 1.082262 1.029053 0.976232 0.924365 0.873793 0.824705 0.777189 0.731265 0.686912 0.644085 0.602723 0.562756 0.524114 0.486725 0.450518 0.415427 0.381387 0.348338 0.316225 0.284993 0.254595 0.224984 0.196117 0.167956 
-2.000000 -2.000000 -2.000000 -2.000000 -2.000000 -2.000000 -2.000000 -2.000000 -2.000000 -2.000000 -2.000000 -2.000000 -2.000000 -2.000000 -2.000000 -2.000000 -2.000000 -2.000000 -2.000000 -2.000000 -2.000000 -2.000000 -2.000000 -2.000000 -2.000000 -2.000000 -2.000000 -2.000000 -2.000000 -2.000000 1.256058 1.250171 1.233035 1.206070 1.171224 1.130567 1.085993 1.039069 0.990997 0.942655 0.894658 0.847413 0.801183 0.756123 0.712316 0.669795 0.628558 0.588581 0.549827 0.512251 0.475803 0.440431 0.406082 0.372706 0.340252 0.308673 0.277925 0.247964 0.218750 0.190245 0.162413 
-2.000000 -2.000000 -2.000000 -2.000000 -2.000000 -2.000000 -2.000000 -2.000000 -2.000000 -2.000000 -2.000000 -2.000000 -2.000000 -2.000000 -2.000000 -2.000000 -2.000000 -2.000000 -2.000000 -2.000000 -2.000000 -2.000000 -2.000000 -2.000000 -2.000000 -2.000000 -2.000000 -2.000000 -2.000000 -2.000000 1.180760 1.175911 1.161716 1.139149 1.109592 1.074582 1.035605 0.993963 0.950719 0.906700 0.862521 0.818625 0.775319 0.732810 0.691230 0.650654 0.611122 0.572643 0.535210 0.498803 0.463391 0.428943 0.395419 0.362783 0.330995 0.300017 0.269812 0.240344 0.211579 0.183484 0.156027 
-2.000000 -2.000000 -2.000000 -2.000000 -2.000000 -2.000000 -2.000000 -2.000000 -2.000000 -2.000000 -2.000000 -2.000000 -2.000000 -2.000000 -2.000000 -2.000000 -2.000000 -2.000000 -2.000000 -2.000000 -2.000000 -2.000000 -2.000000 -2.000000 -2.000000 -2.000000 -2.000000 -2.000000 -2.000000 -2.000000 1.109504 1.105459 1.093564 1.074502 1.049266 1.019004 0.984872 0.947936 0.909109 0.869141 0.828620 0.787992 0.747590 0.707651 0.668342 0.629774 0.592017 0.555113 0.519078 0.483915 0.449616 0.416162 0.383532 0.351700 0.320638 0.290317 0.260709 0.231784 0.203515 0.175873 0.148832 
-2.000000 -2.000000 -2.000000 -2.000000 -2.000000 -2.000000 -2.000000 -2.000000 -2.000000 -2.000000 -2.000000 -2.000000 -2.000000 -2.000000 -2.000000 -2.000000 -2.000000 -2.000000 -2.000000 -2.000000 -2.000000 -2.000000 -2.000000 -2.000000 -2.000000 -2.000000 -2.000000 -2.000000 -2.000000 -2.000000 1.042267 1.038849 1.028768 1.012510 0.990802 0.964505 0.934522 0.901716 0.866859 0.830613 0.793520 0.756013 0.718427 0.681017 0.643972 0.607428 0.571480 0.536193 0.501605 0.467740 0.434606 0.402202 0.370518 0.339542 0.309256 0.279641 0.250675 0.222336 0.194603 0.167452 0.140863 
-2.000000 -2.000000 -2.000000 -2.000000 -2.000000 -2.000000 -2.000000 -2.000000 -2.000000 -2.000000 -2.000000 -2.000000 -2.000000 -2.000000 -2.000000 -2.000000 -2.000000 -2.000000 -2.000000 -2.000000 -2.000000 -2.000000 -2.000000 -2.000000 -2.000000 -2.000000 -2.000000 -2.000000 -2.000000 -2.000000 0.978840 0.975919 0.967283 0.953286 0.934466 0.911479 0.885031 0.855819 0.824489 0.791616 0.757688 0.723111 0.688211 0.653246 0.618417 0.583876 0.549736 0.516079 0.482963 0.450427 0.418494 0.387177 0.356480 0.326399 0.296929 0.268057 0.239771 0.212054 0.184891 0.158266 0.132159 
-2.000000 -2.000000 -2.000000 -2.000000 -2.000000 -2.000000 -2.000000 -2.000000 -2.000000 -2.000000 -2.000000 -2.000000 -2.000000 -2.000000 -2.000000 -2.000000 -2.000000 -2.000000 -2.000000 -2.000000 -2.000000 -2.000000 -2.000000 -2.000000 -2.000000 -2.000000 -2.000000 -2.000000 -2.000000 -2.000000 0.918944 0.916423 0.908950 0.896791 0.880351 0.860133 0.836694 0.810597 0.782380 0.752536 0.721499 0.689639 0.657266 0.624633 0.591942 0.559355 0.526995 0.494959 0.463316 0.432120 0.401407 0.371200 0.341515 0.312359 0.283734 0.255636 0.228058 0.200994 0.174431 0.148357 0.122761 
-2.000000 -2.000000 -2.000000 -2.000000 -2.000000 -2.000000 -2.000000 -2.000000 -2.000000 -2.000000 -2.000000 -2.000000 -2.000000 -2.000000 -2.000000 -2.000000 -2.000000 -2.000000 -2.000000 -2.000000 -2.000000 -2.000000 -2.000000 -2.000000 -2.000000 -2.000000 -2.000000 -2.000000 -2.000000 -2.000000 0.862284 0.860086 0.853562 0.842911 0.828445 0.810555 0.789681 0.766280 0.740800 0.713661 0.685244 0.655883 0.625865 0.595430 0.564780 0.534076 0.503449 0.473004 0.442820 0.412959 0.383469 0.354383 0.325725 0.297511 0.269750 0.242447 0.215602 0.189212 0.163272 0.137774 0.112711 
-2.000000 -2.000000 -2.000000 -2.000000 -2.000000 -2.000000 -2.000000 -2.000000 -2.000000 -2.000000 -2.000000 -2.000000 -2.000000 -2.000000 -2.000000 -2.000000 -2.000000 -2.000000 -2.000000 -2.000000 -2.000000 -2.000000 -2.000000 -2.000000 -2.000000 -2.000000 -2.000000 -2.000000 -2.000000 -2.000000 0.808572 0.806640 0.800897 0.791496 0.778679 0.762755 0.744074 0.723009 0.699933 0.675202 0.649149 0.622071 0.594231 0.565854 0.537133 0.508228 0.479272 0.450372 0.421616 0.393073 0.364797 0.336830 0.309203 0.281939 0.255055 0.228562 0.202464 0.176766 0.151466 0.126562 0.102050 
-2.000000 -2.000000 -2.000000 -2.000000 -2.000000 -2.000000 -2.000000 -2.000000 -2.000000 -2.000000 -2.000000 -2.000000 -2.000000 -2.000000 -2.000000 -2.000000 -2.000000 -2.000000 -2.000000 -2.000000 -2.000000 -2.000000 -2.000000 -2.000000 -2.000000 -2.000000 -2.000000 -2.000000 -2.000000 -2.000000 0.757541 0.755829 0.750736 0.742380 0.730953 0.716699 0.699901 0.680864 0.659898 0.637309 0.613382 0.588382 0.562545 0.536082 0.509173 0.481974 0.454615 0.427206 0.399837 0.372583 0.345501 0.318642 0.292041 0.265728 0.239724 0.214047 0.188707 0.163711 0.139065 0.114768 0.090821 
-2.000000 -2.000000 -2.000000 -2.000000 -2.000000 -2.000000 -2.000000 -2.000000 -2.000000 -2.000000 -2.000000 -2.000000 -2.000000 -2.000000 -2.000000 -2.000000 -2.000000 -2.000000 -2.000000 -2.000000 -2.000000 -2.000000 -2.000000 -2.000000 -2.000000 -2.000000 -2.000000 -2.000000 -2.000000 -2.000000 0.708948 0.707421 0.702874 0.695400 0.685151 0.672324 0.657149 0.639878 0.620770 0.600083 0.578066 0.554951 0.530953 0.506261 0.481045 0.455454 0.429613 0.403632 0.377601 0.351597 0.325683 0.299911 0.274324 0.248954 0.223829 0.198969 0.174390 0.150104 0.126118 0.102438 0.079066 
-2.000000 -2.000000 -2.000000 -2.000000 -2.000000 -2.000000 -2.000000 -2.000000 -2.000000 -2.000000 -2.000000 -2.000000 -2.000000 -2.000000 -2.000000 -2.000000 -2.000000 -2.000000 -2.000000 -2.000000 -2.000000 -2.000000 -2.000000 -2.000000 -2.000000 -2.000000 -2.000000 -2.000000 -2.000000 -2.000000 0.662576 0.661206 0.657120 0.650396 0.641154 0.629555 0.615786 0.600057 0.582585 0.563591 0.543289 0.521883 0.499565 0.476508 0.452869 0.428786 0.404381 0.379759 0.355012 0.330215 0.305435 0.280726 0.256133 0.231693 0.207438 0.183391 0.159572 0.135996 0.112675 0.089617 0.066827 
-2.000000 -2.000000 -2.000000 -2.000000 -2.000000 -2.000000 -2.000000 -2.000000 -2.000000 -2.000000 -2.000000 -2.000000 -2.000000 -2.000000 -2.000000 -2.000000 -2.000000 -2.000000 -2.000000 -2.000000 -2.000000 -2.000000 -2.000000 -2.000000 -2.000000 -2.000000 -2.000000 -2.000000 -2.000000 -2.000000 0.618231 0.616994 0.613303 0.607220 0.598845 0.588307 0.575763 0.561386 0.545360 0.527873 0.509111 0.489254 0.468471 0.446919 0.424743 0.402071 0.379018 0.355686 0.332163 0.308526 0.284841 0.261163 0.237541 0.214014 0.190615 0.167373 0.144308 0.121440 0.098783 0.076348 0.054144 
-2.000000 -2.000000 -2.000000 -2.000000 -2.000000 -2.000000 -2.000000 -2.000000 -2.000000 -2.000000 -2.000000 -2.000000 -2.000000 -2.000000 -2.000000 -2.000000 -2.000000 -2.000000 -2.000000 -2.000000 -2.000000 -2.000000 -2.000000 -2.000000 -2.000000 -2.000000 -2.000000 -2.000000 -2.000000 -2.000000 0.575739 0.574616 0.571265 0.565736 0.558110 0.548496 0.537022 0.523835 0.509090 0.492949 0.475572 0.457117 0.437735 0.417568 0.396747 0.375390 0.353607 0.331494 0.309136 0.286608 0.263976 0.241296 0.218617 0.195980 0.173421 0.150970 0.128651 0.106484 0.084488 0.062675 0.041057 
-2.000000 -2.000000 -2.000000 -2.000000 -2.000000 -2.000000 -2.000000 -2.000000 -2.000000 -2.000000 -2.000000 -2.000000 -2.000000 -2.000000 -2.000000 -2.000000 -2.000000 -2.000000 -2.000000 -2.000000 -2.000000 -2.000000 -2.000000 -2.000000 -2.000000 -2.000000 -2.000000 -2.000000 -2.000000 -2.000000 0.534946 0.533922 0.530865 0.525817 0.518844 0.510037 0.499504 0.487368 0.473762 0.458824 0.442694 0.425511 0.407408 0.388513 0.368944 0.348813 0.328219 0.307255 0.286001 0.264531 0.242907 0.221188 0.199421 0.177650 0.155911 0.134235 0.112648 0.091175 0.069832 0.048637 0.027602 
-2.000000 -2.000000 -2.000000 -2.000000 -2.000000 -2.000000 -2.000000 -2.000000 -2.000000 -2.000000 -2.000000 -2.000000 -2.000000 -2.000000 -2.000000 -2.000000 -2.000000 -2.000000 -2.000000 -2.000000 -2.000000 -2.000000 -2.000000 -2.000000 -2.000000 -2.000000 -2.000000 -2.000000 -2.000000 -2.000000 0.495715 0.494777 0.491977 0.487348 0.480948 0.472850 0.463148 0.451944 0.439353 0.425493 0.410488 0.394458 0.377523 0.359796 0.341386 0.322394 0.302913 0.283029 0.262820 0.242354 0.221695 0.200898 0.180011 0.159078 0.138135 0.117216 0.096348 0.075555 0.054857 0.034273 0.013817 
-2.000000 -2.000000 -2.000000 -2.000000 -2.000000 -2.000000 -2.000000 -2.000000 -2.000000 -2.000000 -2.000000 -2.000000 -2.000000 -2.000000 -2.000000 -2.000000 -2.000000 -2.000000 -2.000000 -2.000000 -2.000000 -2.000000 -2.000000 -2.000000 -2.000000 -2.000000 -2.000000 -2.000000 -2.000000 -2.000000 0.457923 0.457062 0.454486 0.450226 0.444329 0.436858 0.427891 0.417517 0.405834 0.392945 0.378955 0.363974 0.348105 0.331452 0.314112 0.296178 0.277737 0.258867 0.239643 0.220131 0.200391 0.180476 0.160436 0.140311 0.120141 0.099958 0.079791 0.059665 0.039601 0.019619 -0.000265 
-2.000000 -2.000000 -2.000000 -2.000000 -2.000000 -2.000000 -2.000000 -2.000000 -2.000000 -2.000000 -2.000000 -2.000000 -2.000000 -2.000000 -2.000000 -2.000000 -2.000000 -2.000000 -2.000000 -2.000000 -2.000000 -2.000000 -2.000000 -2.000000 -2.000000 -2.000000 -2.000000 -2.000000 -2.000000 -2.000000 0.421462 0.420667 0.418290 0.414356 0.408904 0.401989 0.393677 0.384044 0.373175 0.361160 0.348090 0.334062 0.319169 0.303503 0.287152 0.270201 0.252729 0.234812 0.216517 0.197907 0.179041 0.159969 0.140740 0.121395 0.101971 0.082502 0.063018 0.043543 0.024100 0.004710 -0.014611 
-2.000000 -2.000000 -2.000000 -2.000000 -2.000000 -2.000000 -2.000000 -2.000000 -2.000000 -2.000000 -2.000000 -2.000000 -2.000000 -2.000000 -2.000000 -2.000000 -2.000000 -2.000000 -2.000000 -2.000000 -2.000000 -2.000000 -2.000000 -2.000000 -2.000000 -2.000000 -2.000000 -2.000000 -2.000000 -2.000000 0.386233 0.385497 0.383296 0.379650 0.374594 0.368174 0.360447 0.351479 0.341343 0.330117 0.317883 0.304723 0.290723 0.275965 0.260528 0.244489 0.227923 0.210897 0.193477 0.175721 0.157684 0.139417 0.120965 0.102368 0.083664 0.064886 0.046064 0.027223 0.008387 -0.010423 -0.029191 
-2.000000 -2.000000 -2.000000 -2.000000 -2.000000 -2.000000 -2.000000 -2.000000 -2.000000 -2.000000 -2.000000 -2.000000 -2.000000 -2.000000 -2.000000 -2.000000 -2.000000 -2.000000 -2.000000 -2.000000 -2.000000 -2.000000 -2.000000 -2.000000 -2.000000 -2.000000 -2.000000 -2.000000 -2.000000 -2.000000 0.352148 0.351465 0.349420 0.346031 0.341329 0.335352 0.328150 0.319779 0.310304 0.299793 0.288318 0.275952 0.262771 0.248848 0.234256 0.219066 0.203343 0.187153 0.170555 0.153606 0.136356 0.118854 0.101144 0.083266 0.065255 0.047144 0.028963 0.010739 -0.007506 -0.025750 -0.043976 
-2.000000 -2.000000 -2.000000 -2.000000 -2.000000 -2.000000 -2.000000 -2.000000 -2.000000 -2.000000 -2.000000 -2.000000 -2.000000 -2.000000 -2.000000 -2.000000 -2.000000 -2.000000 -2.000000 -2.000000 -2.000000 -2.000000 -2.000000 -2.000000 -2.000000 -2.000000 -2.000000 -2.000000 -2.000000 -2.000000 0.319128 0.318491 0.316586 0.313428 0.309042 0.303463 0.296733 0.288902 0.280026 0.270164 0.259380 0.247740 0.235310 0.222158 0.208348 0.193945 0.179010 0.163603 0.147778 0.131590 0.115086 0.098312 0.081310 0.064119 0.046773 0.029306 0.011746 -0.005881 -0.023551 -0.041243 -0.058938 
-2.000000 -2.000000 -2.000000 -2.000000 -2.000000 -2.000000 -2.000000 -2.000000 -2.000000 -2.000000 -2.000000 -2.000000 -2.000000 -2.000000 -2.000000 -2.000000 -2.000000 -2.000000 -2.000000 -2.000000 -2.000000 -2.000000 -2.000000 -2.000000 -2.000000 -2.000000 -2.000000 -2.000000 -2.000000 -2.000000 0.287100 0.286506 0.284726 0.281775 0.277674 0.272453 0.266150 0.258807 0.250474 0.241203 0.231051 0.220076 0.208337 0.195896 0.182810 0.169139 0.154939 0.140264 0.125167 0.109696 0.093898 0.077816 0.061489 0.044955 0.028249 0.011400 -0.005561 -0.022610 -0.039722 -0.056877 -0.074054 
-2.000000 -2.000000 -2.000000 -2.000000 -2.000000 -2.000000 -2.000000 -2.000000 -2.000000 -2.000000 -2.000000 -2.000000 -2.000000 -2.000000 -2.000000 -2.000000 -2.000000 -2.000000 -2.000000 -2.000000 -2.000000 -2.000000 -2.000000 -2.000000 -2.000000 -2.000000 -2.000000 -2.000000 -2.000000 -2.000000 0.256001 0.255444 0.253778 0.251013 0.247169 0.242273 0.236355 0.229456 0.221617 0.212885 0.203311 0.192946 0.181844 0.170059 0.157645 0.144655 0.131141 0.117153 0.102739 0.087945 0.072815 0.057389 0.041705 0.025800 0.009705 -0.006549 -0.022933 -0.039423 -0.055994 -0.072627 -0.089301 
-2.000000 -2.000000 -2.000000 -2.000000 -2.000000 -2.000000 -2.000000 -2.000000 -2.000000 -2.000000 -2.000000 -2.000000 -2.000000 -2.000000 -2.000000 -2.000000 -2.000000 -2.000000 -2.000000 -2.000000 -2.000000 -2.000000 -2.000000 -2.000000 -2.000000 -2.000000 -2.000000 -2.000000 -2.000000 -2.000000 0.225771 0.225248 0.223684 0.221088 0.217477 0.212874 0.207308 0.200812 0.193424 0.185186 0.176142 0.166338 0.155823 0.144646 0.132855 0.120499 0.107625 0.094280 0.080508 0.066353 0.051854 0.037051 0.021979 0.006673 -0.008836 -0.024518 -0.040347 -0.056297 -0.072346 -0.088472 -0.104656 
-2.000000 -2.000000 -2.000000 -2.000000 -2.000000 -2.000000 -2.000000 -2.000000 -2.000000 -2.000000 -2.000000 -2.000000 -2.000000 -2.000000 -2.000000 -2.000000 -2.000000 -2.000000 -2.000000 -2.000000 -2.000000 -2.000000 -2.000000 -2.000000 -2.000000 -2.000000 -2.000000 -2.000000 -2.000000 -2.000000 0.196355 0.195864 0.194392 0.191950 0.188551 0.184216 0.178969 0.172842 0.165866 0.158080 0.149523 0.140236 0.130263 0.119649 0.108436 0.096671 0.084396 0.071653 0.058485 0.044932 0.031031 0.016818 0.002329 -0.012405 -0.027354 -0.042489 -0.057783 -0.073213 -0.088756 -0.104392 -0.120100 
