43 43
4.677351e-01 0 5
-2.000000 -2.000000 -2.000000 -2.000000 -2.000000 -2.000000 -2.000000 -2.000000 -2.000000 -2.000000 -2.000000 -2.000000 -2.000000 -2.000000 -2.000000 -2.000000 -2.000000 -2.000000 -2.000000 -2.000000 -2.000000 -0.253577 -0.254598 -0.257647 -0.262686 -0.269653 -0.278465 -0.289020 -0.301205 -0.314894 -0.329955 -0.346254 -0.363659 -0.382037 -0.401265 -0.421224 -0.441803 -0.462901 -0.484423 -0.506286 -0.528414 -0.550738 -0.573201 
-2.000000 -2.000000 -2.000000 -2.000000 -2.000000 -2.000000 -2.000000 -2.000000 -2.000000 -2.000000 -2.000000 -2.000000 -2.000000 -2.000000 -2.000000 -2.000000 -2.000000 -2.000000 -2.000000 -2.000000 -2.000000 -0.210858 -0.211974 -0.215306 -0.220808 -0.228406 -0.238001 -0.249473 -0.262686 -0.277493 -0.293743 -0.311281 -0.329955 -0.349617 -0.370130 -0.391360 -0.413190 -0.435507 -0.458214 -0.481221 -0.504449 -0.527828 -0.551298 
-2.000000 -2.000000 -2.000000 -2.000000 -2.000000 -2.000000 -2.000000 -2.000000 -2.000000 -2.000000 -2.000000 -2.000000 -2.000000 -2.000000 -2.000000 -2.000000 -2.000000 -2.000000 -2.000000 -2.000000 -2.000000 -0.166382 -0.167607 -0.171265 -0.177299 -0.185620 -0.196107 -0.208618 -0.222992 -0.239056 -0.256633 -0.275545 -0.295619 -0.316690 -0.338601 -0.361210 -0.384385 -0.408008 -0.431975 -0.456192 -0.480578 -0.505062 -0.529583 
-2.000000 -2.000000 -2.000000 -2.000000 -2.000000 -2.000000 -2.000000 -2.000000 -2.000000 -2.000000 -2.000000 -2.000000 -2.000000 -2.000000 -2.000000 -2.000000 -2.000000 -2.000000 -2.000000 -2.000000 -2.000000 -0.119992 -0.121344 -0.125379 -0.132026 -0.141177 -0.152686 -0.166382 -0.182072 -0.199552 -0.218615 -0.239056 -0.260677 -0.283291 -0.306727 -0.330826 -0.355448 -0.380466 -0.405771 -0.431265 -0.456867 -0.482504 -0.508116 
-2.000000 -2.000000 -2.000000 -2.000000 -2.000000 -2.000000 -2.000000 -2.000000 -2.000000 -2.000000 -2.000000 -2.000000 -2.000000 -2.000000 -2.000000 -2.000000 -2.000000 -2.000000 -2.000000 -2.000000 -2.000000 -0.071510 -0.073010 -0.077482 -0.084842 -0.094954 -0.107641 -0.122693 -0.139880 -0.158961 -0.179691 -0.201835 -0.225165 -0.249473 -0.274568 -0.300278 -0.326453 -0.352958 -0.379679 -0.406518 -0.433391 -0.460228 -0.486970 
-2.000000 -2.000000 -2.000000 -2.000000 -2.000000 -2.000000 -2.000000 -2.000000 -2.000000 -2.000000 -2.000000 -2.000000 -2.000000 -2.000000 -2.000000 -2.000000 -2.000000 -2.000000 -2.000000 -2.000000 -2.000000 -0.020733 -0.022407 -0.027394 -0.035587 -0.046818 -0.060869 -0.077482 -0.096381 -0.117275 -0.139880 -0.163921 -0.189141 -0.215306 -0.242205 -0.269653 -0.297488 -0.325573 -0.353789 -0.382037 -0.410236 -0.438315 -0.466222 
-2.000000 -2.000000 -2.000000 -2.000000 -2.000000 -2.000000 -2.000000 -2.000000 -2.000000 -2.000000 -2.000000 -2.000000 -2.000000 -2.000000 -2.000000 -2.000000 -2.000000 -2.000000 -2.000000 -2.000000 -2.000000 0.032566 0.030685 0.025090 0.015915 0.003371 -0.012269 -0.030688 -0.051549 -0.074506 -0.099221 -0.125379 -0.152686 -0.180883 -0.209739 -0.239056 -0.268664 -0.298420 -0.328207 -0.357926 -0.387497 -0.416858 -0.445957 
-2.000000 -2.000000 -2.000000 -2.000000 -2.000000 -2.000000 -2.000000 -2.000000 -2.000000 -2.000000 -2.000000 -2.000000 -2.000000 -2.000000 -2.000000 -2.000000 -2.000000 -2.000000 -2.000000 -2.000000 -2.000000 0.088643 0.086516 0.080195 0.069852 0.055757 0.038254 0.017735 -0.005384 -0.030688 -0.057783 -0.086300 -0.115911 -0.146327 -0.177299 -0.208618 -0.240108 -0.271625 -0.303053 -0.334297 -0.365284 -0.395957 -0.426270 
-2.000000 -2.000000 -2.000000 -2.000000 -2.000000 -2.000000 -2.000000 -2.000000 -2.000000 -2.000000 -2.000000 -2.000000 -2.000000 -2.000000 -2.000000 -2.000000 -2.000000 -2.000000 -2.000000 -2.000000 -2.000000 0.147787 0.145362 0.138166 0.126422 0.110481 0.090780 0.067811 0.042085 0.014102 -0.015673 -0.046818 -0.078964 -0.111794 -0.145045 -0.178497 -0.211974 -0.245333 -0.278465 -0.311281 -0.343716 -0.375722 -0.407264 
-2.000000 -2.000000 -2.000000 -2.000000 -2.000000 -2.000000 -2.000000 -2.000000 -2.000000 -2.000000 -2.000000 -2.000000 -2.000000 -2.000000 -2.000000 -2.000000 -2.000000 -2.000000 -2.000000 -2.000000 -2.000000 0.210319 0.207530 0.199268 0.185830 0.167673 0.145362 0.119521 0.090780 0.059739 0.026948 -0.007115 -0.042038 -0.077482 -0.113170 -0.148881 -0.184440 -0.219713 -0.254598 -0.289020 -0.322925 -0.356275 -0.389046 
-2.000000 -2.000000 -2.000000 -2.000000 -2.000000 -2.000000 -2.000000 -2.000000 -2.000000 -2.000000 -2.000000 -2.000000 -2.000000 -2.000000 -2.000000 -2.000000 -2.000000 -2.000000 -2.000000 -2.000000 -2.000000 0.276590 0.273351 0.263776 0.248266 0.227430 0.202005 0.172785 0.140552 0.106028 0.069852 0.032566 -0.005384 -0.043637 -0.081912 -0.119992 -0.157713 -0.194953 -0.231626 -0.267673 -0.303053 -0.337743 -0.371734 
-2.000000 -2.000000 -2.000000 -2.000000 -2.000000 -2.000000 -2.000000 -2.000000 -2.000000 -2.000000 -2.000000 -2.000000 -2.000000 -2.000000 -2.000000 -2.000000 -2.000000 -2.000000 -2.000000 -2.000000 -2.000000 0.346969 0.343167 0.331956 0.313889 0.289789 0.260630 0.227430 0.191157 0.152676 0.112724 0.071901 0.030685 -0.010557 -0.051549 -0.092087 -0.132026 -0.171265 -0.209739 -0.247408 -0.284251 -0.320263 -0.355448 
-2.000000 -2.000000 -2.000000 -2.000000 -2.000000 -2.000000 -2.000000 -2.000000 -2.000000 -2.000000 -2.000000 -2.000000 -2.000000 -2.000000 -2.000000 -2.000000 -2.000000 -2.000000 -2.000000 -2.000000 -2.000000 0.421817 0.417301 0.404027 0.382775 0.354674 0.321026 0.283140 0.242212 0.199268 0.155141 0.110481 0.065780 0.021398 -0.022407 -0.065459 -0.107641 -0.148881 -0.189141 -0.228406 -0.266679 -0.303974 -0.340312 
-2.000000 -2.000000 -2.000000 -2.000000 -2.000000 -2.000000 -2.000000 -2.000000 -2.000000 -2.000000 -2.000000 -2.000000 -2.000000 -2.000000 -2.000000 -2.000000 -2.000000 -2.000000 -2.000000 -2.000000 -2.000000 0.501431 0.495996 0.480094 0.454841 0.421817 0.382775 0.339397 0.293151 0.245229 0.196548 0.147787 0.099430 0.051808 0.005142 -0.040434 -0.084842 -0.128049 -0.170049 -0.210858 -0.250502 -0.289020 -0.326453 
-2.000000 -2.000000 -2.000000 -2.000000 -2.000000 -2.000000 -2.000000 -2.000000 -2.000000 -2.000000 -2.000000 -2.000000 -2.000000 -2.000000 -2.000000 -2.000000 -2.000000 -2.000000 -2.000000 -2.000000 -2.000000 0.585916 0.579286 0.560004 0.529705 0.490629 0.445143 0.395401 0.343167 0.289789 0.236240 0.183190 0.131083 0.080195 0.030685 -0.017366 -0.063934 -0.109029 -0.152686 -0.194953 -0.235886 -0.275545 -0.313993 
-2.000000 -2.000000 -2.000000 -2.000000 -2.000000 -2.000000 -2.000000 -2.000000 -2.000000 -2.000000 -2.000000 -2.000000 -2.000000 -2.000000 -2.000000 -2.000000 -2.000000 -2.000000 -2.000000 -2.000000 -2.000000 0.674943 0.666752 0.643107 0.606457 0.560004 0.506937 0.449965 0.391151 0.331956 0.273351 0.215950 0.160111 0.106028 0.053778 0.003371 -0.045230 -0.092087 -0.137277 -0.180883 -0.222992 -0.263687 -0.303053 
-2.000000 -2.000000 -2.000000 -2.000000 -2.000000 -2.000000 -2.000000 -2.000000 -2.000000 -2.000000 -2.000000 -2.000000 -2.000000 -2.000000 -2.000000 -2.000000 -2.000000 -2.000000 -2.000000 -2.000000 -2.000000 0.767274 0.757049 0.727822 0.683299 0.628058 0.566333 0.501431 0.435660 0.370508 0.306867 0.245229 0.185830 0.128747 0.073961 0.021398 -0.029044 -0.077482 -0.124038 -0.168830 -0.211974 -0.253577 -0.293743 
-2.000000 -2.000000 -2.000000 -2.000000 -2.000000 -2.000000 -2.000000 -2.000000 -2.000000 -2.000000 -2.000000 -2.000000 -2.000000 -2.000000 -2.000000 -2.000000 -2.000000 -2.000000 -2.000000 -2.000000 -2.000000 0.859904 0.847098 0.810950 0.757049 0.691828 0.620733 0.547622 0.474922 0.404027 0.335661 0.270136 0.207530 0.147787 0.090780 0.036350 -0.015673 -0.065459 -0.113170 -0.158961 -0.202972 -0.245333 -0.286164 
-2.000000 -2.000000 -2.000000 -2.000000 -2.000000 -2.000000 -2.000000 -2.000000 -2.000000 -2.000000 -2.000000 -2.000000 -2.000000 -2.000000 -2.000000 -2.000000 -2.000000 -2.000000 -2.000000 -2.000000 -2.000000 0.946740 0.930891 0.886807 0.822644 0.747073 0.666752 0.585916 0.506937 0.430996 0.358579 0.289789 0.224532 0.162618 0.103818 0.047894 -0.005384 -0.056232 -0.104851 -0.151421 -0.196107 -0.239056 -0.280401 
-2.000000 -2.000000 -2.000000 -2.000000 -2.000000 -2.000000 -2.000000 -2.000000 -2.000000 -2.000000 -2.000000 -2.000000 -2.000000 -2.000000 -2.000000 -2.000000 -2.000000 -2.000000 -2.000000 -2.000000 -2.000000 1.017373 0.998493 0.946740 0.873130 0.788527 0.700536 0.613534 0.529705 0.449965 0.374559 0.303397 0.236240 0.172785 0.112724 0.055757 0.001607 -0.049977 -0.099221 -0.146327 -0.191474 -0.234824 -0.276520 
-2.000000 -2.000000 -2.000000 -2.000000 -2.000000 -2.000000 -2.000000 -2.000000 -2.000000 -2.000000 -2.000000 -2.000000 -2.000000 -2.000000 -2.000000 -2.000000 -2.000000 -2.000000 -2.000000 -2.000000 -2.000000 1.058111 1.037211 0.980477 0.900968 0.810950 0.718524 0.628058 0.541565 0.459773 0.382775 0.310364 0.242212 0.177957 0.117244 0.059739 0.005142 -0.046818 -0.096381 -0.143759 -0.189141 -0.232695 -0.274568 
-2.000000 -2.000000 -2.000000 -2.000000 -2.000000 -2.000000 -2.000000 -2.000000 -2.000000 -2.000000 -2.000000 -2.000000 -2.000000 -2.000000 -2.000000 -2.000000 -2.000000 -2.000000 -2.000000 -2.000000 -2.000000 1.063515 1.042331 0.984904 0.904587 0.813842 0.720828 0.629910 0.543071 0.461015 0.383813 0.311242 0.242964 0.178608 0.117812 0.060240 0.005586 -0.046422 -0.096024 -0.143437 -0.188849 -0.232428 -0.274324 
-2.000000 -2.000000 -2.000000 -2.000000 -2.000000 -2.000000 -2.000000 -2.000000 -2.000000 -2.000000 -2.000000 -2.000000 -2.000000 -2.000000 -2.000000 -2.000000 -2.000000 -2.000000 -2.000000 -2.000000 -2.000000 1.057878 1.036990 0.980286 0.900811 0.810825 0.718424 0.627978 0.541499 0.459720 0.382730 0.310326 0.242179 0.177929 0.117219 0.059718 0.005123 -0.046835 -0.096396 -0.143773 -0.189154 -0.232706 -0.274579 
-2.000000 -2.000000 -2.000000 -2.000000 -2.000000 -2.000000 -2.000000 -2.000000 -2.000000 -2.000000 -2.000000 -2.000000 -2.000000 -2.000000 -2.000000 -2.000000 -2.000000 -2.000000 -2.000000 -2.000000 -2.000000 1.016748 0.997897 0.946217 0.872695 0.788174 0.700251 0.613303 0.529516 0.449808 0.374427 0.303286 0.236144 0.172702 0.112651 0.055692 0.001550 -0.050028 -0.099267 -0.146368 -0.191512 -0.234859 -0.276552 
-2.000000 -2.000000 -2.000000 -2.000000 -2.000000 -2.000000 -2.000000 -2.000000 -2.000000 -2.000000 -2.000000 -2.000000 -2.000000 -2.000000 -2.000000 -2.000000 -2.000000 -2.000000 -2.000000 -2.000000 -2.000000 0.945870 0.930055 0.886059 0.822006 0.746543 0.666316 0.585556 0.506639 0.430747 0.358368 0.289608 0.224376 0.162482 0.103699 0.047789 -0.005477 -0.056316 -0.104926 -0.151489 -0.196169 -0.239112 -0.280453 
-2.000000 -2.000000 -2.000000 -2.000000 -2.000000 -2.000000 -2.000000 -2.000000 -2.000000 -2.000000 -2.000000 -2.000000 -2.000000 -2.000000 -2.000000 -2.000000 -2.000000 -2.000000 -2.000000 -2.000000 -2.000000 0.858924 0.846149 0.810083 0.756289 0.691179 0.620186 0.547162 0.474535 0.403699 0.335381 0.269895 0.207321 0.147604 0.090618 0.036207 -0.015801 -0.065574 -0.113274 -0.159055 -0.203057 -0.245412 -0.286236 
-2.000000 -2.000000 -2.000000 -2.000000 -2.000000 -2.000000 -2.000000 -2.000000 -2.000000 -2.000000 -2.000000 -2.000000 -2.000000 -2.000000 -2.000000 -2.000000 -2.000000 -2.000000 -2.000000 -2.000000 -2.000000 0.766273 0.756072 0.726912 0.682483 0.627343 0.565716 0.500902 0.435206 0.370118 0.306530 0.244936 0.185574 0.128521 0.073761 0.021220 -0.029204 -0.077626 -0.124168 -0.168948 -0.212081 -0.253676 -0.293834 
-2.000000 -2.000000 -2.000000 -2.000000 -2.000000 -2.000000 -2.000000 -2.000000 -2.000000 -2.000000 -2.000000 -2.000000 -2.000000 -2.000000 -2.000000 -2.000000 -2.000000 -2.000000 -2.000000 -2.000000 -2.000000 0.673965 0.665793 0.642201 0.605627 0.559261 0.506282 0.449391 0.390651 0.331519 0.272970 0.215614 0.159816 0.105766 0.053545 0.003162 -0.045418 -0.092257 -0.137431 -0.181024 -0.223120 -0.263806 -0.303162 
-2.000000 -2.000000 -2.000000 -2.000000 -2.000000 -2.000000 -2.000000 -2.000000 -2.000000 -2.000000 -2.000000 -2.000000 -2.000000 -2.000000 -2.000000 -2.000000 -2.000000 -2.000000 -2.000000 -2.000000 -2.000000 0.584983 0.578368 0.559126 0.528888 0.489884 0.444473 0.394804 0.342638 0.289321 0.235825 0.182822 0.130756 0.079902 0.030423 -0.017602 -0.064147 -0.109223 -0.152863 -0.195114 -0.236034 -0.275682 -0.314119 
-2.000000 -2.000000 -2.000000 -2.000000 -2.000000 -2.000000 -2.000000 -2.000000 -2.000000 -2.000000 -2.000000 -2.000000 -2.000000 -2.000000 -2.000000 -2.000000 -2.000000 -2.000000 -2.000000 -2.000000 -2.000000 0.500550 0.495125 0.479255 0.454051 0.421086 0.382107 0.338793 0.292607 0.244741 0.196110 0.147395 0.099078 0.051491 0.004856 -0.040693 -0.085078 -0.128264 -0.170245 -0.211038 -0.250668 -0.289173 -0.326594 
-2.000000 -2.000000 -2.000000 -2.000000 -2.000000 -2.000000 -2.000000 -2.000000 -2.000000 -2.000000 -2.000000 -2.000000 -2.000000 -2.000000 -2.000000 -2.000000 -2.000000 -2.000000 -2.000000 -2.000000 -2.000000 0.420988 0.416480 0.403232 0.382018 0.353964 0.320369 0.282537 0.241663 0.198770 0.154689 0.110072 0.065409 0.021062 -0.022713 -0.065737 -0.107895 -0.149114 -0.189355 -0.228603 -0.266861 -0.304142 -0.340468 
-2.000000 -2.000000 -2.000000 -2.000000 -2.000000 -2.000000 -2.000000 -2.000000 -2.000000 -2.000000 -2.000000 -2.000000 -2.000000 -2.000000 -2.000000 -2.000000 -2.000000 -2.000000 -2.000000 -2.000000 -2.000000 0.346189 0.342394 0.331203 0.313167 0.289105 0.259990 0.226836 0.190609 0.152174 0.112265 0.071482 0.030302 -0.010907 -0.051869 -0.092381 -0.132296 -0.171513 -0.209968 -0.247619 -0.284447 -0.320444 -0.355617 
-2.000000 -2.000000 -2.000000 -2.000000 -2.000000 -2.000000 -2.000000 -2.000000 -2.000000 -2.000000 -2.000000 -2.000000 -2.000000 -2.000000 -2.000000 -2.000000 -2.000000 -2.000000 -2.000000 -2.000000 -2.000000 0.275856 0.272623 0.263064 0.247579 0.226774 0.201386 0.172205 0.140012 0.105528 0.069390 0.032140 -0.005775 -0.043997 -0.082244 -0.120298 -0.157995 -0.195214 -0.231868 -0.267896 -0.303261 -0.337937 -0.371915 
-2.000000 -2.000000 -2.000000 -2.000000 -2.000000 -2.000000 -2.000000 -2.000000 -2.000000 -2.000000 -2.000000 -2.000000 -2.000000 -2.000000 -2.000000 -2.000000 -2.000000 -2.000000 -2.000000 -2.000000 -2.000000 0.209628 0.206844 0.198594 0.185176 0.167044 0.144765 0.118957 0.090250 0.059245 0.026488 -0.007542 -0.042434 -0.077849 -0.113510 -0.149196 -0.184732 -0.219984 -0.254850 -0.289255 -0.323144 -0.356480 -0.389237 
-2.000000 -2.000000 -2.000000 -2.000000 -2.000000 -2.000000 -2.000000 -2.000000 -2.000000 -2.000000 -2.000000 -2.000000 -2.000000 -2.000000 -2.000000 -2.000000 -2.000000 -2.000000 -2.000000 -2.000000 -2.000000 0.147134 0.144713 0.137527 0.125800 0.109880 0.090204 0.067264 0.041569 0.013616 -0.016129 -0.047244 -0.079361 -0.112164 -0.145390 -0.178818 -0.212273 -0.245613 -0.278725 -0.311524 -0.343944 -0.375936 -0.407464 
-2.000000 -2.000000 -2.000000 -2.000000 -2.000000 -2.000000 -2.000000 -2.000000 -2.000000 -2.000000 -2.000000 -2.000000 -2.000000 -2.000000 -2.000000 -2.000000 -2.000000 -2.000000 -2.000000 -2.000000 -2.000000 0.088024 0.085900 0.079588 0.069258 0.055181 0.037700 0.017206 -0.005887 -0.031165 -0.058232 -0.086722 -0.116307 -0.146698 -0.177647 -0.208944 -0.240413 -0.271910 -0.303320 -0.334548 -0.365520 -0.396178 -0.426478 
-2.000000 -2.000000 -2.000000 -2.000000 -2.000000 -2.000000 -2.000000 -2.000000 -2.000000 -2.000000 -2.000000 -2.000000 -2.000000 -2.000000 -2.000000 -2.000000 -2.000000 -2.000000 -2.000000 -2.000000 -2.000000 0.031979 0.030101 0.024513 0.015349 0.002820 -0.012801 -0.031200 -0.052038 -0.074971 -0.099662 -0.125796 -0.153080 -0.181254 -0.210088 -0.239384 -0.268972 -0.298710 -0.328480 -0.358182 -0.387739 -0.417086 -0.446172 
-2.000000 -2.000000 -2.000000 -2.000000 -2.000000 -2.000000 -2.000000 -2.000000 -2.000000 -2.000000 -2.000000 -2.000000 -2.000000 -2.000000 -2.000000 -2.000000 -2.000000 -2.000000 -2.000000 -2.000000 -2.000000 -0.021291 -0.022964 -0.027944 -0.036128 -0.047346 -0.061381 -0.077976 -0.096855 -0.117729 -0.140313 -0.164332 -0.189531 -0.215674 -0.242553 -0.269982 -0.297799 -0.325866 -0.354066 -0.382299 -0.410482 -0.438549 -0.466442 
-2.000000 -2.000000 -2.000000 -2.000000 -2.000000 -2.000000 -2.000000 -2.000000 -2.000000 -2.000000 -2.000000 -2.000000 -2.000000 -2.000000 -2.000000 -2.000000 -2.000000 -2.000000 -2.000000 -2.000000 -2.000000 -0.072042 -0.073541 -0.078008 -0.085360 -0.095461 -0.108134 -0.123171 -0.140341 -0.159403 -0.180114 -0.202238 -0.225549 -0.249838 -0.274915 -0.300607 -0.326764 -0.353253 -0.379958 -0.406782 -0.433642 -0.460466 -0.487195 
-2.000000 -2.000000 -2.000000 -2.000000 -2.000000 -2.000000 -2.000000 -2.000000 -2.000000 -2.000000 -2.000000 -2.000000 -2.000000 -2.000000 -2.000000 -2.000000 -2.000000 -2.000000 -2.000000 -2.000000 -2.000000 -0.120501 -0.121852 -0.125882 -0.132522 -0.141664 -0.153161 -0.166843 -0.182518 -0.199982 -0.219028 -0.239452 -0.261055 -0.283652 -0.307071 -0.331154 -0.355759 -0.380762 -0.406052 -0.431532 -0.457121 -0.482745 -0.508346 
-2.000000 -2.000000 -2.000000 -2.000000 -2.000000 -2.000000 -2.000000 -2.000000 -2.000000 -2.000000 -2.000000 -2.000000 -2.000000 -2.000000 -2.000000 -2.000000 -2.000000 -2.000000 -2.000000 -2.000000 -2.000000 -0.166870 -0.168094 -0.171748 -0.177776 -0.186088 -0.196565 -0.209064 -0.223425 -0.239474 -0.257036 -0.275933 -0.295992 -0.317046 -0.338942 -0.361535 -0.384695 -0.408304 -0.432257 -0.456460 -0.480834 -0.505305 -0.529815 
-2.000000 -2.000000 -2.000000 -2.000000 -2.000000 -2.000000 -2.000000 -2.000000 -2.000000 -2.000000 -2.000000 -2.000000 -2.000000 -2.000000 -2.000000 -2.000000 -2.000000 -2.000000 -2.000000 -2.000000 -2.000000 -0.211326 -0.212441 -0.215770 -0.221267 -0.228858 -0.238444 -0.249905 -0.263106 -0.277901 -0.294137 -0.311661 -0.330320 -0.349969 -0.370466 -0.391683 -0.413498 -0.435802 -0.458496 -0.481490 -0.504706 -0.528074 -0.551533 
-2.000000 -2.000000 -2.000000 -2.000000 -2.000000 -2.000000 -2.000000 -2.000000 -2.000000 -2.000000 -2.000000 -2.000000 -2.000000 -2.000000 -2.000000 -2.000000 -2.000000 -2.000000 -2.000000 -2.000000 -2.000000 -0.254027 -0.255047 -0.258093 -0.263127 -0.270088 -0.278892 -0.289438 -0.301613 -0.315290 -0.330339 -0.346626 -0.364017 -0.382383 -0.401598 -0.421543 -0.442110 -0.463194 -0.484704 -0.506555 -0.528671 -0.550985 -0.573437 
