53 53
1.101539e+00 0 5
-2.000000 -2.000000 -2.000000 -2.000000 -2.000000 -2.000000 -2.000000 -2.000000 -2.000000 -2.000000 -2.000000 -2.000000 -2.000000 -2.000000 -2.000000 -2.000000 -2.000000 -2.000000 -2.000000 -2.000000 -2.000000 -2.000000 -2.000000 -2.000000 -2.000000 -2.000000 0.080708 0.080053 0.078093 0.074845 0.070335 0.064597 0.057676 0.049624 0.040498 0.030359 0.019274 0.007310 -0.005464 -0.018978 -0.033167 -0.047963 -0.063302 -0.079125 -0.095373 -0.111993 -0.128933 -0.146148 -0.163594 -0.181232 -0.199025 -0.216940 -0.234948 
-2.000000 -2.000000 -2.000000 -2.000000 -2.000000 -2.000000 -2.000000 -2.000000 -2.000000 -2.000000 -2.000000 -2.000000 -2.000000 -2.000000 -2.000000 -2.000000 -2.000000 -2.000000 -2.000000 -2.000000 -2.000000 -2.000000 -2.000000 -2.000000 -2.000000 -2.000000 0.114663 0.113959 0.111855 0.108369 0.103531 0.097382 0.089974 0.081364 0.071619 0.060810 0.049010 0.036297 0.022747 0.008437 -0.006559 -0.022167 -0.038319 -0.054949 -0.071995 -0.089400 -0.107109 -0.125074 -0.143250 -0.161596 -0.180075 -0.198653 -0.217299 
-2.000000 -2.000000 -2.000000 -2.000000 -2.000000 -2.000000 -2.000000 -2.000000 -2.000000 -2.000000 -2.000000 -2.000000 -2.000000 -2.000000 -2.000000 -2.000000 -2.000000 -2.000000 -2.000000 -2.000000 -2.000000 -2.000000 -2.000000 -2.000000 -2.000000 -2.000000 0.149724 0.148967 0.146701 0.142949 0.137745 0.131138 0.123187 0.113959 0.103531 0.091983 0.079399 0.065866 0.051470 0.036297 0.020429 0.003945 -0.013078 -0.030570 -0.048465 -0.066701 -0.085222 -0.103976 -0.122918 -0.142003 -0.161196 -0.180461 -0.199769 
-2.000000 -2.000000 -2.000000 -2.000000 -2.000000 -2.000000 -2.000000 -2.000000 -2.000000 -2.000000 -2.000000 -2.000000 -2.000000 -2.000000 -2.000000 -2.000000 -2.000000 -2.000000 -2.000000 -2.000000 -2.000000 -2.000000 -2.000000 -2.000000 -2.000000 -2.000000 0.185976 0.185157 0.182709 0.178658 0.173045 0.165926 0.157370 0.147455 0.136269 0.123904 0.110458 0.096027 0.080708 0.064597 0.047785 0.030359 0.012401 -0.006011 -0.024809 -0.043925 -0.063302 -0.082886 -0.102628 -0.122485 -0.142419 -0.162397 -0.182386 
-2.000000 -2.000000 -2.000000 -2.000000 -2.000000 -2.000000 -2.000000 -2.000000 -2.000000 -2.000000 -2.000000 -2.000000 -2.000000 -2.000000 -2.000000 -2.000000 -2.000000 -2.000000 -2.000000 -2.000000 -2.000000 -2.000000 -2.000000 -2.000000 -2.000000 -2.000000 0.223509 0.222622 0.219969 0.215581 0.209507 0.201812 0.192578 0.181896 0.169868 0.156600 0.142202 0.126785 0.110458 0.093327 0.075493 0.057052 0.038093 0.018697 -0.001059 -0.021107 -0.041385 -0.061838 -0.082417 -0.103078 -0.123781 -0.144494 -0.165187 
-2.000000 -2.000000 -2.000000 -2.000000 -2.000000 -2.000000 -2.000000 -2.000000 -2.000000 -2.000000 -2.000000 -2.000000 -2.000000 -2.000000 -2.000000 -2.000000 -2.000000 -2.000000 -2.000000 -2.000000 -2.000000 -2.000000 -2.000000 -2.000000 -2.000000 -2.000000 0.262428 0.261462 0.258576 0.253806 0.247211 0.238868 0.228872 0.217331 0.204363 0.190091 0.174642 0.158141 0.140711 0.122471 0.103531 0.083997 0.063964 0.043521 0.022747 0.001715 -0.019511 -0.040875 -0.062327 -0.083821 -0.105321 -0.126793 -0.148208 
-2.000000 -2.000000 -2.000000 -2.000000 -2.000000 -2.000000 -2.000000 -2.000000 -2.000000 -2.000000 -2.000000 -2.000000 -2.000000 -2.000000 -2.000000 -2.000000 -2.000000 -2.000000 -2.000000 -2.000000 -2.000000 -2.000000 -2.000000 -2.000000 -2.000000 -2.000000 0.302847 0.301791 0.298640 0.293435 0.286247 0.277169 0.266313 0.253806 0.239787 0.224399 0.207786 0.190091 0.171454 0.152005 0.131868 0.111156 0.089974 0.068414 0.046563 0.024493 0.002272 -0.020044 -0.042403 -0.064762 -0.087083 -0.109335 -0.131490 
-2.000000 -2.000000 -2.000000 -2.000000 -2.000000 -2.000000 -2.000000 -2.000000 -2.000000 -2.000000 -2.000000 -2.000000 -2.000000 -2.000000 -2.000000 -2.000000 -2.000000 -2.000000 -2.000000 -2.000000 -2.000000 -2.000000 -2.000000 -2.000000 -2.000000 -2.000000 0.344895 0.343736 0.340280 0.334576 0.326711 0.316796 0.304965 0.291370 0.276171 0.259536 0.241632 0.222622 0.202661 0.181896 0.160463 0.138485 0.116073 0.093327 0.070335 0.047173 0.023910 0.000604 -0.022697 -0.045948 -0.069114 -0.092165 -0.115076 
-2.000000 -2.000000 -2.000000 -2.000000 -2.000000 -2.000000 -2.000000 -2.000000 -2.000000 -2.000000 -2.000000 -2.000000 -2.000000 -2.000000 -2.000000 -2.000000 -2.000000 -2.000000 -2.000000 -2.000000 -2.000000 -2.000000 -2.000000 -2.000000 -2.000000 -2.000000 0.388716 0.387438 0.383629 0.377352 0.368709 0.357836 0.344895 0.330065 0.313539 0.295510 0.276171 0.255708 0.234297 0.212100 0.189265 0.165926 0.142202 0.118196 0.094000 0.069694 0.045343 0.021007 -0.003266 -0.027436 -0.051468 -0.075335 -0.099013 
-2.000000 -2.000000 -2.000000 -2.000000 -2.000000 -2.000000 -2.000000 -2.000000 -2.000000 -2.000000 -2.000000 -2.000000 -2.000000 -2.000000 -2.000000 -2.000000 -2.000000 -2.000000 -2.000000 -2.000000 -2.000000 -2.000000 -2.000000 -2.000000 -2.000000 -2.000000 0.434472 0.433057 0.428838 0.421894 0.412351 0.400377 0.386165 0.369933 0.351907 0.332315 0.311380 0.289314 0.266313 0.242557 0.218209 0.193410 0.168287 0.142949 0.117487 0.091983 0.066502 0.041101 0.015825 -0.009286 -0.034202 -0.058898 -0.083354 
-2.000000 -2.000000 -2.000000 -2.000000 -2.000000 -2.000000 -2.000000 -2.000000 -2.000000 -2.000000 -2.000000 -2.000000 -2.000000 -2.000000 -2.000000 -2.000000 -2.000000 -2.000000 -2.000000 -2.000000 -2.000000 -2.000000 -2.000000 -2.000000 -2.000000 -2.000000 0.482348 0.480770 0.476070 0.468348 0.457759 0.444509 0.428838 0.411005 0.391281 0.369933 0.347220 0.323382 0.298640 0.273191 0.247211 0.220851 0.194244 0.167499 0.140711 0.113959 0.087308 0.060810 0.034508 0.008437 -0.017376 -0.042911 -0.068150 
-2.000000 -2.000000 -2.000000 -2.000000 -2.000000 -2.000000 -2.000000 -2.000000 -2.000000 -2.000000 -2.000000 -2.000000 -2.000000 -2.000000 -2.000000 -2.000000 -2.000000 -2.000000 -2.000000 -2.000000 -2.000000 -2.000000 -2.000000 -2.000000 -2.000000 -2.000000 0.532548 0.530778 0.525511 0.516871 0.505057 0.490324 0.472965 0.453298 0.431646 0.408324 0.383629 0.357836 0.331189 0.303905 0.276171 0.248147 0.219969 0.191748 0.163577 0.135532 0.107675 0.080053 0.052705 0.025661 -0.001059 -0.027436 -0.053460 
-2.000000 -2.000000 -2.000000 -2.000000 -2.000000 -2.000000 -2.000000 -2.000000 -2.000000 -2.000000 -2.000000 -2.000000 -2.000000 -2.000000 -2.000000 -2.000000 -2.000000 -2.000000 -2.000000 -2.000000 -2.000000 -2.000000 -2.000000 -2.000000 -2.000000 -2.000000 0.585304 0.583305 0.577361 0.567633 0.554374 0.537902 0.518586 0.496811 0.472965 0.447420 0.420518 0.392569 0.363844 0.334576 0.304965 0.275176 0.245344 0.215581 0.185976 0.156600 0.127507 0.098742 0.070335 0.042309 0.014681 -0.012538 -0.039343 
-2.000000 -2.000000 -2.000000 -2.000000 -2.000000 -2.000000 -2.000000 -2.000000 -2.000000 -2.000000 -2.000000 -2.000000 -2.000000 -2.000000 -2.000000 -2.000000 -2.000000 -2.000000 -2.000000 -2.000000 -2.000000 -2.000000 -2.000000 -2.000000 -2.000000 -2.000000 0.640875 0.638598 0.631840 0.620810 0.605832 0.587314 0.565714 0.541509 0.515164 0.487116 0.457759 0.427440 0.396455 0.365055 0.333444 0.301791 0.270231 0.238868 0.207786 0.177048 0.146701 0.116780 0.087308 0.058301 0.029769 0.001715 -0.025861 
-2.000000 -2.000000 -2.000000 -2.000000 -2.000000 -2.000000 -2.000000 -2.000000 -2.000000 -2.000000 -2.000000 -2.000000 -2.000000 -2.000000 -2.000000 -2.000000 -2.000000 -2.000000 -2.000000 -2.000000 -2.000000 -2.000000 -2.000000 -2.000000 -2.000000 -2.000000 0.699545 0.696931 0.689183 0.676579 0.659542 0.638598 0.614326 0.587314 0.558121 0.527259 0.495180 0.462266 0.428838 0.395156 0.361431 0.327827 0.294471 0.261462 0.228872 0.196753 0.165142 0.134063 0.103531 0.073552 0.044127 0.015253 -0.013078 
-2.000000 -2.000000 -2.000000 -2.000000 -2.000000 -2.000000 -2.000000 -2.000000 -2.000000 -2.000000 -2.000000 -2.000000 -2.000000 -2.000000 -2.000000 -2.000000 -2.000000 -2.000000 -2.000000 -2.000000 -2.000000 -2.000000 -2.000000 -2.000000 -2.000000 -2.000000 0.761625 0.758593 0.749630 0.735105 0.715584 0.691750 0.664340 0.634081 0.601647 0.567633 0.532548 0.496811 0.460759 0.424658 0.388716 0.353087 0.317887 0.283201 0.249086 0.215581 0.182709 0.150483 0.118906 0.087973 0.057676 0.028004 -0.001059 
-2.000000 -2.000000 -2.000000 -2.000000 -2.000000 -2.000000 -2.000000 -2.000000 -2.000000 -2.000000 -2.000000 -2.000000 -2.000000 -2.000000 -2.000000 -2.000000 -2.000000 -2.000000 -2.000000 -2.000000 -2.000000 -2.000000 -2.000000 -2.000000 -2.000000 -2.000000 0.827434 0.823882 0.813407 0.796518 0.773976 0.746684 0.715584 0.681576 0.645465 0.607940 0.569561 0.530778 0.491936 0.453298 0.415057 0.377352 0.340280 0.303905 0.268267 0.233389 0.199276 0.165926 0.133330 0.101473 0.070335 0.039895 0.010132 
-2.000000 -2.000000 -2.000000 -2.000000 -2.000000 -2.000000 -2.000000 -2.000000 -2.000000 -2.000000 -2.000000 -2.000000 -2.000000 -2.000000 -2.000000 -2.000000 -2.000000 -2.000000 -2.000000 -2.000000 -2.000000 -2.000000 -2.000000 -2.000000 -2.000000 -2.000000 0.897281 0.893070 0.880694 0.860867 0.834632 0.803191 0.767755 0.729434 0.689183 0.647779 0.605832 0.563803 0.522034 0.480770 0.440180 0.400377 0.361431 0.323382 0.286247 0.250026 0.214708 0.180275 0.146701 0.113959 0.082021 0.050854 0.020429 
-2.000000 -2.000000 -2.000000 -2.000000 -2.000000 -2.000000 -2.000000 -2.000000 -2.000000 -2.000000 -2.000000 -2.000000 -2.000000 -2.000000 -2.000000 -2.000000 -2.000000 -2.000000 -2.000000 -2.000000 -2.000000 -2.000000 -2.000000 -2.000000 -2.000000 -2.000000 0.971400 0.966346 0.951554 0.928048 0.897281 0.860867 0.820361 0.777122 0.732260 0.686632 0.640875 0.595445 0.550659 0.506726 0.463778 0.421894 0.381108 0.341429 0.302847 0.265338 0.228872 0.193410 0.158914 0.125342 0.092654 0.060810 0.029769 
-2.000000 -2.000000 -2.000000 -2.000000 -2.000000 -2.000000 -2.000000 -2.000000 -2.000000 -2.000000 -2.000000 -2.000000 -2.000000 -2.000000 -2.000000 -2.000000 -2.000000 -2.000000 -2.000000 -2.000000 -2.000000 -2.000000 -2.000000 -2.000000 -2.000000 -2.000000 1.049843 1.043696 1.025808 0.997677 0.961354 0.919016 0.872647 0.823882 0.773976 0.723839 0.674103 0.625188 0.577361 0.530778 0.485521 0.441618 0.399066 0.357836 0.317887 0.279171 0.241632 0.205216 0.169868 0.135532 0.102158 0.069694 0.038093 
-2.000000 -2.000000 -2.000000 -2.000000 -2.000000 -2.000000 -2.000000 -2.000000 -2.000000 -2.000000 -2.000000 -2.000000 -2.000000 -2.000000 -2.000000 -2.000000 -2.000000 -2.000000 -2.000000 -2.000000 -2.000000 -2.000000 -2.000000 -2.000000 -2.000000 -2.000000 1.132248 1.124678 1.102812 1.068880 1.025808 0.976519 0.923507 0.868682 0.813407 0.758593 0.704824 0.652445 0.601647 0.552512 0.505057 0.459256 0.415057 0.372392 0.331189 0.291370 0.252858 0.215581 0.179466 0.144446 0.110458 0.077442 0.045343 
-2.000000 -2.000000 -2.000000 -2.000000 -2.000000 -2.000000 -2.000000 -2.000000 -2.000000 -2.000000 -2.000000 -2.000000 -2.000000 -2.000000 -2.000000 -2.000000 -2.000000 -2.000000 -2.000000 -2.000000 -2.000000 -2.000000 -2.000000 -2.000000 -2.000000 -2.000000 1.217406 1.207991 1.181058 1.139968 1.088885 1.031682 0.971400 0.910181 0.849417 0.789951 0.732260 0.676579 0.622993 0.571498 0.522034 0.474515 0.428838 0.384895 0.342581 0.301791 0.262428 0.224399 0.187618 0.152005 0.117487 0.083997 0.051470 
-2.000000 -2.000000 -2.000000 -2.000000 -2.000000 -2.000000 -2.000000 -2.000000 -2.000000 -2.000000 -2.000000 -2.000000 -2.000000 -2.000000 -2.000000 -2.000000 -2.000000 -2.000000 -2.000000 -2.000000 -2.000000 -2.000000 -2.000000 -2.000000 -2.000000 -2.000000 1.302497 1.290755 1.257572 1.207991 1.147845 1.082103 1.014316 0.946741 0.880694 0.816869 0.755584 0.696931 0.640875 0.587314 0.536110 0.487116 0.440180 0.395156 0.351907 0.310305 0.270231 0.231577 0.194244 0.158141 0.123187 0.089306 0.056429 
-2.000000 -2.000000 -2.000000 -2.000000 -2.000000 -2.000000 -2.000000 -2.000000 -2.000000 -2.000000 -2.000000 -2.000000 -2.000000 -2.000000 -2.000000 -2.000000 -2.000000 -2.000000 -2.000000 -2.000000 -2.000000 -2.000000 -2.000000 -2.000000 -2.000000 -2.000000 1.381923 1.367453 1.327142 1.268313 1.198802 1.124678 1.049843 0.976519 0.905835 0.838278 0.773976 0.712868 0.654798 0.599570 0.546975 0.496811 0.448882 0.403010 0.359031 0.316796 0.276171 0.237034 0.199276 0.162797 0.127507 0.093327 0.060181 
-2.000000 -2.000000 -2.000000 -2.000000 -2.000000 -2.000000 -2.000000 -2.000000 -2.000000 -2.000000 -2.000000 -2.000000 -2.000000 -2.000000 -2.000000 -2.000000 -2.000000 -2.000000 -2.000000 -2.000000 -2.000000 -2.000000 -2.000000 -2.000000 -2.000000 -2.000000 1.446263 1.429089 1.381923 1.314617 1.236960 1.155885 1.075436 0.997677 0.923507 0.853198 0.786707 0.723839 0.664340 0.607940 0.554374 0.503395 0.454780 0.408324 0.363844 0.321176 0.280175 0.240709 0.202661 0.165926 0.130410 0.096027 0.062700 
-2.000000 -2.000000 -2.000000 -2.000000 -2.000000 -2.000000 -2.000000 -2.000000 -2.000000 -2.000000 -2.000000 -2.000000 -2.000000 -2.000000 -2.000000 -2.000000 -2.000000 -2.000000 -2.000000 -2.000000 -2.000000 -2.000000 -2.000000 -2.000000 -2.000000 -2.000000 1.483253 1.464286 1.412685 1.340101 1.257572 1.172483 1.088885 1.008692 0.932641 0.860867 0.793222 0.729434 0.669193 0.612187 0.558121 0.506726 0.457759 0.411005 0.366270 0.323382 0.282190 0.242557 0.204363 0.167499 0.131868 0.097382 0.063964 
-2.000000 -2.000000 -2.000000 -2.000000 -2.000000 -2.000000 -2.000000 -2.000000 -2.000000 -2.000000 -2.000000 -2.000000 -2.000000 -2.000000 -2.000000 -2.000000 -2.000000 -2.000000 -2.000000 -2.000000 -2.000000 -2.000000 -2.000000 -2.000000 -2.000000 -2.000000 1.488153 1.468935 1.416717 1.343411 1.260229 1.174609 1.090599 1.010091 0.933797 0.861835 0.794043 0.730139 0.669804 0.612721 0.558591 0.507144 0.458133 0.411341 0.366574 0.323658 0.282442 0.242789 0.204576 0.167696 0.132050 0.097552 0.064122 
-2.000000 -2.000000 -2.000000 -2.000000 -2.000000 -2.000000 -2.000000 -2.000000 -2.000000 -2.000000 -2.000000 -2.000000 -2.000000 -2.000000 -2.000000 -2.000000 -2.000000 -2.000000 -2.000000 -2.000000 -2.000000 -2.000000 -2.000000 -2.000000 -2.000000 -2.000000 1.483041 1.464086 1.412511 1.339957 1.257457 1.172391 1.088811 1.008631 0.932590 0.860825 0.793186 0.729404 0.669167 0.612164 0.558100 0.506707 0.457743 0.410990 0.366256 0.323370 0.282179 0.242547 0.204354 0.167490 0.131860 0.097375 0.063957 
-2.000000 -2.000000 -2.000000 -2.000000 -2.000000 -2.000000 -2.000000 -2.000000 -2.000000 -2.000000 -2.000000 -2.000000 -2.000000 -2.000000 -2.000000 -2.000000 -2.000000 -2.000000 -2.000000 -2.000000 -2.000000 -2.000000 -2.000000 -2.000000 -2.000000 -2.000000 1.445694 1.428546 1.381446 1.314219 1.236636 1.155622 1.075222 0.997501 0.923361 0.853075 0.786602 0.723749 0.664262 0.607871 0.554313 0.503342 0.454732 0.408281 0.363804 0.321140 0.280142 0.240679 0.202634 0.165901 0.130386 0.096005 0.062679 
-2.000000 -2.000000 -2.000000 -2.000000 -2.000000 -2.000000 -2.000000 -2.000000 -2.000000 -2.000000 -2.000000 -2.000000 -2.000000 -2.000000 -2.000000 -2.000000 -2.000000 -2.000000 -2.000000 -2.000000 -2.000000 -2.000000 -2.000000 -2.000000 -2.000000 -2.000000 1.381130 1.366689 1.326457 1.267727 1.198314 1.124274 1.049510 0.976242 0.905603 0.838081 0.773808 0.712722 0.654671 0.599458 0.546877 0.496723 0.448803 0.402939 0.358966 0.316737 0.276117 0.236985 0.199230 0.162755 0.127468 0.093291 0.060148 
-2.000000 -2.000000 -2.000000 -2.000000 -2.000000 -2.000000 -2.000000 -2.000000 -2.000000 -2.000000 -2.000000 -2.000000 -2.000000 -2.000000 -2.000000 -2.000000 -2.000000 -2.000000 -2.000000 -2.000000 -2.000000 -2.000000 -2.000000 -2.000000 -2.000000 -2.000000 1.301599 1.289885 1.256775 1.207291 1.147246 1.081597 1.013890 0.946381 0.880388 0.816607 0.755358 0.696735 0.640703 0.587162 0.535975 0.486996 0.440072 0.395058 0.351818 0.310224 0.270156 0.231508 0.194181 0.158083 0.123133 0.089255 0.056382 
-2.000000 -2.000000 -2.000000 -2.000000 -2.000000 -2.000000 -2.000000 -2.000000 -2.000000 -2.000000 -2.000000 -2.000000 -2.000000 -2.000000 -2.000000 -2.000000 -2.000000 -2.000000 -2.000000 -2.000000 -2.000000 -2.000000 -2.000000 -2.000000 -2.000000 -2.000000 1.216484 1.207092 1.180219 1.139214 1.088223 1.031109 0.970908 0.909759 0.849052 0.789636 0.731986 0.676339 0.622782 0.571310 0.521867 0.474365 0.428702 0.384773 0.342469 0.301689 0.262335 0.224313 0.187538 0.151931 0.117419 0.083933 0.051411 
-2.000000 -2.000000 -2.000000 -2.000000 -2.000000 -2.000000 -2.000000 -2.000000 -2.000000 -2.000000 -2.000000 -2.000000 -2.000000 -2.000000 -2.000000 -2.000000 -2.000000 -2.000000 -2.000000 -2.000000 -2.000000 -2.000000 -2.000000 -2.000000 -2.000000 -2.000000 1.131344 1.123792 1.101974 1.068112 1.025119 0.975910 0.922973 0.868216 0.812999 0.758236 0.704510 0.652168 0.601400 0.552292 0.504860 0.459079 0.414896 0.372246 0.331056 0.291248 0.252746 0.215477 0.179370 0.144357 0.110375 0.077365 0.045271 
-2.000000 -2.000000 -2.000000 -2.000000 -2.000000 -2.000000 -2.000000 -2.000000 -2.000000 -2.000000 -2.000000 -2.000000 -2.000000 -2.000000 -2.000000 -2.000000 -2.000000 -2.000000 -2.000000 -2.000000 -2.000000 -2.000000 -2.000000 -2.000000 -2.000000 -2.000000 1.048978 1.042845 1.024994 0.996918 0.960661 0.918392 0.872090 0.823388 0.773538 0.723451 0.673758 0.624881 0.577086 0.530531 0.485298 0.441417 0.398883 0.357669 0.317734 0.279030 0.241503 0.205097 0.169757 0.135430 0.102062 0.069604 0.038009 
-2.000000 -2.000000 -2.000000 -2.000000 -2.000000 -2.000000 -2.000000 -2.000000 -2.000000 -2.000000 -2.000000 -2.000000 -2.000000 -2.000000 -2.000000 -2.000000 -2.000000 -2.000000 -2.000000 -2.000000 -2.000000 -2.000000 -2.000000 -2.000000 -2.000000 -2.000000 0.970581 0.965536 0.950773 0.927312 0.896599 0.860243 0.819795 0.776613 0.731803 0.686222 0.640507 0.595114 0.550360 0.506456 0.463534 0.421671 0.380905 0.341243 0.302677 0.265182 0.228727 0.193276 0.158789 0.125226 0.092546 0.060708 0.029674 
-2.000000 -2.000000 -2.000000 -2.000000 -2.000000 -2.000000 -2.000000 -2.000000 -2.000000 -2.000000 -2.000000 -2.000000 -2.000000 -2.000000 -2.000000 -2.000000 -2.000000 -2.000000 -2.000000 -2.000000 -2.000000 -2.000000 -2.000000 -2.000000 -2.000000 -2.000000 0.896508 0.892305 0.879951 0.860160 0.833969 0.802576 0.767191 0.728920 0.688716 0.647355 0.605447 0.563455 0.521718 0.480482 0.439917 0.400137 0.361211 0.323180 0.286061 0.249854 0.214549 0.180127 0.146563 0.113831 0.081901 0.050742 0.020323 
-2.000000 -2.000000 -2.000000 -2.000000 -2.000000 -2.000000 -2.000000 -2.000000 -2.000000 -2.000000 -2.000000 -2.000000 -2.000000 -2.000000 -2.000000 -2.000000 -2.000000 -2.000000 -2.000000 -2.000000 -2.000000 -2.000000 -2.000000 -2.000000 -2.000000 -2.000000 0.826706 0.823160 0.812703 0.795842 0.773336 0.746085 0.715028 0.681063 0.644994 0.607508 0.569167 0.530417 0.491606 0.452996 0.414780 0.377097 0.340045 0.303689 0.268067 0.233203 0.199103 0.165766 0.133181 0.101333 0.070204 0.039772 0.010016 
-2.000000 -2.000000 -2.000000 -2.000000 -2.000000 -2.000000 -2.000000 -2.000000 -2.000000 -2.000000 -2.000000 -2.000000 -2.000000 -2.000000 -2.000000 -2.000000 -2.000000 -2.000000 -2.000000 -2.000000 -2.000000 -2.000000 -2.000000 -2.000000 -2.000000 -2.000000 0.760938 0.757912 0.748963 0.734461 0.714969 0.691169 0.663796 0.633574 0.601177 0.567199 0.532148 0.496442 0.460419 0.424345 0.388427 0.352820 0.317641 0.282972 0.248874 0.215384 0.182526 0.150312 0.118745 0.087823 0.057535 0.027871 -0.001183 
-2.000000 -2.000000 -2.000000 -2.000000 -2.000000 -2.000000 -2.000000 -2.000000 -2.000000 -2.000000 -2.000000 -2.000000 -2.000000 -2.000000 -2.000000 -2.000000 -2.000000 -2.000000 -2.000000 -2.000000 -2.000000 -2.000000 -2.000000 -2.000000 -2.000000 -2.000000 0.698897 0.696287 0.688551 0.675965 0.658953 0.638037 0.613796 0.586816 0.557656 0.526826 0.494778 0.461893 0.428492 0.394835 0.361133 0.327550 0.294215 0.261224 0.228650 0.196545 0.164948 0.133882 0.103361 0.073393 0.043977 0.015112 -0.013211 
-2.000000 -2.000000 -2.000000 -2.000000 -2.000000 -2.000000 -2.000000 -2.000000 -2.000000 -2.000000 -2.000000 -2.000000 -2.000000 -2.000000 -2.000000 -2.000000 -2.000000 -2.000000 -2.000000 -2.000000 -2.000000 -2.000000 -2.000000 -2.000000 -2.000000 -2.000000 0.640262 0.637988 0.631240 0.620225 0.605267 0.586773 0.565200 0.541022 0.514706 0.486687 0.457358 0.427065 0.396106 0.364729 0.333141 0.301508 0.269966 0.238621 0.207555 0.176832 0.146498 0.116590 0.087129 0.058133 0.029611 0.001566 -0.026002 
-2.000000 -2.000000 -2.000000 -2.000000 -2.000000 -2.000000 -2.000000 -2.000000 -2.000000 -2.000000 -2.000000 -2.000000 -2.000000 -2.000000 -2.000000 -2.000000 -2.000000 -2.000000 -2.000000 -2.000000 -2.000000 -2.000000 -2.000000 -2.000000 -2.000000 -2.000000 0.584723 0.582726 0.576790 0.567075 0.553832 0.537381 0.518087 0.496337 0.472516 0.446996 0.420119 0.392194 0.363493 0.334248 0.304657 0.274887 0.245073 0.215327 0.185738 0.156376 0.127298 0.098544 0.070148 0.042133 0.014516 -0.012695 -0.039492 
-2.000000 -2.000000 -2.000000 -2.000000 -2.000000 -2.000000 -2.000000 -2.000000 -2.000000 -2.000000 -2.000000 -2.000000 -2.000000 -2.000000 -2.000000 -2.000000 -2.000000 -2.000000 -2.000000 -2.000000 -2.000000 -2.000000 -2.000000 -2.000000 -2.000000 -2.000000 0.531996 0.530228 0.524967 0.516338 0.504539 0.489822 0.472483 0.452837 0.431207 0.407907 0.383235 0.357464 0.330838 0.303575 0.275860 0.247855 0.219694 0.191489 0.163334 0.135303 0.107459 0.079849 0.052512 0.025478 -0.001231 -0.027599 -0.053615 
-2.000000 -2.000000 -2.000000 -2.000000 -2.000000 -2.000000 -2.000000 -2.000000 -2.000000 -2.000000 -2.000000 -2.000000 -2.000000 -2.000000 -2.000000 -2.000000 -2.000000 -2.000000 -2.000000 -2.000000 -2.000000 -2.000000 -2.000000 -2.000000 -2.000000 -2.000000 0.481821 0.480246 0.475551 0.467838 0.457261 0.444026 0.428371 0.410557 0.390852 0.369525 0.346832 0.323014 0.298291 0.272861 0.246899 0.220557 0.193966 0.167237 0.140464 0.113725 0.087086 0.060600 0.034310 0.008249 -0.017555 -0.043080 -0.068311 
-2.000000 -2.000000 -2.000000 -2.000000 -2.000000 -2.000000 -2.000000 -2.000000 -2.000000 -2.000000 -2.000000 -2.000000 -2.000000 -2.000000 -2.000000 -2.000000 -2.000000 -2.000000 -2.000000 -2.000000 -2.000000 -2.000000 -2.000000 -2.000000 -2.000000 -2.000000 0.433970 0.432556 0.428341 0.421405 0.411873 0.399911 0.385714 0.369498 0.351489 0.331915 0.310998 0.288950 0.265967 0.242229 0.217897 0.193115 0.168007 0.142683 0.117236 0.091745 0.066276 0.040887 0.015622 -0.009479 -0.034385 -0.059072 -0.083520 
-2.000000 -2.000000 -2.000000 -2.000000 -2.000000 -2.000000 -2.000000 -2.000000 -2.000000 -2.000000 -2.000000 -2.000000 -2.000000 -2.000000 -2.000000 -2.000000 -2.000000 -2.000000 -2.000000 -2.000000 -2.000000 -2.000000 -2.000000 -2.000000 -2.000000 -2.000000 0.388235 0.386959 0.383154 0.376883 0.368249 0.357387 0.344458 0.329643 0.313132 0.295119 0.275796 0.255350 0.233955 0.211774 0.188955 0.165631 0.141921 0.117929 0.093747 0.069453 0.045114 0.020790 -0.003473 -0.027633 -0.051656 -0.075514 -0.099184 
-2.000000 -2.000000 -2.000000 -2.000000 -2.000000 -2.000000 -2.000000 -2.000000 -2.000000 -2.000000 -2.000000 -2.000000 -2.000000 -2.000000 -2.000000 -2.000000 -2.000000 -2.000000 -2.000000 -2.000000 -2.000000 -2.000000 -2.000000 -2.000000 -2.000000 -2.000000 0.344434 0.343277 0.339823 0.334126 0.326268 0.316363 0.304543 0.290960 0.275775 0.259154 0.241265 0.222269 0.202323 0.181573 0.160155 0.138190 0.115792 0.093059 0.070080 0.046930 0.023679 0.000383 -0.022907 -0.046149 -0.069306 -0.092348 -0.115250 
-2.000000 -2.000000 -2.000000 -2.000000 -2.000000 -2.000000 -2.000000 -2.000000 -2.000000 -2.000000 -2.000000 -2.000000 -2.000000 -2.000000 -2.000000 -2.000000 -2.000000 -2.000000 -2.000000 -2.000000 -2.000000 -2.000000 -2.000000 -2.000000 -2.000000 -2.000000 0.302404 0.301350 0.298201 0.293001 0.285820 0.276750 0.265904 0.253409 0.239402 0.224026 0.207426 0.189745 0.171121 0.151686 0.131562 0.110863 0.089693 0.068147 0.046307 0.024249 0.002038 -0.020267 -0.042616 -0.064965 -0.087278 -0.109521 -0.131668 
-2.000000 -2.000000 -2.000000 -2.000000 -2.000000 -2.000000 -2.000000 -2.000000 -2.000000 -2.000000 -2.000000 -2.000000 -2.000000 -2.000000 -2.000000 -2.000000 -2.000000 -2.000000 -2.000000 -2.000000 -2.000000 -2.000000 -2.000000 -2.000000 -2.000000 -2.000000 0.262002 0.261037 0.258154 0.253388 0.246799 0.238463 0.228476 0.216945 0.203987 0.189727 0.174290 0.157801 0.140384 0.122155 0.103228 0.083706 0.063685 0.043253 0.022491 0.001470 -0.019746 -0.041100 -0.062542 -0.084027 -0.105519 -0.126982 -0.148389 
-2.000000 -2.000000 -2.000000 -2.000000 -2.000000 -2.000000 -2.000000 -2.000000 -2.000000 -2.000000 -2.000000 -2.000000 -2.000000 -2.000000 -2.000000 -2.000000 -2.000000 -2.000000 -2.000000 -2.000000 -2.000000 -2.000000 -2.000000 -2.000000 -2.000000 -2.000000 0.223099 0.222212 0.219561 0.215177 0.209108 0.201421 0.192194 0.181521 0.169502 0.156244 0.141857 0.126451 0.110135 0.093016 0.075194 0.056764 0.037816 0.018431 -0.001314 -0.021352 -0.041620 -0.062064 -0.082634 -0.103285 -0.123981 -0.144686 -0.165371 
-2.000000 -2.000000 -2.000000 -2.000000 -2.000000 -2.000000 -2.000000 -2.000000 -2.000000 -2.000000 -2.000000 -2.000000 -2.000000 -2.000000 -2.000000 -2.000000 -2.000000 -2.000000 -2.000000 -2.000000 -2.000000 -2.000000 -2.000000 -2.000000 -2.000000 -2.000000 0.185580 0.184762 0.182316 0.178268 0.172660 0.165547 0.156997 0.147090 0.135913 0.123557 0.110120 0.095699 0.080391 0.064291 0.047489 0.030074 0.012126 -0.006276 -0.025063 -0.044170 -0.063538 -0.083112 -0.102845 -0.122694 -0.142621 -0.162590 -0.182572 
-2.000000 -2.000000 -2.000000 -2.000000 -2.000000 -2.000000 -2.000000 -2.000000 -2.000000 -2.000000 -2.000000 -2.000000 -2.000000 -2.000000 -2.000000 -2.000000 -2.000000 -2.000000 -2.000000 -2.000000 -2.000000 -2.000000 -2.000000 -2.000000 -2.000000 -2.000000 0.149342 0.148584 0.146320 0.142571 0.137372 0.130770 0.122825 0.113604 0.103184 0.091644 0.079069 0.065545 0.051159 0.035995 0.020137 0.003663 -0.013351 -0.030833 -0.048718 -0.066945 -0.085457 -0.104203 -0.123136 -0.142214 -0.161398 -0.180656 -0.199956 
-2.000000 -2.000000 -2.000000 -2.000000 -2.000000 -2.000000 -2.000000 -2.000000 -2.000000 -2.000000 -2.000000 -2.000000 -2.000000 -2.000000 -2.000000 -2.000000 -2.000000 -2.000000 -2.000000 -2.000000 -2.000000 -2.000000 -2.000000 -2.000000 -2.000000 -2.000000 0.114292 0.113589 0.111487 0.108003 0.103169 0.097025 0.089622 0.081018 0.071280 0.060479 0.048687 0.035982 0.022441 0.008140 -0.006847 -0.022446 -0.038589 -0.055210 -0.072247 -0.089643 -0.107344 -0.125301 -0.143469 -0.161807 -0.180278 -0.198849 -0.217488 
-2.000000 -2.000000 -2.000000 -2.000000 -2.000000 -2.000000 -2.000000 -2.000000 -2.000000 -2.000000 -2.000000 -2.000000 -2.000000 -2.000000 -2.000000 -2.000000 -2.000000 -2.000000 -2.000000 -2.000000 -2.000000 -2.000000 -2.000000 -2.000000 -2.000000 -2.000000 0.080349 0.079694 0.077736 0.074491 0.069983 0.064250 0.057334 0.049287 0.040167 0.030036 0.018958 0.007002 -0.005764 -0.019271 -0.033451 -0.048238 -0.063569 -0.079383 -0.095623 -0.112235 -0.129167 -0.146375 -0.163813 -0.181443 -0.199229 -0.217137 -0.235138 
