69 69
2.594179e+00 0 5
-2.000000 -2.000000 -2.000000 -2.000000 -2.000000 -2.000000 -2.000000 -2.000000 -2.000000 -2.000000 -2.000000 -2.000000 -2.000000 -2.000000 -2.000000 -2.000000 -2.000000 -2.000000 -2.000000 -2.000000 -2.000000 -2.000000 -2.000000 -2.000000 -2.000000 -2.000000 -2.000000 -2.000000 -2.000000 -2.000000 -2.000000 -2.000000 -2.000000 -2.000000 0.315099 0.314717 0.313572 0.311670 0.309019 0.305633 0.301525 0.296714 0.291222 0.285071 0.278286 0.270894 0.262924 0.254405 0.245365 0.235836 0.225847 0.215429 0.204612 0.193423 0.181893 0.170047 0.157914 0.145517 0.132882 0.120031 0.106987 0.093769 0.080398 0.066892 0.053268 0.039541 0.025727 0.011840 -0.002108 
-2.000000 -2.000000 -2.000000 -2.000000 -2.000000 -2.000000 -2.000000 -2.000000 -2.000000 -2.000000 -2.000000 -2.000000 -2.000000 -2.000000 -2.000000 -2.000000 -2.000000 -2.000000 -2.000000 -2.000000 -2.000000 -2.000000 -2.000000 -2.000000 -2.000000 -2.000000 -2.000000 -2.000000 -2.000000 -2.000000 -2.000000 -2.000000 -2.000000 -2.000000 0.341018 0.340615 0.339407 0.337401 0.334606 0.331036 0.326709 0.321644 0.315865 0.309397 0.302269 0.294510 0.286150 0.277223 0.267760 0.257795 0.247360 0.236487 0.225210 0.213558 0.201563 0.189254 0.176658 0.163803 0.150715 0.137416 0.123931 0.110281 0.096485 0.082563 0.068532 0.054409 0.040208 0.025944 0.011629 
-2.000000 -2.000000 -2.000000 -2.000000 -2.000000 -2.000000 -2.000000 -2.000000 -2.000000 -2.000000 -2.000000 -2.000000 -2.000000 -2.000000 -2.000000 -2.000000 -2.000000 -2.000000 -2.000000 -2.000000 -2.000000 -2.000000 -2.000000 -2.000000 -2.000000 -2.000000 -2.000000 -2.000000 -2.000000 -2.000000 -2.000000 -2.000000 -2.000000 -2.000000 0.367556 0.367130 0.365854 0.363734 0.360783 0.357014 0.352448 0.347108 0.341018 0.334208 0.326709 0.318553 0.309775 0.300410 0.290494 0.280062 0.269151 0.257795 0.246029 0.233887 0.221401 0.208603 0.195521 0.182185 0.168622 0.154856 0.140911 0.126810 0.112573 0.098221 0.083769 0.069236 0.054637 0.039985 0.025294 
-2.000000 -2.000000 -2.000000 -2.000000 -2.000000 -2.000000 -2.000000 -2.000000 -2.000000 -2.000000 -2.000000 -2.000000 -2.000000 -2.000000 -2.000000 -2.000000 -2.000000 -2.000000 -2.000000 -2.000000 -2.000000 -2.000000 -2.000000 -2.000000 -2.000000 -2.000000 -2.000000 -2.000000 -2.000000 -2.000000 -2.000000 -2.000000 -2.000000 -2.000000 0.394751 0.394299 0.392948 0.390705 0.387583 0.383598 0.378772 0.373131 0.366704 0.359523 0.351623 0.343039 0.333810 0.323975 0.313572 0.302642 0.291222 0.279351 0.267067 0.254405 0.241400 0.228086 0.214493 0.200652 0.186592 0.172337 0.157914 0.143344 0.128650 0.113851 0.098966 0.084011 0.069002 0.053952 0.038875 
-2.000000 -2.000000 -2.000000 -2.000000 -2.000000 -2.000000 -2.000000 -2.000000 -2.000000 -2.000000 -2.000000 -2.000000 -2.000000 -2.000000 -2.000000 -2.000000 -2.000000 -2.000000 -2.000000 -2.000000 -2.000000 -2.000000 -2.000000 -2.000000 -2.000000 -2.000000 -2.000000 -2.000000 -2.000000 -2.000000 -2.000000 -2.000000 -2.000000 -2.000000 0.422640 0.422162 0.420729 0.418350 0.415040 0.410819 0.405710 0.399742 0.392948 0.385365 0.377029 0.367983 0.358267 0.347925 0.337000 0.325535 0.313572 0.301153 0.288317 0.275105 0.261551 0.247693 0.233563 0.219193 0.204612 0.189847 0.174925 0.159869 0.144701 0.129441 0.114108 0.098717 0.083286 0.067828 0.052356 
-2.000000 -2.000000 -2.000000 -2.000000 -2.000000 -2.000000 -2.000000 -2.000000 -2.000000 -2.000000 -2.000000 -2.000000 -2.000000 -2.000000 -2.000000 -2.000000 -2.000000 -2.000000 -2.000000 -2.000000 -2.000000 -2.000000 -2.000000 -2.000000 -2.000000 -2.000000 -2.000000 -2.000000 -2.000000 -2.000000 -2.000000 -2.000000 -2.000000 -2.000000 0.451268 0.450759 0.449237 0.446710 0.443194 0.438714 0.433294 0.426970 0.419776 0.411754 0.402946 0.393398 0.383157 0.372269 0.360783 0.348745 0.336201 0.323197 0.309775 0.295978 0.281845 0.267413 0.252718 0.237793 0.222668 0.207371 0.191930 0.176369 0.160710 0.144973 0.129177 0.113340 0.097476 0.081600 0.065724 
-2.000000 -2.000000 -2.000000 -2.000000 -2.000000 -2.000000 -2.000000 -2.000000 -2.000000 -2.000000 -2.000000 -2.000000 -2.000000 -2.000000 -2.000000 -2.000000 -2.000000 -2.000000 -2.000000 -2.000000 -2.000000 -2.000000 -2.000000 -2.000000 -2.000000 -2.000000 -2.000000 -2.000000 -2.000000 -2.000000 -2.000000 -2.000000 -2.000000 -2.000000 0.480681 0.480139 0.478517 0.475827 0.472086 0.467320 0.461561 0.454845 0.447214 0.438714 0.429392 0.419300 0.408490 0.397013 0.384922 0.372269 0.359104 0.345476 0.331432 0.317015 0.302269 0.287233 0.271944 0.256436 0.240742 0.224891 0.208911 0.192826 0.176658 0.160429 0.144158 0.127861 0.111553 0.095249 0.078960 
-2.000000 -2.000000 -2.000000 -2.000000 -2.000000 -2.000000 -2.000000 -2.000000 -2.000000 -2.000000 -2.000000 -2.000000 -2.000000 -2.000000 -2.000000 -2.000000 -2.000000 -2.000000 -2.000000 -2.000000 -2.000000 -2.000000 -2.000000 -2.000000 -2.000000 -2.000000 -2.000000 -2.000000 -2.000000 -2.000000 -2.000000 -2.000000 -2.000000 -2.000000 0.510931 0.510352 0.508621 0.505749 0.501759 0.496679 0.490546 0.483400 0.475290 0.466267 0.456386 0.445703 0.434275 0.422162 0.409420 0.396107 0.382277 0.367983 0.353275 0.338202 0.322808 0.307135 0.291222 0.275105 0.258817 0.242388 0.225847 0.209219 0.192527 0.175791 0.159030 0.142261 0.125499 0.108758 0.092048 
-2.000000 -2.000000 -2.000000 -2.000000 -2.000000 -2.000000 -2.000000 -2.000000 -2.000000 -2.000000 -2.000000 -2.000000 -2.000000 -2.000000 -2.000000 -2.000000 -2.000000 -2.000000 -2.000000 -2.000000 -2.000000 -2.000000 -2.000000 -2.000000 -2.000000 -2.000000 -2.000000 -2.000000 -2.000000 -2.000000 -2.000000 -2.000000 -2.000000 -2.000000 0.542073 0.541454 0.539601 0.536529 0.532263 0.526836 0.520289 0.512671 0.504035 0.494439 0.483946 0.472618 0.460521 0.447719 0.434275 0.420252 0.405710 0.390705 0.375293 0.359523 0.343445 0.327101 0.310532 0.293777 0.276869 0.259840 0.242718 0.225529 0.208294 0.191037 0.173773 0.156521 0.139295 0.122107 0.104970 
-2.000000 -2.000000 -2.000000 -2.000000 -2.000000 -2.000000 -2.000000 -2.000000 -2.000000 -2.000000 -2.000000 -2.000000 -2.000000 -2.000000 -2.000000 -2.000000 -2.000000 -2.000000 -2.000000 -2.000000 -2.000000 -2.000000 -2.000000 -2.000000 -2.000000 -2.000000 -2.000000 -2.000000 -2.000000 -2.000000 -2.000000 -2.000000 -2.000000 -2.000000 0.574171 0.573506 0.571517 0.568223 0.563650 0.557838 0.550834 0.542693 0.533478 0.523253 0.512090 0.500060 0.487234 0.473685 0.459484 0.444698 0.429392 0.413629 0.397467 0.380959 0.364158 0.347108 0.329852 0.312430 0.294876 0.277223 0.259499 0.241729 0.223937 0.206143 0.188365 0.170619 0.152919 0.135277 0.117705 
-2.000000 -2.000000 -2.000000 -2.000000 -2.000000 -2.000000 -2.000000 -2.000000 -2.000000 -2.000000 -2.000000 -2.000000 -2.000000 -2.000000 -2.000000 -2.000000 -2.000000 -2.000000 -2.000000 -2.000000 -2.000000 -2.000000 -2.000000 -2.000000 -2.000000 -2.000000 -2.000000 -2.000000 -2.000000 -2.000000 -2.000000 -2.000000 -2.000000 -2.000000 0.607291 0.606576 0.604436 0.600892 0.595978 0.589737 0.582225 0.573506 0.563650 0.552733 0.540835 0.528036 0.514418 0.500060 0.485039 0.469432 0.453309 0.436736 0.419776 0.402487 0.384922 0.367130 0.349155 0.331036 0.312811 0.294510 0.276163 0.257795 0.239429 0.221085 0.202780 0.184530 0.166348 0.148246 0.130233 
-2.000000 -2.000000 -2.000000 -2.000000 -2.000000 -2.000000 -2.000000 -2.000000 -2.000000 -2.000000 -2.000000 -2.000000 -2.000000 -2.000000 -2.000000 -2.000000 -2.000000 -2.000000 -2.000000 -2.000000 -2.000000 -2.000000 -2.000000 -2.000000 -2.000000 -2.000000 -2.000000 -2.000000 -2.000000 -2.000000 -2.000000 -2.000000 -2.000000 -2.000000 0.641511 0.640739 0.638429 0.634606 0.629308 0.622588 0.614510 0.605148 0.594583 0.582903 0.570197 0.556556 0.542073 0.526836 0.510931 0.494439 0.477439 0.460002 0.442195 0.424079 0.405710 0.387138 0.368410 0.349565 0.330641 0.311670 0.292680 0.273697 0.254743 0.235836 0.216994 0.198231 0.179560 0.160990 0.142532 
-2.000000 -2.000000 -2.000000 -2.000000 -2.000000 -2.000000 -2.000000 -2.000000 -2.000000 -2.000000 -2.000000 -2.000000 -2.000000 -2.000000 -2.000000 -2.000000 -2.000000 -2.000000 -2.000000 -2.000000 -2.000000 -2.000000 -2.000000 -2.000000 -2.000000 -2.000000 -2.000000 -2.000000 -2.000000 -2.000000 -2.000000 -2.000000 -2.000000 -2.000000 0.676914 0.676077 0.673576 0.669438 0.663710 0.656452 0.647741 0.637662 0.626309 0.613783 0.600187 0.585624 0.570197 0.554004 0.537142 0.519699 0.501759 0.483400 0.464693 0.445703 0.426487 0.407098 0.387583 0.367983 0.348335 0.328671 0.309019 0.289405 0.269848 0.250367 0.230978 0.211694 0.192527 0.173486 0.154578 
-2.000000 -2.000000 -2.000000 -2.000000 -2.000000 -2.000000 -2.000000 -2.000000 -2.000000 -2.000000 -2.000000 -2.000000 -2.000000 -2.000000 -2.000000 -2.000000 -2.000000 -2.000000 -2.000000 -2.000000 -2.000000 -2.000000 -2.000000 -2.000000 -2.000000 -2.000000 -2.000000 -2.000000 -2.000000 -2.000000 -2.000000 -2.000000 -2.000000 -2.000000 0.713593 0.712683 0.709965 0.705471 0.699256 0.691392 0.681970 0.671088 0.658858 0.645394 0.630815 0.615239 0.598779 0.581548 0.563650 0.545183 0.526237 0.506896 0.487234 0.467320 0.447214 0.426970 0.406635 0.386251 0.365854 0.345476 0.325145 0.304883 0.284711 0.264646 0.244702 0.224891 0.205224 0.185707 0.166348 
-2.000000 -2.000000 -2.000000 -2.000000 -2.000000 -2.000000 -2.000000 -2.000000 -2.000000 -2.000000 -2.000000 -2.000000 -2.000000 -2.000000 -2.000000 -2.000000 -2.000000 -2.000000 -2.000000 -2.000000 -2.000000 -2.000000 -2.000000 -2.000000 -2.000000 -2.000000 -2.000000 -2.000000 -2.000000 -2.000000 -2.000000 -2.000000 -2.000000 -2.000000 0.751653 0.750660 0.747693 0.742794 0.736026 0.727478 0.717253 0.705471 0.692259 0.677753 0.662086 0.645394 0.627806 0.609445 0.590426 0.570856 0.550834 0.530447 0.509774 0.488887 0.467847 0.446710 0.425522 0.404326 0.383157 0.362046 0.341018 0.320096 0.299299 0.278641 0.258135 0.237793 0.217621 0.197628 0.177817 
-2.000000 -2.000000 -2.000000 -2.000000 -2.000000 -2.000000 -2.000000 -2.000000 -2.000000 -2.000000 -2.000000 -2.000000 -2.000000 -2.000000 -2.000000 -2.000000 -2.000000 -2.000000 -2.000000 -2.000000 -2.000000 -2.000000 -2.000000 -2.000000 -2.000000 -2.000000 -2.000000 -2.000000 -2.000000 -2.000000 -2.000000 -2.000000 -2.000000 -2.000000 0.791210 0.790121 0.786870 0.781507 0.774109 0.764780 0.753647 0.740849 0.726538 0.710869 0.693998 0.676077 0.657253 0.637662 0.617431 0.596676 0.575503 0.554004 0.532263 0.510352 0.488335 0.466267 0.444196 0.422162 0.400198 0.378336 0.356598 0.335004 0.313572 0.292315 0.271244 0.250367 0.229690 0.209219 0.188957 
-2.000000 -2.000000 -2.000000 -2.000000 -2.000000 -2.000000 -2.000000 -2.000000 -2.000000 -2.000000 -2.000000 -2.000000 -2.000000 -2.000000 -2.000000 -2.000000 -2.000000 -2.000000 -2.000000 -2.000000 -2.000000 -2.000000 -2.000000 -2.000000 -2.000000 -2.000000 -2.000000 -2.000000 -2.000000 -2.000000 -2.000000 -2.000000 -2.000000 -2.000000 0.832393 0.831194 0.827615 0.821718 0.813596 0.803377 0.791210 0.777264 0.761715 0.744747 0.726538 0.707263 0.687084 0.666155 0.644615 0.622588 0.600187 0.577509 0.554641 0.531657 0.508621 0.485587 0.462602 0.439706 0.416929 0.394299 0.371839 0.349565 0.327493 0.305633 0.283993 0.262581 0.241400 0.220454 0.199743 
-2.000000 -2.000000 -2.000000 -2.000000 -2.000000 -2.000000 -2.000000 -2.000000 -2.000000 -2.000000 -2.000000 -2.000000 -2.000000 -2.000000 -2.000000 -2.000000 -2.000000 -2.000000 -2.000000 -2.000000 -2.000000 -2.000000 -2.000000 -2.000000 -2.000000 -2.000000 -2.000000 -2.000000 -2.000000 -2.000000 -2.000000 -2.000000 -2.000000 -2.000000 0.875349 0.874021 0.870062 0.863545 0.854588 0.843345 0.829997 0.814747 0.797803 0.779380 0.759684 0.738914 0.717253 0.694870 0.671916 0.648526 0.624817 0.600892 0.576839 0.552733 0.528638 0.504606 0.480681 0.456901 0.433294 0.409886 0.386694 0.363734 0.341018 0.318553 0.296346 0.274400 0.252718 0.231300 0.210146 
-2.000000 -2.000000 -2.000000 -2.000000 -2.000000 -2.000000 -2.000000 -2.000000 -2.000000 -2.000000 -2.000000 -2.000000 -2.000000 -2.000000 -2.000000 -2.000000 -2.000000 -2.000000 -2.000000 -2.000000 -2.000000 -2.000000 -2.000000 -2.000000 -2.000000 -2.000000 -2.000000 -2.000000 -2.000000 -2.000000 -2.000000 -2.000000 -2.000000 -2.000000 0.920241 0.918762 0.914358 0.907119 0.897191 0.884765 0.870062 0.853324 0.834803 0.814747 0.793396 0.770977 0.747693 0.723732 0.699256 0.674408 0.649312 0.624073 0.598779 0.573506 0.548314 0.523253 0.498366 0.473685 0.449237 0.425041 0.401113 0.377464 0.354104 0.331036 0.308265 0.285790 0.263612 0.241729 0.220138 
-2.000000 -2.000000 -2.000000 -2.000000 -2.000000 -2.000000 -2.000000 -2.000000 -2.000000 -2.000000 -2.000000 -2.000000 -2.000000 -2.000000 -2.000000 -2.000000 -2.000000 -2.000000 -2.000000 -2.000000 -2.000000 -2.000000 -2.000000 -2.000000 -2.000000 -2.000000 -2.000000 -2.000000 -2.000000 -2.000000 -2.000000 -2.000000 -2.000000 -2.000000 0.967252 0.965595 0.960665 0.952578 0.941515 0.927714 0.911447 0.893008 0.872697 0.850807 0.827615 0.803377 0.778320 0.752649 0.726538 0.700138 0.673576 0.646957 0.620371 0.593888 0.567567 0.541454 0.515586 0.489992 0.464693 0.439706 0.415040 0.390705 0.366704 0.343039 0.319710 0.296714 0.274049 0.251709 0.229690 
-2.000000 -2.000000 -2.000000 -2.000000 -2.000000 -2.000000 -2.000000 -2.000000 -2.000000 -2.000000 -2.000000 -2.000000 -2.000000 -2.000000 -2.000000 -2.000000 -2.000000 -2.000000 -2.000000 -2.000000 -2.000000 -2.000000 -2.000000 -2.000000 -2.000000 -2.000000 -2.000000 -2.000000 -2.000000 -2.000000 -2.000000 -2.000000 -2.000000 -2.000000 1.016586 1.014717 1.009162 1.000069 0.987670 0.972262 0.954182 0.933791 0.911447 0.887495 0.862254 0.836012 0.809024 0.781507 0.753647 0.725601 0.697496 0.669438 0.641511 0.613783 0.586307 0.559123 0.532263 0.505749 0.479598 0.453820 0.428422 0.403406 0.378772 0.354519 0.330641 0.307135 0.283993 0.261209 0.238774 
-2.000000 -2.000000 -2.000000 -2.000000 -2.000000 -2.000000 -2.000000 -2.000000 -2.000000 -2.000000 -2.000000 -2.000000 -2.000000 -2.000000 -2.000000 -2.000000 -2.000000 -2.000000 -2.000000 -2.000000 -2.000000 -2.000000 -2.000000 -2.000000 -2.000000 -2.000000 -2.000000 -2.000000 -2.000000 -2.000000 -2.000000 -2.000000 -2.000000 -2.000000 1.068471 1.066347 1.060041 1.049746 1.035762 1.018463 0.998275 0.975636 0.950979 0.924709 0.897191 0.868750 0.839663 0.810162 0.780442 0.750660 0.720943 0.691392 0.662086 0.633086 0.604436 0.576171 0.548314 0.520881 0.493881 0.467320 0.441198 0.415512 0.390258 0.365429 0.341018 0.317015 0.293411 0.270196 0.247360 
-2.000000 -2.000000 -2.000000 -2.000000 -2.000000 -2.000000 -2.000000 -2.000000 -2.000000 -2.000000 -2.000000 -2.000000 -2.000000 -2.000000 -2.000000 -2.000000 -2.000000 -2.000000 -2.000000 -2.000000 -2.000000 -2.000000 -2.000000 -2.000000 -2.000000 -2.000000 -2.000000 -2.000000 -2.000000 -2.000000 -2.000000 -2.000000 -2.000000 -2.000000 1.123154 1.120720 1.113504 1.101761 1.085880 1.066347 1.043694 1.018463 0.991174 0.962302 0.932263 0.901417 0.870062 0.838442 0.806756 0.775158 0.743769 0.712683 0.681970 0.651679 0.621848 0.592500 0.563650 0.535306 0.507470 0.480139 0.453309 0.426970 0.401113 0.375726 0.350799 0.326317 0.302269 0.278641 0.255419 
-2.000000 -2.000000 -2.000000 -2.000000 -2.000000 -2.000000 -2.000000 -2.000000 -2.000000 -2.000000 -2.000000 -2.000000 -2.000000 -2.000000 -2.000000 -2.000000 -2.000000 -2.000000 -2.000000 -2.000000 -2.000000 -2.000000 -2.000000 -2.000000 -2.000000 -2.000000 -2.000000 -2.000000 -2.000000 -2.000000 -2.000000 -2.000000 -2.000000 -2.000000 1.180902 1.178085 1.169753 1.156248 1.138085 1.115894 1.090353 1.062132 1.031853 1.000069 0.967252 0.933791 0.900004 0.866140 0.832393 0.798912 0.765807 0.733158 0.701022 0.669438 0.638429 0.608008 0.578180 0.548942 0.520289 0.492210 0.464693 0.437724 0.411286 0.385365 0.359943 0.335004 0.310532 0.286511 0.262924 
-2.000000 -2.000000 -2.000000 -2.000000 -2.000000 -2.000000 -2.000000 -2.000000 -2.000000 -2.000000 -2.000000 -2.000000 -2.000000 -2.000000 -2.000000 -2.000000 -2.000000 -2.000000 -2.000000 -2.000000 -2.000000 -2.000000 -2.000000 -2.000000 -2.000000 -2.000000 -2.000000 -2.000000 -2.000000 -2.000000 -2.000000 -2.000000 -2.000000 -2.000000 1.241985 1.238692 1.228977 1.213307 1.192377 1.167015 1.138085 1.106416 1.072753 1.037730 1.001872 0.965595 0.929225 0.893008 0.857128 0.821718 0.786870 0.752649 0.719094 0.686228 0.654059 0.622588 0.591807 0.561704 0.532263 0.503465 0.475290 0.447719 0.420729 0.394299 0.368410 0.343039 0.318168 0.293777 0.269848 
-2.000000 -2.000000 -2.000000 -2.000000 -2.000000 -2.000000 -2.000000 -2.000000 -2.000000 -2.000000 -2.000000 -2.000000 -2.000000 -2.000000 -2.000000 -2.000000 -2.000000 -2.000000 -2.000000 -2.000000 -2.000000 -2.000000 -2.000000 -2.000000 -2.000000 -2.000000 -2.000000 -2.000000 -2.000000 -2.000000 -2.000000 -2.000000 -2.000000 -2.000000 1.306654 1.302760 1.291312 1.272961 1.248657 1.219500 1.186598 1.150973 1.113504 1.074911 1.035762 0.996488 0.957411 0.918762 0.880704 0.843345 0.806756 0.770977 0.736026 0.701908 0.668615 0.636131 0.604436 0.573506 0.543314 0.513835 0.485039 0.456901 0.429392 0.402487 0.376160 0.350387 0.325145 0.300410 0.276163 
-2.000000 -2.000000 -2.000000 -2.000000 -2.000000 -2.000000 -2.000000 -2.000000 -2.000000 -2.000000 -2.000000 -2.000000 -2.000000 -2.000000 -2.000000 -2.000000 -2.000000 -2.000000 -2.000000 -2.000000 -2.000000 -2.000000 -2.000000 -2.000000 -2.000000 -2.000000 -2.000000 -2.000000 -2.000000 -2.000000 -2.000000 -2.000000 -2.000000 -2.000000 1.375083 1.370423 1.356780 1.335084 1.306654 1.272961 1.235427 1.195300 1.153601 1.111127 1.068471 1.026060 0.984196 0.943078 0.902835 0.863545 0.825246 0.787951 0.751653 0.716335 0.681970 0.648526 0.615968 0.584261 0.553368 0.523253 0.493881 0.465217 0.437229 0.409886 0.383157 0.357014 0.331432 0.306383 0.281845 
-2.000000 -2.000000 -2.000000 -2.000000 -2.000000 -2.000000 -2.000000 -2.000000 -2.000000 -2.000000 -2.000000 -2.000000 -2.000000 -2.000000 -2.000000 -2.000000 -2.000000 -2.000000 -2.000000 -2.000000 -2.000000 -2.000000 -2.000000 -2.000000 -2.000000 -2.000000 -2.000000 -2.000000 -2.000000 -2.000000 -2.000000 -2.000000 -2.000000 -2.000000 1.447265 1.441618 1.425176 1.399290 1.365820 1.326742 1.283866 1.238692 1.192377 1.145767 1.099453 1.053833 1.009162 0.965595 0.923214 0.882053 0.842114 0.803377 0.765807 0.729363 0.693998 0.659663 0.626309 0.593888 0.562352 0.531657 0.501759 0.472618 0.444196 0.416456 0.389364 0.362889 0.337000 0.311670 0.286872 
-2.000000 -2.000000 -2.000000 -2.000000 -2.000000 -2.000000 -2.000000 -2.000000 -2.000000 -2.000000 -2.000000 -2.000000 -2.000000 -2.000000 -2.000000 -2.000000 -2.000000 -2.000000 -2.000000 -2.000000 -2.000000 -2.000000 -2.000000 -2.000000 -2.000000 -2.000000 -2.000000 -2.000000 -2.000000 -2.000000 -2.000000 -2.000000 -2.000000 -2.000000 1.522807 1.515880 1.495857 1.464744 1.425176 1.379801 1.330890 1.280196 1.228977 1.178085 1.128069 1.079263 1.031853 0.985929 0.941515 0.898595 0.857128 0.817058 0.778320 0.740849 0.704577 0.669438 0.635368 0.602306 0.570197 0.538985 0.508621 0.479057 0.450251 0.422162 0.394751 0.367983 0.341825 0.316248 0.291222 
-2.000000 -2.000000 -2.000000 -2.000000 -2.000000 -2.000000 -2.000000 -2.000000 -2.000000 -2.000000 -2.000000 -2.000000 -2.000000 -2.000000 -2.000000 -2.000000 -2.000000 -2.000000 -2.000000 -2.000000 -2.000000 -2.000000 -2.000000 -2.000000 -2.000000 -2.000000 -2.000000 -2.000000 -2.000000 -2.000000 -2.000000 -2.000000 -2.000000 -2.000000 1.600537 1.591961 1.567404 1.529868 1.483094 1.430576 1.375083 1.318579 1.262357 1.207212 1.153601 1.101761 1.051784 1.003682 0.957411 0.912900 0.870062 0.828805 0.789035 0.750660 0.713593 0.677753 0.643060 0.609445 0.576839 0.545183 0.514418 0.484492 0.455358 0.426970 0.399286 0.372269 0.345884 0.320096 0.294876 
-2.000000 -2.000000 -2.000000 -2.000000 -2.000000 -2.000000 -2.000000 -2.000000 -2.000000 -2.000000 -2.000000 -2.000000 -2.000000 -2.000000 -2.000000 -2.000000 -2.000000 -2.000000 -2.000000 -2.000000 -2.000000 -2.000000 -2.000000 -2.000000 -2.000000 -2.000000 -2.000000 -2.000000 -2.000000 -2.000000 -2.000000 -2.000000 -2.000000 -2.000000 1.677831 1.667189 1.637072 1.591961 1.537070 1.476875 1.414605 1.352340 1.291312 1.232189 1.175288 1.120720 1.068471 1.018463 0.970585 0.924709 0.880704 0.838442 0.797803 0.758672 0.720943 0.684520 0.649312 0.615239 0.582225 0.550203 0.519109 0.488887 0.459484 0.430852 0.402946 0.375726 0.349155 0.323197 0.297820 
-2.000000 -2.000000 -2.000000 -2.000000 -2.000000 -2.000000 -2.000000 -2.000000 -2.000000 -2.000000 -2.000000 -2.000000 -2.000000 -2.000000 -2.000000 -2.000000 -2.000000 -2.000000 -2.000000 -2.000000 -2.000000 -2.000000 -2.000000 -2.000000 -2.000000 -2.000000 -2.000000 -2.000000 -2.000000 -2.000000 -2.000000 -2.000000 -2.000000 -2.000000 1.749611 1.736561 1.700143 1.646827 1.583587 1.515880 1.447265 1.379801 1.314562 1.252037 1.192377 1.135557 1.081456 1.029913 0.980750 0.933791 0.888866 0.845818 0.804500 0.764780 0.726538 0.689664 0.654059 0.619634 0.586307 0.554004 0.522659 0.492210 0.462602 0.433784 0.405710 0.378336 0.351623 0.325535 0.300039 
-2.000000 -2.000000 -2.000000 -2.000000 -2.000000 -2.000000 -2.000000 -2.000000 -2.000000 -2.000000 -2.000000 -2.000000 -2.000000 -2.000000 -2.000000 -2.000000 -2.000000 -2.000000 -2.000000 -2.000000 -2.000000 -2.000000 -2.000000 -2.000000 -2.000000 -2.000000 -2.000000 -2.000000 -2.000000 -2.000000 -2.000000 -2.000000 -2.000000 -2.000000 1.807471 1.792053 1.749611 1.688809 1.618334 1.544418 1.470759 1.399290 1.330890 1.265859 1.204200 1.145767 1.090353 1.037730 0.987670 0.939959 0.894398 0.850807 0.809024 0.768901 0.730309 0.693128 0.657253 0.622588 0.589049 0.556556 0.525041 0.494439 0.464693 0.435750 0.407561 0.380083 0.353275 0.327101 0.301525 
-2.000000 -2.000000 -2.000000 -2.000000 -2.000000 -2.000000 -2.000000 -2.000000 -2.000000 -2.000000 -2.000000 -2.000000 -2.000000 -2.000000 -2.000000 -2.000000 -2.000000 -2.000000 -2.000000 -2.000000 -2.000000 -2.000000 -2.000000 -2.000000 -2.000000 -2.000000 -2.000000 -2.000000 -2.000000 -2.000000 -2.000000 -2.000000 -2.000000 -2.000000 1.840613 1.823631 1.777308 1.711861 1.637072 1.559578 1.483094 1.409430 1.339325 1.272961 1.210248 1.150973 1.094877 1.041696 0.991174 0.943078 0.897191 0.853324 0.811304 0.770977 0.732206 0.694870 0.658858 0.624073 0.590426 0.557838 0.526237 0.495558 0.465742 0.436736 0.408490 0.380959 0.354104 0.327885 0.302269 
-2.000000 -2.000000 -2.000000 -2.000000 -2.000000 -2.000000 -2.000000 -2.000000 -2.000000 -2.000000 -2.000000 -2.000000 -2.000000 -2.000000 -2.000000 -2.000000 -2.000000 -2.000000 -2.000000 -2.000000 -2.000000 -2.000000 -2.000000 -2.000000 -2.000000 -2.000000 -2.000000 -2.000000 -2.000000 -2.000000 -2.000000 -2.000000 -2.000000 -2.000000 1.844997 1.827796 1.780934 1.714853 1.639485 1.561518 1.484665 1.410717 1.340392 1.273858 1.211010 1.151628 1.095446 1.042194 0.991615 0.943469 0.897542 0.853640 0.811589 0.771237 0.732444 0.695088 0.659059 0.624259 0.590598 0.557998 0.526387 0.495698 0.465873 0.436859 0.408606 0.381069 0.354207 0.327983 0.302362 
-2.000000 -2.000000 -2.000000 -2.000000 -2.000000 -2.000000 -2.000000 -2.000000 -2.000000 -2.000000 -2.000000 -2.000000 -2.000000 -2.000000 -2.000000 -2.000000 -2.000000 -2.000000 -2.000000 -2.000000 -2.000000 -2.000000 -2.000000 -2.000000 -2.000000 -2.000000 -2.000000 -2.000000 -2.000000 -2.000000 -2.000000 -2.000000 -2.000000 -2.000000 1.840424 1.823452 1.777151 1.711732 1.636967 1.559493 1.483026 1.409374 1.339278 1.272922 1.210215 1.150944 1.094852 1.041674 0.991155 0.943061 0.897176 0.853310 0.811291 0.770965 0.732196 0.694860 0.658849 0.624065 0.590418 0.557831 0.526230 0.495552 0.465736 0.436730 0.408485 0.380955 0.354099 0.327881 0.302265 
-2.000000 -2.000000 -2.000000 -2.000000 -2.000000 -2.000000 -2.000000 -2.000000 -2.000000 -2.000000 -2.000000 -2.000000 -2.000000 -2.000000 -2.000000 -2.000000 -2.000000 -2.000000 -2.000000 -2.000000 -2.000000 -2.000000 -2.000000 -2.000000 -2.000000 -2.000000 -2.000000 -2.000000 -2.000000 -2.000000 -2.000000 -2.000000 -2.000000 -2.000000 1.806961 1.791565 1.749181 1.688448 1.618039 1.544178 1.470563 1.399129 1.330755 1.265745 1.204103 1.145683 1.090281 1.037666 0.987614 0.939909 0.894353 0.850767 0.808987 0.768868 0.730278 0.693100 0.657227 0.622564 0.589026 0.556536 0.525022 0.494421 0.464676 0.435734 0.407546 0.380069 0.353262 0.327088 0.301513 
-2.000000 -2.000000 -2.000000 -2.000000 -2.000000 -2.000000 -2.000000 -2.000000 -2.000000 -2.000000 -2.000000 -2.000000 -2.000000 -2.000000 -2.000000 -2.000000 -2.000000 -2.000000 -2.000000 -2.000000 -2.000000 -2.000000 -2.000000 -2.000000 -2.000000 -2.000000 -2.000000 -2.000000 -2.000000 -2.000000 -2.000000 -2.000000 -2.000000 -2.000000 1.748895 1.735873 1.699524 1.646295 1.583142 1.515511 1.446959 1.379545 1.314347 1.251854 1.192221 1.135421 1.081338 1.029809 0.980658 0.933709 0.888792 0.845751 0.804439 0.764725 0.726488 0.689618 0.654016 0.619594 0.586270 0.553970 0.522627 0.492180 0.462574 0.433758 0.405685 0.378312 0.351601 0.325514 0.300019 
-2.000000 -2.000000 -2.000000 -2.000000 -2.000000 -2.000000 -2.000000 -2.000000 -2.000000 -2.000000 -2.000000 -2.000000 -2.000000 -2.000000 -2.000000 -2.000000 -2.000000 -2.000000 -2.000000 -2.000000 -2.000000 -2.000000 -2.000000 -2.000000 -2.000000 -2.000000 -2.000000 -2.000000 -2.000000 -2.000000 -2.000000 -2.000000 -2.000000 -2.000000 1.677018 1.666400 1.636348 1.591324 1.536522 1.476410 1.414212 1.352008 1.291029 1.231946 1.175078 1.120537 1.068310 1.018321 0.970459 0.924596 0.880602 0.838351 0.797720 0.758596 0.720873 0.684455 0.649253 0.615184 0.582174 0.550155 0.519065 0.488845 0.459445 0.430815 0.402912 0.375694 0.349124 0.323167 0.297792 
-2.000000 -2.000000 -2.000000 -2.000000 -2.000000 -2.000000 -2.000000 -2.000000 -2.000000 -2.000000 -2.000000 -2.000000 -2.000000 -2.000000 -2.000000 -2.000000 -2.000000 -2.000000 -2.000000 -2.000000 -2.000000 -2.000000 -2.000000 -2.000000 -2.000000 -2.000000 -2.000000 -2.000000 -2.000000 -2.000000 -2.000000 -2.000000 -2.000000 -2.000000 1.599698 1.591142 1.566638 1.529179 1.482487 1.430049 1.374629 1.318188 1.262019 1.206919 1.153346 1.101536 1.051587 1.003506 0.957254 0.912759 0.869935 0.828689 0.788929 0.750564 0.713505 0.677671 0.642985 0.609375 0.576775 0.545122 0.514361 0.484439 0.455308 0.426923 0.399242 0.372228 0.345844 0.320059 0.294841 
-2.000000 -2.000000 -2.000000 -2.000000 -2.000000 -2.000000 -2.000000 -2.000000 -2.000000 -2.000000 -2.000000 -2.000000 -2.000000 -2.000000 -2.000000 -2.000000 -2.000000 -2.000000 -2.000000 -2.000000 -2.000000 -2.000000 -2.000000 -2.000000 -2.000000 -2.000000 -2.000000 -2.000000 -2.000000 -2.000000 -2.000000 -2.000000 -2.000000 -2.000000 1.521981 1.515069 1.495090 1.464039 1.424542 1.379239 1.330397 1.279764 1.228599 1.177753 1.127776 1.079004 1.031623 0.985724 0.941331 0.898429 0.856977 0.816921 0.778195 0.740735 0.704472 0.669340 0.635278 0.602223 0.570119 0.538912 0.508552 0.478993 0.450191 0.422105 0.394697 0.367932 0.341778 0.316203 0.291179 
-2.000000 -2.000000 -2.000000 -2.000000 -2.000000 -2.000000 -2.000000 -2.000000 -2.000000 -2.000000 -2.000000 -2.000000 -2.000000 -2.000000 -2.000000 -2.000000 -2.000000 -2.000000 -2.000000 -2.000000 -2.000000 -2.000000 -2.000000 -2.000000 -2.000000 -2.000000 -2.000000 -2.000000 -2.000000 -2.000000 -2.000000 -2.000000 -2.000000 -2.000000 1.446470 1.440835 1.424427 1.398592 1.365181 1.326165 1.283351 1.238234 1.191971 1.145406 1.099131 1.053546 1.008905 0.965364 0.923005 0.881864 0.841942 0.803220 0.765663 0.729231 0.693876 0.659550 0.626205 0.593791 0.562261 0.531572 0.501680 0.472544 0.444126 0.416390 0.389302 0.362830 0.336945 0.311617 0.286821 
-2.000000 -2.000000 -2.000000 -2.000000 -2.000000 -2.000000 -2.000000 -2.000000 -2.000000 -2.000000 -2.000000 -2.000000 -2.000000 -2.000000 -2.000000 -2.000000 -2.000000 -2.000000 -2.000000 -2.000000 -2.000000 -2.000000 -2.000000 -2.000000 -2.000000 -2.000000 -2.000000 -2.000000 -2.000000 -2.000000 -2.000000 -2.000000 -2.000000 -2.000000 1.374327 1.369677 1.356060 1.334404 1.306023 1.272383 1.234903 1.194827 1.153176 1.110745 1.068127 1.025751 0.983917 0.942825 0.902606 0.863337 0.825056 0.787776 0.751493 0.716187 0.681833 0.648399 0.615850 0.584152 0.553266 0.523157 0.493791 0.465133 0.437150 0.409811 0.383086 0.356947 0.331368 0.306323 0.281787 
-2.000000 -2.000000 -2.000000 -2.000000 -2.000000 -2.000000 -2.000000 -2.000000 -2.000000 -2.000000 -2.000000 -2.000000 -2.000000 -2.000000 -2.000000 -2.000000 -2.000000 -2.000000 -2.000000 -2.000000 -2.000000 -2.000000 -2.000000 -2.000000 -2.000000 -2.000000 -2.000000 -2.000000 -2.000000 -2.000000 -2.000000 -2.000000 -2.000000 -2.000000 1.305939 1.302053 1.290625 1.272306 1.248043 1.218930 1.186074 1.150494 1.113068 1.074516 1.035403 0.996162 0.957115 0.918492 0.880457 0.843120 0.806549 0.770787 0.735851 0.701746 0.668465 0.635991 0.604306 0.573384 0.543201 0.513728 0.484939 0.456807 0.429303 0.402403 0.376081 0.350312 0.325073 0.300343 0.276098 
-2.000000 -2.000000 -2.000000 -2.000000 -2.000000 -2.000000 -2.000000 -2.000000 -2.000000 -2.000000 -2.000000 -2.000000 -2.000000 -2.000000 -2.000000 -2.000000 -2.000000 -2.000000 -2.000000 -2.000000 -2.000000 -2.000000 -2.000000 -2.000000 -2.000000 -2.000000 -2.000000 -2.000000 -2.000000 -2.000000 -2.000000 -2.000000 -2.000000 -2.000000 1.241310 1.238023 1.228325 1.212680 1.191783 1.166458 1.137567 1.105938 1.072313 1.037327 1.001503 0.965257 0.928916 0.892725 0.856868 0.821478 0.786650 0.752445 0.718906 0.686053 0.653897 0.622437 0.591666 0.561572 0.532139 0.503349 0.475181 0.447616 0.420631 0.394207 0.368322 0.342957 0.318090 0.293702 0.269776 
-2.000000 -2.000000 -2.000000 -2.000000 -2.000000 -2.000000 -2.000000 -2.000000 -2.000000 -2.000000 -2.000000 -2.000000 -2.000000 -2.000000 -2.000000 -2.000000 -2.000000 -2.000000 -2.000000 -2.000000 -2.000000 -2.000000 -2.000000 -2.000000 -2.000000 -2.000000 -2.000000 -2.000000 -2.000000 -2.000000 -2.000000 -2.000000 -2.000000 -2.000000 1.180264 1.177452 1.169133 1.155649 1.137513 1.115353 1.089846 1.061659 1.031414 0.999663 0.966877 0.933446 0.899685 0.865846 0.832122 0.798661 0.765575 0.732943 0.700822 0.669252 0.638255 0.607846 0.578028 0.548800 0.520156 0.492085 0.464575 0.437612 0.411181 0.385265 0.359848 0.334914 0.310447 0.286430 0.262847 
-2.000000 -2.000000 -2.000000 -2.000000 -2.000000 -2.000000 -2.000000 -2.000000 -2.000000 -2.000000 -2.000000 -2.000000 -2.000000 -2.000000 -2.000000 -2.000000 -2.000000 -2.000000 -2.000000 -2.000000 -2.000000 -2.000000 -2.000000 -2.000000 -2.000000 -2.000000 -2.000000 -2.000000 -2.000000 -2.000000 -2.000000 -2.000000 -2.000000 -2.000000 1.122551 1.120120 1.112915 1.101189 1.085331 1.065823 1.043199 1.017998 0.990740 0.961897 0.931887 0.901067 0.869737 0.838141 0.806476 0.774898 0.743528 0.712459 0.681760 0.651484 0.621665 0.592328 0.563489 0.535155 0.507328 0.480005 0.453182 0.426850 0.400999 0.375619 0.350697 0.326221 0.302177 0.278553 0.255336 
-2.000000 -2.000000 -2.000000 -2.000000 -2.000000 -2.000000 -2.000000 -2.000000 -2.000000 -2.000000 -2.000000 -2.000000 -2.000000 -2.000000 -2.000000 -2.000000 -2.000000 -2.000000 -2.000000 -2.000000 -2.000000 -2.000000 -2.000000 -2.000000 -2.000000 -2.000000 -2.000000 -2.000000 -2.000000 -2.000000 -2.000000 -2.000000 -2.000000 -2.000000 1.067899 1.065778 1.059481 1.049200 1.035234 1.017958 0.997794 0.975181 0.950550 0.924306 0.896815 0.868399 0.839334 0.809856 0.780156 0.750393 0.720694 0.691160 0.661869 0.632882 0.604245 0.575991 0.548145 0.520722 0.493731 0.467178 0.441064 0.415385 0.390138 0.365315 0.340910 0.316912 0.293313 0.270103 0.247270 
-2.000000 -2.000000 -2.000000 -2.000000 -2.000000 -2.000000 -2.000000 -2.000000 -2.000000 -2.000000 -2.000000 -2.000000 -2.000000 -2.000000 -2.000000 -2.000000 -2.000000 -2.000000 -2.000000 -2.000000 -2.000000 -2.000000 -2.000000 -2.000000 -2.000000 -2.000000 -2.000000 -2.000000 -2.000000 -2.000000 -2.000000 -2.000000 -2.000000 -2.000000 1.016043 1.014176 1.008629 0.999547 0.987164 0.971774 0.953716 0.933347 0.911026 0.887097 0.861880 0.835661 0.808694 0.781197 0.753357 0.725329 0.697241 0.669199 0.641287 0.613572 0.586108 0.558936 0.532087 0.505583 0.479441 0.453671 0.428281 0.403272 0.378645 0.354398 0.330527 0.307026 0.283889 0.261109 0.238679 
-2.000000 -2.000000 -2.000000 -2.000000 -2.000000 -2.000000 -2.000000 -2.000000 -2.000000 -2.000000 -2.000000 -2.000000 -2.000000 -2.000000 -2.000000 -2.000000 -2.000000 -2.000000 -2.000000 -2.000000 -2.000000 -2.000000 -2.000000 -2.000000 -2.000000 -2.000000 -2.000000 -2.000000 -2.000000 -2.000000 -2.000000 -2.000000 -2.000000 -2.000000 0.966734 0.965080 0.960156 0.952079 0.941029 0.927244 0.910995 0.892576 0.872285 0.850416 0.827245 0.803027 0.777991 0.752338 0.726246 0.699863 0.673317 0.646713 0.620141 0.593671 0.567362 0.541261 0.515404 0.489820 0.464530 0.439551 0.414894 0.390566 0.366572 0.342913 0.319590 0.296599 0.273939 0.251604 0.229590 
-2.000000 -2.000000 -2.000000 -2.000000 -2.000000 -2.000000 -2.000000 -2.000000 -2.000000 -2.000000 -2.000000 -2.000000 -2.000000 -2.000000 -2.000000 -2.000000 -2.000000 -2.000000 -2.000000 -2.000000 -2.000000 -2.000000 -2.000000 -2.000000 -2.000000 -2.000000 -2.000000 -2.000000 -2.000000 -2.000000 -2.000000 -2.000000 -2.000000 -2.000000 0.919747 0.918271 0.913871 0.906641 0.896725 0.884312 0.869624 0.852904 0.834400 0.814363 0.793031 0.770630 0.747365 0.723421 0.698962 0.674130 0.649050 0.623825 0.598545 0.573284 0.548104 0.523055 0.498179 0.473507 0.449068 0.424880 0.400960 0.377319 0.353966 0.330905 0.308139 0.285670 0.263498 0.241619 0.220033 
-2.000000 -2.000000 -2.000000 -2.000000 -2.000000 -2.000000 -2.000000 -2.000000 -2.000000 -2.000000 -2.000000 -2.000000 -2.000000 -2.000000 -2.000000 -2.000000 -2.000000 -2.000000 -2.000000 -2.000000 -2.000000 -2.000000 -2.000000 -2.000000 -2.000000 -2.000000 -2.000000 -2.000000 -2.000000 -2.000000 -2.000000 -2.000000 -2.000000 -2.000000 0.874877 0.873551 0.869596 0.863087 0.854139 0.842908 0.829574 0.814338 0.797411 0.779004 0.759325 0.738571 0.716927 0.694560 0.671622 0.648247 0.624553 0.600642 0.576602 0.552508 0.528424 0.504403 0.480489 0.456718 0.433121 0.409721 0.386537 0.363584 0.340875 0.318417 0.296216 0.274276 0.252599 0.231186 0.210036 
-2.000000 -2.000000 -2.000000 -2.000000 -2.000000 -2.000000 -2.000000 -2.000000 -2.000000 -2.000000 -2.000000 -2.000000 -2.000000 -2.000000 -2.000000 -2.000000 -2.000000 -2.000000 -2.000000 -2.000000 -2.000000 -2.000000 -2.000000 -2.000000 -2.000000 -2.000000 -2.000000 -2.000000 -2.000000 -2.000000 -2.000000 -2.000000 -2.000000 -2.000000 0.831942 0.830743 0.827169 0.821277 0.813164 0.802955 0.790800 0.776867 0.761333 0.744379 0.726185 0.706925 0.686762 0.665848 0.644322 0.622310 0.599922 0.577257 0.554401 0.531429 0.508404 0.485381 0.462406 0.439519 0.416751 0.394130 0.371677 0.349411 0.327345 0.305491 0.283858 0.262452 0.241276 0.220335 0.199629 
-2.000000 -2.000000 -2.000000 -2.000000 -2.000000 -2.000000 -2.000000 -2.000000 -2.000000 -2.000000 -2.000000 -2.000000 -2.000000 -2.000000 -2.000000 -2.000000 -2.000000 -2.000000 -2.000000 -2.000000 -2.000000 -2.000000 -2.000000 -2.000000 -2.000000 -2.000000 -2.000000 -2.000000 -2.000000 -2.000000 -2.000000 -2.000000 -2.000000 -2.000000 0.790776 0.789688 0.786441 0.781083 0.773692 0.764373 0.753250 0.740464 0.726165 0.710509 0.693652 0.675745 0.656934 0.637357 0.617140 0.596398 0.575238 0.553751 0.532022 0.510122 0.488116 0.466058 0.443997 0.421971 0.400017 0.378162 0.356432 0.334846 0.313421 0.292170 0.271105 0.250234 0.229562 0.209097 0.188839 
-2.000000 -2.000000 -2.000000 -2.000000 -2.000000 -2.000000 -2.000000 -2.000000 -2.000000 -2.000000 -2.000000 -2.000000 -2.000000 -2.000000 -2.000000 -2.000000 -2.000000 -2.000000 -2.000000 -2.000000 -2.000000 -2.000000 -2.000000 -2.000000 -2.000000 -2.000000 -2.000000 -2.000000 -2.000000 -2.000000 -2.000000 -2.000000 -2.000000 -2.000000 0.751237 0.750244 0.747280 0.742385 0.735624 0.727084 0.716868 0.705096 0.691896 0.677401 0.661747 0.645067 0.627492 0.609143 0.590137 0.570580 0.550569 0.530194 0.509532 0.488656 0.467626 0.446498 0.425320 0.404133 0.382972 0.361869 0.340849 0.319934 0.299143 0.278492 0.257993 0.237656 0.217490 0.197501 0.177695 
-2.000000 -2.000000 -2.000000 -2.000000 -2.000000 -2.000000 -2.000000 -2.000000 -2.000000 -2.000000 -2.000000 -2.000000 -2.000000 -2.000000 -2.000000 -2.000000 -2.000000 -2.000000 -2.000000 -2.000000 -2.000000 -2.000000 -2.000000 -2.000000 -2.000000 -2.000000 -2.000000 -2.000000 -2.000000 -2.000000 -2.000000 -2.000000 -2.000000 -2.000000 0.713192 0.712283 0.709567 0.705077 0.698867 0.691011 0.681596 0.670724 0.658504 0.645051 0.630483 0.614917 0.598470 0.581250 0.563364 0.544908 0.525973 0.506643 0.486992 0.467088 0.446992 0.426757 0.406431 0.386055 0.365667 0.345297 0.324973 0.304718 0.284553 0.264494 0.244556 0.224751 0.205089 0.185577 0.166224 
-2.000000 -2.000000 -2.000000 -2.000000 -2.000000 -2.000000 -2.000000 -2.000000 -2.000000 -2.000000 -2.000000 -2.000000 -2.000000 -2.000000 -2.000000 -2.000000 -2.000000 -2.000000 -2.000000 -2.000000 -2.000000 -2.000000 -2.000000 -2.000000 -2.000000 -2.000000 -2.000000 -2.000000 -2.000000 -2.000000 -2.000000 -2.000000 -2.000000 -2.000000 0.676527 0.675691 0.673192 0.669057 0.663334 0.656083 0.647378 0.637307 0.625964 0.613447 0.599861 0.585309 0.569892 0.553710 0.536858 0.519426 0.501497 0.483148 0.464451 0.445470 0.426264 0.406884 0.387377 0.367786 0.348146 0.328489 0.308845 0.289237 0.269686 0.250212 0.230829 0.211551 0.192389 0.173353 0.154450 
-2.000000 -2.000000 -2.000000 -2.000000 -2.000000 -2.000000 -2.000000 -2.000000 -2.000000 -2.000000 -2.000000 -2.000000 -2.000000 -2.000000 -2.000000 -2.000000 -2.000000 -2.000000 -2.000000 -2.000000 -2.000000 -2.000000 -2.000000 -2.000000 -2.000000 -2.000000 -2.000000 -2.000000 -2.000000 -2.000000 -2.000000 -2.000000 -2.000000 -2.000000 0.641137 0.640365 0.638058 0.634238 0.628944 0.622230 0.614158 0.604803 0.594247 0.582575 0.569878 0.556247 0.541773 0.526546 0.510651 0.494169 0.477179 0.459751 0.441954 0.423847 0.405486 0.386923 0.368203 0.349367 0.330450 0.311486 0.292504 0.273527 0.254579 0.235679 0.216843 0.198085 0.179419 0.160855 0.142401 
-2.000000 -2.000000 -2.000000 -2.000000 -2.000000 -2.000000 -2.000000 -2.000000 -2.000000 -2.000000 -2.000000 -2.000000 -2.000000 -2.000000 -2.000000 -2.000000 -2.000000 -2.000000 -2.000000 -2.000000 -2.000000 -2.000000 -2.000000 -2.000000 -2.000000 -2.000000 -2.000000 -2.000000 -2.000000 -2.000000 -2.000000 -2.000000 -2.000000 -2.000000 0.606930 0.606215 0.604077 0.600536 0.595625 0.589389 0.581883 0.573170 0.563322 0.552413 0.540523 0.527733 0.514123 0.499774 0.484763 0.469165 0.453050 0.436486 0.419536 0.402255 0.384699 0.366915 0.348948 0.330837 0.312618 0.294325 0.275984 0.257623 0.239264 0.220925 0.202627 0.184382 0.166205 0.148108 0.130100 
-2.000000 -2.000000 -2.000000 -2.000000 -2.000000 -2.000000 -2.000000 -2.000000 -2.000000 -2.000000 -2.000000 -2.000000 -2.000000 -2.000000 -2.000000 -2.000000 -2.000000 -2.000000 -2.000000 -2.000000 -2.000000 -2.000000 -2.000000 -2.000000 -2.000000 -2.000000 -2.000000 -2.000000 -2.000000 -2.000000 -2.000000 -2.000000 -2.000000 -2.000000 0.573820 0.573156 0.571169 0.567877 0.563308 0.557500 0.550501 0.542367 0.533158 0.522940 0.511785 0.499762 0.486944 0.473404 0.459211 0.444433 0.429136 0.413382 0.397228 0.380729 0.363935 0.346893 0.329645 0.312230 0.294683 0.277037 0.259319 0.241556 0.223770 0.205981 0.188209 0.170468 0.152773 0.135137 0.117569 
-2.000000 -2.000000 -2.000000 -2.000000 -2.000000 -2.000000 -2.000000 -2.000000 -2.000000 -2.000000 -2.000000 -2.000000 -2.000000 -2.000000 -2.000000 -2.000000 -2.000000 -2.000000 -2.000000 -2.000000 -2.000000 -2.000000 -2.000000 -2.000000 -2.000000 -2.000000 -2.000000 -2.000000 -2.000000 -2.000000 -2.000000 -2.000000 -2.000000 -2.000000 0.541734 0.541115 0.539263 0.536193 0.531931 0.526507 0.519965 0.512352 0.503722 0.494133 0.483647 0.472326 0.460237 0.447442 0.434006 0.419991 0.405457 0.390460 0.375055 0.359294 0.343222 0.326886 0.310325 0.293577 0.276676 0.259653 0.242537 0.225354 0.208126 0.190873 0.173616 0.156369 0.139148 0.121965 0.104832 
-2.000000 -2.000000 -2.000000 -2.000000 -2.000000 -2.000000 -2.000000 -2.000000 -2.000000 -2.000000 -2.000000 -2.000000 -2.000000 -2.000000 -2.000000 -2.000000 -2.000000 -2.000000 -2.000000 -2.000000 -2.000000 -2.000000 -2.000000 -2.000000 -2.000000 -2.000000 -2.000000 -2.000000 -2.000000 -2.000000 -2.000000 -2.000000 -2.000000 -2.000000 0.510601 0.510023 0.508293 0.505423 0.501436 0.496360 0.490230 0.483090 0.474985 0.465968 0.456093 0.445416 0.433996 0.421889 0.409155 0.395849 0.382026 0.367740 0.353040 0.337974 0.322587 0.306921 0.291014 0.274904 0.258622 0.242200 0.225666 0.209044 0.192357 0.175627 0.158871 0.142107 0.125350 0.108613 0.091908 
-2.000000 -2.000000 -2.000000 -2.000000 -2.000000 -2.000000 -2.000000 -2.000000 -2.000000 -2.000000 -2.000000 -2.000000 -2.000000 -2.000000 -2.000000 -2.000000 -2.000000 -2.000000 -2.000000 -2.000000 -2.000000 -2.000000 -2.000000 -2.000000 -2.000000 -2.000000 -2.000000 -2.000000 -2.000000 -2.000000 -2.000000 -2.000000 -2.000000 -2.000000 0.480361 0.479819 0.478198 0.475510 0.471771 0.467009 0.461253 0.454542 0.446916 0.438421 0.429105 0.419019 0.408215 0.396745 0.384661 0.372015 0.358857 0.345236 0.331198 0.316788 0.302049 0.287019 0.271737 0.256236 0.240548 0.224703 0.208729 0.192649 0.176487 0.160264 0.143998 0.127705 0.111402 0.095103 0.078818 
-2.000000 -2.000000 -2.000000 -2.000000 -2.000000 -2.000000 -2.000000 -2.000000 -2.000000 -2.000000 -2.000000 -2.000000 -2.000000 -2.000000 -2.000000 -2.000000 -2.000000 -2.000000 -2.000000 -2.000000 -2.000000 -2.000000 -2.000000 -2.000000 -2.000000 -2.000000 -2.000000 -2.000000 -2.000000 -2.000000 -2.000000 -2.000000 -2.000000 -2.000000 0.450956 0.450448 0.448926 0.446401 0.442888 0.438410 0.432994 0.426674 0.419484 0.411467 0.402665 0.393123 0.382887 0.372006 0.360525 0.348494 0.335956 0.322959 0.309544 0.295753 0.281626 0.267201 0.252512 0.237593 0.222473 0.207183 0.191748 0.176192 0.160538 0.144806 0.129016 0.113183 0.097324 0.081452 0.065581 
-2.000000 -2.000000 -2.000000 -2.000000 -2.000000 -2.000000 -2.000000 -2.000000 -2.000000 -2.000000 -2.000000 -2.000000 -2.000000 -2.000000 -2.000000 -2.000000 -2.000000 -2.000000 -2.000000 -2.000000 -2.000000 -2.000000 -2.000000 -2.000000 -2.000000 -2.000000 -2.000000 -2.000000 -2.000000 -2.000000 -2.000000 -2.000000 -2.000000 -2.000000 0.422337 0.421858 0.420426 0.418049 0.414742 0.410523 0.405417 0.399453 0.392663 0.385084 0.376754 0.367712 0.358002 0.347666 0.336747 0.325288 0.313331 0.300917 0.288088 0.274881 0.261334 0.247482 0.233358 0.218993 0.204418 0.189659 0.174743 0.159692 0.144529 0.129274 0.113945 0.098560 0.083133 0.067680 0.052212 
-2.000000 -2.000000 -2.000000 -2.000000 -2.000000 -2.000000 -2.000000 -2.000000 -2.000000 -2.000000 -2.000000 -2.000000 -2.000000 -2.000000 -2.000000 -2.000000 -2.000000 -2.000000 -2.000000 -2.000000 -2.000000 -2.000000 -2.000000 -2.000000 -2.000000 -2.000000 -2.000000 -2.000000 -2.000000 -2.000000 -2.000000 -2.000000 -2.000000 -2.000000 0.394455 0.394004 0.392654 0.390412 0.387291 0.383309 0.378486 0.372848 0.366425 0.359249 0.351353 0.342774 0.333550 0.323720 0.313322 0.302397 0.290983 0.279118 0.266839 0.254183 0.241184 0.227875 0.214289 0.200453 0.186398 0.172149 0.157731 0.143167 0.128478 0.113684 0.098803 0.083853 0.068848 0.053802 0.038730 
-2.000000 -2.000000 -2.000000 -2.000000 -2.000000 -2.000000 -2.000000 -2.000000 -2.000000 -2.000000 -2.000000 -2.000000 -2.000000 -2.000000 -2.000000 -2.000000 -2.000000 -2.000000 -2.000000 -2.000000 -2.000000 -2.000000 -2.000000 -2.000000 -2.000000 -2.000000 -2.000000 -2.000000 -2.000000 -2.000000 -2.000000 -2.000000 -2.000000 -2.000000 0.367268 0.366842 0.365566 0.363448 0.360498 0.356732 0.352169 0.346831 0.340745 0.333939 0.326444 0.318292 0.309519 0.300159 0.290248 0.279821 0.268915 0.257565 0.245804 0.233668 0.221187 0.208394 0.195318 0.181987 0.168429 0.154668 0.140728 0.126632 0.112400 0.098052 0.083606 0.069077 0.054482 0.039835 0.025148 
-2.000000 -2.000000 -2.000000 -2.000000 -2.000000 -2.000000 -2.000000 -2.000000 -2.000000 -2.000000 -2.000000 -2.000000 -2.000000 -2.000000 -2.000000 -2.000000 -2.000000 -2.000000 -2.000000 -2.000000 -2.000000 -2.000000 -2.000000 -2.000000 -2.000000 -2.000000 -2.000000 -2.000000 -2.000000 -2.000000 -2.000000 -2.000000 -2.000000 -2.000000 0.340736 0.340333 0.339126 0.337121 0.334328 0.330760 0.326435 0.321373 0.315597 0.309133 0.302009 0.294254 0.285899 0.276976 0.267518 0.257557 0.247127 0.236260 0.224987 0.213341 0.201351 0.189047 0.176456 0.163606 0.150523 0.137229 0.123749 0.110103 0.096312 0.082394 0.068368 0.054249 0.040052 0.025792 0.011482 
-2.000000 -2.000000 -2.000000 -2.000000 -2.000000 -2.000000 -2.000000 -2.000000 -2.000000 -2.000000 -2.000000 -2.000000 -2.000000 -2.000000 -2.000000 -2.000000 -2.000000 -2.000000 -2.000000 -2.000000 -2.000000 -2.000000 -2.000000 -2.000000 -2.000000 -2.000000 -2.000000 -2.000000 -2.000000 -2.000000 -2.000000 -2.000000 -2.000000 -2.000000 0.314824 0.314442 0.313298 0.311397 0.308748 0.305363 0.301257 0.296449 0.290960 0.284812 0.278031 0.270643 0.262677 0.254161 0.245126 0.235602 0.225618 0.215205 0.204392 0.193208 0.181682 0.169842 0.157713 0.145321 0.132691 0.119845 0.106805 0.093592 0.080225 0.066723 0.053103 0.039381 0.025571 0.011688 -0.002256 
