45 45
6.223003e-01 0 5
-2.000000 -2.000000 -2.000000 -2.000000 -2.000000 -2.000000 -2.000000 -2.000000 -2.000000 -2.000000 -2.000000 -2.000000 -2.000000 -2.000000 -2.000000 -2.000000 -2.000000 -2.000000 -2.000000 -2.000000 -2.000000 -2.000000 -0.114765 -0.115685 -0.118437 -0.122989 -0.129289 -0.137269 -0.146845 -0.157921 -0.170391 -0.184145 -0.199067 -0.215043 -0.231959 -0.249704 -0.268174 -0.287268 -0.306896 -0.326970 -0.347414 -0.368155 -0.389130 -0.410282 -0.431559 
-2.000000 -2.000000 -2.000000 -2.000000 -2.000000 -2.000000 -2.000000 -2.000000 -2.000000 -2.000000 -2.000000 -2.000000 -2.000000 -2.000000 -2.000000 -2.000000 -2.000000 -2.000000 -2.000000 -2.000000 -2.000000 -2.000000 -0.074383 -0.075386 -0.078381 -0.083331 -0.090175 -0.098831 -0.109202 -0.121173 -0.134624 -0.149423 -0.165442 -0.182547 -0.200612 -0.219513 -0.239134 -0.259367 -0.280112 -0.301277 -0.322779 -0.344544 -0.366505 -0.388603 -0.410787 
-2.000000 -2.000000 -2.000000 -2.000000 -2.000000 -2.000000 -2.000000 -2.000000 -2.000000 -2.000000 -2.000000 -2.000000 -2.000000 -2.000000 -2.000000 -2.000000 -2.000000 -2.000000 -2.000000 -2.000000 -2.000000 -2.000000 -0.032424 -0.033520 -0.036793 -0.042197 -0.049659 -0.059083 -0.070351 -0.083331 -0.097877 -0.113842 -0.131074 -0.149423 -0.168747 -0.188907 -0.209776 -0.231235 -0.253177 -0.275504 -0.298128 -0.320972 -0.343968 -0.367056 -0.390183 
-2.000000 -2.000000 -2.000000 -2.000000 -2.000000 -2.000000 -2.000000 -2.000000 -2.000000 -2.000000 -2.000000 -2.000000 -2.000000 -2.000000 -2.000000 -2.000000 -2.000000 -2.000000 -2.000000 -2.000000 -2.000000 -2.000000 0.011249 0.010045 0.006454 0.000529 -0.007641 -0.017939 -0.030225 -0.044341 -0.060119 -0.077384 -0.095963 -0.115685 -0.136389 -0.157921 -0.180140 -0.202919 -0.226141 -0.249704 -0.273515 -0.297496 -0.321575 -0.345694 -0.369800 
-2.000000 -2.000000 -2.000000 -2.000000 -2.000000 -2.000000 -2.000000 -2.000000 -2.000000 -2.000000 -2.000000 -2.000000 -2.000000 -2.000000 -2.000000 -2.000000 -2.000000 -2.000000 -2.000000 -2.000000 -2.000000 -2.000000 0.056789 0.055462 0.051502 0.044977 0.035994 0.024695 0.011249 -0.004157 -0.021322 -0.040043 -0.060119 -0.081357 -0.103573 -0.126599 -0.150280 -0.174477 -0.199067 -0.223942 -0.249006 -0.274179 -0.299390 -0.324580 -0.349698 
-2.000000 -2.000000 -2.000000 -2.000000 -2.000000 -2.000000 -2.000000 -2.000000 -2.000000 -2.000000 -2.000000 -2.000000 -2.000000 -2.000000 -2.000000 -2.000000 -2.000000 -2.000000 -2.000000 -2.000000 -2.000000 -2.000000 0.104371 0.102899 0.098510 0.091287 0.081364 0.068912 0.054138 0.037266 0.018534 -0.001820 -0.023563 -0.046476 -0.070351 -0.095003 -0.120263 -0.145982 -0.172030 -0.198293 -0.224676 -0.251096 -0.277484 -0.303782 -0.329943 
-2.000000 -2.000000 -2.000000 -2.000000 -2.000000 -2.000000 -2.000000 -2.000000 -2.000000 -2.000000 -2.000000 -2.000000 -2.000000 -2.000000 -2.000000 -2.000000 -2.000000 -2.000000 -2.000000 -2.000000 -2.000000 -2.000000 0.154189 0.152547 0.147655 0.139617 0.128598 0.114812 0.098510 0.079964 0.059456 0.037266 0.013664 -0.011099 -0.036793 -0.063212 -0.090175 -0.117522 -0.145118 -0.172847 -0.200612 -0.228331 -0.255938 -0.283378 -0.310606 
-2.000000 -2.000000 -2.000000 -2.000000 -2.000000 -2.000000 -2.000000 -2.000000 -2.000000 -2.000000 -2.000000 -2.000000 -2.000000 -2.000000 -2.000000 -2.000000 -2.000000 -2.000000 -2.000000 -2.000000 -2.000000 -2.000000 0.206464 0.204620 0.199134 0.190135 0.177832 0.162492 0.144423 0.123956 0.101431 0.077176 0.051502 0.024695 -0.002990 -0.031326 -0.060119 -0.089203 -0.118437 -0.147706 -0.176912 -0.205979 -0.234842 -0.263451 -0.291769 
-2.000000 -2.000000 -2.000000 -2.000000 -2.000000 -2.000000 -2.000000 -2.000000 -2.000000 -2.000000 -2.000000 -2.000000 -2.000000 -2.000000 -2.000000 -2.000000 -2.000000 -2.000000 -2.000000 -2.000000 -2.000000 -2.000000 0.261445 0.259360 0.253163 0.243024 0.229204 0.212042 0.191921 0.169246 0.144423 0.117840 0.089857 0.060795 0.030938 0.000529 -0.030225 -0.061152 -0.092112 -0.122989 -0.153691 -0.184145 -0.214294 -0.244095 -0.273515 
-2.000000 -2.000000 -2.000000 -2.000000 -2.000000 -2.000000 -2.000000 -2.000000 -2.000000 -2.000000 -2.000000 -2.000000 -2.000000 -2.000000 -2.000000 -2.000000 -2.000000 -2.000000 -2.000000 -2.000000 -2.000000 -2.000000 0.319410 0.317034 0.309982 0.298474 0.282850 0.263540 0.241023 0.215799 0.188357 0.159152 0.128598 0.097056 0.064836 0.032197 -0.000647 -0.033520 -0.066285 -0.098831 -0.131074 -0.162948 -0.194404 -0.225409 -0.255938 
-2.000000 -2.000000 -2.000000 -2.000000 -2.000000 -2.000000 -2.000000 -2.000000 -2.000000 -2.000000 -2.000000 -2.000000 -2.000000 -2.000000 -2.000000 -2.000000 -2.000000 -2.000000 -2.000000 -2.000000 -2.000000 -2.000000 0.380668 0.377937 0.369844 0.356681 0.338893 0.317034 0.291711 0.263540 0.233109 0.200955 0.167548 0.133288 0.098510 0.063485 0.028430 -0.006482 -0.041121 -0.075386 -0.109202 -0.142516 -0.175290 -0.207501 -0.239134 
-2.000000 -2.000000 -2.000000 -2.000000 -2.000000 -2.000000 -2.000000 -2.000000 -2.000000 -2.000000 -2.000000 -2.000000 -2.000000 -2.000000 -2.000000 -2.000000 -2.000000 -2.000000 -2.000000 -2.000000 -2.000000 -2.000000 0.445556 0.442386 0.433012 0.417828 0.397425 0.372525 0.343902 0.312320 0.278486 0.243024 0.206464 0.169246 0.131719 0.094163 0.056789 0.019760 -0.016806 -0.052822 -0.088229 -0.122989 -0.157078 -0.190484 -0.223206 
-2.000000 -2.000000 -2.000000 -2.000000 -2.000000 -2.000000 -2.000000 -2.000000 -2.000000 -2.000000 -2.000000 -2.000000 -2.000000 -2.000000 -2.000000 -2.000000 -2.000000 -2.000000 -2.000000 -2.000000 -2.000000 -2.000000 0.514428 0.510709 0.499740 0.482062 0.458476 0.429932 0.397425 0.361899 0.324200 0.285049 0.245033 0.204620 0.164171 0.123956 0.084177 0.044977 0.006454 -0.031326 -0.068323 -0.104516 -0.139899 -0.174477 -0.208261 
-2.000000 -2.000000 -2.000000 -2.000000 -2.000000 -2.000000 -2.000000 -2.000000 -2.000000 -2.000000 -2.000000 -2.000000 -2.000000 -2.000000 -2.000000 -2.000000 -2.000000 -2.000000 -2.000000 -2.000000 -2.000000 -2.000000 0.587629 0.583213 0.570235 0.549452 0.521966 0.489046 0.451967 0.411900 0.369844 0.326615 0.282850 0.239031 0.195513 0.152547 0.110308 0.068912 0.028430 -0.011099 -0.049659 -0.087253 -0.123894 -0.159602 -0.194404 
-2.000000 -2.000000 -2.000000 -2.000000 -2.000000 -2.000000 -2.000000 -2.000000 -2.000000 -2.000000 -2.000000 -2.000000 -2.000000 -2.000000 -2.000000 -2.000000 -2.000000 -2.000000 -2.000000 -2.000000 -2.000000 -2.000000 0.665432 0.660122 0.644586 0.619909 0.587629 0.549452 0.507021 0.461767 0.414853 0.367179 0.319410 0.272019 0.225333 0.179569 0.134862 0.091287 0.048881 0.007648 -0.032424 -0.071363 -0.109202 -0.145982 -0.181746 
-2.000000 -2.000000 -2.000000 -2.000000 -2.000000 -2.000000 -2.000000 -2.000000 -2.000000 -2.000000 -2.000000 -2.000000 -2.000000 -2.000000 -2.000000 -2.000000 -2.000000 -2.000000 -2.000000 -2.000000 -2.000000 -2.000000 0.747927 0.741456 0.722633 0.693048 0.654879 0.610430 0.561799 0.510709 0.458476 0.406052 0.354095 0.303041 0.253163 0.204620 0.157492 0.111805 0.067549 0.024695 -0.016806 -0.057005 -0.095963 -0.133739 -0.170391 
-2.000000 -2.000000 -2.000000 -2.000000 -2.000000 -2.000000 -2.000000 -2.000000 -2.000000 -2.000000 -2.000000 -2.000000 -2.000000 -2.000000 -2.000000 -2.000000 -2.000000 -2.000000 -2.000000 -2.000000 -2.000000 -2.000000 0.834773 0.826787 0.803727 0.767973 0.722633 0.670811 0.615143 0.557644 0.499740 0.442386 0.386182 0.331485 0.278486 0.227265 0.177832 0.130156 0.084177 0.039822 -0.002990 -0.044341 -0.084314 -0.122989 -0.160441 
-2.000000 -2.000000 -2.000000 -2.000000 -2.000000 -2.000000 -2.000000 -2.000000 -2.000000 -2.000000 -2.000000 -2.000000 -2.000000 -2.000000 -2.000000 -2.000000 -2.000000 -2.000000 -2.000000 -2.000000 -2.000000 -2.000000 0.924742 0.914784 0.886312 0.842920 0.789048 0.728813 0.665432 0.601161 0.537455 0.475190 0.414853 0.356681 0.300752 0.247052 0.195513 0.146036 0.098510 0.052818 0.008845 -0.033520 -0.074383 -0.113842 -0.151988 
-2.000000 -2.000000 -2.000000 -2.000000 -2.000000 -2.000000 -2.000000 -2.000000 -2.000000 -2.000000 -2.000000 -2.000000 -2.000000 -2.000000 -2.000000 -2.000000 -2.000000 -2.000000 -2.000000 -2.000000 -2.000000 -2.000000 1.014889 1.002434 0.967262 0.914784 0.851234 0.781902 0.710544 0.639533 0.570235 0.503365 0.439239 0.377937 0.319410 0.263540 0.210175 0.159152 0.110308 0.063485 0.018534 -0.024680 -0.066285 -0.106396 -0.145118 
-2.000000 -2.000000 -2.000000 -2.000000 -2.000000 -2.000000 -2.000000 -2.000000 -2.000000 -2.000000 -2.000000 -2.000000 -2.000000 -2.000000 -2.000000 -2.000000 -2.000000 -2.000000 -2.000000 -2.000000 -2.000000 -2.000000 1.099284 1.083889 1.041049 0.978643 0.905067 0.826787 0.747927 0.670811 0.596602 0.525786 0.458476 0.394587 0.333941 0.276320 0.221495 0.169246 0.119361 0.071650 0.025937 -0.017939 -0.060119 -0.100734 -0.139899 
-2.000000 -2.000000 -2.000000 -2.000000 -2.000000 -2.000000 -2.000000 -2.000000 -2.000000 -2.000000 -2.000000 -2.000000 -2.000000 -2.000000 -2.000000 -2.000000 -2.000000 -2.000000 -2.000000 -2.000000 -2.000000 -2.000000 1.167843 1.149525 1.099284 1.027751 0.945436 0.859722 0.774878 0.693048 0.615143 0.541416 0.471795 0.406052 0.343902 0.285049 0.229204 0.176102 0.125498 0.077176 0.030938 -0.013390 -0.055963 -0.096921 -0.136389 
-2.000000 -2.000000 -2.000000 -2.000000 -2.000000 -2.000000 -2.000000 -2.000000 -2.000000 -2.000000 -2.000000 -2.000000 -2.000000 -2.000000 -2.000000 -2.000000 -2.000000 -2.000000 -2.000000 -2.000000 -2.000000 -2.000000 1.207344 1.187082 1.132041 1.054813 0.967262 0.877252 0.789048 0.704630 0.624729 0.549452 0.478612 0.411900 0.348969 0.289479 0.233109 0.179569 0.128598 0.079964 0.033459 -0.011099 -0.053871 -0.095003 -0.134624 
-2.000000 -2.000000 -2.000000 -2.000000 -2.000000 -2.000000 -2.000000 -2.000000 -2.000000 -2.000000 -2.000000 -2.000000 -2.000000 -2.000000 -2.000000 -2.000000 -2.000000 -2.000000 -2.000000 -2.000000 -2.000000 -2.000000 1.212583 1.192047 1.136337 1.058331 0.970077 0.879498 0.790854 0.706100 0.625943 0.550468 0.479472 0.412636 0.349606 0.290036 0.233600 0.180005 0.128987 0.080313 0.033775 -0.010811 -0.053609 -0.094763 -0.134403 
-2.000000 -2.000000 -2.000000 -2.000000 -2.000000 -2.000000 -2.000000 -2.000000 -2.000000 -2.000000 -2.000000 -2.000000 -2.000000 -2.000000 -2.000000 -2.000000 -2.000000 -2.000000 -2.000000 -2.000000 -2.000000 -2.000000 1.207118 1.186868 1.131855 1.054661 0.967141 0.877155 0.788970 0.704566 0.624677 0.549408 0.478575 0.411868 0.348941 0.289455 0.233088 0.179550 0.128581 0.079948 0.033445 -0.011111 -0.053883 -0.095014 -0.134633 
-2.000000 -2.000000 -2.000000 -2.000000 -2.000000 -2.000000 -2.000000 -2.000000 -2.000000 -2.000000 -2.000000 -2.000000 -2.000000 -2.000000 -2.000000 -2.000000 -2.000000 -2.000000 -2.000000 -2.000000 -2.000000 -2.000000 1.167236 1.148946 1.098776 1.027328 0.945092 0.859444 0.774653 0.692863 0.614989 0.541288 0.471685 0.405958 0.343821 0.284978 0.229141 0.176046 0.125448 0.077131 0.030897 -0.013427 -0.055997 -0.096952 -0.136417 
-2.000000 -2.000000 -2.000000 -2.000000 -2.000000 -2.000000 -2.000000 -2.000000 -2.000000 -2.000000 -2.000000 -2.000000 -2.000000 -2.000000 -2.000000 -2.000000 -2.000000 -2.000000 -2.000000 -2.000000 -2.000000 -2.000000 1.098439 1.083077 1.040321 0.978021 0.904551 0.826361 0.747576 0.670519 0.596358 0.525579 0.458299 0.394434 0.333808 0.276203 0.221392 0.169154 0.119279 0.071576 0.025870 -0.018000 -0.060175 -0.100785 -0.139947 
-2.000000 -2.000000 -2.000000 -2.000000 -2.000000 -2.000000 -2.000000 -2.000000 -2.000000 -2.000000 -2.000000 -2.000000 -2.000000 -2.000000 -2.000000 -2.000000 -2.000000 -2.000000 -2.000000 -2.000000 -2.000000 -2.000000 1.013937 1.001511 0.966418 0.914044 0.850601 0.781368 0.710096 0.639154 0.569914 0.503091 0.439002 0.377731 0.319230 0.263381 0.210035 0.159027 0.110196 0.063383 0.018442 -0.024764 -0.066362 -0.106467 -0.145183 
-2.000000 -2.000000 -2.000000 -2.000000 -2.000000 -2.000000 -2.000000 -2.000000 -2.000000 -2.000000 -2.000000 -2.000000 -2.000000 -2.000000 -2.000000 -2.000000 -2.000000 -2.000000 -2.000000 -2.000000 -2.000000 -2.000000 0.923767 0.913833 0.885426 0.842124 0.788351 0.728210 0.664915 0.600717 0.537073 0.474860 0.414567 0.356430 0.300531 0.246856 0.195338 0.145879 0.098369 0.052690 0.008729 -0.033626 -0.074480 -0.113931 -0.152071 
-2.000000 -2.000000 -2.000000 -2.000000 -2.000000 -2.000000 -2.000000 -2.000000 -2.000000 -2.000000 -2.000000 -2.000000 -2.000000 -2.000000 -2.000000 -2.000000 -2.000000 -2.000000 -2.000000 -2.000000 -2.000000 -2.000000 0.833820 0.825852 0.802844 0.767163 0.721908 0.670171 0.614582 0.557155 0.499313 0.442012 0.385854 0.331196 0.278229 0.227036 0.177627 0.129972 0.084010 0.039671 -0.003128 -0.044468 -0.084431 -0.123096 -0.160540 
-2.000000 -2.000000 -2.000000 -2.000000 -2.000000 -2.000000 -2.000000 -2.000000 -2.000000 -2.000000 -2.000000 -2.000000 -2.000000 -2.000000 -2.000000 -2.000000 -2.000000 -2.000000 -2.000000 -2.000000 -2.000000 -2.000000 0.747016 0.740560 0.721776 0.692250 0.654151 0.609776 0.561216 0.510191 0.458017 0.405646 0.353735 0.302721 0.252877 0.204363 0.157260 0.111595 0.067359 0.024521 -0.016964 -0.057151 -0.096097 -0.133862 -0.170506 
-2.000000 -2.000000 -2.000000 -2.000000 -2.000000 -2.000000 -2.000000 -2.000000 -2.000000 -2.000000 -2.000000 -2.000000 -2.000000 -2.000000 -2.000000 -2.000000 -2.000000 -2.000000 -2.000000 -2.000000 -2.000000 -2.000000 0.664571 0.659272 0.643766 0.619136 0.586913 0.548799 0.506429 0.461234 0.414376 0.366751 0.319026 0.271674 0.225022 0.179289 0.134608 0.091056 0.048670 0.007455 -0.032601 -0.071525 -0.109352 -0.146121 -0.181875 
-2.000000 -2.000000 -2.000000 -2.000000 -2.000000 -2.000000 -2.000000 -2.000000 -2.000000 -2.000000 -2.000000 -2.000000 -2.000000 -2.000000 -2.000000 -2.000000 -2.000000 -2.000000 -2.000000 -2.000000 -2.000000 -2.000000 0.586818 0.582410 0.569457 0.548712 0.521272 0.488403 0.451377 0.411362 0.369356 0.326173 0.282450 0.238668 0.195183 0.152247 0.110035 0.068663 0.028202 -0.011308 -0.049853 -0.087432 -0.124059 -0.159756 -0.194547 
-2.000000 -2.000000 -2.000000 -2.000000 -2.000000 -2.000000 -2.000000 -2.000000 -2.000000 -2.000000 -2.000000 -2.000000 -2.000000 -2.000000 -2.000000 -2.000000 -2.000000 -2.000000 -2.000000 -2.000000 -2.000000 -2.000000 0.513666 0.509953 0.499004 0.481355 0.457806 0.429306 0.396843 0.361363 0.323708 0.284599 0.244622 0.204245 0.163827 0.123642 0.083889 0.044712 0.006210 -0.031550 -0.068530 -0.104708 -0.140078 -0.174643 -0.208416 
-2.000000 -2.000000 -2.000000 -2.000000 -2.000000 -2.000000 -2.000000 -2.000000 -2.000000 -2.000000 -2.000000 -2.000000 -2.000000 -2.000000 -2.000000 -2.000000 -2.000000 -2.000000 -2.000000 -2.000000 -2.000000 -2.000000 0.444838 0.441673 0.432315 0.417154 0.396782 0.371918 0.343334 0.311791 0.277996 0.242571 0.206047 0.168862 0.131366 0.093837 0.056489 0.019483 -0.017062 -0.053059 -0.088449 -0.123193 -0.157268 -0.190662 -0.223373 
-2.000000 -2.000000 -2.000000 -2.000000 -2.000000 -2.000000 -2.000000 -2.000000 -2.000000 -2.000000 -2.000000 -2.000000 -2.000000 -2.000000 -2.000000 -2.000000 -2.000000 -2.000000 -2.000000 -2.000000 -2.000000 -2.000000 0.379991 0.377264 0.369184 0.356040 0.338278 0.316448 0.291158 0.263021 0.232625 0.200504 0.167129 0.132900 0.098150 0.063151 0.028121 -0.006769 -0.041387 -0.075633 -0.109432 -0.142731 -0.175491 -0.207689 -0.239310 
-2.000000 -2.000000 -2.000000 -2.000000 -2.000000 -2.000000 -2.000000 -2.000000 -2.000000 -2.000000 -2.000000 -2.000000 -2.000000 -2.000000 -2.000000 -2.000000 -2.000000 -2.000000 -2.000000 -2.000000 -2.000000 -2.000000 0.318770 0.316397 0.309356 0.297864 0.282261 0.262976 0.240487 0.215293 0.187880 0.158706 0.128180 0.096666 0.064472 0.031858 -0.000962 -0.033814 -0.066559 -0.099087 -0.131313 -0.163172 -0.194614 -0.225606 -0.256123 
-2.000000 -2.000000 -2.000000 -2.000000 -2.000000 -2.000000 -2.000000 -2.000000 -2.000000 -2.000000 -2.000000 -2.000000 -2.000000 -2.000000 -2.000000 -2.000000 -2.000000 -2.000000 -2.000000 -2.000000 -2.000000 -2.000000 0.260839 0.258757 0.252568 0.242442 0.228640 0.211499 0.191402 0.168752 0.143955 0.117399 0.089442 0.060406 0.030573 0.000188 -0.030545 -0.061452 -0.092392 -0.123252 -0.153937 -0.184376 -0.214512 -0.244300 -0.273708 
-2.000000 -2.000000 -2.000000 -2.000000 -2.000000 -2.000000 -2.000000 -2.000000 -2.000000 -2.000000 -2.000000 -2.000000 -2.000000 -2.000000 -2.000000 -2.000000 -2.000000 -2.000000 -2.000000 -2.000000 -2.000000 -2.000000 0.205889 0.204047 0.198567 0.189580 0.177292 0.161970 0.143921 0.123477 0.100974 0.076743 0.051092 0.024308 -0.003354 -0.031669 -0.060441 -0.089506 -0.118722 -0.147974 -0.177165 -0.206216 -0.235066 -0.263663 -0.291968 
-2.000000 -2.000000 -2.000000 -2.000000 -2.000000 -2.000000 -2.000000 -2.000000 -2.000000 -2.000000 -2.000000 -2.000000 -2.000000 -2.000000 -2.000000 -2.000000 -2.000000 -2.000000 -2.000000 -2.000000 -2.000000 -2.000000 0.153641 0.152001 0.147115 0.139086 0.128080 0.114310 0.098025 0.079498 0.059010 0.036842 0.013261 -0.011481 -0.037155 -0.063554 -0.090498 -0.117827 -0.145406 -0.173119 -0.200869 -0.228574 -0.256167 -0.283595 -0.310812 
-2.000000 -2.000000 -2.000000 -2.000000 -2.000000 -2.000000 -2.000000 -2.000000 -2.000000 -2.000000 -2.000000 -2.000000 -2.000000 -2.000000 -2.000000 -2.000000 -2.000000 -2.000000 -2.000000 -2.000000 -2.000000 -2.000000 0.103848 0.102377 0.097994 0.090779 0.080867 0.068428 0.053669 0.036815 0.018100 -0.002235 -0.023960 -0.046853 -0.070710 -0.095344 -0.120586 -0.146288 -0.172320 -0.198568 -0.224936 -0.251343 -0.277718 -0.304004 -0.330153 
-2.000000 -2.000000 -2.000000 -2.000000 -2.000000 -2.000000 -2.000000 -2.000000 -2.000000 -2.000000 -2.000000 -2.000000 -2.000000 -2.000000 -2.000000 -2.000000 -2.000000 -2.000000 -2.000000 -2.000000 -2.000000 -2.000000 0.056289 0.054963 0.051008 0.044489 0.035516 0.024228 0.010795 -0.004595 -0.021744 -0.040449 -0.060508 -0.081729 -0.103928 -0.126937 -0.150602 -0.174783 -0.199358 -0.224218 -0.249269 -0.274429 -0.299627 -0.324805 -0.349912 
-2.000000 -2.000000 -2.000000 -2.000000 -2.000000 -2.000000 -2.000000 -2.000000 -2.000000 -2.000000 -2.000000 -2.000000 -2.000000 -2.000000 -2.000000 -2.000000 -2.000000 -2.000000 -2.000000 -2.000000 -2.000000 -2.000000 0.010770 0.009567 0.005980 0.000061 -0.008100 -0.018389 -0.030663 -0.044766 -0.060530 -0.077781 -0.096344 -0.116051 -0.136739 -0.158255 -0.180460 -0.203224 -0.226432 -0.249981 -0.273779 -0.297747 -0.321815 -0.345922 -0.370018 
-2.000000 -2.000000 -2.000000 -2.000000 -2.000000 -2.000000 -2.000000 -2.000000 -2.000000 -2.000000 -2.000000 -2.000000 -2.000000 -2.000000 -2.000000 -2.000000 -2.000000 -2.000000 -2.000000 -2.000000 -2.000000 -2.000000 -0.032884 -0.033979 -0.037248 -0.042647 -0.050103 -0.059518 -0.070776 -0.083743 -0.098277 -0.114229 -0.131447 -0.149783 -0.169092 -0.189238 -0.210093 -0.231539 -0.253467 -0.275781 -0.298393 -0.321225 -0.344210 -0.367286 -0.390403 
-2.000000 -2.000000 -2.000000 -2.000000 -2.000000 -2.000000 -2.000000 -2.000000 -2.000000 -2.000000 -2.000000 -2.000000 -2.000000 -2.000000 -2.000000 -2.000000 -2.000000 -2.000000 -2.000000 -2.000000 -2.000000 -2.000000 -0.074825 -0.075827 -0.078819 -0.083764 -0.090602 -0.099251 -0.109613 -0.121574 -0.135013 -0.149801 -0.165807 -0.182900 -0.200951 -0.219840 -0.239448 -0.259669 -0.280401 -0.301554 -0.323044 -0.344798 -0.366748 -0.388836 -0.411009 
-2.000000 -2.000000 -2.000000 -2.000000 -2.000000 -2.000000 -2.000000 -2.000000 -2.000000 -2.000000 -2.000000 -2.000000 -2.000000 -2.000000 -2.000000 -2.000000 -2.000000 -2.000000 -2.000000 -2.000000 -2.000000 -2.000000 -0.115190 -0.116110 -0.118860 -0.123407 -0.129702 -0.137675 -0.147243 -0.158310 -0.170770 -0.184513 -0.199425 -0.215389 -0.232293 -0.250026 -0.268484 -0.287567 -0.307183 -0.327246 -0.347678 -0.368409 -0.389374 -0.410515 -0.431783 
