51 51
9.549926e-01 0 5
-2.000000 -2.000000 -2.000000 -2.000000 -2.000000 -2.000000 -2.000000 -2.000000 -2.000000 -2.000000 -2.000000 -2.000000 -2.000000 -2.000000 -2.000000 -2.000000 -2.000000 -2.000000 -2.000000 -2.000000 -2.000000 -2.000000 -2.000000 -2.000000 -2.000000 0.031788 0.031079 0.028955 0.025438 0.020556 0.014352 0.006876 -0.001810 -0.011642 -0.022548 -0.034452 -0.047278 -0.060947 -0.075383 -0.090509 -0.106253 -0.122544 -0.139317 -0.156509 -0.174061 -0.191920 -0.210036 -0.228364 -0.246862 -0.265494 -0.284224 
-2.000000 -2.000000 -2.000000 -2.000000 -2.000000 -2.000000 -2.000000 -2.000000 -2.000000 -2.000000 -2.000000 -2.000000 -2.000000 -2.000000 -2.000000 -2.000000 -2.000000 -2.000000 -2.000000 -2.000000 -2.000000 -2.000000 -2.000000 -2.000000 -2.000000 0.067169 0.066404 0.064118 0.060331 0.055080 0.048413 0.040390 0.031079 0.020556 0.008904 -0.003793 -0.017447 -0.031970 -0.047278 -0.063286 -0.079913 -0.097085 -0.114728 -0.132777 -0.151169 -0.169848 -0.188761 -0.207861 -0.227107 -0.246459 -0.265883 
-2.000000 -2.000000 -2.000000 -2.000000 -2.000000 -2.000000 -2.000000 -2.000000 -2.000000 -2.000000 -2.000000 -2.000000 -2.000000 -2.000000 -2.000000 -2.000000 -2.000000 -2.000000 -2.000000 -2.000000 -2.000000 -2.000000 -2.000000 -2.000000 -2.000000 0.103754 0.102928 0.100458 0.096369 0.090704 0.083520 0.074884 0.064879 0.053591 0.041114 0.027545 0.012984 -0.002472 -0.018727 -0.035688 -0.053268 -0.071383 -0.089957 -0.108917 -0.128198 -0.147741 -0.167492 -0.187401 -0.207425 -0.227526 -0.247669 
-2.000000 -2.000000 -2.000000 -2.000000 -2.000000 -2.000000 -2.000000 -2.000000 -2.000000 -2.000000 -2.000000 -2.000000 -2.000000 -2.000000 -2.000000 -2.000000 -2.000000 -2.000000 -2.000000 -2.000000 -2.000000 -2.000000 -2.000000 -2.000000 -2.000000 0.141638 0.140742 0.138064 0.133635 0.127504 0.119738 0.110418 0.099637 0.087498 0.074107 0.059577 0.044020 0.027545 0.010260 -0.007734 -0.026339 -0.045466 -0.065032 -0.084961 -0.105183 -0.125636 -0.146265 -0.167019 -0.187855 -0.208732 -0.229618 
-2.000000 -2.000000 -2.000000 -2.000000 -2.000000 -2.000000 -2.000000 -2.000000 -2.000000 -2.000000 -2.000000 -2.000000 -2.000000 -2.000000 -2.000000 -2.000000 -2.000000 -2.000000 -2.000000 -2.000000 -2.000000 -2.000000 -2.000000 -2.000000 -2.000000 0.180925 0.179949 0.177036 0.172221 0.165563 0.157141 0.147051 0.135402 0.122313 0.107908 0.092316 0.075663 0.058074 0.039667 0.020556 0.000846 -0.019366 -0.039990 -0.060947 -0.082163 -0.103574 -0.125122 -0.146758 -0.168435 -0.190117 -0.211769 
-2.000000 -2.000000 -2.000000 -2.000000 -2.000000 -2.000000 -2.000000 -2.000000 -2.000000 -2.000000 -2.000000 -2.000000 -2.000000 -2.000000 -2.000000 -2.000000 -2.000000 -2.000000 -2.000000 -2.000000 -2.000000 -2.000000 -2.000000 -2.000000 -2.000000 0.221731 0.220665 0.217483 0.212228 0.204971 0.195806 0.184846 0.172221 0.158069 0.142536 0.125767 0.107908 0.089098 0.069470 0.049149 0.028250 0.006876 -0.014876 -0.036921 -0.059186 -0.081602 -0.104111 -0.126663 -0.149213 -0.171725 -0.194164 
-2.000000 -2.000000 -2.000000 -2.000000 -2.000000 -2.000000 -2.000000 -2.000000 -2.000000 -2.000000 -2.000000 -2.000000 -2.000000 -2.000000 -2.000000 -2.000000 -2.000000 -2.000000 -2.000000 -2.000000 -2.000000 -2.000000 -2.000000 -2.000000 -2.000000 0.264187 0.263018 0.259527 0.253768 0.245826 0.235815 0.223870 0.210143 0.194799 0.178005 0.159931 0.140742 0.120595 0.099637 0.078006 0.055827 0.033211 0.010260 -0.012938 -0.036305 -0.059773 -0.083284 -0.106787 -0.130239 -0.153603 -0.176850 
-2.000000 -2.000000 -2.000000 -2.000000 -2.000000 -2.000000 -2.000000 -2.000000 -2.000000 -2.000000 -2.000000 -2.000000 -2.000000 -2.000000 -2.000000 -2.000000 -2.000000 -2.000000 -2.000000 -2.000000 -2.000000 -2.000000 -2.000000 -2.000000 -2.000000 0.308441 0.307151 0.303304 0.296964 0.288236 0.277255 0.264187 0.249213 0.232526 0.214323 0.194799 0.174141 0.152527 0.130122 0.107074 0.083520 0.059577 0.035353 0.010939 -0.013585 -0.038151 -0.062702 -0.087188 -0.111567 -0.135806 -0.159877 
-2.000000 -2.000000 -2.000000 -2.000000 -2.000000 -2.000000 -2.000000 -2.000000 -2.000000 -2.000000 -2.000000 -2.000000 -2.000000 -2.000000 -2.000000 -2.000000 -2.000000 -2.000000 -2.000000 -2.000000 -2.000000 -2.000000 -2.000000 -2.000000 -2.000000 0.354657 0.353227 0.348965 0.341951 0.332313 0.320218 0.305865 0.289472 0.271269 0.251485 0.230346 0.208067 0.184846 0.160865 0.136288 0.111258 0.085902 0.060331 0.034638 0.008904 -0.016805 -0.042432 -0.067929 -0.093260 -0.118391 -0.143299 
-2.000000 -2.000000 -2.000000 -2.000000 -2.000000 -2.000000 -2.000000 -2.000000 -2.000000 -2.000000 -2.000000 -2.000000 -2.000000 -2.000000 -2.000000 -2.000000 -2.000000 -2.000000 -2.000000 -2.000000 -2.000000 -2.000000 -2.000000 -2.000000 -2.000000 0.403021 0.401427 0.396679 0.388877 0.378181 0.364796 0.348965 0.330953 0.311031 0.289472 0.266535 0.242465 0.217483 0.191790 0.165563 0.138955 0.112099 0.085107 0.058074 0.031079 0.004187 -0.022548 -0.049083 -0.075383 -0.101420 -0.127175 
-2.000000 -2.000000 -2.000000 -2.000000 -2.000000 -2.000000 -2.000000 -2.000000 -2.000000 -2.000000 -2.000000 -2.000000 -2.000000 -2.000000 -2.000000 -2.000000 -2.000000 -2.000000 -2.000000 -2.000000 -2.000000 -2.000000 -2.000000 -2.000000 -2.000000 0.453744 0.451956 0.446633 0.437903 0.425966 0.411080 0.393542 0.373674 0.351802 0.328245 0.303304 0.277255 0.250348 0.222799 0.194799 0.166508 0.138064 0.109580 0.081149 0.052847 0.024737 -0.003133 -0.030725 -0.058008 -0.084961 -0.111567 
-2.000000 -2.000000 -2.000000 -2.000000 -2.000000 -2.000000 -2.000000 -2.000000 -2.000000 -2.000000 -2.000000 -2.000000 -2.000000 -2.000000 -2.000000 -2.000000 -2.000000 -2.000000 -2.000000 -2.000000 -2.000000 -2.000000 -2.000000 -2.000000 -2.000000 0.507061 0.505039 0.499032 0.489201 0.475800 0.459155 0.439635 0.417634 0.393542 0.367735 0.340562 0.312332 0.283323 0.253768 0.223870 0.193794 0.163678 0.133635 0.103754 0.074107 0.044749 0.015724 -0.012938 -0.041213 -0.069083 -0.096540 
-2.000000 -2.000000 -2.000000 -2.000000 -2.000000 -2.000000 -2.000000 -2.000000 -2.000000 -2.000000 -2.000000 -2.000000 -2.000000 -2.000000 -2.000000 -2.000000 -2.000000 -2.000000 -2.000000 -2.000000 -2.000000 -2.000000 -2.000000 -2.000000 -2.000000 0.563234 0.560933 0.554101 0.542950 0.527809 0.509091 0.487261 0.462799 0.436178 0.407839 0.378181 0.347554 0.316258 0.284546 0.252625 0.220665 0.188801 0.157141 0.125767 0.094744 0.064118 0.033924 0.004187 -0.025079 -0.053863 -0.082163 
-2.000000 -2.000000 -2.000000 -2.000000 -2.000000 -2.000000 -2.000000 -2.000000 -2.000000 -2.000000 -2.000000 -2.000000 -2.000000 -2.000000 -2.000000 -2.000000 -2.000000 -2.000000 -2.000000 -2.000000 -2.000000 -2.000000 -2.000000 -2.000000 -2.000000 0.622557 0.619913 0.612078 0.599333 0.582107 0.560933 0.536396 0.509091 0.479587 0.448400 0.415986 0.382733 0.348965 0.314946 0.280886 0.246952 0.213274 0.179949 0.147051 0.114631 0.082728 0.051365 0.020556 -0.009692 -0.039378 -0.068507 
-2.000000 -2.000000 -2.000000 -2.000000 -2.000000 -2.000000 -2.000000 -2.000000 -2.000000 -2.000000 -2.000000 -2.000000 -2.000000 -2.000000 -2.000000 -2.000000 -2.000000 -2.000000 -2.000000 -2.000000 -2.000000 -2.000000 -2.000000 -2.000000 -2.000000 0.685344 0.682278 0.673211 0.658520 0.638776 0.614674 0.586958 0.556366 0.523579 0.489201 0.453744 0.417634 0.381211 0.344744 0.308441 0.272460 0.236916 0.201896 0.167456 0.133635 0.100458 0.067935 0.036070 0.004858 -0.025709 -0.055644 
-2.000000 -2.000000 -2.000000 -2.000000 -2.000000 -2.000000 -2.000000 -2.000000 -2.000000 -2.000000 -2.000000 -2.000000 -2.000000 -2.000000 -2.000000 -2.000000 -2.000000 -2.000000 -2.000000 -2.000000 -2.000000 -2.000000 -2.000000 -2.000000 -2.000000 0.751926 0.748331 0.737732 0.720644 0.697839 0.670231 0.638776 0.604386 0.567875 0.529940 0.491149 0.451956 0.412709 0.373674 0.335046 0.296964 0.259527 0.222799 0.186820 0.151610 0.117178 0.083520 0.050625 0.018479 -0.012938 -0.043648 
-2.000000 -2.000000 -2.000000 -2.000000 -2.000000 -2.000000 -2.000000 -2.000000 -2.000000 -2.000000 -2.000000 -2.000000 -2.000000 -2.000000 -2.000000 -2.000000 -2.000000 -2.000000 -2.000000 -2.000000 -2.000000 -2.000000 -2.000000 -2.000000 -2.000000 0.822618 0.818355 0.805827 0.785759 0.759209 0.727395 0.691545 0.652784 0.612078 0.570214 0.527809 0.485329 0.443120 0.401427 0.360422 0.320218 0.280886 0.242465 0.204971 0.168405 0.132754 0.098000 0.064118 0.031079 -0.001148 -0.032592 
-2.000000 -2.000000 -2.000000 -2.000000 -2.000000 -2.000000 -2.000000 -2.000000 -2.000000 -2.000000 -2.000000 -2.000000 -2.000000 -2.000000 -2.000000 -2.000000 -2.000000 -2.000000 -2.000000 -2.000000 -2.000000 -2.000000 -2.000000 -2.000000 -2.000000 0.897666 0.892548 0.877568 0.853766 0.822618 0.785759 0.744768 0.701021 0.655642 0.609499 0.563234 0.517310 0.472046 0.427652 0.384261 0.341951 0.300757 0.260688 0.221731 0.183863 0.147051 0.111258 0.076443 0.042565 0.009581 -0.022548 
-2.000000 -2.000000 -2.000000 -2.000000 -2.000000 -2.000000 -2.000000 -2.000000 -2.000000 -2.000000 -2.000000 -2.000000 -2.000000 -2.000000 -2.000000 -2.000000 -2.000000 -2.000000 -2.000000 -2.000000 -2.000000 -2.000000 -2.000000 -2.000000 -2.000000 0.977132 0.970903 0.952779 0.924281 0.887492 0.844622 0.797682 0.748331 0.697839 0.647125 0.596829 0.547376 0.499032 0.451956 0.406227 0.361875 0.318894 0.277255 0.236916 0.197827 0.159931 0.123174 0.087498 0.052847 0.019170 -0.013585 
-2.000000 -2.000000 -2.000000 -2.000000 -2.000000 -2.000000 -2.000000 -2.000000 -2.000000 -2.000000 -2.000000 -2.000000 -2.000000 -2.000000 -2.000000 -2.000000 -2.000000 -2.000000 -2.000000 -2.000000 -2.000000 -2.000000 -2.000000 -2.000000 -2.000000 1.060656 1.052981 1.030814 0.996423 0.952779 0.902851 0.849169 0.793670 0.737732 0.682278 0.627895 0.574932 0.523579 0.473919 0.425966 0.379693 0.335046 0.291956 0.250348 0.210143 0.171264 0.133635 0.097184 0.061842 0.027545 -0.005767 
-2.000000 -2.000000 -2.000000 -2.000000 -2.000000 -2.000000 -2.000000 -2.000000 -2.000000 -2.000000 -2.000000 -2.000000 -2.000000 -2.000000 -2.000000 -2.000000 -2.000000 -2.000000 -2.000000 -2.000000 -2.000000 -2.000000 -2.000000 -2.000000 -2.000000 1.147028 1.137477 1.110155 1.068484 1.016698 0.958730 0.897666 0.835678 0.774171 0.714000 0.655642 0.599333 0.545157 0.493106 0.443120 0.395108 0.348965 0.304583 0.261851 0.220665 0.180925 0.142536 0.105411 0.069470 0.034638 0.000846 
-2.000000 -2.000000 -2.000000 -2.000000 -2.000000 -2.000000 -2.000000 -2.000000 -2.000000 -2.000000 -2.000000 -2.000000 -2.000000 -2.000000 -2.000000 -2.000000 -2.000000 -2.000000 -2.000000 -2.000000 -2.000000 -2.000000 -2.000000 -2.000000 -2.000000 1.233394 1.221472 1.187788 1.137477 1.076471 1.009824 0.941136 0.872695 0.805827 0.741235 0.679234 0.619913 0.563234 0.509091 0.457344 0.407839 0.360422 0.314946 0.271269 0.229261 0.188801 0.149781 0.112099 0.075663 0.040390 0.006203 
-2.000000 -2.000000 -2.000000 -2.000000 -2.000000 -2.000000 -2.000000 -2.000000 -2.000000 -2.000000 -2.000000 -2.000000 -2.000000 -2.000000 -2.000000 -2.000000 -2.000000 -2.000000 -2.000000 -2.000000 -2.000000 -2.000000 -2.000000 -2.000000 -2.000000 1.314073 1.299370 1.258421 1.198690 1.128154 1.052981 0.977132 0.902851 0.831278 0.762899 0.697839 0.636029 0.577310 0.521479 0.468323 0.417634 0.369213 0.322878 0.278462 0.235815 0.194799 0.155290 0.117178 0.080361 0.044749 0.010260 
-2.000000 -2.000000 -2.000000 -2.000000 -2.000000 -2.000000 -2.000000 -2.000000 -2.000000 -2.000000 -2.000000 -2.000000 -2.000000 -2.000000 -2.000000 -2.000000 -2.000000 -2.000000 -2.000000 -2.000000 -2.000000 -2.000000 -2.000000 -2.000000 -2.000000 1.379476 1.362014 1.314073 1.245702 1.166870 1.084624 1.003067 0.924281 0.849169 0.777998 0.710717 0.647125 0.586958 0.529940 0.475800 0.424287 0.375171 0.328245 0.283323 0.240237 0.198841 0.158999 0.120595 0.083520 0.047678 0.012984 
-2.000000 -2.000000 -2.000000 -2.000000 -2.000000 -2.000000 -2.000000 -2.000000 -2.000000 -2.000000 -2.000000 -2.000000 -2.000000 -2.000000 -2.000000 -2.000000 -2.000000 -2.000000 -2.000000 -2.000000 -2.000000 -2.000000 -2.000000 -2.000000 -2.000000 1.417098 1.397806 1.345338 1.271583 1.187788 1.101458 1.016698 0.935439 0.858417 0.785759 0.717309 0.652784 0.591865 0.534233 0.479587 0.427652 0.378181 0.330953 0.285772 0.242465 0.200875 0.160865 0.122313 0.085107 0.049149 0.014352 
-2.000000 -2.000000 -2.000000 -2.000000 -2.000000 -2.000000 -2.000000 -2.000000 -2.000000 -2.000000 -2.000000 -2.000000 -2.000000 -2.000000 -2.000000 -2.000000 -2.000000 -2.000000 -2.000000 -2.000000 -2.000000 -2.000000 -2.000000 -2.000000 -2.000000 1.422084 1.402534 1.349437 1.274946 1.190485 1.103614 1.018435 0.936856 0.859587 0.786740 0.718140 0.653497 0.592483 0.534773 0.480062 0.428074 0.378558 0.331292 0.286079 0.242744 0.201130 0.161099 0.122528 0.085305 0.049334 0.014523 
-2.000000 -2.000000 -2.000000 -2.000000 -2.000000 -2.000000 -2.000000 -2.000000 -2.000000 -2.000000 -2.000000 -2.000000 -2.000000 -2.000000 -2.000000 -2.000000 -2.000000 -2.000000 -2.000000 -2.000000 -2.000000 -2.000000 -2.000000 -2.000000 -2.000000 1.416883 1.397602 1.345161 1.271438 1.187671 1.101365 1.016623 0.935377 0.858366 0.785717 0.717273 0.652753 0.591838 0.534210 0.479566 0.427633 0.378164 0.330938 0.285759 0.242453 0.200864 0.160855 0.122303 0.085098 0.049141 0.014344 
-2.000000 -2.000000 -2.000000 -2.000000 -2.000000 -2.000000 -2.000000 -2.000000 -2.000000 -2.000000 -2.000000 -2.000000 -2.000000 -2.000000 -2.000000 -2.000000 -2.000000 -2.000000 -2.000000 -2.000000 -2.000000 -2.000000 -2.000000 -2.000000 -2.000000 1.378898 1.361462 1.313589 1.245297 1.166541 1.084358 1.002850 0.924103 0.849021 0.777874 0.710612 0.647034 0.586879 0.529871 0.475739 0.424233 0.375123 0.328201 0.283283 0.240201 0.198808 0.158969 0.120567 0.083494 0.047654 0.012962 
-2.000000 -2.000000 -2.000000 -2.000000 -2.000000 -2.000000 -2.000000 -2.000000 -2.000000 -2.000000 -2.000000 -2.000000 -2.000000 -2.000000 -2.000000 -2.000000 -2.000000 -2.000000 -2.000000 -2.000000 -2.000000 -2.000000 -2.000000 -2.000000 -2.000000 1.313267 1.298594 1.257725 1.198095 1.127659 1.052572 0.976794 0.902570 0.831042 0.762700 0.697668 0.635882 0.577182 0.521367 0.468224 0.417545 0.369133 0.322806 0.278397 0.235756 0.194744 0.155240 0.117132 0.080319 0.044710 0.010223 
-2.000000 -2.000000 -2.000000 -2.000000 -2.000000 -2.000000 -2.000000 -2.000000 -2.000000 -2.000000 -2.000000 -2.000000 -2.000000 -2.000000 -2.000000 -2.000000 -2.000000 -2.000000 -2.000000 -2.000000 -2.000000 -2.000000 -2.000000 -2.000000 -2.000000 1.232483 1.220589 1.186979 1.136766 1.075864 1.009311 0.940704 0.872330 0.805517 0.740970 0.679005 0.619714 0.563060 0.508938 0.457208 0.407717 0.360313 0.314847 0.271179 0.229179 0.188727 0.149712 0.112035 0.075604 0.040335 0.006152 
-2.000000 -2.000000 -2.000000 -2.000000 -2.000000 -2.000000 -2.000000 -2.000000 -2.000000 -2.000000 -2.000000 -2.000000 -2.000000 -2.000000 -2.000000 -2.000000 -2.000000 -2.000000 -2.000000 -2.000000 -2.000000 -2.000000 -2.000000 -2.000000 -2.000000 1.146093 1.136564 1.109304 1.067719 1.016027 0.958150 0.897168 0.835250 0.773803 0.713681 0.655365 0.599090 0.544943 0.492917 0.442951 0.394956 0.348828 0.304459 0.261738 0.220562 0.180830 0.142449 0.105331 0.069396 0.034569 0.000781 
-2.000000 -2.000000 -2.000000 -2.000000 -2.000000 -2.000000 -2.000000 -2.000000 -2.000000 -2.000000 -2.000000 -2.000000 -2.000000 -2.000000 -2.000000 -2.000000 -2.000000 -2.000000 -2.000000 -2.000000 -2.000000 -2.000000 -2.000000 -2.000000 -2.000000 1.059740 1.052083 1.029965 0.995644 0.952081 0.902234 0.848628 0.793197 0.737319 0.681916 0.627577 0.574651 0.523330 0.473697 0.425767 0.379514 0.334883 0.291808 0.250213 0.210020 0.171151 0.133531 0.097088 0.061753 0.027462 -0.005845 
-2.000000 -2.000000 -2.000000 -2.000000 -2.000000 -2.000000 -2.000000 -2.000000 -2.000000 -2.000000 -2.000000 -2.000000 -2.000000 -2.000000 -2.000000 -2.000000 -2.000000 -2.000000 -2.000000 -2.000000 -2.000000 -2.000000 -2.000000 -2.000000 -2.000000 0.976255 0.970040 0.951954 0.923512 0.886791 0.843990 0.797119 0.747831 0.697396 0.646732 0.596480 0.547065 0.498754 0.451706 0.406002 0.361672 0.318709 0.277087 0.236762 0.197685 0.159801 0.123053 0.087386 0.052744 0.019074 -0.013675 
-2.000000 -2.000000 -2.000000 -2.000000 -2.000000 -2.000000 -2.000000 -2.000000 -2.000000 -2.000000 -2.000000 -2.000000 -2.000000 -2.000000 -2.000000 -2.000000 -2.000000 -2.000000 -2.000000 -2.000000 -2.000000 -2.000000 -2.000000 -2.000000 -2.000000 0.896836 0.891728 0.876778 0.853021 0.821927 0.785128 0.744196 0.700506 0.655180 0.609084 0.562862 0.516976 0.471744 0.427379 0.384014 0.341727 0.300553 0.260500 0.221559 0.183704 0.146905 0.111122 0.076317 0.042447 0.009472 -0.022650 
-2.000000 -2.000000 -2.000000 -2.000000 -2.000000 -2.000000 -2.000000 -2.000000 -2.000000 -2.000000 -2.000000 -2.000000 -2.000000 -2.000000 -2.000000 -2.000000 -2.000000 -2.000000 -2.000000 -2.000000 -2.000000 -2.000000 -2.000000 -2.000000 -2.000000 0.821835 0.817581 0.805076 0.785044 0.758538 0.726773 0.690974 0.652264 0.611606 0.569786 0.527421 0.484977 0.442800 0.401137 0.360157 0.319976 0.280664 0.242261 0.204783 0.168231 0.132594 0.097851 0.063979 0.030949 -0.001269 -0.032705 
-2.000000 -2.000000 -2.000000 -2.000000 -2.000000 -2.000000 -2.000000 -2.000000 -2.000000 -2.000000 -2.000000 -2.000000 -2.000000 -2.000000 -2.000000 -2.000000 -2.000000 -2.000000 -2.000000 -2.000000 -2.000000 -2.000000 -2.000000 -2.000000 -2.000000 0.751189 0.747601 0.737019 0.719960 0.697191 0.669625 0.638214 0.603867 0.567399 0.529504 0.490750 0.451591 0.412376 0.373369 0.334766 0.296707 0.259290 0.222580 0.186618 0.151423 0.117004 0.083358 0.050474 0.018338 -0.013070 -0.043772 
-2.000000 -2.000000 -2.000000 -2.000000 -2.000000 -2.000000 -2.000000 -2.000000 -2.000000 -2.000000 -2.000000 -2.000000 -2.000000 -2.000000 -2.000000 -2.000000 -2.000000 -2.000000 -2.000000 -2.000000 -2.000000 -2.000000 -2.000000 -2.000000 -2.000000 0.684650 0.681588 0.672536 0.657868 0.638154 0.614086 0.586408 0.555853 0.523104 0.488762 0.453340 0.417261 0.380867 0.344427 0.308149 0.272190 0.236668 0.201665 0.167242 0.133436 0.100272 0.067762 0.035908 0.004706 -0.025851 -0.055778 
-2.000000 -2.000000 -2.000000 -2.000000 -2.000000 -2.000000 -2.000000 -2.000000 -2.000000 -2.000000 -2.000000 -2.000000 -2.000000 -2.000000 -2.000000 -2.000000 -2.000000 -2.000000 -2.000000 -2.000000 -2.000000 -2.000000 -2.000000 -2.000000 -2.000000 0.621901 0.619262 0.611439 0.598713 0.581511 0.560365 0.535860 0.508588 0.479117 0.447962 0.415580 0.382356 0.348616 0.314622 0.280586 0.246674 0.213015 0.179709 0.146827 0.114422 0.082532 0.051182 0.020384 -0.009853 -0.039530 -0.068649 
-2.000000 -2.000000 -2.000000 -2.000000 -2.000000 -2.000000 -2.000000 -2.000000 -2.000000 -2.000000 -2.000000 -2.000000 -2.000000 -2.000000 -2.000000 -2.000000 -2.000000 -2.000000 -2.000000 -2.000000 -2.000000 -2.000000 -2.000000 -2.000000 -2.000000 0.562614 0.560316 0.553494 0.542359 0.527238 0.508545 0.486741 0.462308 0.435715 0.407405 0.377775 0.347175 0.315905 0.284217 0.252318 0.220379 0.188535 0.156892 0.125534 0.094526 0.063913 0.033732 0.004007 -0.025248 -0.054023 -0.082314 
-2.000000 -2.000000 -2.000000 -2.000000 -2.000000 -2.000000 -2.000000 -2.000000 -2.000000 -2.000000 -2.000000 -2.000000 -2.000000 -2.000000 -2.000000 -2.000000 -2.000000 -2.000000 -2.000000 -2.000000 -2.000000 -2.000000 -2.000000 -2.000000 -2.000000 0.506473 0.504455 0.498455 0.488637 0.475253 0.458628 0.439132 0.417155 0.393089 0.367308 0.340159 0.311954 0.282968 0.253436 0.223559 0.193502 0.163405 0.133379 0.103514 0.073882 0.044538 0.015524 -0.013126 -0.041390 -0.069251 -0.096698 
-2.000000 -2.000000 -2.000000 -2.000000 -2.000000 -2.000000 -2.000000 -2.000000 -2.000000 -2.000000 -2.000000 -2.000000 -2.000000 -2.000000 -2.000000 -2.000000 -2.000000 -2.000000 -2.000000 -2.000000 -2.000000 -2.000000 -2.000000 -2.000000 -2.000000 0.453186 0.451399 0.446083 0.437365 0.425442 0.410573 0.393055 0.373208 0.351359 0.327824 0.302906 0.276880 0.249994 0.222466 0.194485 0.166213 0.137787 0.109319 0.080903 0.052616 0.024519 -0.003339 -0.030919 -0.058192 -0.085135 -0.111732 
-2.000000 -2.000000 -2.000000 -2.000000 -2.000000 -2.000000 -2.000000 -2.000000 -2.000000 -2.000000 -2.000000 -2.000000 -2.000000 -2.000000 -2.000000 -2.000000 -2.000000 -2.000000 -2.000000 -2.000000 -2.000000 -2.000000 -2.000000 -2.000000 -2.000000 0.402490 0.400897 0.396155 0.388362 0.377678 0.364308 0.348494 0.330501 0.310599 0.289060 0.266143 0.242093 0.217131 0.191457 0.165248 0.138658 0.111818 0.084842 0.057823 0.030842 0.003963 -0.022759 -0.049283 -0.075572 -0.101600 -0.127346 
-2.000000 -2.000000 -2.000000 -2.000000 -2.000000 -2.000000 -2.000000 -2.000000 -2.000000 -2.000000 -2.000000 -2.000000 -2.000000 -2.000000 -2.000000 -2.000000 -2.000000 -2.000000 -2.000000 -2.000000 -2.000000 -2.000000 -2.000000 -2.000000 -2.000000 0.354149 0.352721 0.348464 0.341458 0.331830 0.319748 0.305410 0.289033 0.270847 0.251081 0.229961 0.207700 0.184497 0.160534 0.135973 0.110960 0.085620 0.060064 0.034385 0.008663 -0.017033 -0.042648 -0.068134 -0.093454 -0.118576 -0.143475 
-2.000000 -2.000000 -2.000000 -2.000000 -2.000000 -2.000000 -2.000000 -2.000000 -2.000000 -2.000000 -2.000000 -2.000000 -2.000000 -2.000000 -2.000000 -2.000000 -2.000000 -2.000000 -2.000000 -2.000000 -2.000000 -2.000000 -2.000000 -2.000000 -2.000000 0.307955 0.306667 0.302824 0.296491 0.287771 0.276802 0.263747 0.248787 0.232115 0.213928 0.194420 0.173779 0.152182 0.129793 0.106761 0.083222 0.059294 0.035084 0.010684 -0.013828 -0.038382 -0.062922 -0.087396 -0.111766 -0.135996 -0.160057 
-2.000000 -2.000000 -2.000000 -2.000000 -2.000000 -2.000000 -2.000000 -2.000000 -2.000000 -2.000000 -2.000000 -2.000000 -2.000000 -2.000000 -2.000000 -2.000000 -2.000000 -2.000000 -2.000000 -2.000000 -2.000000 -2.000000 -2.000000 -2.000000 -2.000000 0.263722 0.262553 0.259066 0.253313 0.245379 0.235377 0.223443 0.209729 0.194399 0.177620 0.159561 0.140386 0.120254 0.099311 0.077695 0.055530 0.032928 0.009990 -0.013196 -0.036550 -0.060007 -0.083507 -0.106999 -0.130441 -0.153796 -0.177034 
-2.000000 -2.000000 -2.000000 -2.000000 -2.000000 -2.000000 -2.000000 -2.000000 -2.000000 -2.000000 -2.000000 -2.000000 -2.000000 -2.000000 -2.000000 -2.000000 -2.000000 -2.000000 -2.000000 -2.000000 -2.000000 -2.000000 -2.000000 -2.000000 -2.000000 0.221284 0.220219 0.217040 0.211790 0.204540 0.195383 0.184434 0.171820 0.157680 0.142159 0.125404 0.107558 0.088762 0.069148 0.048841 0.027954 0.006594 -0.015146 -0.037179 -0.059432 -0.081837 -0.104336 -0.126878 -0.149419 -0.171921 -0.194352 
-2.000000 -2.000000 -2.000000 -2.000000 -2.000000 -2.000000 -2.000000 -2.000000 -2.000000 -2.000000 -2.000000 -2.000000 -2.000000 -2.000000 -2.000000 -2.000000 -2.000000 -2.000000 -2.000000 -2.000000 -2.000000 -2.000000 -2.000000 -2.000000 -2.000000 0.180495 0.179520 0.176610 0.171799 0.165147 0.156733 0.146651 0.135012 0.121933 0.107540 0.091960 0.075320 0.057743 0.039349 0.020250 0.000552 -0.019647 -0.040260 -0.061205 -0.082410 -0.103811 -0.125349 -0.146975 -0.168643 -0.190316 -0.211960 
-2.000000 -2.000000 -2.000000 -2.000000 -2.000000 -2.000000 -2.000000 -2.000000 -2.000000 -2.000000 -2.000000 -2.000000 -2.000000 -2.000000 -2.000000 -2.000000 -2.000000 -2.000000 -2.000000 -2.000000 -2.000000 -2.000000 -2.000000 -2.000000 -2.000000 0.141224 0.140329 0.137653 0.133228 0.127102 0.119343 0.110030 0.099258 0.087128 0.073748 0.059229 0.043683 0.027220 0.009946 -0.008036 -0.026630 -0.045746 -0.065301 -0.085219 -0.105430 -0.125874 -0.146493 -0.167238 -0.188064 -0.208933 -0.229811 
-2.000000 -2.000000 -2.000000 -2.000000 -2.000000 -2.000000 -2.000000 -2.000000 -2.000000 -2.000000 -2.000000 -2.000000 -2.000000 -2.000000 -2.000000 -2.000000 -2.000000 -2.000000 -2.000000 -2.000000 -2.000000 -2.000000 -2.000000 -2.000000 -2.000000 0.103355 0.102529 0.100061 0.095976 0.090315 0.083137 0.074508 0.064511 0.053231 0.040763 0.027205 0.012654 -0.002792 -0.019036 -0.035987 -0.053556 -0.071661 -0.090224 -0.109174 -0.128446 -0.147979 -0.167720 -0.187620 -0.207636 -0.227729 -0.247864 
-2.000000 -2.000000 -2.000000 -2.000000 -2.000000 -2.000000 -2.000000 -2.000000 -2.000000 -2.000000 -2.000000 -2.000000 -2.000000 -2.000000 -2.000000 -2.000000 -2.000000 -2.000000 -2.000000 -2.000000 -2.000000 -2.000000 -2.000000 -2.000000 -2.000000 0.066783 0.066019 0.063734 0.059950 0.054703 0.048042 0.040024 0.030720 0.020206 0.008562 -0.004126 -0.017770 -0.032284 -0.047582 -0.063580 -0.080198 -0.097360 -0.114994 -0.133033 -0.151416 -0.170085 -0.188989 -0.208081 -0.227319 -0.246663 -0.266079 
-2.000000 -2.000000 -2.000000 -2.000000 -2.000000 -2.000000 -2.000000 -2.000000 -2.000000 -2.000000 -2.000000 -2.000000 -2.000000 -2.000000 -2.000000 -2.000000 -2.000000 -2.000000 -2.000000 -2.000000 -2.000000 -2.000000 -2.000000 -2.000000 -2.000000 0.031414 0.030705 0.028584 0.025069 0.020191 0.013991 0.006521 -0.002159 -0.011984 -0.022882 -0.034778 -0.047595 -0.061256 -0.075682 -0.090799 -0.106534 -0.122816 -0.139580 -0.156763 -0.174306 -0.192157 -0.210265 -0.228585 -0.247075 -0.265699 -0.284421 
