# 1667535989 111
13.8349  -89.2724  SV.QUEZ.HNZ.--  1667535987  53.504
13.6117  -89.1796  SV.PANC.HN.--  1667535985  32.9133
13.7137  -89.1698  SV.IGN.HNZ.--  1667535986  26.0301
13.6542  -89.4489  SV.JAYA.HH.--  1667535984  20.8355
13.8028  -89.3949  SV.CEDA.HH.--  1667535986.5  20.7225
13.713  -88.9371  SV.PAVA.HHZ.--  1667535988  14.2636
13.9022  -89.7799  SV.NUBE.HHZ.--  1667535986.5  12.9916
13.7033  -89.224  SV.SEM.HNZ.--  1667535986  7.92208
13.7008  -89.2013  SV.UTEC.HNZ.--  1667535986.5  6.25031
13.7206  -89.2014  SV.UES.HNZ.--  1667535986.5  5.64461
13.6842  -89.2865  SV.MAGT.HN.--  1667535987  5.4676
13.5751  -89.8329  SV.ACAJ.HNZ.00  1667535982.5  4.21139
13.7152  -89.155  SV.UDBS.HNZ.--  1667535986  3.51719
14.113  -89.6827  SV.RBDL.HN.--  1667535982.5  2.87349
14.5833  -90.5325  GI.GCG4.HN.--  1667535934.5  1.3673
13.9982  -89.7806  SV.LOAL.HNZ.--  1667535987.5  0.881958
13.469  -88.3233  SV.PACA.HN.--  1667535987  0.514843
13.9366  -90.8349  GI.ESSJ.HNZ.00  1667535950.5  0.406647
14.9942  -90.8073  GI.QCJY.HNZ.00  1667535954  0.293476
13.8158  -88.861  SV.UNICI.HNZ.00  1667535982  0.286163
14.621  -90.599  GI.GUMI.HHZ.--  1667535980.5  0.256628
14.964  -89.584  GI.ZAES.HN.00  1667535981  0.191479
13.4746  -88.1705  SV.CNRM.HNZ.--  1667535934  0.173855
13.9816  -89.5485  SV.UNIC.HNZ.--  1667535981  0.123919
13.309  -87.8903  SV.LCNA.HNZ.--  1667535963.5  0.0923
14.2311  -90.1984  GI.SROR.HH.--  1667535987  0.0815533
14.3842  -90.8303  GI.ESES.HN.00  1667535941.5  0.052937
14.7828  -90.7937  GI.CMSM.HN.--  1667535932.5  0.0282707
14.532  -90.498  GI.GUVC.HN.--  1667535979.5  0.0273255
14.1516  -91.1941  GI.ESTQ.HN.--  1667535971  0.0261073
14.1626  -88.9445  SV.LLGN.HNZ.--  1667535984.5  0.024806
14.552  -90.3168  GI.GUSP.HN.--  1667535985  0.0235084
14.4956  -89.8395  GI.JAMO.HNZ.--  1667535987  0.0157028
15.4852  -91.0467  GI.QCCJ.HN.--  1667535942  0.0107076
14.535  -90.44  GI.GUJV.HH.--  1667535951.5  0.00786037
15.6208  -89.0509  GI.KUIZ2.HN.00  1667535974  0.00430257
15.6208  -89.0509  GI.KUIZ2.HH.--  1667535974.5  0.00180318
