# 1674152785 3
13.9982  -89.7806  SV.LOAL.HN.--  1674152782  76.5444
14.113  -89.6827  SV.RBDL.HN.--  1674152784  23.5508
13.7137  -89.1698  SV.IGN.HN.--  1674152776  20.8168
13.9022  -89.7799  SV.NUBE.HH.--  1674152783.5  14.5194
14.5833  -90.5325  GI.GCG4.HNZ.--  1674152747.5  1.3316
13.8431  -90.0148  SV.FAME.HN.00  1674152784  1.31577
13.6117  -89.1796  SV.PANC.HNZ.--  1674152759  0.92144
14.621  -90.599  GI.GUMI.HHZ.--  1674152767.5  0.875976
13.5751  -89.8329  SV.ACAJ.HN.00  1674152779.5  0.77421
13.6952  -88.1065  SV.FAGO.HN.00  1674152732.5  0.557786
14.6472  -90.4948  GI.GGU06.HNZ.--  1674152752.5  0.554036
13.8349  -89.2724  SV.QUEZ.HNZ.--  1674152779.5  0.549316
14.7828  -90.7937  GI.CMSM.HNZ.--  1674152752  0.53651
14.336  -89.706  GI.JUAM.HNZ.00  1674152784  0.530216
13.4746  -88.1705  SV.CNRM.HNZ.--  1674152762.5  0.496101
13.8028  -89.3949  SV.CEDA.HH.--  1674152760.5  0.474877
14.9942  -90.8073  GI.QCJY.HN.00  1674152764  0.332923
14.3989  -89.3606  SV.MTO3.HHZ.--  1674152729.5  0.314155
14.535  -90.44  GI.GUJV.HHZ.--  1674152771.5  0.249644
14.2311  -90.1984  GI.SROR.HN.--  1674152731  0.205659
13.7008  -89.2013  SV.UTEC.HNZ.--  1674152728.5  0.136314
13.713  -88.9371  SV.PAVA.HH.--  1674152782  0.133615
13.7152  -89.155  SV.UDBS.HNZ.--  1674152731.5  0.132613
14.1516  -91.1941  GI.ESTQ.HN.--  1674152747  0.113935
14.552  -90.3168  GI.GUSP.HN.--  1674152781  0.059542
15.6208  -89.0509  GI.KUIZ2.HN.00  1674152772  0.0441319
13.9816  -89.5485  SV.UNIC.HNZ.--  1674152766.5  0.0396623
15.6208  -89.0509  GI.KUIZ2.HHZ.--  1674152772  0.0288449
14.532  -90.498  GI.GUVC.HN.--  1674152744  0.0285498
13.6543  -89.449  SV.JAYA.HN.00  1674152740.5  0.0201217
14.1626  -88.9445  SV.LLGN.HNZ.--  1674152750.5  0.0200104
13.6542  -89.4489  SV.JAYA.HH.--  1674152739  0.0133568
15.4852  -91.0467  GI.QCCJ.HN.--  1674152779  0.0127833
14.4956  -89.8395  GI.JAMO.HN.--  1674152744.5  0.00875539
