35 35
7.008702e-01 0 5
-0.542492 -0.520554 -0.498738 -0.477137 -0.455860 -0.435033 -0.414799 -0.395320 -0.376777 -0.359365 -0.343292 -0.328775 -0.316028 -0.305260 -0.296661 -0.290393 -0.286580 -0.285300 -0.286580 -0.290393 -0.296661 -0.305260 -0.316028 -0.328775 -0.343292 -0.359365 -0.376777 -0.395320 -0.414799 -0.435033 -0.455860 -0.477137 -0.498738 -0.520554 -0.542492 
-0.521238 -0.498013 -0.474831 -0.451786 -0.428989 -0.406574 -0.384697 -0.363536 -0.343292 -0.324190 -0.306472 -0.290393 -0.276213 -0.264188 -0.254553 -0.247512 -0.243220 -0.241778 -0.243220 -0.247512 -0.254553 -0.264188 -0.276213 -0.290393 -0.306472 -0.324190 -0.343292 -0.363536 -0.384697 -0.406574 -0.428989 -0.451786 -0.474831 -0.498013 -0.521238 
-0.500184 -0.475602 -0.450965 -0.426369 -0.401926 -0.377776 -0.354085 -0.331046 -0.308884 -0.287855 -0.268241 -0.250345 -0.234482 -0.220966 -0.210094 -0.202122 -0.197254 -0.195616 -0.197254 -0.202122 -0.210094 -0.220966 -0.234482 -0.250345 -0.268241 -0.287855 -0.308884 -0.331046 -0.354085 -0.377776 -0.401926 -0.426369 -0.450965 -0.475602 -0.500184 
-0.479430 -0.453421 -0.427244 -0.400990 -0.374770 -0.348728 -0.323035 -0.297902 -0.273575 -0.250345 -0.228537 -0.208514 -0.190658 -0.175359 -0.162993 -0.153892 -0.148317 -0.146440 -0.148317 -0.153892 -0.162993 -0.175359 -0.190658 -0.208514 -0.228537 -0.250345 -0.273575 -0.297902 -0.323035 -0.348728 -0.374770 -0.400990 -0.427244 -0.453421 -0.479430 
-0.459089 -0.431591 -0.403792 -0.375775 -0.347647 -0.319548 -0.291655 -0.264188 -0.237418 -0.211667 -0.187314 -0.164786 -0.144552 -0.127100 -0.112910 -0.102416 -0.095967 -0.093791 -0.095967 -0.102416 -0.112910 -0.127100 -0.144552 -0.164786 -0.187314 -0.211667 -0.237418 -0.264188 -0.291655 -0.319548 -0.347647 -0.375775 -0.403792 -0.431591 -0.459089 
-0.439291 -0.410252 -0.380758 -0.350880 -0.320714 -0.290393 -0.260090 -0.230032 -0.200507 -0.171870 -0.144552 -0.119061 -0.095967 -0.075885 -0.059438 -0.047202 -0.039651 -0.037098 -0.039651 -0.047202 -0.059438 -0.075885 -0.095967 -0.119061 -0.144552 -0.171870 -0.200507 -0.230032 -0.260090 -0.290393 -0.320714 -0.350880 -0.380758 -0.410252 -0.439291 
-0.420183 -0.389563 -0.358315 -0.326490 -0.294166 -0.261461 -0.228537 -0.195616 -0.162993 -0.131053 -0.100279 -0.071264 -0.044703 -0.021375 -0.002095 0.012356 0.021323 0.024364 0.021323 0.012356 -0.002095 -0.021375 -0.044703 -0.071264 -0.100279 -0.131053 -0.162993 -0.195616 -0.228537 -0.261461 -0.294166 -0.326490 -0.358315 -0.389563 -0.420183 
-0.401926 -0.369706 -0.336663 -0.302823 -0.268241 -0.233005 -0.197254 -0.161191 -0.125107 -0.089399 -0.054595 -0.021375 0.009418 0.036800 0.059693 0.077020 0.087848 0.091534 0.087848 0.077020 0.059693 0.036800 0.009418 -0.021375 -0.054595 -0.089399 -0.125107 -0.161191 -0.197254 -0.233005 -0.268241 -0.302823 -0.336663 -0.369706 -0.401926 
-0.384697 -0.350880 -0.316028 -0.280135 -0.243220 -0.205332 -0.166570 -0.127100 -0.087182 -0.047202 -0.007713 0.030527 0.066520 0.099026 0.126607 0.147752 0.161093 0.165657 0.161093 0.147752 0.126607 0.099026 0.066520 0.030527 -0.007713 -0.047202 -0.087182 -0.127100 -0.166570 -0.205332 -0.243220 -0.280135 -0.316028 -0.350880 -0.384697 
-0.368685 -0.333303 -0.296661 -0.258714 -0.219433 -0.178816 -0.136901 -0.093791 -0.049684 -0.004916 0.039980 0.084201 0.126607 0.165657 0.199435 0.225783 0.242628 0.248433 0.242628 0.225783 0.199435 0.165657 0.126607 0.084201 0.039980 -0.004916 -0.049684 -0.093791 -0.136901 -0.178816 -0.219433 -0.258714 -0.296661 -0.333303 -0.368685 
-0.354085 -0.317205 -0.278833 -0.238877 -0.197254 -0.153892 -0.108749 -0.061835 -0.013242 0.036800 0.087848 0.139137 0.189439 0.236920 0.279047 0.312701 0.334629 0.342266 0.334629 0.312701 0.279047 0.236920 0.189439 0.139137 0.087848 0.036800 -0.013242 -0.061835 -0.108749 -0.153892 -0.197254 -0.238877 -0.278833 -0.317205 -0.354085 
-0.341096 -0.302823 -0.262827 -0.220966 -0.177092 -0.131053 -0.082706 -0.031935 0.021323 0.077020 0.134909 0.194401 0.254339 0.312701 0.366275 0.410543 0.440212 0.450716 0.440212 0.410543 0.366275 0.312701 0.254339 0.194401 0.134909 0.077020 0.021323 -0.031935 -0.082706 -0.131053 -0.177092 -0.220966 -0.262827 -0.302823 -0.341096 
-0.329912 -0.290393 -0.248931 -0.205332 -0.159380 -0.110836 -0.059438 -0.004916 0.052997 0.114516 0.179728 0.248433 0.319853 0.392130 0.461562 0.521811 0.564012 0.579363 0.564012 0.521811 0.461562 0.392130 0.319853 0.248433 0.179728 0.114516 0.052997 -0.004916 -0.059438 -0.110836 -0.159380 -0.205332 -0.248931 -0.290393 -0.329912 
-0.320714 -0.280135 -0.237418 -0.192318 -0.144552 -0.093791 -0.039651 0.018309 0.080592 0.147752 0.220348 0.298836 0.383289 0.472771 0.564012 0.649082 0.713166 0.737646 0.713166 0.649082 0.564012 0.472771 0.383289 0.298836 0.220348 0.147752 0.080592 0.018309 -0.039651 -0.093791 -0.144552 -0.192318 -0.237418 -0.280135 -0.320714 
-0.313662 -0.272249 -0.228537 -0.182239 -0.133013 -0.080447 -0.024045 0.036800 0.102834 0.174973 0.254339 0.342266 0.440212 0.549340 0.669087 0.792898 0.898653 0.943252 0.898653 0.792898 0.669087 0.549340 0.440212 0.342266 0.254339 0.174973 0.102834 0.036800 -0.024045 -0.080447 -0.133013 -0.182239 -0.228537 -0.272249 -0.313662 
-0.308884 -0.266895 -0.222493 -0.175359 -0.125107 -0.071264 -0.013242 0.049697 0.118499 0.194401 0.279047 0.374674 0.484371 0.612386 0.764106 0.943252 1.133088 1.233692 1.133088 0.943252 0.764106 0.612386 0.484371 0.374674 0.279047 0.194401 0.118499 0.049697 -0.013242 -0.071264 -0.125107 -0.175359 -0.222493 -0.266895 -0.308884 
-0.306472 -0.264188 -0.219433 -0.171870 -0.121088 -0.066581 -0.007713 0.056329 0.126607 0.204544 0.292110 0.392130 0.508857 0.649082 0.824478 1.056681 1.381781 1.671541 1.381781 1.056681 0.824478 0.649082 0.508857 0.392130 0.292110 0.204544 0.126607 0.056329 -0.007713 -0.066581 -0.121088 -0.171870 -0.219433 -0.264188 -0.306472 
-0.306169 -0.263849 -0.219049 -0.171431 -0.120582 -0.065991 -0.007016 0.057167 0.127633 0.205834 0.293779 0.394377 0.512048 0.653970 0.832875 1.074142 1.432953 1.823496 1.432953 1.074142 0.832875 0.653970 0.512048 0.394377 0.293779 0.205834 0.127633 0.057167 -0.007016 -0.065991 -0.120582 -0.171431 -0.219049 -0.263849 -0.306169 
-0.306485 -0.264203 -0.219450 -0.171889 -0.121110 -0.066606 -0.007743 0.056292 0.126562 0.204488 0.292038 0.392033 0.508719 0.648871 0.824118 1.055943 1.379736 1.666380 1.379736 1.055943 0.824118 0.648871 0.508719 0.392033 0.292038 0.204488 0.126562 0.056292 -0.007743 -0.066606 -0.121110 -0.171889 -0.219450 -0.264203 -0.306485 
-0.308923 -0.266939 -0.222543 -0.175416 -0.125172 -0.071339 -0.013331 0.049590 0.118369 0.194239 0.278840 0.374399 0.483989 0.611824 0.763215 0.941709 1.130309 1.229887 1.130309 0.941709 0.763215 0.611824 0.483989 0.374399 0.278840 0.194239 0.118369 0.049590 -0.013331 -0.071339 -0.125172 -0.175416 -0.222543 -0.266939 -0.308923 
-0.313726 -0.272320 -0.228618 -0.182331 -0.133118 -0.080569 -0.024188 0.036630 0.102628 0.174719 0.254018 0.341850 0.439655 0.548568 0.667978 0.791281 0.896417 0.940687 0.896417 0.791281 0.667978 0.548568 0.439655 0.341850 0.254018 0.174719 0.102628 0.036630 -0.024188 -0.080569 -0.133118 -0.182331 -0.228618 -0.272320 -0.313726 
-0.320802 -0.280233 -0.237528 -0.192443 -0.144695 -0.093955 -0.039843 0.018083 0.080322 0.147423 0.219942 0.298324 0.382632 0.471914 0.562883 0.647623 0.711394 0.735737 0.711394 0.647623 0.562883 0.471914 0.382632 0.298324 0.219942 0.147423 0.080322 0.018083 -0.039843 -0.093955 -0.144695 -0.192443 -0.237528 -0.280233 -0.320802 
-0.330022 -0.290515 -0.249068 -0.205487 -0.159556 -0.111037 -0.059671 -0.005187 0.052676 0.114132 0.179264 0.247866 0.319154 0.391264 0.460496 0.520534 0.562562 0.577845 0.562562 0.520534 0.460496 0.391264 0.319154 0.247866 0.179264 0.114132 0.052676 -0.005187 -0.059671 -0.111037 -0.159556 -0.205487 -0.249068 -0.290515 -0.330022 
-0.341226 -0.302968 -0.262989 -0.221147 -0.177296 -0.131285 -0.082973 -0.032242 0.020965 0.076600 0.134413 0.193810 0.253635 0.311865 0.365295 0.409425 0.438990 0.449456 0.438990 0.409425 0.365295 0.311865 0.253635 0.193810 0.134413 0.076600 0.020965 -0.032242 -0.082973 -0.131285 -0.177296 -0.221147 -0.262989 -0.302968 -0.341226 
-0.354233 -0.317369 -0.279015 -0.239081 -0.197482 -0.154149 -0.109042 -0.062169 -0.013625 0.036358 0.087336 0.138543 0.188751 0.236129 0.278152 0.311713 0.333574 0.341188 0.333574 0.311713 0.278152 0.236129 0.188751 0.138543 0.087336 0.036358 -0.013625 -0.062169 -0.109042 -0.154149 -0.197482 -0.239081 -0.279015 -0.317369 -0.354233 
-0.368850 -0.333484 -0.296861 -0.258936 -0.219681 -0.179093 -0.137213 -0.094143 -0.050082 -0.005368 0.039465 0.083617 0.125946 0.164917 0.198618 0.224900 0.241700 0.247490 0.241700 0.224900 0.198618 0.164917 0.125946 0.083617 0.039465 -0.005368 -0.050082 -0.094143 -0.137213 -0.179093 -0.219681 -0.258936 -0.296861 -0.333484 -0.368850 
-0.384876 -0.351076 -0.316243 -0.280373 -0.243483 -0.205624 -0.166895 -0.127463 -0.087588 -0.047657 -0.008222 0.029959 0.065891 0.098335 0.125858 0.146955 0.160265 0.164818 0.160265 0.146955 0.125858 0.098335 0.065891 0.029959 -0.008222 -0.047657 -0.087588 -0.127463 -0.166895 -0.205624 -0.243483 -0.280373 -0.316243 -0.351076 -0.384876 
-0.402117 -0.369914 -0.336890 -0.303073 -0.268515 -0.233307 -0.197587 -0.161560 -0.125515 -0.089850 -0.055092 -0.021923 0.008821 0.036154 0.059003 0.076295 0.087100 0.090778 0.087100 0.076295 0.059003 0.036154 0.008821 -0.021923 -0.055092 -0.089850 -0.125515 -0.161560 -0.197587 -0.233307 -0.268515 -0.303073 -0.336890 -0.369914 -0.402117 
-0.420384 -0.389782 -0.358552 -0.326748 -0.294449 -0.261770 -0.228875 -0.195986 -0.163399 -0.131496 -0.100762 -0.071789 -0.045269 -0.021980 -0.002734 0.011691 0.020640 0.023675 0.020640 0.011691 -0.002734 -0.021980 -0.045269 -0.071789 -0.100762 -0.131496 -0.163399 -0.195986 -0.228875 -0.261770 -0.294449 -0.326748 -0.358552 -0.389782 -0.420384 
-0.439501 -0.410478 -0.381003 -0.351145 -0.321002 -0.290705 -0.260430 -0.230401 -0.200907 -0.172303 -0.145020 -0.119563 -0.096503 -0.076453 -0.060032 -0.047817 -0.040280 -0.037731 -0.040280 -0.047817 -0.060032 -0.076453 -0.096503 -0.119563 -0.145020 -0.172303 -0.200907 -0.230401 -0.260430 -0.290705 -0.321002 -0.351145 -0.381003 -0.410478 -0.439501 
-0.459305 -0.431823 -0.404042 -0.376045 -0.347938 -0.319862 -0.291993 -0.264553 -0.237811 -0.212089 -0.187765 -0.165267 -0.145060 -0.127634 -0.113465 -0.102988 -0.096549 -0.094377 -0.096549 -0.102988 -0.113465 -0.127634 -0.145060 -0.165267 -0.187765 -0.212089 -0.237811 -0.264553 -0.291993 -0.319862 -0.347938 -0.376045 -0.404042 -0.431823 -0.459305 
-0.479651 -0.453657 -0.427498 -0.401262 -0.375062 -0.349041 -0.323371 -0.298261 -0.273959 -0.250754 -0.228972 -0.208973 -0.191140 -0.175863 -0.163515 -0.154426 -0.148860 -0.146986 -0.148860 -0.154426 -0.163515 -0.175863 -0.191140 -0.208973 -0.228972 -0.250754 -0.273959 -0.298261 -0.323371 -0.349041 -0.375062 -0.401262 -0.427498 -0.453657 -0.479651 
-0.500409 -0.475841 -0.451221 -0.426642 -0.402218 -0.378087 -0.354416 -0.331398 -0.309259 -0.288252 -0.268659 -0.250784 -0.234941 -0.221443 -0.210585 -0.202625 -0.197763 -0.196127 -0.197763 -0.202625 -0.210585 -0.221443 -0.234941 -0.250784 -0.268659 -0.288252 -0.309259 -0.331398 -0.354416 -0.378087 -0.402218 -0.426642 -0.451221 -0.475841 -0.500409 
-0.521465 -0.498255 -0.475088 -0.452059 -0.429279 -0.406882 -0.385024 -0.363881 -0.343657 -0.324574 -0.306875 -0.290814 -0.276651 -0.264641 -0.255018 -0.247985 -0.243699 -0.242259 -0.243699 -0.247985 -0.255018 -0.264641 -0.276651 -0.290814 -0.306875 -0.324574 -0.343657 -0.363881 -0.385024 -0.406882 -0.429279 -0.452059 -0.475088 -0.498255 -0.521465 
-0.542721 -0.520797 -0.498995 -0.477409 -0.456148 -0.435336 -0.415119 -0.395658 -0.377132 -0.359737 -0.343681 -0.329178 -0.316446 -0.305690 -0.297101 -0.290841 -0.287033 -0.285755 -0.287033 -0.290841 -0.297101 -0.305690 -0.316446 -0.329178 -0.343681 -0.359737 -0.377132 -0.395658 -0.415119 -0.435336 -0.456148 -0.477409 -0.498995 -0.520797 -0.542721 
