37 37
8.179969e-01 0 5
-0.512120 -0.491296 -0.470582 -0.450056 -0.429809 -0.409943 -0.390576 -0.371840 -0.353881 -0.336860 -0.320945 -0.306317 -0.293158 -0.281646 -0.271955 -0.264237 -0.258624 -0.255215 -0.254072 -0.255215 -0.258624 -0.264237 -0.271955 -0.281646 -0.293158 -0.306317 -0.320945 -0.336860 -0.353881 -0.371840 -0.390576 -0.409943 -0.429809 -0.450056 -0.470582 -0.491296 -0.512120 
-0.491906 -0.469936 -0.448010 -0.426207 -0.404619 -0.383354 -0.362540 -0.342319 -0.322853 -0.304323 -0.286923 -0.270862 -0.256355 -0.243618 -0.232858 -0.224266 -0.218003 -0.214193 -0.212914 -0.214193 -0.218003 -0.224266 -0.232858 -0.243618 -0.256355 -0.270862 -0.286923 -0.304323 -0.322853 -0.342319 -0.362540 -0.383354 -0.404619 -0.426207 -0.448010 -0.469936 -0.491906 
-0.471869 -0.448694 -0.425482 -0.402314 -0.379282 -0.356500 -0.334100 -0.312238 -0.291091 -0.270862 -0.251774 -0.234069 -0.218003 -0.203835 -0.191819 -0.182192 -0.175157 -0.170869 -0.169428 -0.170869 -0.175157 -0.182192 -0.191819 -0.203835 -0.218003 -0.234069 -0.251774 -0.270862 -0.291091 -0.312238 -0.334100 -0.356500 -0.379282 -0.402314 -0.425482 -0.448694 -0.471869 
-0.452091 -0.427652 -0.403084 -0.378462 -0.353881 -0.329455 -0.305321 -0.281646 -0.258624 -0.236480 -0.215467 -0.195869 -0.177987 -0.162138 -0.148634 -0.137772 -0.129807 -0.124943 -0.123307 -0.124943 -0.129807 -0.137772 -0.148634 -0.162138 -0.177987 -0.195869 -0.215467 -0.236480 -0.258624 -0.281646 -0.305321 -0.329455 -0.353881 -0.378462 -0.403084 -0.427652 -0.452091 
-0.432666 -0.406909 -0.380916 -0.354756 -0.328519 -0.302317 -0.276293 -0.250620 -0.225506 -0.201199 -0.177987 -0.156198 -0.136193 -0.118353 -0.103069 -0.090715 -0.081622 -0.076053 -0.074177 -0.076053 -0.081622 -0.090715 -0.103069 -0.118353 -0.136193 -0.156198 -0.177987 -0.201199 -0.225506 -0.250620 -0.276293 -0.302317 -0.328519 -0.354756 -0.380916 -0.406909 -0.432666 
-0.413700 -0.386581 -0.359100 -0.331320 -0.303321 -0.275214 -0.247135 -0.219264 -0.191819 -0.165072 -0.139344 -0.115012 -0.092506 -0.072292 -0.054857 -0.040682 -0.030198 -0.023757 -0.021583 -0.023757 -0.030198 -0.040682 -0.054857 -0.072292 -0.092506 -0.115012 -0.139344 -0.165072 -0.191819 -0.219264 -0.247135 -0.275214 -0.303321 -0.331320 -0.359100 -0.386581 -0.413700 
-0.395315 -0.366796 -0.337775 -0.308301 -0.278444 -0.248301 -0.218003 -0.187725 -0.157693 -0.128193 -0.099583 -0.072292 -0.046826 -0.023757 -0.003697 0.012732 0.024954 0.032496 0.035046 0.032496 0.024954 0.012732 -0.003697 -0.023757 -0.046826 -0.072292 -0.099583 -0.128193 -0.157693 -0.187725 -0.218003 -0.248301 -0.278444 -0.308301 -0.337775 -0.366796 -0.395315 
-0.377641 -0.347700 -0.317100 -0.285874 -0.254072 -0.221773 -0.189095 -0.156198 -0.123307 -0.090715 -0.058806 -0.028064 0.000920 0.027450 0.050750 0.070007 0.084440 0.093396 0.096433 0.093396 0.084440 0.070007 0.050750 0.027450 0.000920 -0.028064 -0.058806 -0.090715 -0.123307 -0.156198 -0.189095 -0.221773 -0.254072 -0.285874 -0.317100 -0.347700 -0.377641 
-0.360824 -0.329455 -0.297257 -0.264237 -0.230423 -0.195869 -0.160662 -0.124943 -0.088915 -0.052866 -0.017195 0.017570 0.050750 0.081506 0.108853 0.131715 0.149018 0.159831 0.163512 0.159831 0.149018 0.131715 0.108853 0.081506 0.050750 0.017570 -0.017195 -0.052866 -0.088915 -0.124943 -0.160662 -0.195869 -0.230423 -0.264237 -0.297257 -0.329455 -0.360824 
-0.345019 -0.312238 -0.278444 -0.243618 -0.207753 -0.170869 -0.133014 -0.094288 -0.054857 -0.014981 0.024954 0.064396 0.102587 0.138533 0.170993 0.198532 0.219645 0.232965 0.237522 0.232965 0.219645 0.198532 0.170993 0.138533 0.102587 0.064396 0.024954 -0.014981 -0.054857 -0.094288 -0.133014 -0.170869 -0.207753 -0.243618 -0.278444 -0.312238 -0.345019 
-0.330388 -0.296236 -0.260880 -0.224266 -0.186349 -0.147102 -0.106522 -0.064648 -0.021583 0.022475 0.067190 0.112028 0.156189 0.198532 0.237522 0.271244 0.297546 0.314361 0.320156 0.314361 0.297546 0.271244 0.237522 0.198532 0.156189 0.112028 0.067190 0.022475 -0.021583 -0.064648 -0.106522 -0.147102 -0.186349 -0.224266 -0.260880 -0.296236 -0.330388 
-0.317100 -0.281646 -0.244794 -0.206452 -0.166530 -0.124943 -0.081622 -0.036525 0.010338 0.058874 0.108853 0.159831 0.211044 0.261265 0.308663 0.350713 0.384301 0.406183 0.413805 0.406183 0.384301 0.350713 0.308663 0.261265 0.211044 0.159831 0.108853 0.058874 0.010338 -0.036525 -0.081622 -0.124943 -0.166530 -0.206452 -0.244794 -0.281646 -0.317100 
-0.305321 -0.268667 -0.230423 -0.190460 -0.148634 -0.104800 -0.058806 -0.010511 0.040203 0.093396 0.149018 0.206823 0.266218 0.326051 0.384301 0.437762 0.481930 0.511527 0.522005 0.511527 0.481930 0.437762 0.384301 0.326051 0.266218 0.206823 0.149018 0.093396 0.040203 -0.010511 -0.058806 -0.104800 -0.148634 -0.190460 -0.230423 -0.268667 -0.305321 
-0.295213 -0.257491 -0.218003 -0.176575 -0.133014 -0.087105 -0.038610 0.012732 0.067190 0.125028 0.186459 0.251570 0.320156 0.391439 0.463559 0.532824 0.592912 0.634991 0.650297 0.634991 0.592912 0.532824 0.463559 0.391439 0.320156 0.251570 0.186459 0.125028 0.067190 0.012732 -0.038610 -0.087105 -0.133014 -0.176575 -0.218003 -0.257491 -0.295213 
-0.286923 -0.248301 -0.207753 -0.165072 -0.120012 -0.072292 -0.021583 0.032496 0.090385 0.152585 0.219645 0.292121 0.370463 0.454738 0.544004 0.634991 0.719791 0.783646 0.808033 0.783646 0.719791 0.634991 0.544004 0.454738 0.370463 0.292121 0.219645 0.152585 0.090385 0.032496 -0.021583 -0.072292 -0.120012 -0.165072 -0.207753 -0.248301 -0.286923 
-0.280582 -0.241254 -0.199873 -0.156198 -0.109942 -0.060764 -0.008254 0.048084 0.108853 0.174795 0.246823 0.326051 0.413805 0.511527 0.620363 0.739727 0.863059 0.968326 1.012695 0.968326 0.863059 0.739727 0.620363 0.511527 0.413805 0.326051 0.246823 0.174795 0.108853 0.048084 -0.008254 -0.060764 -0.109942 -0.156198 -0.199873 -0.241254 -0.280582 
-0.276293 -0.236480 -0.194524 -0.150160 -0.103069 -0.052866 0.000920 0.058874 0.121732 0.190437 0.266218 0.350713 0.446143 0.555574 0.683216 0.834387 1.012695 1.201349 1.301170 1.201349 1.012695 0.834387 0.683216 0.555574 0.446143 0.350713 0.266218 0.190437 0.121732 0.058874 0.000920 -0.052866 -0.103069 -0.150160 -0.194524 -0.236480 -0.276293 
-0.274130 -0.234069 -0.191819 -0.147102 -0.099583 -0.048851 0.005597 0.064396 0.128355 0.198532 0.276345 0.363751 0.463559 0.579994 0.719791 0.894502 1.125459 1.447863 1.733774 1.447863 1.125459 0.894502 0.719791 0.579994 0.463559 0.363751 0.276345 0.198532 0.128355 0.064396 0.005597 -0.048851 -0.099583 -0.147102 -0.191819 -0.234069 -0.274130 
-0.273859 -0.233767 -0.191480 -0.146718 -0.099144 -0.048346 0.006186 0.065092 0.129192 0.199558 0.277632 0.365416 0.465801 0.583176 0.724662 0.902861 1.142808 1.498473 1.882914 1.498473 1.142808 0.902861 0.724662 0.583176 0.465801 0.365416 0.277632 0.199558 0.129192 0.065092 0.006186 -0.048346 -0.099144 -0.146718 -0.191480 -0.233767 -0.273859 
-0.274142 -0.234082 -0.191834 -0.147119 -0.099602 -0.048873 0.005572 0.064366 0.128319 0.198488 0.276289 0.363679 0.463462 0.579856 0.719581 0.894144 1.124726 1.445839 1.728698 1.445839 1.124726 0.894144 0.719581 0.579856 0.463462 0.363679 0.276289 0.198488 0.128319 0.064366 0.005572 -0.048873 -0.099602 -0.147119 -0.191834 -0.234082 -0.274142 
-0.276328 -0.236518 -0.194567 -0.150209 -0.103125 -0.052931 0.000844 0.058785 0.121626 0.190307 0.266057 0.350506 0.445868 0.555193 0.682656 0.833500 1.011159 1.198589 1.297397 1.198589 1.011159 0.833500 0.682656 0.555193 0.445868 0.350506 0.266057 0.190307 0.121626 0.058785 0.000844 -0.052931 -0.103125 -0.150209 -0.194567 -0.236518 -0.276328 
-0.280639 -0.241318 -0.199945 -0.156279 -0.110034 -0.060869 -0.008376 0.047941 0.108682 0.174589 0.246569 0.325731 0.413390 0.510972 0.619593 0.738622 0.861449 0.966102 1.010144 0.966102 0.861449 0.738622 0.619593 0.510972 0.413390 0.325731 0.246569 0.174589 0.108682 0.047941 -0.008376 -0.060869 -0.110034 -0.156279 -0.199945 -0.241318 -0.280639 
-0.287002 -0.248388 -0.207851 -0.165182 -0.120137 -0.072434 -0.021747 0.032305 0.090159 0.152315 0.219317 0.291716 0.369953 0.454083 0.543149 0.633866 0.718337 0.781880 0.806131 0.781880 0.718337 0.633866 0.543149 0.454083 0.369953 0.291716 0.219317 0.152315 0.090159 0.032305 -0.021747 -0.072434 -0.120137 -0.165182 -0.207851 -0.248388 -0.287002 
-0.295312 -0.257601 -0.218125 -0.176712 -0.133169 -0.087281 -0.038811 0.012499 0.066919 0.124707 0.186077 0.251107 0.319590 0.390741 0.462695 0.531760 0.591639 0.633546 0.648783 0.633546 0.591639 0.531760 0.462695 0.390741 0.319590 0.251107 0.186077 0.124707 0.066919 0.012499 -0.038811 -0.087281 -0.133169 -0.176712 -0.218125 -0.257601 -0.295312 
-0.305439 -0.268797 -0.230568 -0.190621 -0.148815 -0.105004 -0.059038 -0.010777 0.039896 0.093038 0.148599 0.206326 0.265628 0.325348 0.383466 0.436784 0.480815 0.510309 0.520748 0.510309 0.480815 0.436784 0.383466 0.325348 0.265628 0.206326 0.148599 0.093038 0.039896 -0.010777 -0.059038 -0.105004 -0.148815 -0.190621 -0.230568 -0.268797 -0.305439 
-0.317235 -0.281795 -0.244958 -0.206634 -0.166733 -0.125171 -0.081879 -0.036817 0.010004 0.058491 0.108411 0.159320 0.210450 0.260579 0.307874 0.349820 0.383315 0.405131 0.412729 0.405131 0.383315 0.349820 0.307874 0.260579 0.210450 0.159320 0.108411 0.058491 0.010004 -0.036817 -0.081879 -0.125171 -0.166733 -0.206634 -0.244958 -0.281795 -0.317235 
-0.330539 -0.296401 -0.261061 -0.224466 -0.186572 -0.147350 -0.106799 -0.064960 -0.021934 0.022077 0.066738 0.111514 0.155605 0.197872 0.236783 0.270428 0.296665 0.313436 0.319214 0.313436 0.296665 0.270428 0.236783 0.197872 0.155605 0.111514 0.066738 0.022077 -0.021934 -0.064960 -0.106799 -0.147350 -0.186572 -0.224466 -0.261061 -0.296401 -0.330539 
-0.345183 -0.312416 -0.278640 -0.243833 -0.207991 -0.171131 -0.133306 -0.094613 -0.055220 -0.015387 0.024499 0.063888 0.102020 0.137904 0.170302 0.197784 0.218850 0.232138 0.236685 0.232138 0.218850 0.197784 0.170302 0.137904 0.102020 0.063888 0.024499 -0.015387 -0.055220 -0.094613 -0.133306 -0.171131 -0.207991 -0.243833 -0.278640 -0.312416 -0.345183 
-0.361000 -0.329646 -0.297465 -0.264465 -0.230673 -0.196143 -0.160964 -0.125276 -0.089283 -0.053274 -0.017646 0.017073 0.050204 0.080909 0.108207 0.131026 0.148294 0.159084 0.162757 0.159084 0.148294 0.131026 0.108207 0.080909 0.050204 0.017073 -0.017646 -0.053274 -0.089283 -0.125276 -0.160964 -0.196143 -0.230673 -0.264465 -0.297465 -0.329646 -0.361000 
-0.377827 -0.347901 -0.317318 -0.286111 -0.254330 -0.222056 -0.189403 -0.156536 -0.123677 -0.091120 -0.059249 -0.028547 0.000395 0.026885 0.050146 0.069369 0.083776 0.092714 0.095745 0.092714 0.083776 0.069369 0.050146 0.026885 0.000395 -0.028547 -0.059249 -0.091120 -0.123677 -0.156536 -0.189403 -0.222056 -0.254330 -0.286111 -0.317318 -0.347901 -0.377827 
-0.395509 -0.367005 -0.338001 -0.308546 -0.278709 -0.248588 -0.218315 -0.188064 -0.158061 -0.128593 -0.100016 -0.072759 -0.047328 -0.024292 -0.004264 0.012138 0.024339 0.031868 0.034414 0.031868 0.024339 0.012138 -0.004264 -0.024292 -0.047328 -0.072759 -0.100016 -0.128593 -0.158061 -0.188064 -0.218315 -0.248588 -0.278709 -0.308546 -0.338001 -0.367005 -0.395509 
-0.413901 -0.386797 -0.359332 -0.331570 -0.303591 -0.275504 -0.247449 -0.219602 -0.192184 -0.165464 -0.139765 -0.115463 -0.092986 -0.072800 -0.055391 -0.041236 -0.030770 -0.024338 -0.022168 -0.024338 -0.030770 -0.041236 -0.055391 -0.072800 -0.092986 -0.115463 -0.139765 -0.165464 -0.192184 -0.219602 -0.247449 -0.275504 -0.303591 -0.331570 -0.359332 -0.386797 -0.413901 
-0.432872 -0.407130 -0.381153 -0.355010 -0.328791 -0.302609 -0.276606 -0.250955 -0.225865 -0.201582 -0.178396 -0.156633 -0.136652 -0.118835 -0.103572 -0.091236 -0.082156 -0.076596 -0.074723 -0.076596 -0.082156 -0.091236 -0.103572 -0.118835 -0.136652 -0.156633 -0.178396 -0.201582 -0.225865 -0.250955 -0.276606 -0.302609 -0.328791 -0.355010 -0.381153 -0.407130 -0.432872 
-0.452302 -0.427876 -0.403323 -0.378718 -0.354154 -0.329746 -0.305632 -0.281978 -0.258977 -0.236854 -0.215864 -0.196287 -0.178427 -0.162597 -0.149111 -0.138262 -0.130309 -0.125451 -0.123818 -0.125451 -0.130309 -0.138262 -0.149111 -0.162597 -0.178427 -0.196287 -0.215864 -0.236854 -0.258977 -0.281978 -0.305632 -0.329746 -0.354154 -0.378718 -0.403323 -0.427876 -0.452302 
-0.472083 -0.448921 -0.425724 -0.402571 -0.379555 -0.356790 -0.334407 -0.312564 -0.291436 -0.271227 -0.252158 -0.234472 -0.218423 -0.204272 -0.192271 -0.182657 -0.175630 -0.171348 -0.169909 -0.171348 -0.175630 -0.182657 -0.192271 -0.204272 -0.218423 -0.234472 -0.252158 -0.271227 -0.291436 -0.312564 -0.334407 -0.356790 -0.379555 -0.402571 -0.425724 -0.448921 -0.472083 
-0.492123 -0.470165 -0.448253 -0.426464 -0.404890 -0.383642 -0.362843 -0.342639 -0.323190 -0.304677 -0.287295 -0.271250 -0.256758 -0.244035 -0.233288 -0.224706 -0.218451 -0.214645 -0.213368 -0.214645 -0.218451 -0.224706 -0.233288 -0.244035 -0.256758 -0.271250 -0.287295 -0.304677 -0.323190 -0.342639 -0.362843 -0.383642 -0.404890 -0.426464 -0.448253 -0.470165 -0.492123 
-0.512338 -0.491525 -0.470824 -0.450312 -0.430078 -0.410227 -0.390875 -0.372154 -0.354211 -0.337204 -0.321305 -0.306691 -0.293545 -0.282046 -0.272365 -0.264656 -0.259050 -0.255644 -0.254502 -0.255644 -0.259050 -0.264656 -0.272365 -0.282046 -0.293545 -0.306691 -0.321305 -0.337204 -0.354211 -0.372154 -0.390875 -0.410227 -0.430078 -0.450312 -0.470824 -0.491525 -0.512338 
