23 23
9.400574e-02 0 5
-1.174339 -1.141275 -1.108504 -1.076410 -1.045481 -1.016312 -0.989605 -0.966144 -0.946749 -0.932209 -0.923187 -0.920127 -0.923187 -0.932209 -0.946749 -0.966144 -0.989605 -1.016312 -1.045481 -1.076410 -1.108504 -1.141275 -1.174339 
-1.142920 -1.106693 -1.070435 -1.034544 -0.999552 -0.966144 -0.935166 -0.907612 -0.884571 -0.867127 -0.856224 -0.852513 -0.856224 -0.867127 -0.884571 -0.907612 -0.935166 -0.966144 -0.999552 -1.034544 -1.070435 -1.106693 -1.142920 
-1.112097 -1.072438 -1.032315 -0.992118 -0.952401 -0.913926 -0.877698 -0.844968 -0.817189 -0.795886 -0.782443 -0.777842 -0.782443 -0.795886 -0.817189 -0.844968 -0.877698 -0.913926 -0.952401 -0.992118 -1.032315 -1.072438 -1.112097 
-1.082287 -1.038959 -0.994614 -0.949586 -0.904412 -0.859897 -0.817189 -0.777842 -0.743793 -0.717224 -0.700232 -0.694375 -0.700232 -0.717224 -0.743793 -0.777842 -0.817189 -0.859897 -0.904412 -0.949586 -0.994614 -1.038959 -1.082287 
-1.053994 -1.006832 -0.957962 -0.907612 -0.856224 -0.804566 -0.753871 -0.705990 -0.663482 -0.629505 -0.607358 -0.599642 -0.607358 -0.629505 -0.663482 -0.705990 -0.753871 -0.804566 -0.856224 -0.907612 -0.957962 -1.006832 -1.053994 
-1.027816 -0.976764 -0.923187 -0.867127 -0.808825 -0.748869 -0.688417 -0.629505 -0.575381 -0.530621 -0.500604 -0.489972 -0.500604 -0.530621 -0.575381 -0.629505 -0.688417 -0.748869 -0.808825 -0.867127 -0.923187 -0.976764 -1.027816 
-1.004422 -0.949586 -0.891311 -0.829369 -0.763661 -0.694375 -0.622282 -0.549243 -0.478993 -0.417957 -0.375159 -0.359580 -0.375159 -0.417957 -0.478993 -0.549243 -0.622282 -0.694375 -0.763661 -0.829369 -0.891311 -0.949586 -1.004422 
-0.984525 -0.926220 -0.863530 -0.795886 -0.722705 -0.643506 -0.558182 -0.467643 -0.375159 -0.288757 -0.223545 -0.198603 -0.223545 -0.288757 -0.375159 -0.467643 -0.558182 -0.643506 -0.722705 -0.795886 -0.863530 -0.926220 -0.984525 
-0.968829 -0.907612 -0.841134 -0.768453 -0.688417 -0.599642 -0.500604 -0.390043 -0.268413 -0.142241 -0.034066 0.011682 -0.034066 -0.142241 -0.268413 -0.390043 -0.500604 -0.599642 -0.688417 -0.768453 -0.841134 -0.907612 -0.968829 
-0.957962 -0.894633 -0.825356 -0.748869 -0.663482 -0.566891 -0.455895 -0.326050 -0.171623 0.011682 0.207440 0.311997 0.207440 0.011682 -0.171623 -0.326050 -0.455895 -0.566891 -0.663482 -0.748869 -0.825356 -0.894633 -0.957962 
-0.952401 -0.887957 -0.817189 -0.738642 -0.650296 -0.549243 -0.431087 -0.288757 -0.109980 0.128431 0.467217 0.777137 0.467217 0.128431 -0.109980 -0.288757 -0.431087 -0.549243 -0.650296 -0.738642 -0.817189 -0.887957 -0.952401 
-0.951699 -0.887114 -0.816155 -0.737342 -0.648611 -0.546971 -0.427853 -0.283788 -0.101396 0.146459 0.521283 0.944322 0.521283 0.146459 -0.101396 -0.283788 -0.427853 -0.546971 -0.648611 -0.737342 -0.816155 -0.887114 -0.951699 
-0.952431 -0.887994 -0.817234 -0.738698 -0.650369 -0.549341 -0.431226 -0.288972 -0.110348 0.127669 0.465061 0.771526 0.465061 0.127669 -0.110348 -0.288972 -0.431226 -0.549341 -0.650369 -0.738698 -0.817234 -0.887994 -0.952431 
-0.958052 -0.894740 -0.825487 -0.749032 -0.663691 -0.567169 -0.456281 -0.326621 -0.172532 0.010098 0.204560 0.308031 0.204560 0.010098 -0.172532 -0.326621 -0.456281 -0.567169 -0.663691 -0.749032 -0.825487 -0.894740 -0.958052 
-0.968973 -0.907784 -0.841341 -0.768709 -0.688740 -0.600062 -0.501167 -0.390826 -0.269541 -0.143891 -0.036357 0.009049 -0.036357 -0.143891 -0.269541 -0.390826 -0.501167 -0.600062 -0.688740 -0.768709 -0.841341 -0.907784 -0.968973 
-0.984717 -0.926448 -0.863803 -0.796217 -0.723114 -0.644022 -0.558846 -0.468511 -0.376304 -0.290241 -0.225350 -0.200549 -0.225350 -0.290241 -0.376304 -0.468511 -0.558846 -0.644022 -0.723114 -0.796217 -0.863803 -0.926448 -0.984717 
-1.004656 -0.949860 -0.891634 -0.829755 -0.764128 -0.694947 -0.622988 -0.550119 -0.480072 -0.419252 -0.376630 -0.361121 -0.376630 -0.419252 -0.480072 -0.550119 -0.622988 -0.694947 -0.764128 -0.829755 -0.891634 -0.949860 -1.004656 
-1.028084 -0.977074 -0.923547 -0.867550 -0.809326 -0.749465 -0.689127 -0.630349 -0.576371 -0.531752 -0.501840 -0.491248 -0.501840 -0.531752 -0.576371 -0.630349 -0.689127 -0.749465 -0.809326 -0.867550 -0.923547 -0.977074 -1.028084 
-1.054288 -1.007168 -0.958348 -0.908057 -0.856740 -0.805164 -0.754564 -0.706788 -0.664385 -0.630503 -0.608423 -0.600732 -0.608423 -0.630503 -0.664385 -0.706788 -0.754564 -0.805164 -0.856740 -0.908057 -0.958348 -1.007168 -1.054288 
-1.082600 -1.039313 -0.995014 -0.950042 -0.904931 -0.860485 -0.817855 -0.778588 -0.744617 -0.718114 -0.701168 -0.695327 -0.701168 -0.718114 -0.744617 -0.778588 -0.817855 -0.860485 -0.904931 -0.950042 -0.995014 -1.039313 -1.082600 
-1.112424 -1.072803 -1.032724 -0.992576 -0.952913 -0.914497 -0.878332 -0.845665 -0.817944 -0.796688 -0.783277 -0.778688 -0.783277 -0.796688 -0.817944 -0.845665 -0.878332 -0.914497 -0.952913 -0.992576 -1.032724 -1.072803 -1.112424 
-1.143255 -1.107064 -1.070845 -1.034997 -1.000052 -0.966694 -0.935767 -0.908262 -0.885265 -0.867857 -0.856978 -0.853274 -0.856978 -0.867857 -0.885265 -0.908262 -0.935767 -0.966694 -1.000052 -1.034997 -1.070845 -1.107064 -1.143255 
-1.174679 -1.141647 -1.108911 -1.076856 -1.045967 -1.016840 -0.990174 -0.966752 -0.947392 -0.932879 -0.923874 -0.920820 -0.923874 -0.932879 -0.947392 -0.966752 -0.990174 -1.016840 -1.045967 -1.076856 -1.108911 -1.141647 -1.174679 
