39 39
1.114243e+00 0 5
-0.407333 -0.387516 -0.367801 -0.348253 -0.328947 -0.309969 -0.291417 -0.273398 -0.256033 -0.239453 -0.223799 -0.209220 -0.195869 -0.183901 -0.173466 -0.164705 -0.157746 -0.152695 -0.149630 -0.148603 -0.149630 -0.152695 -0.157746 -0.164705 -0.173466 -0.183901 -0.195869 -0.209220 -0.223799 -0.239453 -0.256033 -0.273398 -0.291417 -0.309969 -0.328947 -0.348253 -0.367801 -0.387516 -0.407333 
-0.388065 -0.367223 -0.346426 -0.325741 -0.305245 -0.285027 -0.265191 -0.245855 -0.227149 -0.209220 -0.192227 -0.176341 -0.161739 -0.148603 -0.137113 -0.127440 -0.119737 -0.114135 -0.110733 -0.109591 -0.110733 -0.114135 -0.119737 -0.127440 -0.137113 -0.148603 -0.161739 -0.176341 -0.192227 -0.209220 -0.227149 -0.245855 -0.265191 -0.285027 -0.305245 -0.325741 -0.346426 -0.367223 -0.388065 
-0.368955 -0.347036 -0.325097 -0.303202 -0.281431 -0.259876 -0.238645 -0.217864 -0.197677 -0.178245 -0.159748 -0.142380 -0.126349 -0.111870 -0.099158 -0.088420 -0.079845 -0.073595 -0.069793 -0.068517 -0.069793 -0.073595 -0.079845 -0.088420 -0.099158 -0.111870 -0.126349 -0.142380 -0.159748 -0.178245 -0.197677 -0.217864 -0.238645 -0.259876 -0.281431 -0.303202 -0.325097 -0.347036 -0.368955 
-0.350071 -0.327027 -0.303884 -0.280707 -0.257574 -0.234579 -0.211834 -0.189472 -0.167648 -0.146540 -0.126349 -0.107298 -0.089629 -0.073595 -0.059457 -0.047467 -0.037861 -0.030841 -0.026562 -0.025125 -0.026562 -0.030841 -0.037861 -0.047467 -0.059457 -0.073595 -0.089629 -0.107298 -0.126349 -0.146540 -0.167648 -0.189472 -0.211834 -0.234579 -0.257574 -0.280707 -0.303884 -0.327027 -0.350071 
-0.331493 -0.307277 -0.282873 -0.258343 -0.233761 -0.209220 -0.184835 -0.160745 -0.137113 -0.114135 -0.092034 -0.071065 -0.051508 -0.033665 -0.017851 -0.004378 0.006459 0.014405 0.019258 0.020890 0.019258 0.014405 0.006459 -0.004378 -0.017851 -0.033665 -0.051508 -0.071065 -0.092034 -0.114135 -0.137113 -0.160745 -0.184835 -0.209220 -0.233761 -0.258343 -0.282873 -0.307277 -0.331493 
-0.313309 -0.287880 -0.262163 -0.236211 -0.210093 -0.183901 -0.157746 -0.131771 -0.106146 -0.081083 -0.056826 -0.033665 -0.011925 0.008034 0.025832 0.041078 0.053402 0.062472 0.068026 0.069897 0.068026 0.062472 0.053402 0.041078 0.025832 0.008034 -0.011925 -0.033665 -0.056826 -0.081083 -0.106146 -0.131771 -0.157746 -0.183901 -0.210093 -0.236211 -0.262163 -0.287880 -0.313309 
-0.295618 -0.268943 -0.241866 -0.214430 -0.186697 -0.158749 -0.130693 -0.102669 -0.074854 -0.047467 -0.020778 0.004891 0.029164 0.051615 0.071778 0.089166 0.103304 0.113759 0.120183 0.122350 0.120183 0.113759 0.103304 0.089166 0.071778 0.051615 0.029164 0.004891 -0.020778 -0.047467 -0.074854 -0.102669 -0.130693 -0.158749 -0.186697 -0.214430 -0.241866 -0.268943 -0.295618 
-0.278529 -0.250586 -0.222113 -0.193141 -0.163719 -0.133917 -0.103832 -0.073595 -0.043381 -0.013416 0.016015 0.044556 0.071778 0.097176 0.120183 0.140185 0.156566 0.168752 0.176271 0.178814 0.176271 0.168752 0.156566 0.140185 0.120183 0.097176 0.071778 0.044556 0.016015 -0.013416 -0.043381 -0.073595 -0.103832 -0.133917 -0.163719 -0.193141 -0.222113 -0.250586 -0.278529 
-0.262163 -0.232941 -0.203049 -0.172503 -0.141333 -0.109591 -0.077358 -0.044748 -0.011925 0.020890 0.053402 0.085228 0.115887 0.144788 0.171240 0.194469 0.213664 0.228051 0.236976 0.240003 0.236976 0.228051 0.213664 0.194469 0.171240 0.144788 0.115887 0.085228 0.053402 0.020890 -0.011925 -0.044748 -0.077358 -0.109591 -0.141333 -0.172503 -0.203049 -0.232941 -0.262163 
-0.246647 -0.216151 -0.184835 -0.152695 -0.119737 -0.085990 -0.051508 -0.016379 0.019258 0.055197 0.091152 0.126725 0.161390 0.194469 0.225126 0.252381 0.275163 0.292404 0.303177 0.306845 0.303177 0.292404 0.275163 0.252381 0.225126 0.194469 0.161390 0.126725 0.091152 0.055197 0.019258 -0.016379 -0.051508 -0.085990 -0.119737 -0.152695 -0.184835 -0.216151 -0.246647 
-0.232119 -0.200373 -0.167648 -0.133917 -0.099158 -0.063367 -0.026562 0.011206 0.049837 0.089166 0.128933 0.168752 0.208071 0.246137 0.281957 0.314298 0.341731 0.362759 0.376024 0.380563 0.376024 0.362759 0.341731 0.314298 0.281957 0.246137 0.208071 0.168752 0.128933 0.089166 0.049837 0.011206 -0.026562 -0.063367 -0.099158 -0.133917 -0.167648 -0.200373 -0.232119 
-0.218718 -0.185767 -0.151676 -0.116386 -0.079845 -0.042009 -0.002850 0.037634 0.079402 0.122350 0.166281 0.210857 0.255545 0.299549 0.341731 0.380563 0.414140 0.440324 0.457060 0.462828 0.457060 0.440324 0.414140 0.380563 0.341731 0.299549 0.255545 0.210857 0.166281 0.122350 0.079402 0.037634 -0.002850 -0.042009 -0.079845 -0.116386 -0.151676 -0.185767 -0.218718 
-0.206588 -0.172503 -0.137113 -0.100332 -0.062068 -0.022233 0.019258 0.062472 0.107449 0.154179 0.202567 0.252381 0.303177 0.354193 0.404205 0.451389 0.493236 0.526653 0.548418 0.555998 0.548418 0.526653 0.493236 0.451389 0.404205 0.354193 0.303177 0.252381 0.202567 0.154179 0.107449 0.062472 0.019258 -0.022233 -0.062068 -0.100332 -0.137113 -0.172503 -0.206588 
-0.195869 -0.160745 -0.124159 -0.085990 -0.046110 -0.004378 0.039352 0.085228 0.133391 0.183955 0.236976 0.292404 0.349988 0.409136 0.468695 0.526653 0.579821 0.623729 0.653141 0.663552 0.653141 0.623729 0.579821 0.526653 0.468695 0.409136 0.349988 0.292404 0.236976 0.183955 0.133391 0.085228 0.039352 -0.004378 -0.046110 -0.085990 -0.124159 -0.160745 -0.195869 
-0.186697 -0.150655 -0.113005 -0.073595 -0.032256 0.011206 0.057002 0.105371 0.156566 0.210857 0.268500 0.329705 0.394551 0.462828 0.533752 0.605468 0.674299 0.733972 0.775737 0.790923 0.775737 0.733972 0.674299 0.605468 0.533752 0.462828 0.394551 0.329705 0.268500 0.210857 0.156566 0.105371 0.057002 0.011206 -0.032256 -0.073595 -0.113005 -0.150655 -0.186697 
-0.179194 -0.142380 -0.103832 -0.063367 -0.020778 0.024177 0.071778 0.122350 0.176271 0.233976 0.295958 0.362759 0.434923 0.512886 0.596699 0.685406 0.775737 0.859837 0.923101 0.947246 0.923101 0.859837 0.775737 0.685406 0.596699 0.512886 0.434923 0.362759 0.295958 0.233976 0.176271 0.122350 0.071778 0.024177 -0.020778 -0.063367 -0.103832 -0.142380 -0.179194 
-0.173466 -0.136051 -0.096799 -0.055504 -0.011925 0.034222 0.083275 0.135641 0.191810 0.252381 0.318085 0.389824 0.468695 0.555998 0.653141 0.761220 0.879594 1.001693 1.105706 1.149482 1.105706 1.001693 0.879594 0.761220 0.653141 0.555998 0.468695 0.389824 0.318085 0.252381 0.191810 0.135641 0.083275 0.034222 -0.011925 -0.055504 -0.096799 -0.136051 -0.173466 
-0.169598 -0.131771 -0.092034 -0.050166 -0.005900 0.041078 0.091152 0.144788 0.202567 0.265216 0.333667 0.409136 0.493236 0.588154 0.696897 0.823575 0.973329 1.149482 1.335114 1.432947 1.335114 1.149482 0.973329 0.823575 0.696897 0.588154 0.493236 0.409136 0.333667 0.265216 0.202567 0.144788 0.091152 0.041078 -0.005900 -0.050166 -0.092034 -0.131771 -0.169598 
-0.167648 -0.129612 -0.089629 -0.047467 -0.002850 0.044556 0.095157 0.149452 0.208071 0.271815 0.341731 0.419218 0.506208 0.605468 0.721147 0.859837 1.032783 1.260546 1.576112 1.852435 1.576112 1.260546 1.032783 0.859837 0.721147 0.605468 0.506208 0.419218 0.341731 0.271815 0.208071 0.149452 0.095157 0.044556 -0.002850 -0.047467 -0.089629 -0.129612 -0.167648 
-0.167404 -0.129341 -0.089327 -0.047128 -0.002467 0.044993 0.095660 0.150040 0.208765 0.272649 0.342752 0.420499 0.507865 0.607697 0.724307 0.864665 1.041045 1.277606 1.625311 1.994690 1.625311 1.277606 1.041045 0.864665 0.724307 0.607697 0.507865 0.420499 0.342752 0.272649 0.208765 0.150040 0.095660 0.044993 -0.002467 -0.047128 -0.089327 -0.129341 -0.167404 
-0.167659 -0.129623 -0.089642 -0.047482 -0.002866 0.044537 0.095135 0.149427 0.208041 0.271779 0.341687 0.419162 0.506137 0.605372 0.721010 0.859629 1.032429 1.259825 1.574142 1.847567 1.574142 1.259825 1.032429 0.859629 0.721010 0.605372 0.506137 0.419162 0.341687 0.271779 0.208041 0.149427 0.095135 0.044537 -0.002866 -0.047482 -0.089642 -0.129623 -0.167659 
-0.169629 -0.131805 -0.092073 -0.050209 -0.005949 0.041022 0.091088 0.144713 0.202478 0.265110 0.333538 0.408975 0.493030 0.587881 0.696519 0.823020 0.972452 1.147968 1.332405 1.429255 1.332405 1.147968 0.972452 0.823020 0.696519 0.587881 0.493030 0.408975 0.333538 0.265110 0.202478 0.144713 0.091088 0.041022 -0.005949 -0.050209 -0.092073 -0.131805 -0.169629 
-0.173518 -0.136108 -0.096863 -0.055575 -0.012005 0.034131 0.083171 0.135520 0.191668 0.252211 0.317880 0.389571 0.468376 0.555585 0.652590 0.760456 0.878499 1.000101 1.103510 1.146966 1.103510 1.000101 0.878499 0.760456 0.652590 0.555585 0.468376 0.389571 0.317880 0.252211 0.191668 0.135520 0.083171 0.034131 -0.012005 -0.055575 -0.096863 -0.136108 -0.173518 
-0.179265 -0.142459 -0.103919 -0.063465 -0.020888 0.024052 0.071636 0.122186 0.176080 0.233751 0.295689 0.362433 0.434520 0.512379 0.596048 0.684556 0.774621 0.858396 0.921353 0.945363 0.921353 0.858396 0.774621 0.684556 0.596048 0.512379 0.434520 0.362433 0.295689 0.233751 0.176080 0.122186 0.071636 0.024052 -0.020888 -0.063465 -0.103919 -0.142459 -0.179265 
-0.186787 -0.150754 -0.113114 -0.073717 -0.032392 0.011051 0.056827 0.105170 0.156334 0.210586 0.268180 0.329324 0.394090 0.462265 0.533058 0.604609 0.673243 0.732709 0.774303 0.789421 0.774303 0.732709 0.673243 0.604609 0.533058 0.462265 0.394090 0.329324 0.268180 0.210586 0.156334 0.105170 0.056827 0.011051 -0.032392 -0.073717 -0.113114 -0.150754 -0.186787 
-0.195976 -0.160863 -0.124288 -0.086135 -0.046271 -0.004559 0.039148 0.084997 0.133126 0.183648 0.236620 0.291986 0.349494 0.408549 0.467995 0.525822 0.578849 0.622620 0.651931 0.662303 0.651931 0.622620 0.578849 0.525822 0.467995 0.408549 0.349494 0.291986 0.236620 0.183648 0.133126 0.084997 0.039148 -0.004559 -0.046271 -0.086135 -0.124288 -0.160863 -0.195976 
-0.206711 -0.172637 -0.137262 -0.100496 -0.062250 -0.022436 0.019030 0.062215 0.107158 0.153847 0.202185 0.251941 0.302668 0.353602 0.403521 0.450604 0.492347 0.525672 0.547372 0.554928 0.547372 0.525672 0.492347 0.450604 0.403521 0.353602 0.302668 0.251941 0.202185 0.153847 0.107158 0.062215 0.019030 -0.022436 -0.062250 -0.100496 -0.137262 -0.172637 -0.206711 
-0.218855 -0.185917 -0.151841 -0.116567 -0.080045 -0.042231 -0.003097 0.037357 0.079091 0.121999 0.165884 0.210406 0.255033 0.298967 0.341073 0.379826 0.413328 0.439447 0.456139 0.461891 0.456139 0.439447 0.413328 0.379826 0.341073 0.298967 0.255033 0.210406 0.165884 0.121999 0.079091 0.037357 -0.003097 -0.042231 -0.080045 -0.116567 -0.151841 -0.185917 -0.218855 
-0.232269 -0.200536 -0.167827 -0.134113 -0.099373 -0.063604 -0.026824 0.010915 0.049513 0.088805 0.128529 0.168299 0.207565 0.245572 0.281330 0.313610 0.340986 0.361967 0.375201 0.379729 0.375201 0.361967 0.340986 0.313610 0.281330 0.245572 0.207565 0.168299 0.128529 0.088805 0.049513 0.010915 -0.026824 -0.063604 -0.099373 -0.134113 -0.167827 -0.200536 -0.232269 
-0.246809 -0.216326 -0.185026 -0.152902 -0.119964 -0.086239 -0.051781 -0.016680 0.018925 0.054830 0.090746 0.126276 0.160894 0.193924 0.224531 0.251738 0.274476 0.291683 0.302433 0.306092 0.302433 0.291683 0.274476 0.251738 0.224531 0.193924 0.160894 0.126276 0.090746 0.054830 0.018925 -0.016680 -0.051781 -0.086239 -0.119964 -0.152902 -0.185026 -0.216326 -0.246809 
-0.262334 -0.233126 -0.203249 -0.172720 -0.141570 -0.109849 -0.077640 -0.045056 -0.012262 0.020521 0.052998 0.084786 0.115405 0.144266 0.170677 0.193867 0.213028 0.227388 0.236297 0.239318 0.236297 0.227388 0.213028 0.193867 0.170677 0.144266 0.115405 0.084786 0.052998 0.020521 -0.012262 -0.045056 -0.077640 -0.109849 -0.141570 -0.172720 -0.203249 -0.233126 -0.262334 
-0.278709 -0.250780 -0.222322 -0.193367 -0.163963 -0.134181 -0.104119 -0.073907 -0.043720 -0.013783 0.015616 0.044124 0.071312 0.096676 0.119649 0.139620 0.155974 0.168139 0.175645 0.178183 0.175645 0.168139 0.155974 0.139620 0.119649 0.096676 0.071312 0.044124 0.015616 -0.013783 -0.043720 -0.073907 -0.104119 -0.134181 -0.163963 -0.193367 -0.222322 -0.250780 -0.278709 
-0.295805 -0.269144 -0.242082 -0.214662 -0.186947 -0.159017 -0.130983 -0.102982 -0.075191 -0.047831 -0.021170 0.004471 0.028715 0.051136 0.071271 0.088635 0.102751 0.113189 0.119602 0.121766 0.119602 0.113189 0.102751 0.088635 0.071271 0.051136 0.028715 0.004471 -0.021170 -0.047831 -0.075191 -0.102982 -0.130983 -0.159017 -0.186947 -0.214662 -0.242082 -0.269144 -0.295805 
-0.313502 -0.288086 -0.262383 -0.236447 -0.210347 -0.184172 -0.158038 -0.132083 -0.106481 -0.081441 -0.057209 -0.034073 -0.012358 0.007577 0.025351 0.040576 0.052882 0.061939 0.067485 0.069353 0.067485 0.061939 0.052882 0.040576 0.025351 0.007577 -0.012358 -0.034073 -0.057209 -0.081441 -0.106481 -0.132083 -0.158038 -0.184172 -0.210347 -0.236447 -0.262383 -0.288086 -0.313502 
-0.331691 -0.307487 -0.283098 -0.258582 -0.234016 -0.209493 -0.185126 -0.161055 -0.137444 -0.114487 -0.092408 -0.071460 -0.051925 -0.034103 -0.018309 -0.004853 0.005970 0.013904 0.018750 0.020380 0.018750 0.013904 0.005970 -0.004853 -0.018309 -0.034103 -0.051925 -0.071460 -0.092408 -0.114487 -0.137444 -0.161055 -0.185126 -0.209493 -0.234016 -0.258582 -0.283098 -0.307487 -0.331691 
-0.350273 -0.327241 -0.304111 -0.280949 -0.257831 -0.234851 -0.212123 -0.189779 -0.167974 -0.146885 -0.126713 -0.107681 -0.090031 -0.074015 -0.059893 -0.047918 -0.038324 -0.031313 -0.027040 -0.025605 -0.027040 -0.031313 -0.038324 -0.047918 -0.059893 -0.074015 -0.090031 -0.107681 -0.126713 -0.146885 -0.167974 -0.189779 -0.212123 -0.234851 -0.257831 -0.280949 -0.304111 -0.327241 -0.350273 
-0.369159 -0.347252 -0.325325 -0.303444 -0.281687 -0.260147 -0.238932 -0.218167 -0.197997 -0.178582 -0.160102 -0.142751 -0.126737 -0.112273 -0.099575 -0.088849 -0.080285 -0.074042 -0.070245 -0.068970 -0.070245 -0.074042 -0.080285 -0.088849 -0.099575 -0.112273 -0.126737 -0.142751 -0.160102 -0.178582 -0.197997 -0.218167 -0.238932 -0.260147 -0.281687 -0.303444 -0.325325 -0.347252 -0.369159 
-0.388271 -0.367441 -0.346656 -0.325983 -0.305500 -0.285296 -0.265475 -0.246153 -0.227462 -0.209549 -0.192571 -0.176700 -0.162112 -0.148990 -0.137512 -0.127850 -0.120155 -0.114560 -0.111161 -0.110021 -0.111161 -0.114560 -0.120155 -0.127850 -0.137512 -0.148990 -0.162112 -0.176700 -0.192571 -0.209549 -0.227462 -0.246153 -0.265475 -0.285296 -0.305500 -0.325983 -0.346656 -0.367441 -0.388271 
-0.407540 -0.387735 -0.368031 -0.348495 -0.329201 -0.310236 -0.291696 -0.273691 -0.256340 -0.239774 -0.224133 -0.209568 -0.196229 -0.184273 -0.173848 -0.165097 -0.158145 -0.153099 -0.150038 -0.149012 -0.150038 -0.153099 -0.158145 -0.165097 -0.173848 -0.184273 -0.196229 -0.209568 -0.224133 -0.239774 -0.256340 -0.273691 -0.291696 -0.310236 -0.329201 -0.348495 -0.368031 -0.387735 -0.407540 
