33 33
6.005145e-01 0 5
-0.570620 -0.547426 -0.524369 -0.501560 -0.479133 -0.457244 -0.436070 -0.415814 -0.396700 -0.378970 -0.362881 -0.348692 -0.336658 -0.327017 -0.319970 -0.315675 -0.314232 -0.315675 -0.319970 -0.327017 -0.336658 -0.348692 -0.362881 -0.378970 -0.396700 -0.415814 -0.436070 -0.457244 -0.479133 -0.501560 -0.524369 -0.547426 -0.570620 
-0.548197 -0.523548 -0.498938 -0.474482 -0.450319 -0.426613 -0.403560 -0.381384 -0.360341 -0.340714 -0.322805 -0.306931 -0.293406 -0.282525 -0.274547 -0.269675 -0.268036 -0.269675 -0.274547 -0.282525 -0.293406 -0.306931 -0.322805 -0.340714 -0.360341 -0.381384 -0.403560 -0.426613 -0.450319 -0.474482 -0.498938 -0.523548 -0.548197 
-0.526005 -0.499814 -0.473545 -0.447311 -0.421253 -0.395544 -0.370394 -0.346052 -0.322805 -0.300982 -0.280943 -0.263074 -0.247764 -0.235387 -0.226278 -0.220699 -0.218820 -0.220699 -0.226278 -0.235387 -0.247764 -0.263074 -0.280943 -0.300982 -0.322805 -0.346052 -0.370394 -0.395544 -0.421253 -0.447311 -0.473545 -0.499814 -0.526005 
-0.504163 -0.476350 -0.448316 -0.420172 -0.392055 -0.364144 -0.336658 -0.309869 -0.284099 -0.259727 -0.237182 -0.216931 -0.199464 -0.185262 -0.174758 -0.168304 -0.166126 -0.168304 -0.174758 -0.185262 -0.199464 -0.216931 -0.237182 -0.259727 -0.284099 -0.309869 -0.336658 -0.364144 -0.392055 -0.420172 -0.448316 -0.476350 -0.504163 
-0.482813 -0.453302 -0.423406 -0.393222 -0.362881 -0.332557 -0.302478 -0.272930 -0.244271 -0.216931 -0.191418 -0.168304 -0.148204 -0.131741 -0.119493 -0.111935 -0.109379 -0.111935 -0.119493 -0.131741 -0.148204 -0.168304 -0.191418 -0.216931 -0.244271 -0.272930 -0.302478 -0.332557 -0.362881 -0.393222 -0.423406 -0.453302 -0.482813 
-0.462113 -0.430846 -0.399001 -0.366657 -0.333930 -0.300982 -0.268036 -0.235387 -0.203420 -0.172620 -0.143578 -0.116992 -0.093641 -0.074341 -0.059874 -0.050898 -0.047853 -0.050898 -0.059874 -0.074341 -0.093641 -0.116992 -0.143578 -0.172620 -0.203420 -0.235387 -0.268036 -0.300982 -0.333930 -0.366657 -0.399001 -0.430846 -0.462113 
-0.442244 -0.409180 -0.375319 -0.340714 -0.305453 -0.269675 -0.233584 -0.197470 -0.161730 -0.126893 -0.093641 -0.062816 -0.035404 -0.012485 0.004862 0.015703 0.019394 0.015703 0.004862 -0.012485 -0.035404 -0.062816 -0.093641 -0.126893 -0.161730 -0.197470 -0.233584 -0.269675 -0.305453 -0.340714 -0.375319 -0.409180 -0.442244 
-0.423406 -0.388532 -0.352616 -0.315675 -0.277760 -0.238967 -0.199464 -0.159511 -0.119493 -0.079965 -0.041684 -0.005650 0.026895 0.054509 0.075682 0.089040 0.093611 0.089040 0.075682 0.054509 0.026895 -0.005650 -0.041684 -0.079965 -0.119493 -0.159511 -0.199464 -0.238967 -0.277760 -0.315675 -0.352616 -0.388532 -0.423406 
-0.405818 -0.369153 -0.331180 -0.291871 -0.251223 -0.209273 -0.166126 -0.121977 -0.077164 -0.032221 0.012052 0.054509 0.093611 0.127436 0.153822 0.170692 0.176506 0.170692 0.153822 0.127436 0.093611 0.054509 0.012052 -0.032221 -0.077164 -0.121977 -0.166126 -0.209273 -0.251223 -0.291871 -0.331180 -0.369153 -0.405818 
-0.389710 -0.351313 -0.311329 -0.269675 -0.226278 -0.181097 -0.134140 -0.085499 -0.035404 0.015703 0.067056 0.117426 0.164975 0.207168 0.240879 0.262844 0.270495 0.262844 0.240879 0.207168 0.164975 0.117426 0.067056 0.015703 -0.035404 -0.085499 -0.134140 -0.181097 -0.226278 -0.269675 -0.311329 -0.351313 -0.389710 
-0.375319 -0.335297 -0.293406 -0.249497 -0.203420 -0.155031 -0.104211 -0.050898 0.004862 0.062823 0.122394 0.182421 0.240879 0.294547 0.338900 0.368629 0.379155 0.368629 0.338900 0.294547 0.240879 0.182421 0.122394 0.062823 0.004862 -0.050898 -0.104211 -0.155031 -0.203420 -0.249497 -0.293406 -0.335297 -0.375319 
-0.362881 -0.321390 -0.277760 -0.231771 -0.183186 -0.131741 -0.077164 -0.019189 0.042403 0.107701 0.176506 0.248043 0.320451 0.390023 0.450408 0.492711 0.508102 0.492711 0.450408 0.390023 0.320451 0.248043 0.176506 0.107701 0.042403 -0.019189 -0.077164 -0.131741 -0.183186 -0.231771 -0.277760 -0.321390 -0.362881 
-0.352616 -0.309869 -0.264735 -0.216931 -0.166126 -0.111935 -0.053915 0.008438 0.075682 0.148379 0.226990 0.311593 0.401257 0.492711 0.578010 0.642288 0.666847 0.642288 0.578010 0.492711 0.401257 0.311593 0.226990 0.148379 0.075682 0.008438 -0.053915 -0.111935 -0.166126 -0.216931 -0.264735 -0.309869 -0.352616 
-0.344725 -0.300982 -0.254649 -0.205382 -0.152770 -0.096314 -0.035404 0.030707 0.102940 0.182421 0.270495 0.368629 0.478003 0.598073 0.722288 0.828457 0.873252 0.828457 0.722288 0.598073 0.478003 0.368629 0.270495 0.182421 0.102940 0.030707 -0.035404 -0.096314 -0.152770 -0.205382 -0.254649 -0.300982 -0.344725 
-0.339367 -0.294934 -0.247764 -0.197470 -0.143578 -0.085499 -0.022493 0.046391 0.122394 0.207168 0.302962 0.412882 0.541212 0.693396 0.873252 1.064092 1.165361 1.064092 0.873252 0.693396 0.541212 0.412882 0.302962 0.207168 0.122394 0.046391 -0.022493 -0.085499 -0.143578 -0.197470 -0.247764 -0.294934 -0.339367 
-0.336658 -0.291871 -0.244271 -0.193447 -0.138891 -0.079965 -0.015853 0.054509 0.132552 0.220253 0.320451 0.437424 0.578010 0.753985 0.987244 1.314643 1.607715 1.314643 0.987244 0.753985 0.578010 0.437424 0.320451 0.220253 0.132552 0.054509 -0.015853 -0.079965 -0.138891 -0.193447 -0.244271 -0.291871 -0.336658 
-0.336318 -0.291486 -0.243832 -0.192941 -0.138300 -0.079267 -0.015015 0.055537 0.133843 0.221924 0.322702 0.440622 0.582912 0.762414 1.004802 1.366296 1.762115 1.366296 1.004802 0.762414 0.582912 0.440622 0.322702 0.221924 0.133843 0.055537 -0.015015 -0.079267 -0.138300 -0.192941 -0.243832 -0.291486 -0.336318 
-0.336673 -0.291888 -0.244290 -0.193469 -0.138916 -0.079995 -0.015890 0.054465 0.132496 0.220180 0.320353 0.437286 0.577799 0.753624 0.986502 1.312579 1.602481 1.312579 0.986502 0.753624 0.577799 0.437286 0.320353 0.220180 0.132496 0.054465 -0.015890 -0.079995 -0.138916 -0.193469 -0.244290 -0.291888 -0.336673 
-0.339411 -0.294983 -0.247820 -0.197534 -0.143653 -0.085588 -0.022599 0.046262 0.122232 0.206961 0.302686 0.412500 0.540649 0.692502 0.871701 1.061295 1.161529 1.061295 0.871701 0.692502 0.540649 0.412500 0.302686 0.206961 0.122232 0.046262 -0.022599 -0.085588 -0.143653 -0.197534 -0.247820 -0.294983 -0.339411 
-0.344796 -0.301063 -0.254740 -0.205487 -0.152892 -0.096457 -0.035574 0.030501 0.102685 0.182100 0.270078 0.368071 0.477229 0.596961 0.720666 0.826211 0.870675 0.826211 0.720666 0.596961 0.477229 0.368071 0.270078 0.182100 0.102685 0.030501 -0.035574 -0.096457 -0.152892 -0.205487 -0.254740 -0.301063 -0.344796 
-0.352714 -0.309979 -0.264860 -0.217074 -0.166290 -0.112127 -0.054142 0.008168 0.075353 0.147972 0.226477 0.310935 0.400398 0.491580 0.576547 0.640510 0.664931 0.640510 0.576547 0.491580 0.400398 0.310935 0.226477 0.147972 0.075353 0.008168 -0.054142 -0.112127 -0.166290 -0.217074 -0.264860 -0.309979 -0.352714 
-0.363003 -0.321527 -0.277914 -0.231947 -0.183387 -0.131974 -0.077436 -0.019510 0.042019 0.107237 0.175939 0.247342 0.319583 0.388955 0.449128 0.491258 0.506580 0.491258 0.449128 0.388955 0.319583 0.247342 0.175939 0.107237 0.042019 -0.019510 -0.077436 -0.131974 -0.183387 -0.231947 -0.277914 -0.321527 -0.363003 
-0.375464 -0.335458 -0.293587 -0.249702 -0.203653 -0.155298 -0.104519 -0.051256 0.004442 0.062325 0.121803 0.181716 0.240041 0.293565 0.337780 0.367405 0.377892 0.367405 0.337780 0.293565 0.240041 0.181716 0.121803 0.062325 0.004442 -0.051256 -0.104519 -0.155298 -0.203653 -0.249702 -0.293587 -0.335458 -0.375464 
-0.389875 -0.351495 -0.311533 -0.269903 -0.226536 -0.181390 -0.134474 -0.085883 -0.035847 0.015190 0.066461 0.116737 0.164184 0.206272 0.239889 0.261788 0.269414 0.261788 0.239889 0.206272 0.164184 0.116737 0.066461 0.015190 -0.035847 -0.085883 -0.134474 -0.181390 -0.226536 -0.269903 -0.311533 -0.351495 -0.389875 
-0.406000 -0.369353 -0.331403 -0.292119 -0.251500 -0.209585 -0.166478 -0.122376 -0.077617 -0.032736 0.011466 0.053847 0.092870 0.126617 0.152938 0.169763 0.175561 0.169763 0.152938 0.126617 0.092870 0.053847 0.011466 -0.032736 -0.077617 -0.122376 -0.166478 -0.209585 -0.251500 -0.292119 -0.331403 -0.369353 -0.406000 
-0.423602 -0.388748 -0.352854 -0.315938 -0.278052 -0.239293 -0.199828 -0.159917 -0.119949 -0.080474 -0.042253 -0.006280 0.026202 0.053759 0.074884 0.088211 0.092771 0.088211 0.074884 0.053759 0.026202 -0.006280 -0.042253 -0.080474 -0.119949 -0.159917 -0.199828 -0.239293 -0.278052 -0.315938 -0.352854 -0.388748 -0.423602 
-0.442452 -0.409408 -0.375569 -0.340988 -0.305755 -0.270009 -0.233953 -0.197878 -0.162181 -0.127391 -0.094189 -0.063414 -0.036051 -0.013176 0.004136 0.014954 0.018636 0.014954 0.004136 -0.013176 -0.036051 -0.063414 -0.094189 -0.127391 -0.162181 -0.197878 -0.233953 -0.270009 -0.305755 -0.340988 -0.375569 -0.409408 -0.442452 
-0.462331 -0.431083 -0.399260 -0.366939 -0.334239 -0.301320 -0.268407 -0.235793 -0.203864 -0.173104 -0.144103 -0.117558 -0.094246 -0.074981 -0.060540 -0.051581 -0.048543 -0.051581 -0.060540 -0.074981 -0.094246 -0.117558 -0.144103 -0.173104 -0.203864 -0.235793 -0.268407 -0.301320 -0.334239 -0.366939 -0.399260 -0.431083 -0.462331 
-0.483039 -0.453547 -0.423672 -0.393510 -0.363193 -0.332897 -0.302847 -0.273331 -0.244704 -0.217399 -0.191921 -0.168840 -0.148772 -0.132336 -0.120109 -0.112564 -0.110013 -0.112564 -0.120109 -0.132336 -0.148772 -0.168840 -0.191921 -0.217399 -0.244704 -0.273331 -0.302847 -0.332897 -0.363193 -0.393510 -0.423672 -0.453547 -0.483039 
-0.504396 -0.476600 -0.448586 -0.420463 -0.392369 -0.364482 -0.337024 -0.310262 -0.284521 -0.260179 -0.237663 -0.217440 -0.199999 -0.185818 -0.175331 -0.168887 -0.166712 -0.168887 -0.175331 -0.185818 -0.199999 -0.217440 -0.237663 -0.260179 -0.284521 -0.310262 -0.337024 -0.364482 -0.392369 -0.420463 -0.448586 -0.476600 -0.504396 
-0.526242 -0.500068 -0.473817 -0.447603 -0.421566 -0.395880 -0.370754 -0.346436 -0.323215 -0.301417 -0.281403 -0.263557 -0.248268 -0.235909 -0.226813 -0.221243 -0.219367 -0.221243 -0.226813 -0.235909 -0.248268 -0.263557 -0.281403 -0.301417 -0.323215 -0.346436 -0.370754 -0.395880 -0.421566 -0.447603 -0.473817 -0.500068 -0.526242 
-0.548437 -0.523804 -0.499212 -0.474774 -0.450630 -0.426945 -0.403913 -0.381759 -0.360738 -0.341133 -0.323245 -0.307390 -0.293883 -0.283016 -0.275050 -0.270184 -0.268548 -0.270184 -0.275050 -0.283016 -0.293883 -0.307390 -0.323245 -0.341133 -0.360738 -0.381759 -0.403913 -0.426945 -0.450630 -0.474774 -0.499212 -0.523804 -0.548437 
-0.570862 -0.547683 -0.524642 -0.501850 -0.479441 -0.457570 -0.436416 -0.416179 -0.397084 -0.379374 -0.363302 -0.349130 -0.337111 -0.327482 -0.320444 -0.316155 -0.314714 -0.316155 -0.320444 -0.327482 -0.337111 -0.349130 -0.363302 -0.379374 -0.397084 -0.416179 -0.436416 -0.457570 -0.479441 -0.501850 -0.524642 -0.547683 -0.570862 
