47 47
1.771422e+00 0 5
-0.334410 -0.317687 -0.301040 -0.284504 -0.268121 -0.251935 -0.235997 -0.220362 -0.205091 -0.190251 -0.175912 -0.162150 -0.149047 -0.136685 -0.125150 -0.114530 -0.104911 -0.096375 -0.089001 -0.082861 -0.078016 -0.074517 -0.072403 -0.071695 -0.072403 -0.074517 -0.078016 -0.082861 -0.089001 -0.096375 -0.104911 -0.114530 -0.125150 -0.136685 -0.149047 -0.162150 -0.175912 -0.190251 -0.205091 -0.220362 -0.235997 -0.251935 -0.268121 -0.284504 -0.301040 -0.317687 -0.334410 
-0.318066 -0.300644 -0.283267 -0.265971 -0.248798 -0.231793 -0.215011 -0.198508 -0.182349 -0.166607 -0.151357 -0.136685 -0.122677 -0.109430 -0.097038 -0.085602 -0.075219 -0.065988 -0.057998 -0.051333 -0.046068 -0.042262 -0.039960 -0.039189 -0.039960 -0.042262 -0.046068 -0.051333 -0.057998 -0.065988 -0.075219 -0.085602 -0.097038 -0.109430 -0.122677 -0.136685 -0.151357 -0.166607 -0.182349 -0.198508 -0.215011 -0.231793 -0.248798 -0.265971 -0.283267 -0.300644 -0.318066 
-0.301829 -0.283680 -0.265540 -0.247446 -0.229439 -0.211567 -0.193884 -0.176452 -0.159339 -0.142620 -0.126381 -0.110711 -0.095710 -0.081483 -0.068138 -0.055789 -0.044550 -0.034533 -0.025845 -0.018585 -0.012841 -0.008683 -0.006166 -0.005323 -0.006166 -0.008683 -0.012841 -0.018585 -0.025845 -0.034533 -0.044550 -0.055789 -0.068138 -0.081483 -0.095710 -0.110711 -0.126381 -0.142620 -0.159339 -0.176452 -0.193884 -0.211567 -0.229439 -0.247446 -0.265540 -0.283680 -0.301829 
-0.285737 -0.266832 -0.247897 -0.228966 -0.210082 -0.191292 -0.172653 -0.154227 -0.136086 -0.118312 -0.100994 -0.084234 -0.068138 -0.052824 -0.038417 -0.025045 -0.012841 -0.001934 0.007549 0.015490 0.021785 0.026347 0.029111 0.030037 0.029111 0.026347 0.021785 0.015490 0.007549 -0.001934 -0.012841 -0.025045 -0.038417 -0.052824 -0.068138 -0.084234 -0.100994 -0.118312 -0.136086 -0.154227 -0.172653 -0.191292 -0.210082 -0.228966 -0.247897 -0.266832 -0.285737 
-0.269832 -0.250145 -0.230382 -0.210578 -0.190772 -0.171013 -0.151357 -0.131870 -0.112625 -0.093710 -0.075219 -0.057263 -0.039960 -0.023441 -0.007846 0.006677 0.019976 0.031896 0.042289 0.051013 0.057943 0.062973 0.066025 0.067047 0.066025 0.062973 0.057943 0.051013 0.042289 0.031896 0.019976 0.006677 -0.007846 -0.023441 -0.039960 -0.057263 -0.075219 -0.093710 -0.112625 -0.131870 -0.151357 -0.171013 -0.190772 -0.210578 -0.230382 -0.250145 -0.269832 
-0.254161 -0.233667 -0.213047 -0.192331 -0.171560 -0.150781 -0.130049 -0.109430 -0.089001 -0.068852 -0.049086 -0.029819 -0.011183 0.006677 0.023603 0.039426 0.053967 0.067047 0.078488 0.088119 0.095788 0.101365 0.104752 0.105888 0.104752 0.101365 0.095788 0.088119 0.078488 0.067047 0.053967 0.039426 0.023603 0.006677 -0.011183 -0.029819 -0.049086 -0.068852 -0.089001 -0.109430 -0.130049 -0.150781 -0.171560 -0.192331 -0.213047 -0.233667 -0.254161 
-0.238775 -0.217452 -0.195946 -0.174286 -0.152508 -0.130657 -0.108787 -0.086965 -0.065268 -0.043789 -0.022636 -0.001934 0.018175 0.037529 0.055950 0.073244 0.089205 0.103619 0.116274 0.126962 0.135496 0.141717 0.145501 0.146771 0.145501 0.141717 0.135496 0.126962 0.116274 0.103619 0.089205 0.073244 0.055950 0.037529 0.018175 -0.001934 -0.022636 -0.043789 -0.065268 -0.086965 -0.108787 -0.130657 -0.152508 -0.174286 -0.195946 -0.217452 -0.238775 
-0.223730 -0.201560 -0.179144 -0.156507 -0.133682 -0.110711 -0.087645 -0.064547 -0.041496 -0.018585 0.004073 0.026347 0.048082 0.069101 0.089205 0.108171 0.125759 0.141717 0.155787 0.167717 0.177275 0.184260 0.188516 0.189946 0.188516 0.184260 0.177275 0.167717 0.155787 0.141717 0.125759 0.108171 0.089205 0.069101 0.048082 0.026347 0.004073 -0.018585 -0.041496 -0.064547 -0.087645 -0.110711 -0.133682 -0.156507 -0.179144 -0.201560 -0.223730 
-0.209089 -0.186056 -0.162710 -0.139070 -0.115163 -0.091026 -0.066706 -0.042262 -0.017770 0.006677 0.030965 0.054957 0.078488 0.101365 0.123364 0.144235 0.163697 0.181450 0.197182 0.210584 0.221364 0.229266 0.234092 0.235716 0.234092 0.229266 0.221364 0.210584 0.197182 0.181450 0.163697 0.144235 0.123364 0.101365 0.078488 0.054957 0.030965 0.006677 -0.017770 -0.042262 -0.066706 -0.091026 -0.115163 -0.139070 -0.162710 -0.186056 -0.209089 
-0.194917 -0.171013 -0.146722 -0.122057 -0.097038 -0.071695 -0.046068 -0.020211 0.005807 0.031896 0.057943 0.083807 0.109317 0.134265 0.158404 0.181450 0.203078 0.222930 0.240630 0.255791 0.268043 0.277060 0.282582 0.284441 0.282582 0.277060 0.268043 0.255791 0.240630 0.222930 0.203078 0.181450 0.158404 0.134265 0.109317 0.083807 0.057943 0.031896 0.005807 -0.020211 -0.046068 -0.071695 -0.097038 -0.122057 -0.146722 -0.171013 -0.194917 
-0.181284 -0.156507 -0.131264 -0.105559 -0.079406 -0.052824 -0.025845 0.001487 0.029111 0.056945 0.084881 0.112779 0.140464 0.167717 0.194271 0.219804 0.243944 0.266267 0.286311 0.303594 0.317644 0.328032 0.334415 0.336568 0.334415 0.328032 0.317644 0.303594 0.286311 0.266267 0.243944 0.219804 0.194271 0.167717 0.140464 0.112779 0.084881 0.056945 0.029111 0.001487 -0.025845 -0.052824 -0.079406 -0.105559 -0.131264 -0.156507 -0.181284 
-0.168265 -0.142620 -0.116426 -0.089677 -0.062377 -0.034533 -0.006166 0.022693 0.051995 0.081670 0.111621 0.141717 0.171783 0.201595 0.230868 0.259249 0.286311 0.311554 0.334415 0.354287 0.370558 0.382659 0.390126 0.392651 0.390126 0.382659 0.370558 0.354287 0.334415 0.311554 0.286311 0.259249 0.230868 0.201595 0.171783 0.141717 0.111621 0.081670 0.051995 0.022693 -0.006166 -0.034533 -0.062377 -0.089677 -0.116426 -0.142620 -0.168265 
-0.155938 -0.129440 -0.102304 -0.074517 -0.046068 -0.016953 0.012824 0.043248 0.074287 0.105888 0.137972 0.170423 0.203078 0.235716 0.268043 0.299680 0.330147 0.358859 0.385131 0.408194 0.427249 0.441527 0.450385 0.453388 0.450385 0.441527 0.427249 0.408194 0.385131 0.358859 0.330147 0.299680 0.268043 0.235716 0.203078 0.170423 0.137972 0.105888 0.074287 0.043248 0.012824 -0.016953 -0.046068 -0.074517 -0.102304 -0.129440 -0.155938 
-0.144383 -0.117055 -0.089001 -0.060193 -0.030609 -0.000227 0.030965 0.062973 0.095788 0.129380 0.163697 0.198647 0.234092 0.269828 0.305567 0.340915 0.375348 0.408194 0.438624 0.465669 0.488268 0.505367 0.516048 0.519684 0.516048 0.505367 0.488268 0.465669 0.438624 0.408194 0.375348 0.340915 0.305567 0.269828 0.234092 0.198647 0.163697 0.129380 0.095788 0.062973 0.030965 -0.000227 -0.030609 -0.060193 -0.089001 -0.117055 -0.144383 
-0.133682 -0.105559 -0.076620 -0.046825 -0.016134 0.015490 0.048082 0.081670 0.116274 0.151895 0.188516 0.226084 0.264499 0.303594 0.343109 0.382659 0.421698 0.459474 0.495006 0.527073 0.554263 0.575097 0.588237 0.592732 0.588237 0.575097 0.554263 0.527073 0.495006 0.459474 0.421698 0.382659 0.343109 0.303594 0.264499 0.226084 0.188516 0.151895 0.116274 0.081670 0.048082 0.015490 -0.016134 -0.046825 -0.076620 -0.105559 -0.133682 
-0.123916 -0.095044 -0.065268 -0.034533 -0.002784 0.030037 0.063988 0.099124 0.135496 0.173148 0.212105 0.252366 0.293889 0.336568 0.380205 0.424462 0.468808 0.512451 0.554263 0.592732 0.625978 0.651891 0.668449 0.674154 0.668449 0.651891 0.625978 0.592732 0.554263 0.512451 0.468808 0.424462 0.380205 0.336568 0.293889 0.252366 0.212105 0.173148 0.135496 0.099124 0.063988 0.030037 -0.002784 -0.034533 -0.065268 -0.095044 -0.123916 
-0.115163 -0.085602 -0.055050 -0.023441 0.009299 0.043248 0.078488 0.115105 0.153188 0.192823 0.234092 0.277060 0.321763 0.368187 0.416233 0.465669 0.516048 0.566611 0.616142 0.662839 0.704222 0.737247 0.758746 0.766231 0.758746 0.737247 0.704222 0.662839 0.616142 0.566611 0.516048 0.465669 0.416233 0.368187 0.321763 0.277060 0.234092 0.192823 0.153188 0.115105 0.078488 0.043248 0.009299 -0.023441 -0.055050 -0.085602 -0.115163 
-0.107499 -0.077319 -0.046068 -0.013667 0.019976 0.054957 0.091386 0.129380 0.169067 0.210584 0.254074 0.299680 0.347538 0.397755 0.450385 0.505367 0.562445 0.621024 0.679957 0.737247 0.789749 0.833063 0.862055 0.872313 0.862055 0.833063 0.789749 0.737247 0.679957 0.621024 0.562445 0.505367 0.450385 0.397755 0.347538 0.299680 0.254074 0.210584 0.169067 0.129380 0.091386 0.054957 0.019976 -0.013667 -0.046068 -0.077319 -0.107499 
-0.100994 -0.070276 -0.038417 -0.005323 0.029111 0.065005 0.102490 0.141717 0.182852 0.226084 0.271623 0.319697 0.370558 0.424462 0.481659 0.542345 0.606584 0.674154 0.744261 0.815055 0.882899 0.941629 0.982681 0.997596 0.982681 0.941629 0.882899 0.815055 0.744261 0.674154 0.606584 0.542345 0.481659 0.424462 0.370558 0.319697 0.271623 0.226084 0.182852 0.141717 0.102490 0.065005 0.029111 -0.005323 -0.038417 -0.070276 -0.100994 
-0.095710 -0.064547 -0.032183 0.001487 0.036584 0.073244 0.111621 0.151895 0.194271 0.238984 0.286311 0.336568 0.390126 0.447407 0.508890 0.575097 0.646548 0.723645 0.806404 0.893837 0.982681 1.065199 1.127133 1.150735 1.127133 1.065199 0.982681 0.893837 0.806404 0.723645 0.646548 0.575097 0.508890 0.447407 0.390126 0.336568 0.286311 0.238984 0.194271 0.151895 0.111621 0.073244 0.036584 0.001487 -0.032183 -0.064547 -0.095710 
-0.091699 -0.060193 -0.027440 0.006677 0.042289 0.079546 0.118622 0.159720 0.203078 0.248973 0.297739 0.349773 0.405555 0.465669 0.530827 0.601904 0.679957 0.766231 0.862055 0.968417 1.084554 1.203883 1.305095 1.347554 1.305095 1.203883 1.084554 0.968417 0.862055 0.766231 0.679957 0.601904 0.530827 0.465669 0.405555 0.349773 0.297739 0.248973 0.203078 0.159720 0.118622 0.079546 0.042289 0.006677 -0.027440 -0.060193 -0.091699 
-0.089001 -0.057263 -0.024244 0.010178 0.046141 0.083807 0.123364 0.165032 0.209070 0.255791 0.305567 0.358859 0.416233 0.478401 0.546272 0.621024 0.704222 0.797972 0.905150 1.029644 1.176209 1.347554 1.526531 1.620039 1.526531 1.347554 1.176209 1.029644 0.905150 0.797972 0.704222 0.621024 0.546272 0.478401 0.416233 0.358859 0.305567 0.255791 0.209070 0.165032 0.123364 0.083807 0.046141 0.010178 -0.024244 -0.057263 -0.089001 
-0.087645 -0.055789 -0.022636 0.011940 0.048082 0.085957 0.125759 0.167717 0.212105 0.259249 0.309547 0.363492 0.421698 0.484948 0.554263 0.631004 0.717045 0.815055 0.929014 1.065199 1.234181 1.454860 1.755632 2.012021 1.755632 1.454860 1.234181 1.065199 0.929014 0.815055 0.717045 0.631004 0.554263 0.484948 0.421698 0.363492 0.309547 0.259249 0.212105 0.167717 0.125759 0.085957 0.048082 0.011940 -0.022636 -0.055789 -0.087645 
-0.087475 -0.055605 -0.022434 0.012161 0.048325 0.086226 0.126059 0.168054 0.212486 0.259683 0.310048 0.364075 0.422387 0.485775 0.555275 0.632273 0.718683 0.817253 0.932122 1.069930 1.242227 1.471286 1.801840 2.140509 1.801840 1.471286 1.242227 1.069930 0.932122 0.817253 0.718683 0.632273 0.555275 0.485775 0.422387 0.364075 0.310048 0.259683 0.212486 0.168054 0.126059 0.086226 0.048325 0.012161 -0.022434 -0.055605 -0.087475 
-0.087652 -0.055797 -0.022645 0.011930 0.048072 0.085945 0.125746 0.167703 0.212088 0.259230 0.309526 0.363467 0.421668 0.484912 0.554219 0.630949 0.716974 0.814959 0.928880 1.064995 1.233836 1.454166 1.753778 2.007577 1.753778 1.454166 1.233836 1.064995 0.928880 0.814959 0.716974 0.630949 0.554219 0.484912 0.421668 0.363467 0.309526 0.259230 0.212088 0.167703 0.125746 0.085945 0.048072 0.011930 -0.022645 -0.055797 -0.087652 
-0.089023 -0.057287 -0.024270 0.010149 0.046110 0.083773 0.123326 0.164989 0.209022 0.255735 0.305503 0.358785 0.416146 0.478296 0.546144 0.620865 0.704019 0.797703 0.904778 1.029099 1.175352 1.346087 1.523933 1.616522 1.523933 1.346087 1.175352 1.029099 0.904778 0.797703 0.704019 0.620865 0.546144 0.478296 0.416146 0.358785 0.305503 0.255735 0.209022 0.164989 0.123326 0.083773 0.046110 0.010149 -0.024270 -0.057287 -0.089023 
-0.091735 -0.060233 -0.027483 0.006630 0.042237 0.079489 0.118559 0.159649 0.202998 0.248882 0.297635 0.349652 0.405414 0.465501 0.530624 0.601654 0.679642 0.765824 0.861512 0.967667 1.083482 1.202330 1.302963 1.345117 1.302963 1.202330 1.083482 0.967667 0.861512 0.765824 0.679642 0.601654 0.530624 0.465501 0.405414 0.349652 0.297635 0.248882 0.202998 0.159649 0.118559 0.079489 0.042237 0.006630 -0.027483 -0.060233 -0.091735 
-0.095760 -0.064602 -0.032243 0.001422 0.036513 0.073165 0.111534 0.151798 0.194161 0.238861 0.286170 0.336406 0.389937 0.447184 0.508624 0.574774 0.646148 0.723143 0.805761 0.893000 0.981584 1.063787 1.125423 1.148895 1.125423 1.063787 0.981584 0.893000 0.805761 0.723143 0.646148 0.574774 0.508624 0.447184 0.389937 0.336406 0.286170 0.238861 0.194161 0.151798 0.111534 0.073165 0.036513 0.001422 -0.032243 -0.064602 -0.095760 
-0.101058 -0.070345 -0.038492 -0.005405 0.029022 0.064906 0.102381 0.141595 0.182716 0.225931 0.271448 0.319498 0.370327 0.424193 0.481342 0.541967 0.606128 0.673597 0.743575 0.814207 0.881859 0.940386 0.981272 0.996122 0.981272 0.940386 0.881859 0.814207 0.743575 0.673597 0.606128 0.541967 0.481342 0.424193 0.370327 0.319498 0.271448 0.225931 0.182716 0.141595 0.102381 0.064906 0.029022 -0.005405 -0.038492 -0.070345 -0.101058 
-0.107576 -0.077401 -0.046158 -0.013764 0.019869 0.054840 0.091257 0.129237 0.168907 0.210405 0.253871 0.299450 0.347274 0.397451 0.450031 0.504952 0.561955 0.620443 0.679265 0.736427 0.788789 0.831970 0.860862 0.871083 0.860862 0.831970 0.788789 0.736427 0.679265 0.620443 0.561955 0.504952 0.450031 0.397451 0.347274 0.299450 0.253871 0.210405 0.168907 0.129237 0.091257 0.054840 0.019869 -0.013764 -0.046158 -0.077401 -0.107576 
-0.115251 -0.085697 -0.055154 -0.023553 0.009177 0.043114 0.078340 0.114942 0.153007 0.192622 0.233866 0.276805 0.321473 0.367856 0.415855 0.465232 0.515543 0.566025 0.615465 0.662062 0.703344 0.736278 0.757713 0.765174 0.757713 0.736278 0.703344 0.662062 0.615465 0.566025 0.515543 0.465232 0.415855 0.367856 0.321473 0.276805 0.233866 0.192622 0.153007 0.114942 0.078340 0.043114 0.009177 -0.023553 -0.055154 -0.085697 -0.115251 
-0.124015 -0.095152 -0.065384 -0.034659 -0.002921 0.029888 0.063824 0.098943 0.135297 0.172928 0.211859 0.252091 0.293580 0.336220 0.379811 0.424015 0.468300 0.511874 0.553611 0.592003 0.625174 0.651024 0.667538 0.673227 0.667538 0.651024 0.625174 0.592003 0.553611 0.511874 0.468300 0.424015 0.379811 0.336220 0.293580 0.252091 0.211859 0.172928 0.135297 0.098943 0.063824 0.029888 -0.002921 -0.034659 -0.065384 -0.095152 -0.124015 
-0.133792 -0.105678 -0.076748 -0.046963 -0.016284 0.015327 0.047904 0.081476 0.116060 0.151660 0.188256 0.225795 0.264177 0.303235 0.342707 0.382209 0.421195 0.458913 0.494385 0.526391 0.553524 0.574313 0.587422 0.591906 0.587422 0.574313 0.553524 0.526391 0.494385 0.458913 0.421195 0.382209 0.342707 0.303235 0.264177 0.225795 0.188256 0.151660 0.116060 0.081476 0.047904 0.015327 -0.016284 -0.046963 -0.076748 -0.105678 -0.133792 
-0.144503 -0.117184 -0.089139 -0.060342 -0.030770 -0.000402 0.030776 0.062766 0.095561 0.129132 0.163425 0.198348 0.233762 0.269463 0.305163 0.340469 0.374856 0.407653 0.438034 0.465031 0.487587 0.504651 0.515310 0.518938 0.515310 0.504651 0.487587 0.465031 0.438034 0.407653 0.374856 0.340469 0.305163 0.269463 0.233762 0.198348 0.163425 0.129132 0.095561 0.062766 0.030776 -0.000402 -0.030770 -0.060342 -0.089139 -0.117184 -0.144503 
-0.156067 -0.129577 -0.102452 -0.074676 -0.046239 -0.017137 0.012625 0.043031 0.074051 0.105631 0.137692 0.170116 0.202742 0.235348 0.267641 0.299241 0.329668 0.358340 0.384571 0.407597 0.426618 0.440870 0.449710 0.452708 0.449710 0.440870 0.426618 0.407597 0.384571 0.358340 0.329668 0.299241 0.267641 0.235348 0.202742 0.170116 0.137692 0.105631 0.074051 0.043031 0.012625 -0.017137 -0.046239 -0.074676 -0.102452 -0.129577 -0.156067 
-0.168401 -0.142766 -0.116581 -0.089844 -0.062556 -0.034726 -0.006374 0.022468 0.051752 0.081407 0.111336 0.141407 0.171446 0.201229 0.230471 0.258819 0.285848 0.311057 0.333885 0.353726 0.369970 0.382051 0.389505 0.392025 0.389505 0.382051 0.369970 0.353726 0.333885 0.311057 0.285848 0.258819 0.230471 0.201229 0.171446 0.141407 0.111336 0.081407 0.051752 0.022468 -0.006374 -0.034726 -0.062556 -0.089844 -0.116581 -0.142766 -0.168401 
-0.181427 -0.156660 -0.131427 -0.105734 -0.079593 -0.053024 -0.026060 0.001256 0.028863 0.056677 0.084592 0.112467 0.140128 0.167355 0.193881 0.219386 0.243497 0.265791 0.285807 0.303066 0.317094 0.327466 0.333838 0.335988 0.333838 0.327466 0.317094 0.303066 0.285807 0.265791 0.243497 0.219386 0.193881 0.167355 0.140128 0.112467 0.084592 0.056677 0.028863 0.001256 -0.026060 -0.053024 -0.079593 -0.105734 -0.131427 -0.156660 -0.181427 
-0.195066 -0.171172 -0.146891 -0.122237 -0.097230 -0.071901 -0.046288 -0.020446 0.005555 0.031626 0.057653 0.083496 0.108984 0.133908 0.158023 0.181044 0.202646 0.222475 0.240151 0.255291 0.267527 0.276530 0.282044 0.283900 0.282044 0.276530 0.267527 0.255291 0.240151 0.222475 0.202646 0.181044 0.158023 0.133908 0.108984 0.083496 0.057653 0.031626 0.005555 -0.020446 -0.046288 -0.071901 -0.097230 -0.122237 -0.146891 -0.171172 -0.195066 
-0.209244 -0.186221 -0.162884 -0.139255 -0.115360 -0.091236 -0.066929 -0.042500 -0.018024 0.006406 0.030676 0.054648 0.078159 0.101014 0.122993 0.143841 0.163282 0.181014 0.196727 0.210112 0.220877 0.228768 0.233588 0.235209 0.233588 0.228768 0.220877 0.210112 0.196727 0.181014 0.163282 0.143841 0.122993 0.101014 0.078159 0.054648 0.030676 0.006406 -0.018024 -0.042500 -0.066929 -0.091236 -0.115360 -0.139255 -0.162884 -0.186221 -0.209244 
-0.223890 -0.201729 -0.179322 -0.156696 -0.133883 -0.110924 -0.087871 -0.064788 -0.041752 -0.018857 0.003785 0.026041 0.047758 0.068758 0.088843 0.107789 0.125359 0.141299 0.155352 0.167268 0.176814 0.183790 0.188041 0.189469 0.188041 0.183790 0.176814 0.167268 0.155352 0.141299 0.125359 0.107789 0.088843 0.068758 0.047758 0.026041 0.003785 -0.018857 -0.041752 -0.064788 -0.087871 -0.110924 -0.133883 -0.156696 -0.179322 -0.201729 -0.223890 
-0.238938 -0.217625 -0.196128 -0.174478 -0.152711 -0.130872 -0.109015 -0.087206 -0.065523 -0.044059 -0.022922 -0.002235 0.017857 0.037193 0.055597 0.072875 0.088819 0.103218 0.115859 0.126535 0.135059 0.141272 0.145051 0.146320 0.145051 0.141272 0.135059 0.126535 0.115859 0.103218 0.088819 0.072875 0.055597 0.037193 0.017857 -0.002235 -0.022922 -0.044059 -0.065523 -0.087206 -0.109015 -0.130872 -0.152711 -0.174478 -0.196128 -0.217625 -0.238938 
-0.254328 -0.233843 -0.213232 -0.192526 -0.171766 -0.150998 -0.130278 -0.109671 -0.089255 -0.069120 -0.049368 -0.030116 -0.011495 0.006350 0.023260 0.039068 0.053595 0.066662 0.078091 0.087711 0.095371 0.100942 0.104325 0.105460 0.104325 0.100942 0.095371 0.087711 0.078091 0.066662 0.053595 0.039068 0.023260 0.006350 -0.011495 -0.030116 -0.049368 -0.069120 -0.089255 -0.109671 -0.130278 -0.150998 -0.171766 -0.192526 -0.213232 -0.233843 -0.254328 
-0.270002 -0.250324 -0.230570 -0.210775 -0.190979 -0.171231 -0.151586 -0.132111 -0.112878 -0.093975 -0.075498 -0.057555 -0.040266 -0.023760 -0.008179 0.006331 0.019617 0.031526 0.041908 0.050623 0.057546 0.062571 0.065619 0.066640 0.065619 0.062571 0.057546 0.050623 0.041908 0.031526 0.019617 0.006331 -0.008179 -0.023760 -0.040266 -0.057555 -0.075498 -0.093975 -0.112878 -0.132111 -0.151586 -0.171231 -0.190979 -0.210775 -0.230570 -0.250324 -0.270002 
-0.285909 -0.267013 -0.248086 -0.229165 -0.210290 -0.191510 -0.172881 -0.154466 -0.136337 -0.118575 -0.101269 -0.084521 -0.068437 -0.053136 -0.038741 -0.025381 -0.013187 -0.002290 0.007183 0.015117 0.021405 0.025962 0.028724 0.029649 0.028724 0.025962 0.021405 0.015117 0.007183 -0.002290 -0.013187 -0.025381 -0.038741 -0.053136 -0.068437 -0.084521 -0.101269 -0.118575 -0.136337 -0.154466 -0.172881 -0.191510 -0.210290 -0.229165 -0.248086 -0.267013 -0.285909 
-0.302003 -0.283862 -0.265730 -0.247645 -0.229647 -0.211785 -0.194112 -0.176690 -0.159587 -0.142880 -0.126651 -0.110993 -0.096003 -0.081787 -0.068453 -0.056114 -0.044885 -0.034877 -0.026197 -0.018944 -0.013205 -0.009051 -0.006537 -0.005695 -0.006537 -0.009051 -0.013205 -0.018944 -0.026197 -0.034877 -0.044885 -0.056114 -0.068453 -0.081787 -0.096003 -0.110993 -0.126651 -0.142880 -0.159587 -0.176690 -0.194112 -0.211785 -0.229647 -0.247645 -0.265730 -0.283862 -0.302003 
-0.318241 -0.300827 -0.283458 -0.266170 -0.249006 -0.232010 -0.215237 -0.198744 -0.182595 -0.166863 -0.151623 -0.136961 -0.122964 -0.109726 -0.097344 -0.085917 -0.075544 -0.066320 -0.058337 -0.051679 -0.046418 -0.042615 -0.040315 -0.039546 -0.040315 -0.042615 -0.046418 -0.051679 -0.058337 -0.066320 -0.075544 -0.085917 -0.097344 -0.109726 -0.122964 -0.136961 -0.151623 -0.166863 -0.182595 -0.198744 -0.215237 -0.232010 -0.249006 -0.266170 -0.283458 -0.300827 -0.318241 
-0.334586 -0.317870 -0.301231 -0.284703 -0.268328 -0.252151 -0.236222 -0.220596 -0.205334 -0.190503 -0.176173 -0.162421 -0.149327 -0.136974 -0.125448 -0.114836 -0.105225 -0.096696 -0.089328 -0.083193 -0.078352 -0.074857 -0.072744 -0.072037 -0.072744 -0.074857 -0.078352 -0.083193 -0.089328 -0.096696 -0.105225 -0.114836 -0.125448 -0.136974 -0.149327 -0.162421 -0.176173 -0.190503 -0.205334 -0.220596 -0.236222 -0.252151 -0.268328 -0.284703 -0.301231 -0.317870 -0.334586 
