43 43
1.300451e+00 0 5
-0.409928 -0.391799 -0.373758 -0.355851 -0.338132 -0.320663 -0.303513 -0.286758 -0.270481 -0.254776 -0.239739 -0.225477 -0.212099 -0.199719 -0.188452 -0.178408 -0.169697 -0.162418 -0.156657 -0.152488 -0.149965 -0.149120 -0.149965 -0.152488 -0.156657 -0.162418 -0.169697 -0.178408 -0.188452 -0.199719 -0.212099 -0.225477 -0.239739 -0.254776 -0.270481 -0.286758 -0.303513 -0.320663 -0.338132 -0.355851 -0.373758 -0.391799 -0.409928 
-0.392251 -0.373284 -0.354363 -0.335535 -0.316856 -0.298390 -0.280209 -0.262394 -0.245036 -0.228235 -0.212099 -0.196747 -0.182303 -0.168895 -0.156657 -0.145720 -0.136211 -0.128248 -0.121935 -0.117360 -0.114588 -0.113659 -0.114588 -0.117360 -0.121935 -0.128248 -0.136211 -0.145720 -0.156657 -0.168895 -0.182303 -0.196747 -0.212099 -0.228235 -0.245036 -0.262394 -0.280209 -0.298390 -0.316856 -0.335535 -0.354363 -0.373284 -0.392251 
-0.374703 -0.354859 -0.335013 -0.315213 -0.295514 -0.275983 -0.256694 -0.237734 -0.219198 -0.201197 -0.183849 -0.167286 -0.151649 -0.137086 -0.123750 -0.111795 -0.101371 -0.092621 -0.085670 -0.080624 -0.077564 -0.076538 -0.077564 -0.080624 -0.085670 -0.092621 -0.101371 -0.111795 -0.123750 -0.137086 -0.151649 -0.167286 -0.183849 -0.201197 -0.219198 -0.237734 -0.256694 -0.275983 -0.295514 -0.315213 -0.335013 -0.354859 -0.374703 
-0.357333 -0.336576 -0.315761 -0.294936 -0.274158 -0.253491 -0.233014 -0.212815 -0.192999 -0.173682 -0.154995 -0.137086 -0.120112 -0.104243 -0.089658 -0.076538 -0.065062 -0.055400 -0.047707 -0.042112 -0.038714 -0.037574 -0.038714 -0.042112 -0.047707 -0.055400 -0.065062 -0.076538 -0.089658 -0.104243 -0.120112 -0.137086 -0.154995 -0.173682 -0.192999 -0.212815 -0.233014 -0.253491 -0.274158 -0.294936 -0.315761 -0.336576 -0.357333 
-0.340198 -0.318492 -0.296667 -0.274767 -0.252847 -0.230973 -0.209222 -0.187688 -0.166479 -0.145720 -0.125555 -0.106145 -0.087669 -0.070322 -0.054311 -0.039850 -0.027154 -0.016430 -0.007866 -0.001624 0.002172 0.003447 0.002172 -0.001624 -0.007866 -0.016430 -0.027154 -0.039850 -0.054311 -0.070322 -0.087669 -0.106145 -0.125555 -0.145720 -0.166479 -0.187688 -0.209222 -0.230973 -0.252847 -0.274767 -0.296667 -0.318492 -0.340198 
-0.323360 -0.300675 -0.277800 -0.254776 -0.231654 -0.208500 -0.185389 -0.162418 -0.139697 -0.117360 -0.095561 -0.074478 -0.054311 -0.035284 -0.017637 -0.001624 0.012495 0.024468 0.034061 0.041071 0.045343 0.046778 0.045343 0.041071 0.034061 0.024468 0.012495 -0.001624 -0.017637 -0.035284 -0.054311 -0.074478 -0.095561 -0.117360 -0.139697 -0.162418 -0.185389 -0.208500 -0.231654 -0.254776 -0.277800 -0.300675 -0.323360 
-0.306892 -0.283199 -0.259238 -0.235044 -0.210664 -0.186157 -0.161600 -0.137086 -0.112728 -0.088665 -0.065062 -0.042112 -0.020039 0.000902 0.020433 0.038251 0.054042 0.067495 0.078316 0.086249 0.091095 0.092725 0.091095 0.086249 0.078316 0.067495 0.054042 0.038251 0.020433 0.000902 -0.020039 -0.042112 -0.065062 -0.088665 -0.112728 -0.137086 -0.161600 -0.186157 -0.210664 -0.235044 -0.259238 -0.283199 -0.306892 
-0.290869 -0.266148 -0.241070 -0.215665 -0.189973 -0.164048 -0.137958 -0.111795 -0.085670 -0.059725 -0.034133 -0.009102 0.015122 0.038251 0.059959 0.079889 0.097659 0.112881 0.125185 0.134240 0.139785 0.141653 0.139785 0.134240 0.125185 0.112881 0.097659 0.079889 0.059959 0.038251 0.015122 -0.009102 -0.034133 -0.059725 -0.085670 -0.111795 -0.137958 -0.164048 -0.189973 -0.215665 -0.241070 -0.266148 -0.290869 
-0.275376 -0.249612 -0.223396 -0.196747 -0.169697 -0.142290 -0.114588 -0.086671 -0.058649 -0.030660 -0.002881 0.024468 0.051119 0.076750 0.100986 0.123401 0.143531 0.160890 0.175003 0.185439 0.191851 0.194015 0.191851 0.185439 0.175003 0.160890 0.143531 0.123401 0.100986 0.076750 0.051119 0.024468 -0.002881 -0.030660 -0.058649 -0.086671 -0.114588 -0.142290 -0.169697 -0.196747 -0.223396 -0.249612 -0.275376 
-0.260503 -0.233692 -0.206323 -0.178408 -0.149965 -0.121024 -0.091636 -0.061869 -0.031822 -0.001624 0.028548 0.058471 0.087857 0.116354 0.143531 0.168886 0.191851 0.211817 0.228167 0.240329 0.247834 0.250371 0.247834 0.240329 0.228167 0.211817 0.191851 0.168886 0.143531 0.116354 0.087857 0.058471 0.028548 -0.001624 -0.031822 -0.061869 -0.091636 -0.121024 -0.149965 -0.178408 -0.206323 -0.233692 -0.260503 
-0.246349 -0.218494 -0.189973 -0.160781 -0.130921 -0.100409 -0.069276 -0.037574 -0.005382 0.027183 0.059959 0.092725 0.125185 0.156958 0.187563 0.216412 0.242813 0.265995 0.285151 0.299508 0.308414 0.311434 0.308414 0.299508 0.285151 0.265995 0.242813 0.216412 0.187563 0.156958 0.125185 0.092725 0.059959 0.027183 -0.005382 -0.037574 -0.069276 -0.100409 -0.130921 -0.160781 -0.189973 -0.218494 -0.246349 
-0.233014 -0.204135 -0.174474 -0.144009 -0.112728 -0.080624 -0.047707 -0.014003 0.020433 0.055512 0.091095 0.126978 0.162872 0.198382 0.232982 0.265995 0.296589 0.323785 0.346516 0.363717 0.374465 0.378123 0.374465 0.363717 0.346516 0.323785 0.296589 0.265995 0.232982 0.198382 0.162872 0.126978 0.091095 0.055512 0.020433 -0.014003 -0.047707 -0.080624 -0.112728 -0.144009 -0.174474 -0.204135 -0.233014 
-0.220603 -0.190732 -0.159960 -0.128248 -0.095561 -0.061869 -0.027154 0.008590 0.045343 0.083055 0.121626 0.160890 0.200586 0.240329 0.279570 0.317555 0.353294 0.385558 0.412923 0.433897 0.447127 0.451653 0.447127 0.433897 0.412923 0.385558 0.353294 0.317555 0.279570 0.240329 0.200586 0.160890 0.121626 0.083055 0.045343 0.008590 -0.027154 -0.061869 -0.095561 -0.128248 -0.159960 -0.190732 -0.220603 
-0.209222 -0.178408 -0.146573 -0.113659 -0.079607 -0.044360 -0.007866 0.029918 0.069021 0.109442 0.151141 0.194015 0.237863 0.282350 0.326942 0.370845 0.412923 0.451653 0.485137 0.511245 0.527931 0.533681 0.527931 0.511245 0.485137 0.451653 0.412923 0.370845 0.326942 0.282350 0.237863 0.194015 0.151141 0.109442 0.069021 0.029918 -0.007866 -0.044360 -0.079607 -0.113659 -0.146573 -0.178408 -0.209222 
-0.198978 -0.167286 -0.134456 -0.100409 -0.065062 -0.028326 0.009887 0.049666 0.091095 0.134240 0.179140 0.225785 0.274077 0.323785 0.374465 0.425353 0.475230 0.522278 0.563994 0.597300 0.618991 0.626544 0.618991 0.597300 0.563994 0.522278 0.475230 0.425353 0.374465 0.323785 0.274077 0.225785 0.179140 0.134240 0.091095 0.049666 0.009887 -0.028326 -0.065062 -0.100409 -0.134456 -0.167286 -0.198978 
-0.189973 -0.157486 -0.123750 -0.088665 -0.052123 -0.014003 0.025823 0.067495 0.111158 0.156958 0.205036 0.255502 0.308414 0.363717 0.421159 0.480147 0.539530 0.597300 0.650282 0.694022 0.723316 0.733684 0.723316 0.694022 0.650282 0.597300 0.539530 0.480147 0.421159 0.363717 0.308414 0.255502 0.205036 0.156958 0.111158 0.067495 0.025823 -0.014003 -0.052123 -0.088665 -0.123750 -0.157486 -0.189973 
-0.182303 -0.149120 -0.114588 -0.078587 -0.040983 -0.001624 0.039658 0.083055 0.128779 0.177066 0.228167 0.282350 0.339868 0.400927 0.465603 0.533681 0.604376 0.675833 0.744386 0.803793 0.845356 0.860466 0.845356 0.803793 0.744386 0.675833 0.604376 0.533681 0.465603 0.400927 0.339868 0.282350 0.228167 0.177066 0.128779 0.083055 0.039658 -0.001624 -0.040983 -0.078587 -0.114588 -0.149120 -0.182303 
-0.176052 -0.142290 -0.107093 -0.070322 -0.031822 0.008590 0.051119 0.096006 0.143531 0.194015 0.247834 0.305420 0.367263 0.433897 0.505861 0.583580 0.667097 0.755445 0.845356 0.929009 0.991897 1.015888 0.991897 0.929009 0.845356 0.755445 0.667097 0.583580 0.505861 0.433897 0.367263 0.305420 0.247834 0.194015 0.143531 0.096006 0.051119 0.008590 -0.031822 -0.070322 -0.107093 -0.142290 -0.176052 
-0.171296 -0.137086 -0.101371 -0.064001 -0.024798 0.016442 0.059959 0.106036 0.155009 0.207282 0.263342 0.323785 0.389336 0.460889 0.539530 0.626544 0.723316 0.830911 0.948653 1.069967 1.173184 1.216585 1.173184 1.069967 0.948653 0.830911 0.723316 0.626544 0.539530 0.460889 0.389336 0.323785 0.263342 0.207282 0.155009 0.106036 0.059959 0.016442 -0.024798 -0.064001 -0.101371 -0.137086 -0.171296 
-0.168092 -0.133576 -0.097508 -0.059725 -0.020039 0.021773 0.065975 0.112881 0.162872 0.216412 0.274077 0.336591 0.404879 0.480147 0.563994 0.658583 0.766886 0.892947 1.041799 1.216585 1.400312 1.496900 1.400312 1.216585 1.041799 0.892947 0.766886 0.658583 0.563994 0.480147 0.404879 0.336591 0.274077 0.216412 0.162872 0.112881 0.065975 0.021773 -0.020039 -0.059725 -0.097508 -0.133576 -0.168092 
-0.166479 -0.131808 -0.095561 -0.057569 -0.017637 0.024468 0.069021 0.116354 0.166870 0.221067 0.279570 0.343176 0.412923 0.490201 0.576924 0.675833 0.791027 0.929009 1.100832 1.326575 1.637870 1.908328 1.637870 1.326575 1.100832 0.929009 0.791027 0.675833 0.576924 0.490201 0.412923 0.343176 0.279570 0.221067 0.166870 0.116354 0.069021 0.024468 -0.017637 -0.057569 -0.095561 -0.131808 -0.166479 
-0.166277 -0.131587 -0.095317 -0.057299 -0.017335 0.024806 0.069403 0.116790 0.167372 0.221653 0.280263 0.344008 0.413941 0.491478 0.578576 0.678053 0.794172 0.933810 1.109033 1.343453 1.686198 2.046458 1.686198 1.343453 1.109033 0.933810 0.794172 0.678053 0.578576 0.491478 0.413941 0.344008 0.280263 0.221653 0.167372 0.116790 0.069403 0.024806 -0.017335 -0.057299 -0.095317 -0.131587 -0.166277 
-0.166488 -0.131818 -0.095571 -0.057581 -0.017650 0.024453 0.069004 0.116335 0.166848 0.221042 0.279540 0.343140 0.412879 0.490145 0.576853 0.675737 0.790891 0.928802 1.100480 1.325862 1.635934 1.903587 1.635934 1.325862 1.100480 0.928802 0.790891 0.675737 0.576853 0.490145 0.412879 0.343140 0.279540 0.221042 0.166848 0.116335 0.069004 0.024453 -0.017650 -0.057581 -0.095571 -0.131818 -0.166488 
-0.168118 -0.133604 -0.097539 -0.059760 -0.020078 0.021730 0.065926 0.112825 0.162808 0.216337 0.273989 0.336485 0.404751 0.479987 0.563789 0.658312 0.766509 0.892395 1.040927 1.215084 1.397635 1.493259 1.397635 1.215084 1.040927 0.892395 0.766509 0.658312 0.563789 0.479987 0.404751 0.336485 0.273989 0.216337 0.162808 0.112825 0.065926 0.021730 -0.020078 -0.059760 -0.097539 -0.133604 -0.168118 
-0.171339 -0.137133 -0.101423 -0.064058 -0.024861 0.016371 0.059879 0.105944 0.154904 0.207160 0.263200 0.323616 0.389132 0.460637 0.539213 0.626133 0.722767 0.830151 0.947565 1.068386 1.171006 1.214091 1.171006 1.068386 0.947565 0.830151 0.722767 0.626133 0.539213 0.460637 0.389132 0.323616 0.263200 0.207160 0.154904 0.105944 0.059879 0.016371 -0.024861 -0.064058 -0.101423 -0.137133 -0.171339 
-0.176112 -0.142355 -0.107164 -0.070401 -0.031909 0.008492 0.051009 0.095882 0.143389 0.193851 0.247643 0.305195 0.366994 0.433571 0.505458 0.583074 0.666448 0.754599 0.844246 0.927576 0.990159 1.014018 0.990159 0.927576 0.844246 0.754599 0.666448 0.583074 0.505458 0.433571 0.366994 0.305195 0.247643 0.193851 0.143389 0.095882 0.051009 0.008492 -0.031909 -0.070401 -0.107164 -0.142355 -0.176112 
-0.182378 -0.149202 -0.114677 -0.078686 -0.041092 -0.001746 0.039521 0.082901 0.128605 0.176865 0.227936 0.282079 0.339549 0.400547 0.465143 0.533120 0.603684 0.674977 0.743334 0.802535 0.843930 0.858972 0.843930 0.802535 0.743334 0.674977 0.603684 0.533120 0.465143 0.400547 0.339549 0.282079 0.227936 0.176865 0.128605 0.082901 0.039521 -0.001746 -0.041092 -0.078686 -0.114677 -0.149202 -0.182378 
-0.190063 -0.157584 -0.123857 -0.088783 -0.052253 -0.014147 0.025662 0.067315 0.110954 0.156727 0.204771 0.255197 0.308059 0.363300 0.420666 0.479562 0.538833 0.596473 0.649313 0.692918 0.722111 0.732440 0.722111 0.692918 0.649313 0.596473 0.538833 0.479562 0.420666 0.363300 0.308059 0.255197 0.204771 0.156727 0.110954 0.067315 0.025662 -0.014147 -0.052253 -0.088783 -0.123857 -0.157584 -0.190063 
-0.199082 -0.167399 -0.134579 -0.100544 -0.065210 -0.028490 0.009705 0.049464 0.090868 0.133984 0.178850 0.225453 0.273696 0.323346 0.373956 0.424763 0.474548 0.521495 0.563108 0.596323 0.617948 0.625478 0.617948 0.596323 0.563108 0.521495 0.474548 0.424763 0.373956 0.323346 0.273696 0.225453 0.178850 0.133984 0.090868 0.049464 0.009705 -0.028490 -0.065210 -0.100544 -0.134579 -0.167399 -0.199082 
-0.209339 -0.178535 -0.146711 -0.113809 -0.079771 -0.044541 -0.008066 0.029697 0.068774 0.109166 0.150831 0.193665 0.237467 0.281900 0.326431 0.370264 0.412267 0.450919 0.484327 0.510371 0.527013 0.532747 0.527013 0.510371 0.484327 0.450919 0.412267 0.370264 0.326431 0.281900 0.237467 0.193665 0.150831 0.109166 0.068774 0.029697 -0.008066 -0.044541 -0.079771 -0.113809 -0.146711 -0.178535 -0.209339 
-0.220731 -0.190870 -0.160110 -0.128411 -0.095739 -0.062065 -0.027369 0.008353 0.045081 0.082765 0.121303 0.160529 0.200182 0.239877 0.279064 0.316991 0.352669 0.384871 0.412180 0.433107 0.446306 0.450821 0.446306 0.433107 0.412180 0.384871 0.352669 0.316991 0.279064 0.239877 0.200182 0.160529 0.121303 0.082765 0.045081 0.008353 -0.027369 -0.062065 -0.095739 -0.128411 -0.160110 -0.190870 -0.220731 
-0.233152 -0.204284 -0.174635 -0.144184 -0.112918 -0.080832 -0.047934 -0.014252 0.020160 0.055211 0.090763 0.126611 0.162466 0.197933 0.232487 0.265452 0.295995 0.323143 0.345831 0.362997 0.373722 0.377372 0.373722 0.362997 0.345831 0.323143 0.295995 0.265452 0.232487 0.197933 0.162466 0.126611 0.090763 0.055211 0.020160 -0.014252 -0.047934 -0.080832 -0.112918 -0.144184 -0.174635 -0.204284 -0.233152 
-0.246497 -0.218653 -0.190145 -0.160966 -0.131122 -0.100627 -0.069513 -0.037832 -0.005664 0.026875 0.059622 0.092356 0.124781 0.156517 0.187083 0.215890 0.242251 0.265395 0.284517 0.298846 0.307736 0.310750 0.307736 0.298846 0.284517 0.265395 0.242251 0.215890 0.187083 0.156517 0.124781 0.092356 0.059622 0.026875 -0.005664 -0.037832 -0.069513 -0.100627 -0.131122 -0.160966 -0.190145 -0.218653 -0.246497 
-0.260660 -0.233859 -0.206503 -0.178602 -0.150173 -0.121250 -0.091880 -0.062133 -0.032108 -0.001936 0.028210 0.058104 0.087459 0.115922 0.143065 0.168386 0.191318 0.211253 0.227577 0.239718 0.247209 0.249742 0.247209 0.239718 0.227577 0.211253 0.191318 0.168386 0.143065 0.115922 0.087459 0.058104 0.028210 -0.001936 -0.032108 -0.062133 -0.091880 -0.121250 -0.150173 -0.178602 -0.206503 -0.233859 -0.260660 
-0.275539 -0.249786 -0.223582 -0.196948 -0.169912 -0.142522 -0.114837 -0.086940 -0.058939 -0.030973 -0.003218 0.024105 0.050728 0.076330 0.100537 0.122923 0.143025 0.160359 0.174450 0.184870 0.191272 0.193432 0.191272 0.184870 0.174450 0.160359 0.143025 0.122923 0.100537 0.076330 0.050728 0.024105 -0.003218 -0.030973 -0.058939 -0.086940 -0.114837 -0.142522 -0.169912 -0.196948 -0.223582 -0.249786 -0.275539 
-0.291038 -0.266328 -0.241263 -0.215871 -0.190194 -0.164284 -0.138211 -0.112066 -0.085961 -0.060037 -0.034468 -0.009460 0.014739 0.037843 0.059526 0.079432 0.097178 0.112380 0.124666 0.133708 0.139245 0.141110 0.139245 0.133708 0.124666 0.112380 0.097178 0.079432 0.059526 0.037843 0.014739 -0.009460 -0.034468 -0.060037 -0.085961 -0.112066 -0.138211 -0.164284 -0.190194 -0.215871 -0.241263 -0.266328 -0.291038 
-0.307066 -0.283385 -0.259435 -0.235254 -0.210888 -0.186396 -0.161855 -0.137358 -0.113018 -0.088975 -0.065392 -0.042463 -0.020412 0.000507 0.020016 0.037813 0.053585 0.067020 0.077827 0.085750 0.090588 0.092216 0.090588 0.085750 0.077827 0.067020 0.053585 0.037813 0.020016 0.000507 -0.020412 -0.042463 -0.065392 -0.088975 -0.113018 -0.137358 -0.161855 -0.186396 -0.210888 -0.235254 -0.259435 -0.283385 -0.307066 
-0.323540 -0.300865 -0.278001 -0.254989 -0.231881 -0.208741 -0.185646 -0.162690 -0.139986 -0.117666 -0.095886 -0.074822 -0.054674 -0.035666 -0.018038 -0.002044 0.012059 0.024017 0.033598 0.040599 0.044866 0.046300 0.044866 0.040599 0.033598 0.024017 0.012059 -0.002044 -0.018038 -0.035666 -0.054674 -0.074822 -0.095886 -0.117666 -0.139986 -0.162690 -0.185646 -0.208741 -0.231881 -0.254989 -0.278001 -0.300865 -0.323540 
-0.340380 -0.318685 -0.296871 -0.274983 -0.253076 -0.231215 -0.209478 -0.187959 -0.166766 -0.146023 -0.125875 -0.106482 -0.088023 -0.070693 -0.054698 -0.040252 -0.027570 -0.016858 -0.008305 -0.002071 0.001721 0.002994 0.001721 -0.002071 -0.008305 -0.016858 -0.027570 -0.040252 -0.054698 -0.070693 -0.088023 -0.106482 -0.125875 -0.146023 -0.166766 -0.187959 -0.209478 -0.231215 -0.253076 -0.274983 -0.296871 -0.318685 -0.340380 
-0.357519 -0.336771 -0.315967 -0.295154 -0.274387 -0.253733 -0.233269 -0.213084 -0.193282 -0.173980 -0.155309 -0.137414 -0.120455 -0.104602 -0.090031 -0.076924 -0.065460 -0.055809 -0.048125 -0.042536 -0.039142 -0.038003 -0.039142 -0.042536 -0.048125 -0.055809 -0.065460 -0.076924 -0.090031 -0.104602 -0.120455 -0.137414 -0.155309 -0.173980 -0.193282 -0.213084 -0.233269 -0.253733 -0.274387 -0.295154 -0.315967 -0.336771 -0.357519 
-0.374891 -0.355057 -0.335220 -0.315431 -0.295744 -0.276224 -0.256948 -0.238000 -0.219478 -0.201490 -0.184156 -0.167607 -0.151983 -0.137433 -0.124109 -0.112166 -0.101753 -0.093012 -0.086069 -0.081028 -0.077971 -0.076946 -0.077971 -0.081028 -0.086069 -0.093012 -0.101753 -0.112166 -0.124109 -0.137433 -0.151983 -0.167607 -0.184156 -0.201490 -0.219478 -0.238000 -0.256948 -0.276224 -0.295744 -0.315431 -0.335220 -0.355057 -0.374891 
-0.392441 -0.373483 -0.354571 -0.335753 -0.317085 -0.298630 -0.280460 -0.262657 -0.245312 -0.228523 -0.212400 -0.197060 -0.182627 -0.169232 -0.157005 -0.146078 -0.136578 -0.128623 -0.122316 -0.117746 -0.114976 -0.114049 -0.114976 -0.117746 -0.122316 -0.128623 -0.136578 -0.146078 -0.157005 -0.169232 -0.182627 -0.197060 -0.212400 -0.228523 -0.245312 -0.262657 -0.280460 -0.298630 -0.317085 -0.335753 -0.354571 -0.373483 -0.392441 
-0.410118 -0.391999 -0.373966 -0.356069 -0.338360 -0.320902 -0.303762 -0.287018 -0.270753 -0.255058 -0.240033 -0.225782 -0.212415 -0.200045 -0.188787 -0.178753 -0.170050 -0.162778 -0.157023 -0.152858 -0.150336 -0.149492 -0.150336 -0.152858 -0.157023 -0.162778 -0.170050 -0.178753 -0.188787 -0.200045 -0.212415 -0.225782 -0.240033 -0.255058 -0.270753 -0.287018 -0.303762 -0.320902 -0.338360 -0.356069 -0.373966 -0.391999 -0.410118 
