61 61
3.286840e+00 0 5
-0.253196 -0.239870 -0.226596 -0.213391 -0.200272 -0.187259 -0.174371 -0.161633 -0.149066 -0.136699 -0.124559 -0.112674 -0.101078 -0.089803 -0.078883 -0.068355 -0.058257 -0.048626 -0.039502 -0.030923 -0.022930 -0.015559 -0.008849 -0.002835 0.002452 0.006979 0.010722 0.013658 0.015768 0.017039 0.017463 0.017039 0.015768 0.013658 0.010722 0.006979 0.002452 -0.002835 -0.008849 -0.015559 -0.022930 -0.030923 -0.039502 -0.048626 -0.058257 -0.068355 -0.078883 -0.089803 -0.101078 -0.112674 -0.124559 -0.136699 -0.149066 -0.161633 -0.174371 -0.187259 -0.200272 -0.213391 -0.226596 -0.239870 -0.253196 
-0.240099 -0.226360 -0.212659 -0.199014 -0.185441 -0.171961 -0.158595 -0.145366 -0.132298 -0.119420 -0.106760 -0.094350 -0.082222 -0.070414 -0.058961 -0.047903 -0.037281 -0.027137 -0.017512 -0.008451 0.000003 0.007808 0.014922 0.021306 0.026922 0.031736 0.035718 0.038844 0.041091 0.042446 0.042898 0.042446 0.041091 0.038844 0.035718 0.031736 0.026922 0.021306 0.014922 0.007808 0.000003 -0.008451 -0.017512 -0.027137 -0.037281 -0.047903 -0.058961 -0.070414 -0.082222 -0.094350 -0.106760 -0.119420 -0.132298 -0.145366 -0.158595 -0.171961 -0.185441 -0.199014 -0.212659 -0.226360 -0.240099 
-0.227069 -0.212903 -0.198762 -0.184660 -0.170617 -0.156651 -0.142784 -0.129041 -0.115447 -0.102030 -0.088822 -0.075854 -0.063163 -0.050786 -0.038763 -0.027137 -0.015951 -0.005251 0.004915 0.014500 0.023456 0.031736 0.039292 0.046081 0.052059 0.057189 0.061436 0.064771 0.067170 0.068617 0.069100 0.068617 0.067170 0.064771 0.061436 0.057189 0.052059 0.046081 0.039292 0.031736 0.023456 0.014500 0.004915 -0.005251 -0.015951 -0.027137 -0.038763 -0.050786 -0.063163 -0.075854 -0.088822 -0.102030 -0.115447 -0.129041 -0.142784 -0.156651 -0.170617 -0.184660 -0.198762 -0.212903 -0.227069 
-0.214122 -0.199518 -0.184921 -0.170347 -0.155815 -0.141343 -0.126955 -0.112674 -0.098528 -0.084544 -0.070756 -0.057198 -0.043907 -0.030923 -0.018291 -0.006054 0.005740 0.017039 0.027793 0.037948 0.047452 0.056251 0.064293 0.071526 0.077905 0.083383 0.087923 0.091491 0.094059 0.095608 0.096126 0.095608 0.094059 0.091491 0.087923 0.083383 0.077905 0.071526 0.064293 0.056251 0.047452 0.037948 0.027793 0.017039 0.005740 -0.006054 -0.018291 -0.030923 -0.043907 -0.057198 -0.070756 -0.084544 -0.098528 -0.112674 -0.126955 -0.141343 -0.155815 -0.170347 -0.184921 -0.199518 -0.214122 
-0.201276 -0.186221 -0.171155 -0.156094 -0.141055 -0.126058 -0.111126 -0.096283 -0.081557 -0.066977 -0.052577 -0.038393 -0.024465 -0.010834 0.002452 0.015345 0.027793 0.039741 0.051133 0.061911 0.072013 0.081382 0.089958 0.097683 0.104504 0.110370 0.115235 0.119062 0.121818 0.123482 0.124038 0.123482 0.121818 0.119062 0.115235 0.110370 0.104504 0.097683 0.089958 0.081382 0.072013 0.061911 0.051133 0.039741 0.027793 0.015345 0.002452 -0.010834 -0.024465 -0.038393 -0.052577 -0.066977 -0.081557 -0.096283 -0.111126 -0.126058 -0.141055 -0.156094 -0.171155 -0.186221 -0.201276 
-0.188552 -0.173034 -0.157485 -0.141920 -0.126357 -0.110816 -0.095317 -0.079888 -0.064554 -0.049347 -0.034302 -0.019455 -0.004849 0.009471 0.023456 0.037055 0.050210 0.062862 0.074948 0.086404 0.097164 0.107159 0.116325 0.124594 0.131906 0.138203 0.143431 0.147547 0.150514 0.152305 0.152904 0.152305 0.150514 0.147547 0.143431 0.138203 0.131906 0.124594 0.116325 0.107159 0.097164 0.086404 0.074948 0.062862 0.050210 0.037055 0.023456 0.009471 -0.004849 -0.019455 -0.034302 -0.049347 -0.064554 -0.079888 -0.095317 -0.110816 -0.126357 -0.141920 -0.157485 -0.173034 -0.188552 
-0.175971 -0.159978 -0.143934 -0.127850 -0.111746 -0.095640 -0.079553 -0.063511 -0.047542 -0.031677 -0.015951 -0.000403 0.014922 0.029979 0.044714 0.059071 0.072989 0.086404 0.099247 0.111446 0.122926 0.133613 0.143431 0.152305 0.160165 0.166942 0.172577 0.177018 0.180222 0.182157 0.182804 0.182157 0.180222 0.177018 0.172577 0.166942 0.160165 0.152305 0.143431 0.133613 0.122926 0.111446 0.099247 0.086404 0.072989 0.059071 0.044714 0.029979 0.014922 -0.000403 -0.015951 -0.031677 -0.047542 -0.063511 -0.079553 -0.095640 -0.111746 -0.127850 -0.143934 -0.159978 -0.175971 
-0.163554 -0.147078 -0.130525 -0.113909 -0.097247 -0.080556 -0.063859 -0.047180 -0.030546 -0.013991 0.002452 0.018740 0.034830 0.050671 0.066209 0.081382 0.096126 0.110370 0.124038 0.137050 0.149325 0.160776 0.171318 0.180866 0.189337 0.196655 0.202748 0.207555 0.211026 0.213124 0.213826 0.213124 0.211026 0.207555 0.202748 0.196655 0.189337 0.180866 0.171318 0.160776 0.149325 0.137050 0.124038 0.110370 0.096126 0.081382 0.066209 0.050671 0.034830 0.018740 0.002452 -0.013991 -0.030546 -0.047180 -0.063859 -0.080556 -0.097247 -0.113909 -0.130525 -0.147078 -0.163554 
-0.151328 -0.134358 -0.117285 -0.100123 -0.082887 -0.065594 -0.048265 -0.030923 -0.013597 0.003681 0.020877 0.037948 0.054849 0.071526 0.087923 0.103975 0.119612 0.134756 0.149325 0.163231 0.176381 0.188679 0.200028 0.210329 0.219488 0.227414 0.234024 0.239246 0.243021 0.245304 0.246068 0.245304 0.243021 0.239246 0.234024 0.227414 0.219488 0.210329 0.200028 0.188679 0.176381 0.163231 0.149325 0.134756 0.119612 0.103975 0.087923 0.071526 0.054849 0.037948 0.020877 0.003681 -0.013597 -0.030923 -0.048265 -0.065594 -0.082887 -0.100123 -0.117285 -0.134358 -0.151328 
-0.139318 -0.121846 -0.104244 -0.086524 -0.068699 -0.050786 -0.032804 -0.014776 0.003271 0.021306 0.039292 0.057189 0.074948 0.092516 0.109833 0.126830 0.143431 0.159554 0.175109 0.189997 0.204115 0.217355 0.229605 0.240752 0.250686 0.259301 0.266499 0.272194 0.276316 0.278811 0.279646 0.278811 0.276316 0.272194 0.266499 0.259301 0.250686 0.240752 0.229605 0.217355 0.204115 0.189997 0.175109 0.159554 0.143431 0.126830 0.109833 0.092516 0.074948 0.057189 0.039292 0.021306 0.003271 -0.014776 -0.032804 -0.050786 -0.068699 -0.086524 -0.104244 -0.121846 -0.139318 
-0.127552 -0.109572 -0.091432 -0.073143 -0.054716 -0.036166 -0.017512 0.001226 0.020021 0.038844 0.057658 0.076424 0.095091 0.113607 0.131906 0.149919 0.167564 0.184753 0.201385 0.217355 0.232545 0.246834 0.260094 0.272194 0.283006 0.292405 0.300275 0.306513 0.311033 0.313772 0.314689 0.313772 0.311033 0.306513 0.300275 0.292405 0.283006 0.272194 0.260094 0.246834 0.232545 0.217355 0.201385 0.184753 0.167564 0.149919 0.131906 0.113607 0.095091 0.076424 0.057658 0.038844 0.020021 0.001226 -0.017512 -0.036166 -0.054716 -0.073143 -0.091432 -0.109572 -0.127552 
-0.116061 -0.097567 -0.078883 -0.060016 -0.040975 -0.021775 -0.002430 0.017039 0.036609 0.056251 0.075931 0.095608 0.115235 0.134756 0.154105 0.173209 0.191982 0.210329 0.228143 0.245304 0.261685 0.277146 0.291541 0.304720 0.316531 0.326827 0.335469 0.342332 0.347314 0.350336 0.351349 0.350336 0.347314 0.342332 0.335469 0.326827 0.316531 0.304720 0.291541 0.277146 0.261685 0.245304 0.228143 0.210329 0.191982 0.173209 0.154105 0.134756 0.115235 0.095608 0.075931 0.056251 0.036609 0.017039 -0.002430 -0.021775 -0.040975 -0.060016 -0.078883 -0.097567 -0.116061 
-0.104874 -0.085865 -0.066632 -0.047180 -0.027517 -0.007653 0.012397 0.032618 0.052987 0.073478 0.094059 0.114692 0.135328 0.155913 0.176381 0.196655 0.216646 0.236253 0.255360 0.273838 0.291541 0.308314 0.323991 0.338395 0.351349 0.362677 0.372211 0.379802 0.385322 0.388675 0.389799 0.388675 0.385322 0.379802 0.372211 0.362677 0.351349 0.338395 0.323991 0.308314 0.291541 0.273838 0.255360 0.236253 0.216646 0.196655 0.176381 0.155913 0.135328 0.114692 0.094059 0.073478 0.052987 0.032618 0.012397 -0.007653 -0.027517 -0.047180 -0.066632 -0.085865 -0.104874 
-0.094026 -0.074501 -0.054716 -0.034675 -0.014383 0.006152 0.026922 0.047910 0.069100 0.090468 0.111985 0.133613 0.155309 0.177018 0.198675 0.220202 0.241507 0.262483 0.283006 0.302936 0.322112 0.340358 0.357484 0.373286 0.387554 0.400076 0.410651 0.419094 0.425247 0.428989 0.430245 0.428989 0.425247 0.419094 0.410651 0.400076 0.387554 0.373286 0.357484 0.340358 0.322112 0.302936 0.283006 0.262483 0.241507 0.220202 0.198675 0.177018 0.155309 0.133613 0.111985 0.090468 0.069100 0.047910 0.026922 0.006152 -0.014383 -0.034675 -0.054716 -0.074501 -0.094026 
-0.083551 -0.063511 -0.043176 -0.022545 -0.001621 0.019594 0.041091 0.062862 0.084891 0.107159 0.129642 0.152305 0.175109 0.198000 0.220917 0.243781 0.266499 0.288960 0.311033 0.332566 0.353383 0.373286 0.392058 0.409461 0.425247 0.439161 0.450957 0.460406 0.467309 0.471516 0.472929 0.471516 0.467309 0.460406 0.450957 0.439161 0.425247 0.409461 0.392058 0.373286 0.353383 0.332566 0.311033 0.288960 0.266499 0.243781 0.220917 0.198000 0.175109 0.152305 0.129642 0.107159 0.084891 0.062862 0.041091 0.019594 -0.001621 -0.022545 -0.043176 -0.063511 -0.083551 
-0.073483 -0.052934 -0.032053 -0.010834 0.010722 0.032618 0.054849 0.077410 0.100293 0.123482 0.146956 0.170690 0.194645 0.218776 0.243021 0.267307 0.291541 0.315609 0.339375 0.362677 0.385322 0.407092 0.427737 0.446982 0.464532 0.480080 0.493320 0.503968 0.511772 0.516538 0.518141 0.516538 0.511772 0.503968 0.493320 0.480080 0.464532 0.446982 0.427737 0.407092 0.385322 0.362677 0.339375 0.315609 0.291541 0.267307 0.243021 0.218776 0.194645 0.170690 0.146956 0.123482 0.100293 0.077410 0.054849 0.032618 0.010722 -0.010834 -0.032053 -0.052934 -0.073483 
-0.063859 -0.042810 -0.021389 0.000410 0.022595 0.045169 0.068134 0.091491 0.115235 0.139358 0.163847 0.188679 0.213826 0.239246 0.264887 0.290679 0.316531 0.342332 0.367943 0.393193 0.417876 0.441750 0.464532 0.485904 0.505515 0.522993 0.537958 0.550050 0.558946 0.564393 0.566228 0.564393 0.558946 0.550050 0.537958 0.522993 0.505515 0.485904 0.464532 0.441750 0.417876 0.393193 0.367943 0.342332 0.316531 0.290679 0.264887 0.239246 0.213826 0.188679 0.163847 0.139358 0.115235 0.091491 0.068134 0.045169 0.022595 0.000410 -0.021389 -0.042810 -0.063859 
-0.054716 -0.033179 -0.011230 0.011140 0.033944 0.057189 0.080884 0.105034 0.129642 0.154707 0.180222 0.206175 0.232545 0.259301 0.286397 0.313772 0.341344 0.369006 0.396618 0.424008 0.450957 0.477202 0.502427 0.526264 0.548297 0.568072 0.585117 0.598968 0.609206 0.615496 0.617618 0.615496 0.609206 0.598968 0.585117 0.568072 0.548297 0.526264 0.502427 0.477202 0.450957 0.424008 0.396618 0.369006 0.341344 0.313772 0.286397 0.259301 0.232545 0.206175 0.180222 0.154707 0.129642 0.105034 0.080884 0.057189 0.033944 0.011140 -0.011230 -0.033179 -0.054716 
-0.046092 -0.024081 -0.001621 0.021306 0.044714 0.068617 0.093030 0.117965 0.143431 0.169436 0.195984 0.223070 0.250686 0.278811 0.307413 0.336442 0.365827 0.395473 0.425247 0.454976 0.484439 0.513354 0.541371 0.568072 0.592965 0.615496 0.635072 0.651093 0.663006 0.670354 0.672838 0.670354 0.663006 0.651093 0.635072 0.615496 0.592965 0.568072 0.541371 0.513354 0.484439 0.454976 0.425247 0.395473 0.365827 0.336442 0.307413 0.278811 0.250686 0.223070 0.195984 0.169436 0.143431 0.117965 0.093030 0.068617 0.044714 0.021306 -0.001621 -0.024081 -0.046092 
-0.038023 -0.015559 0.007394 0.030856 0.054849 0.079391 0.104504 0.130207 0.156517 0.183453 0.211026 0.239246 0.268117 0.297633 0.327777 0.358517 0.389799 0.421543 0.453632 0.485904 0.518141 0.550050 0.581257 0.611290 0.639575 0.665438 0.688129 0.706867 0.720901 0.729604 0.732555 0.729604 0.720901 0.706867 0.688129 0.665438 0.639575 0.611290 0.581257 0.550050 0.518141 0.485904 0.453632 0.421543 0.389799 0.358517 0.327777 0.297633 0.268117 0.239246 0.211026 0.183453 0.156517 0.130207 0.104504 0.079391 0.054849 0.030856 0.007394 -0.015559 -0.038023 
-0.030546 -0.007653 0.015768 0.039741 0.064293 0.089448 0.115235 0.141680 0.168811 0.196655 0.225236 0.254577 0.284698 0.315609 0.347314 0.379802 0.413044 0.446982 0.481527 0.516538 0.551811 0.587062 0.621900 0.655810 0.688129 0.718048 0.744618 0.766805 0.783582 0.794059 0.797624 0.794059 0.783582 0.766805 0.744618 0.718048 0.688129 0.655810 0.621900 0.587062 0.551811 0.516538 0.481527 0.446982 0.413044 0.379802 0.347314 0.315609 0.284698 0.254577 0.225236 0.196655 0.168811 0.141680 0.115235 0.089448 0.064293 0.039741 0.015768 -0.007653 -0.030546 
-0.023698 -0.000403 0.023456 0.047910 0.072989 0.098725 0.125152 0.152305 0.180222 0.208939 0.238496 0.268929 0.300275 0.332566 0.365827 0.400076 0.435313 0.471516 0.508630 0.546553 0.585117 0.624061 0.663006 0.701409 0.738534 0.773417 0.804868 0.831512 0.851913 0.864771 0.869169 0.864771 0.851913 0.831512 0.804868 0.773417 0.738534 0.701409 0.663006 0.624061 0.585117 0.546553 0.508630 0.471516 0.435313 0.400076 0.365827 0.332566 0.300275 0.268929 0.238496 0.208939 0.180222 0.152305 0.125152 0.098725 0.072989 0.047910 0.023456 -0.000403 -0.023698 
-0.017512 0.006152 0.030417 0.055316 0.080884 0.107159 0.134184 0.162001 0.190657 0.220202 0.250686 0.282163 0.314689 0.348319 0.383104 0.419094 0.456326 0.494822 0.534578 0.575546 0.617618 0.660590 0.704127 0.747701 0.790531 0.831512 0.869169 0.901673 0.926983 0.943142 0.948707 0.943142 0.926983 0.901673 0.869169 0.831512 0.790531 0.747701 0.704127 0.660590 0.617618 0.575546 0.534578 0.494822 0.456326 0.419094 0.383104 0.348319 0.314689 0.282163 0.250686 0.220202 0.190657 0.162001 0.134184 0.107159 0.080884 0.055316 0.030417 0.006152 -0.017512 
-0.012021 0.011978 0.036609 0.061911 0.087923 0.114692 0.142263 0.170690 0.200028 0.230338 0.261685 0.294140 0.327777 0.362677 0.398920 0.436591 0.475772 0.516538 0.558946 0.603027 0.648759 0.696036 0.744618 0.794059 0.843604 0.892061 0.937668 0.978018 1.010171 1.031079 1.038353 1.031079 1.010171 0.978018 0.937668 0.892061 0.843604 0.794059 0.744618 0.696036 0.648759 0.603027 0.558946 0.516538 0.475772 0.436591 0.398920 0.362677 0.327777 0.294140 0.261685 0.230338 0.200028 0.170690 0.142263 0.114692 0.087923 0.061911 0.036609 0.011978 -0.012021 
-0.007254 0.017039 0.041994 0.067652 0.094059 0.121265 0.149325 0.178296 0.208246 0.239246 0.271375 0.304720 0.339375 0.375445 0.413044 0.452292 0.493320 0.536264 0.581257 0.628424 0.677861 0.729604 0.783582 0.839525 0.896833 0.954366 1.010171 1.061194 1.103197 1.131263 1.141183 1.131263 1.103197 1.061194 1.010171 0.954366 0.896833 0.839525 0.783582 0.729604 0.677861 0.628424 0.581257 0.536264 0.493320 0.452292 0.413044 0.375445 0.339375 0.304720 0.271375 0.239246 0.208246 0.178296 0.149325 0.121265 0.094059 0.067652 0.041994 0.017039 -0.007254 
-0.003238 0.021306 0.046537 0.072501 0.099247 0.126830 0.155309 0.184753 0.215233 0.246834 0.279646 0.313772 0.349326 0.386436 0.425247 0.465918 0.508630 0.553582 0.600992 0.651093 0.704127 0.760318 0.819836 0.882717 0.948707 1.016994 1.085744 1.151415 1.208076 1.247569 1.261894 1.247569 1.208076 1.151415 1.085744 1.016994 0.948707 0.882717 0.819836 0.760318 0.704127 0.651093 0.600992 0.553582 0.508630 0.465918 0.425247 0.386436 0.349326 0.313772 0.279646 0.246834 0.215233 0.184753 0.155309 0.126830 0.099247 0.072501 0.046537 0.021306 -0.003238 
0.000003 0.024752 0.050210 0.076424 0.103447 0.131339 0.160165 0.189997 0.220917 0.253016 0.286397 0.321176 0.357484 0.395473 0.435313 0.477202 0.521368 0.568072 0.617618 0.670354 0.726679 0.787039 0.851913 0.921765 0.996933 1.077355 1.161981 1.247569 1.326650 1.385713 1.408150 1.385713 1.326650 1.247569 1.161981 1.077355 0.996933 0.921765 0.851913 0.787039 0.726679 0.670354 0.617618 0.568072 0.521368 0.477202 0.435313 0.395473 0.357484 0.321176 0.286397 0.253016 0.220917 0.189997 0.160165 0.131339 0.103447 0.076424 0.050210 0.024752 0.000003 
0.002452 0.027357 0.052987 0.079391 0.106627 0.134756 0.163847 0.193978 0.225236 0.257720 0.291541 0.326827 0.363724 0.402400 0.443051 0.485904 0.531229 0.579343 0.630626 0.685534 0.744618 0.808549 0.878140 0.954366 1.038353 1.131263 1.233858 1.345136 1.458520 1.553804 1.593503 1.553804 1.458520 1.345136 1.233858 1.131263 1.038353 0.954366 0.878140 0.808549 0.744618 0.685534 0.630626 0.579343 0.531229 0.485904 0.443051 0.402400 0.363724 0.326827 0.291541 0.257720 0.225236 0.193978 0.163847 0.134756 0.106627 0.079391 0.052987 0.027357 0.002452 
0.004092 0.029103 0.054849 0.081382 0.108761 0.137050 0.166321 0.196655 0.228143 0.260888 0.295010 0.330643 0.367943 0.407092 0.448302 0.491825 0.537958 0.587062 0.639575 0.696036 0.757120 0.823684 0.896833 0.978018 1.069175 1.172903 1.292628 1.432320 1.593503 1.758794 1.843637 1.758794 1.593503 1.432320 1.292628 1.172903 1.069175 0.978018 0.896833 0.823684 0.757120 0.696036 0.639575 0.587062 0.537958 0.491825 0.448302 0.407092 0.367943 0.330643 0.295010 0.260888 0.228143 0.196655 0.166321 0.137050 0.108761 0.081382 0.054849 0.029103 0.004092 
0.004915 0.029979 0.055783 0.082382 0.109833 0.138203 0.167564 0.198000 0.229605 0.262483 0.296757 0.332566 0.370071 0.409461 0.450957 0.494822 0.541371 0.590986 0.644137 0.701409 0.763546 0.831512 0.906584 0.990508 1.085744 1.195920 1.326650 1.487135 1.693029 1.964470 2.184312 1.964470 1.693029 1.487135 1.326650 1.195920 1.085744 0.990508 0.906584 0.831512 0.763546 0.701409 0.644137 0.590986 0.541371 0.494822 0.450957 0.409461 0.370071 0.332566 0.296757 0.262483 0.229605 0.198000 0.167564 0.138203 0.109833 0.082382 0.055783 0.029979 0.004915 
0.005018 0.030088 0.055900 0.082507 0.109967 0.138347 0.167720 0.198169 0.229788 0.262683 0.296976 0.332807 0.370338 0.409758 0.451290 0.495199 0.541800 0.591480 0.644711 0.702086 0.764358 0.832503 0.907823 0.992102 1.087875 1.198916 1.331171 1.494720 1.708154 2.004985 2.289334 2.004985 1.708154 1.494720 1.331171 1.198916 1.087875 0.992102 0.907823 0.832503 0.764358 0.702086 0.644711 0.591480 0.541800 0.495199 0.451290 0.409758 0.370338 0.332807 0.296976 0.262683 0.229788 0.198169 0.167720 0.138347 0.109967 0.082507 0.055900 0.030088 0.005018 
0.004911 0.029974 0.055778 0.082376 0.109827 0.138196 0.167557 0.197993 0.229597 0.262474 0.296747 0.332555 0.370059 0.409448 0.450943 0.494806 0.541353 0.590965 0.644112 0.701379 0.763511 0.831469 0.906531 0.990438 1.085652 1.195791 1.326455 1.486809 1.692389 1.962837 2.180613 1.962837 1.692389 1.486809 1.326455 1.195791 1.085652 0.990438 0.906531 0.831469 0.763511 0.701379 0.644112 0.590965 0.541353 0.494806 0.450943 0.409448 0.370059 0.332555 0.296747 0.262474 0.229597 0.197993 0.167557 0.138196 0.109827 0.082376 0.055778 0.029974 0.004911 
0.004079 0.029089 0.054834 0.081366 0.108744 0.137032 0.166301 0.196633 0.228119 0.260863 0.294982 0.330612 0.367909 0.407054 0.448260 0.491777 0.537903 0.586999 0.639502 0.695950 0.757017 0.823559 0.896677 0.977820 1.068914 1.172544 1.292106 1.431508 1.592134 1.756421 1.840467 1.756421 1.592134 1.431508 1.292106 1.172544 1.068914 0.977820 0.896677 0.823559 0.757017 0.695950 0.639502 0.586999 0.537903 0.491777 0.448260 0.407054 0.367909 0.330612 0.294982 0.260863 0.228119 0.196633 0.166301 0.137032 0.108744 0.081366 0.054834 0.029089 0.004079 
0.002430 0.027333 0.052962 0.079365 0.106598 0.134725 0.163813 0.193942 0.225197 0.257677 0.291494 0.326776 0.363667 0.402337 0.442981 0.485825 0.531139 0.579240 0.630507 0.685394 0.744453 0.808350 0.877895 0.954059 1.037957 1.130737 1.233136 1.344113 1.457052 1.551806 1.591228 1.551806 1.457052 1.344113 1.233136 1.130737 1.037957 0.954059 0.877895 0.808350 0.744453 0.685394 0.630507 0.579240 0.531139 0.485825 0.442981 0.402337 0.363667 0.326776 0.291494 0.257677 0.225197 0.193942 0.163813 0.134725 0.106598 0.079365 0.052962 0.027333 0.002430 
-0.000027 0.024720 0.050175 0.076387 0.103407 0.131296 0.160119 0.189947 0.220863 0.252957 0.286333 0.321105 0.357407 0.395387 0.435217 0.477094 0.521246 0.567933 0.617457 0.670167 0.726459 0.786777 0.851596 0.921376 0.996445 1.076731 1.161173 1.246515 1.325300 1.384085 1.406402 1.384085 1.325300 1.246515 1.161173 1.076731 0.996445 0.921376 0.851596 0.786777 0.726459 0.670167 0.617457 0.567933 0.521246 0.477094 0.435217 0.395387 0.357407 0.321105 0.286333 0.252957 0.220863 0.189947 0.160119 0.131296 0.103407 0.076387 0.050175 0.024720 -0.000027 
-0.003277 0.021264 0.046493 0.072454 0.099196 0.126775 0.155251 0.184689 0.215165 0.246760 0.279565 0.313683 0.349228 0.386328 0.425127 0.465784 0.508479 0.553410 0.600795 0.650867 0.703863 0.760007 0.819466 0.882271 0.948164 1.016327 1.084922 1.150410 1.206879 1.246215 1.260478 1.246215 1.206879 1.150410 1.084922 1.016327 0.948164 0.882271 0.819466 0.760007 0.703863 0.650867 0.600795 0.553410 0.508479 0.465784 0.425127 0.386328 0.349228 0.313683 0.279565 0.246760 0.215165 0.184689 0.155251 0.126775 0.099196 0.072454 0.046493 0.021264 -0.003277 
-0.007301 0.016989 0.041940 0.067595 0.093998 0.121200 0.149254 0.178221 0.208165 0.239158 0.271279 0.304614 0.339259 0.375317 0.412902 0.452134 0.493143 0.536064 0.581030 0.628164 0.677562 0.729257 0.783176 0.839046 0.896265 0.953691 1.009373 1.060263 1.102138 1.130109 1.139993 1.130109 1.102138 1.060263 1.009373 0.953691 0.896265 0.839046 0.783176 0.729257 0.677562 0.628164 0.581030 0.536064 0.493143 0.452134 0.412902 0.375317 0.339259 0.304614 0.271279 0.239158 0.208165 0.178221 0.149254 0.121200 0.093998 0.067595 0.041940 0.016989 -0.007301 
-0.012076 0.011919 0.036547 0.061844 0.087852 0.114616 0.142182 0.170602 0.199933 0.230235 0.261573 0.294018 0.327644 0.362530 0.398759 0.436412 0.475573 0.516314 0.558695 0.602742 0.648434 0.695663 0.744189 0.793564 0.843031 0.891399 0.936910 0.977163 1.009228 1.030074 1.037326 1.030074 1.009228 0.977163 0.936910 0.891399 0.843031 0.793564 0.744189 0.695663 0.648434 0.602742 0.558695 0.516314 0.475573 0.436412 0.398759 0.362530 0.327644 0.294018 0.261573 0.230235 0.199933 0.170602 0.142182 0.114616 0.087852 0.061844 0.036547 0.011919 -0.012076 
-0.017575 0.006086 0.030346 0.055240 0.080803 0.107074 0.134092 0.161902 0.190551 0.220087 0.250561 0.282028 0.314541 0.348157 0.382926 0.418897 0.456108 0.494580 0.534307 0.575242 0.617275 0.660202 0.703687 0.747202 0.789965 0.830874 0.868456 0.900888 0.926135 0.942253 0.947803 0.942253 0.926135 0.900888 0.868456 0.830874 0.789965 0.747202 0.703687 0.660202 0.617275 0.575242 0.534307 0.494580 0.456108 0.418897 0.382926 0.348157 0.314541 0.282028 0.250561 0.220087 0.190551 0.161902 0.134092 0.107074 0.080803 0.055240 0.030346 0.006086 -0.017575 
-0.023768 -0.000478 0.023378 0.047827 0.072900 0.098630 0.125050 0.152196 0.180104 0.208813 0.238359 0.268781 0.300114 0.332390 0.365635 0.399865 0.435080 0.471258 0.508344 0.546235 0.584762 0.623665 0.662563 0.700914 0.737983 0.772808 0.804200 0.830789 0.851145 0.863974 0.868361 0.863974 0.851145 0.830789 0.804200 0.772808 0.737983 0.700914 0.662563 0.623665 0.584762 0.546235 0.508344 0.471258 0.435080 0.399865 0.365635 0.332390 0.300114 0.268781 0.238359 0.208813 0.180104 0.152196 0.125050 0.098630 0.072900 0.047827 0.023378 -0.000478 -0.023768 
-0.030623 -0.007735 0.015681 0.039649 0.064195 0.089344 0.115124 0.141562 0.168684 0.196518 0.225088 0.254418 0.284525 0.315421 0.347109 0.379579 0.412799 0.446713 0.481231 0.516211 0.551451 0.586664 0.621460 0.655325 0.687598 0.717468 0.743991 0.766137 0.782880 0.793335 0.796893 0.793335 0.782880 0.766137 0.743991 0.717468 0.687598 0.655325 0.621460 0.586664 0.551451 0.516211 0.481231 0.446713 0.412799 0.379579 0.347109 0.315421 0.284525 0.254418 0.225088 0.196518 0.168684 0.141562 0.115124 0.089344 0.064195 0.039649 0.015681 -0.007735 -0.030623 
-0.038106 -0.015648 0.007300 0.030757 0.054743 0.079279 0.104385 0.130079 0.156381 0.183306 0.210868 0.239077 0.267934 0.297435 0.327563 0.358284 0.389545 0.421265 0.453329 0.485573 0.517778 0.549653 0.580824 0.610819 0.639064 0.664887 0.687542 0.706246 0.720255 0.728942 0.731887 0.728942 0.720255 0.706246 0.687542 0.664887 0.639064 0.610819 0.580824 0.549653 0.517778 0.485573 0.453329 0.421265 0.389545 0.358284 0.327563 0.297435 0.267934 0.239077 0.210868 0.183306 0.156381 0.130079 0.104385 0.079279 0.054743 0.030757 0.007300 -0.015648 -0.038106 
-0.046181 -0.024176 -0.001721 0.021200 0.044601 0.068498 0.092903 0.117829 0.143287 0.169282 0.195818 0.222892 0.250494 0.278605 0.307190 0.336201 0.365567 0.395190 0.424940 0.454643 0.484078 0.512962 0.540947 0.567615 0.592474 0.614973 0.634519 0.650515 0.662407 0.669742 0.672222 0.669742 0.662407 0.650515 0.634519 0.614973 0.592474 0.567615 0.540947 0.512962 0.484078 0.454643 0.424940 0.395190 0.365567 0.336201 0.307190 0.278605 0.250494 0.222892 0.195818 0.169282 0.143287 0.117829 0.092903 0.068498 0.044601 0.021200 -0.001721 -0.024176 -0.046181 
-0.054812 -0.033279 -0.011337 0.011028 0.033825 0.057063 0.080750 0.104891 0.129490 0.154545 0.180049 0.205990 0.232347 0.259088 0.286168 0.313526 0.341079 0.368720 0.396310 0.423676 0.450599 0.476817 0.502014 0.525823 0.547828 0.567575 0.584595 0.598426 0.608648 0.614928 0.617046 0.614928 0.608648 0.598426 0.584595 0.567575 0.547828 0.525823 0.502014 0.476817 0.450599 0.423676 0.396310 0.368720 0.341079 0.313526 0.286168 0.259088 0.232347 0.205990 0.180049 0.154545 0.129490 0.104891 0.080750 0.057063 0.033825 0.011028 -0.011337 -0.033279 -0.054812 
-0.063960 -0.042916 -0.021501 0.000292 0.022470 0.045037 0.067994 0.091342 0.115077 0.139190 0.163668 0.188488 0.213622 0.239028 0.264654 0.290429 0.316263 0.342045 0.367635 0.392863 0.417523 0.441373 0.464131 0.485478 0.505065 0.522520 0.537466 0.549540 0.558424 0.563863 0.565695 0.563863 0.558424 0.549540 0.537466 0.522520 0.505065 0.485478 0.464131 0.441373 0.417523 0.392863 0.367635 0.342045 0.316263 0.290429 0.264654 0.239028 0.213622 0.188488 0.163668 0.139190 0.115077 0.091342 0.067994 0.045037 0.022470 0.000292 -0.021501 -0.042916 -0.063960 
-0.073589 -0.053046 -0.032170 -0.010958 0.010592 0.032480 0.054703 0.077256 0.100130 0.123308 0.146772 0.170494 0.194437 0.218554 0.242785 0.267055 0.291272 0.315322 0.339069 0.362351 0.384976 0.406724 0.427348 0.446572 0.464101 0.479630 0.492854 0.503487 0.511281 0.516040 0.517640 0.516040 0.511281 0.503487 0.492854 0.479630 0.464101 0.446572 0.427348 0.406724 0.384976 0.362351 0.339069 0.315322 0.291272 0.267055 0.242785 0.218554 0.194437 0.170494 0.146772 0.123308 0.100130 0.077256 0.054703 0.032480 0.010592 -0.010958 -0.032170 -0.053046 -0.073589 
-0.083661 -0.063627 -0.043298 -0.022673 -0.001756 0.019451 0.040941 0.062703 0.084723 0.106982 0.129454 0.152106 0.174897 0.197776 0.220678 0.243527 0.266230 0.288674 0.310730 0.332245 0.353043 0.372928 0.391681 0.409065 0.424833 0.438732 0.450514 0.459950 0.466845 0.471046 0.472458 0.471046 0.466845 0.459950 0.450514 0.438732 0.424833 0.409065 0.391681 0.372928 0.353043 0.332245 0.310730 0.288674 0.266230 0.243527 0.220678 0.197776 0.174897 0.152106 0.129454 0.106982 0.084723 0.062703 0.040941 0.019451 -0.001756 -0.022673 -0.043298 -0.063627 -0.083661 
-0.094141 -0.074621 -0.054842 -0.034808 -0.014523 0.006006 0.026767 0.047748 0.068929 0.090287 0.111794 0.133411 0.155095 0.176792 0.198435 0.219948 0.241239 0.262200 0.282707 0.302620 0.321779 0.340009 0.357119 0.372905 0.387157 0.399666 0.410229 0.418661 0.424807 0.428544 0.429799 0.428544 0.424807 0.418661 0.410229 0.399666 0.387157 0.372905 0.357119 0.340009 0.321779 0.302620 0.282707 0.262200 0.241239 0.219948 0.198435 0.176792 0.155095 0.133411 0.111794 0.090287 0.068929 0.047748 0.026767 0.006006 -0.014523 -0.034808 -0.054842 -0.074621 -0.094141 
-0.104993 -0.085989 -0.066762 -0.047316 -0.027660 -0.007804 0.012239 0.032452 0.052812 0.073294 0.093866 0.114487 0.135113 0.155686 0.176141 0.196402 0.216380 0.235973 0.255066 0.273528 0.291216 0.307975 0.323636 0.338027 0.350967 0.362283 0.371808 0.379390 0.384904 0.388253 0.389376 0.388253 0.384904 0.379390 0.371808 0.362283 0.350967 0.338027 0.323636 0.307975 0.291216 0.273528 0.255066 0.235973 0.216380 0.196402 0.176141 0.155686 0.135113 0.114487 0.093866 0.073294 0.052812 0.032452 0.012239 -0.007804 -0.027660 -0.047316 -0.066762 -0.085989 -0.104993 
-0.116183 -0.097695 -0.079016 -0.060155 -0.041122 -0.021928 -0.002591 0.016870 0.036432 0.056065 0.075735 0.095403 0.115019 0.134528 0.153866 0.172957 0.191718 0.210052 0.227853 0.245001 0.261368 0.276815 0.291198 0.304364 0.316164 0.326450 0.335083 0.341939 0.346916 0.349934 0.350946 0.349934 0.346916 0.341939 0.335083 0.326450 0.316164 0.304364 0.291198 0.276815 0.261368 0.245001 0.227853 0.210052 0.191718 0.172957 0.153866 0.134528 0.115019 0.095403 0.075735 0.056065 0.036432 0.016870 -0.002591 -0.021928 -0.041122 -0.060155 -0.079016 -0.097695 -0.116183 
-0.127677 -0.109702 -0.091569 -0.073285 -0.054865 -0.036322 -0.017675 0.001055 0.019842 0.038656 0.057461 0.076217 0.094875 0.113380 0.131668 0.149670 0.167303 0.184480 0.201100 0.217058 0.232236 0.246513 0.259761 0.271851 0.282653 0.292043 0.299905 0.306136 0.310652 0.313388 0.314305 0.313388 0.310652 0.306136 0.299905 0.292043 0.282653 0.271851 0.259761 0.246513 0.232236 0.217058 0.201100 0.184480 0.167303 0.149670 0.131668 0.113380 0.094875 0.076217 0.057461 0.038656 0.019842 0.001055 -0.017675 -0.036322 -0.054865 -0.073285 -0.091569 -0.109702 -0.127677 
-0.139446 -0.121979 -0.104383 -0.086669 -0.068850 -0.050944 -0.032969 -0.014949 0.003090 0.021117 0.039094 0.056982 0.074732 0.092290 0.109597 0.126583 0.143173 0.159286 0.174829 0.189706 0.203813 0.217042 0.229282 0.240420 0.250345 0.258952 0.266143 0.271833 0.275951 0.278443 0.279278 0.278443 0.275951 0.271833 0.266143 0.258952 0.250345 0.240420 0.229282 0.217042 0.203813 0.189706 0.174829 0.159286 0.143173 0.126583 0.109597 0.092290 0.074732 0.056982 0.039094 0.021117 0.003090 -0.014949 -0.032969 -0.050944 -0.068850 -0.086669 -0.104383 -0.121979 -0.139446 
-0.151458 -0.134493 -0.117427 -0.100271 -0.083041 -0.065754 -0.048432 -0.031098 -0.013779 0.003492 0.020679 0.037742 0.054633 0.071302 0.087689 0.103731 0.119357 0.134491 0.149050 0.162946 0.176086 0.188375 0.199715 0.210008 0.219159 0.227078 0.233682 0.238899 0.242671 0.244952 0.245715 0.244952 0.242671 0.238899 0.233682 0.227078 0.219159 0.210008 0.199715 0.188375 0.176086 0.162946 0.149050 0.134491 0.119357 0.103731 0.087689 0.071302 0.054633 0.037742 0.020679 0.003492 -0.013779 -0.031098 -0.048432 -0.065754 -0.083041 -0.100271 -0.117427 -0.134493 -0.151458 
-0.163687 -0.147215 -0.130668 -0.114058 -0.097402 -0.080717 -0.064027 -0.047355 -0.030729 -0.014181 0.002254 0.018534 0.034615 0.050448 0.065977 0.081141 0.095876 0.110110 0.123769 0.136772 0.149037 0.160480 0.171014 0.180554 0.189019 0.196330 0.202418 0.207221 0.210689 0.212785 0.213486 0.212785 0.210689 0.207221 0.202418 0.196330 0.189019 0.180554 0.171014 0.160480 0.149037 0.136772 0.123769 0.110110 0.095876 0.081141 0.065977 0.050448 0.034615 0.018534 0.002254 -0.014181 -0.030729 -0.047355 -0.064027 -0.080717 -0.097402 -0.114058 -0.130668 -0.147215 -0.163687 
-0.176105 -0.160118 -0.144078 -0.128001 -0.111903 -0.095802 -0.079722 -0.063687 -0.047724 -0.031867 -0.016148 -0.000609 0.014709 0.029757 0.044484 0.058833 0.072743 0.086149 0.098983 0.111174 0.122646 0.133325 0.143136 0.152003 0.159856 0.166628 0.172259 0.176696 0.179897 0.181831 0.182477 0.181831 0.179897 0.176696 0.172259 0.166628 0.159856 0.152003 0.143136 0.133325 0.122646 0.111174 0.098983 0.086149 0.072743 0.058833 0.044484 0.029757 0.014709 -0.000609 -0.016148 -0.031867 -0.047724 -0.063687 -0.079722 -0.095802 -0.111903 -0.128001 -0.144078 -0.160118 -0.176105 
-0.188688 -0.173175 -0.157631 -0.142072 -0.126515 -0.110979 -0.095487 -0.080064 -0.064737 -0.049537 -0.034499 -0.019659 -0.005061 0.009251 0.023229 0.036820 0.049967 0.062611 0.074690 0.086138 0.096890 0.106879 0.116038 0.124301 0.131607 0.137899 0.143123 0.147236 0.150201 0.151990 0.152589 0.151990 0.150201 0.147236 0.143123 0.137899 0.131607 0.124301 0.116038 0.106879 0.096890 0.086138 0.074690 0.062611 0.049967 0.036820 0.023229 0.009251 -0.005061 -0.019659 -0.034499 -0.049537 -0.064737 -0.080064 -0.095487 -0.110979 -0.126515 -0.142072 -0.157631 -0.173175 -0.188688 
-0.201414 -0.186364 -0.171303 -0.156246 -0.141213 -0.126222 -0.111296 -0.096459 -0.081739 -0.067166 -0.052773 -0.038596 -0.024675 -0.011052 0.002227 0.015113 0.027554 0.039495 0.050880 0.061650 0.071746 0.081109 0.089679 0.097398 0.104214 0.110075 0.114937 0.118761 0.121515 0.123177 0.123733 0.123177 0.121515 0.118761 0.114937 0.110075 0.104214 0.097398 0.089679 0.081109 0.071746 0.061650 0.050880 0.039495 0.027554 0.015113 0.002227 -0.011052 -0.024675 -0.038596 -0.052773 -0.067166 -0.081739 -0.096459 -0.111296 -0.126222 -0.141213 -0.156246 -0.171303 -0.186364 -0.201414 
-0.214260 -0.199661 -0.185069 -0.170501 -0.155974 -0.141508 -0.127125 -0.112850 -0.098710 -0.084733 -0.070951 -0.057399 -0.044115 -0.031138 -0.018512 -0.006282 0.005505 0.016797 0.027544 0.037694 0.047191 0.055984 0.064021 0.071249 0.077623 0.083098 0.087634 0.091200 0.093766 0.095314 0.095831 0.095314 0.093766 0.091200 0.087634 0.083098 0.077623 0.071249 0.064021 0.055984 0.047191 0.037694 0.027544 0.016797 0.005505 -0.006282 -0.018512 -0.031138 -0.044115 -0.057399 -0.070951 -0.084733 -0.098710 -0.112850 -0.127125 -0.141508 -0.155974 -0.170501 -0.185069 -0.199661 -0.214260 
-0.227208 -0.213047 -0.198911 -0.184814 -0.170776 -0.156815 -0.142954 -0.129217 -0.115629 -0.102218 -0.089015 -0.076054 -0.063369 -0.050998 -0.038981 -0.027361 -0.016182 -0.005489 0.004672 0.014251 0.023202 0.031476 0.039027 0.045811 0.051785 0.056911 0.061155 0.064488 0.066886 0.068332 0.068815 0.068332 0.066886 0.064488 0.061155 0.056911 0.051785 0.045811 0.039027 0.031476 0.023202 0.014251 0.004672 -0.005489 -0.016182 -0.027361 -0.038981 -0.050998 -0.063369 -0.076054 -0.089015 -0.102218 -0.115629 -0.129217 -0.142954 -0.156815 -0.170776 -0.184814 -0.198911 -0.213047 -0.227208 
-0.240239 -0.226504 -0.212809 -0.199168 -0.185601 -0.172126 -0.158765 -0.145541 -0.132479 -0.119606 -0.106952 -0.094547 -0.082426 -0.070623 -0.059177 -0.048125 -0.037509 -0.027370 -0.017751 -0.008695 -0.000246 0.007554 0.014664 0.021043 0.026655 0.031466 0.035446 0.038569 0.040815 0.042169 0.042621 0.042169 0.040815 0.038569 0.035446 0.031466 0.026655 0.021043 0.014664 0.007554 -0.000246 -0.008695 -0.017751 -0.027370 -0.037509 -0.048125 -0.059177 -0.070623 -0.082426 -0.094547 -0.106952 -0.119606 -0.132479 -0.145541 -0.158765 -0.172126 -0.185601 -0.199168 -0.212809 -0.226504 -0.240239 
-0.253337 -0.240015 -0.226746 -0.213546 -0.200432 -0.187423 -0.174541 -0.161807 -0.149246 -0.136884 -0.124749 -0.112870 -0.101279 -0.090010 -0.079095 -0.068573 -0.058480 -0.048855 -0.039736 -0.031162 -0.023174 -0.015808 -0.009102 -0.003091 0.002192 0.006717 0.010457 0.013391 0.015499 0.016770 0.017194 0.016770 0.015499 0.013391 0.010457 0.006717 0.002192 -0.003091 -0.009102 -0.015808 -0.023174 -0.031162 -0.039736 -0.048855 -0.058480 -0.068573 -0.079095 -0.090010 -0.101279 -0.112870 -0.124749 -0.136884 -0.149246 -0.161807 -0.174541 -0.187423 -0.200432 -0.213546 -0.226746 -0.240015 -0.253337 
