31 31
5.145285e-01 0 5
-0.596197 -0.571577 -0.547109 -0.522934 -0.499216 -0.476151 -0.453964 -0.432910 -0.413271 -0.395351 -0.379468 -0.365934 -0.355046 -0.347064 -0.342188 -0.340548 -0.342188 -0.347064 -0.355046 -0.365934 -0.379468 -0.395351 -0.413271 -0.432910 -0.453964 -0.476151 -0.499216 -0.522934 -0.547109 -0.571577 -0.596197 
-0.572453 -0.546172 -0.519925 -0.493854 -0.468132 -0.442968 -0.418612 -0.395351 -0.373515 -0.353464 -0.335583 -0.320262 -0.307878 -0.298762 -0.293180 -0.291299 -0.293180 -0.298762 -0.307878 -0.320262 -0.335583 -0.353464 -0.373515 -0.395351 -0.418612 -0.442968 -0.468132 -0.493854 -0.519925 -0.546172 -0.572453 
-0.548977 -0.520931 -0.492772 -0.464641 -0.436714 -0.409213 -0.382408 -0.356622 -0.332234 -0.309674 -0.289409 -0.271930 -0.257717 -0.247205 -0.240746 -0.238566 -0.240746 -0.247205 -0.257717 -0.271930 -0.289409 -0.309674 -0.332234 -0.356622 -0.382408 -0.409213 -0.436714 -0.464641 -0.492772 -0.520931 -0.548977 
-0.525919 -0.496008 -0.465808 -0.435450 -0.405110 -0.375012 -0.345446 -0.316767 -0.289409 -0.263877 -0.240746 -0.220631 -0.204155 -0.191897 -0.184333 -0.181775 -0.184333 -0.191897 -0.204155 -0.220631 -0.240746 -0.263877 -0.289409 -0.316767 -0.345446 -0.375012 -0.405110 -0.435450 -0.465808 -0.496008 -0.525919 
-0.503452 -0.471590 -0.439228 -0.406482 -0.373515 -0.340548 -0.307878 -0.275889 -0.245065 -0.216001 -0.189394 -0.166023 -0.146707 -0.132227 -0.123242 -0.120195 -0.123242 -0.132227 -0.146707 -0.166023 -0.189394 -0.216001 -0.245065 -0.275889 -0.307878 -0.340548 -0.373515 -0.406482 -0.439228 -0.471590 -0.503452 
-0.481775 -0.447896 -0.413271 -0.377989 -0.342188 -0.306073 -0.269934 -0.234167 -0.199303 -0.166023 -0.135171 -0.107734 -0.084794 -0.067430 -0.056578 -0.052884 -0.056578 -0.067430 -0.084794 -0.107734 -0.135171 -0.166023 -0.199303 -0.234167 -0.269934 -0.306073 -0.342188 -0.377989 -0.413271 -0.447896 -0.481775 
-0.461116 -0.425180 -0.388217 -0.350278 -0.311460 -0.271930 -0.231946 -0.191897 -0.152335 -0.114021 -0.077952 -0.045375 -0.017732 0.003464 0.016838 0.021414 0.016838 0.003464 -0.017732 -0.045375 -0.077952 -0.114021 -0.152335 -0.191897 -0.231946 -0.271930 -0.311460 -0.350278 -0.388217 -0.425180 -0.461116 
-0.441726 -0.403731 -0.364398 -0.323724 -0.281746 -0.238566 -0.194383 -0.149532 -0.104548 -0.060233 -0.017732 0.021414 0.055277 0.081696 0.098587 0.104409 0.098587 0.081696 0.055277 0.021414 -0.017732 -0.060233 -0.104548 -0.149532 -0.194383 -0.238566 -0.281746 -0.323724 -0.364398 -0.403731 -0.441726 
-0.423876 -0.383869 -0.342188 -0.298762 -0.253549 -0.206556 -0.157875 -0.107734 -0.056578 -0.005171 0.045256 0.092863 0.135112 0.168869 0.190866 0.198528 0.190866 0.168869 0.135112 0.092863 0.045256 -0.005171 -0.056578 -0.107734 -0.157875 -0.206556 -0.253549 -0.298762 -0.342188 -0.383869 -0.423876 
-0.407850 -0.365934 -0.321997 -0.275889 -0.227463 -0.176602 -0.123242 -0.067430 -0.009409 0.050230 0.110332 0.168869 0.222618 0.267042 0.296821 0.307366 0.296821 0.267042 0.222618 0.168869 0.110332 0.050230 -0.009409 -0.067430 -0.123242 -0.176602 -0.227463 -0.275889 -0.321997 -0.365934 -0.407850 
-0.393936 -0.350278 -0.304260 -0.255639 -0.204155 -0.149532 -0.091504 -0.029851 0.035519 0.104409 0.176044 0.248563 0.318254 0.378752 0.421143 0.436566 0.421143 0.378752 0.318254 0.248563 0.176044 0.104409 0.035519 -0.029851 -0.091504 -0.149532 -0.204155 -0.255639 -0.304260 -0.350278 -0.393936 
-0.382408 -0.337246 -0.289409 -0.238566 -0.184333 -0.126263 -0.063850 0.003464 0.076246 0.154960 0.239690 0.329508 0.421143 0.506635 0.571076 0.595702 0.571076 0.506635 0.421143 0.329508 0.239690 0.154960 0.076246 0.003464 -0.063850 -0.126263 -0.184333 -0.238566 -0.289409 -0.337246 -0.382408 
-0.373515 -0.327152 -0.277852 -0.225200 -0.168698 -0.107734 -0.041559 0.030753 0.110332 0.198528 0.296821 0.406404 0.526747 0.651304 0.757822 0.802782 0.757822 0.651304 0.526747 0.406404 0.296821 0.198528 0.110332 0.030753 -0.041559 -0.107734 -0.168698 -0.225200 -0.277852 -0.327152 -0.373515 
-0.367463 -0.320262 -0.269934 -0.216001 -0.157875 -0.094811 -0.025858 0.050230 0.135112 0.231046 0.341155 0.469750 0.622326 0.802782 0.994474 1.096310 0.994474 0.802782 0.622326 0.469750 0.341155 0.231046 0.135112 0.050230 -0.025858 -0.094811 -0.157875 -0.216001 -0.269934 -0.320262 -0.367463 
-0.364398 -0.316767 -0.265908 -0.211310 -0.152335 -0.088166 -0.017732 0.060400 0.148214 0.248563 0.365743 0.506635 0.683099 0.917253 1.246608 1.542524 1.246608 0.917253 0.683099 0.506635 0.365743 0.248563 0.148214 0.060400 -0.017732 -0.088166 -0.152335 -0.211310 -0.265908 -0.316767 -0.364398 
-0.364014 -0.316328 -0.265401 -0.210719 -0.151637 -0.087326 -0.016702 0.061693 0.149888 0.250817 0.368948 0.511549 0.691555 0.934892 1.298673 1.699041 1.298673 0.934892 0.691555 0.511549 0.368948 0.250817 0.149888 0.061693 -0.016702 -0.087326 -0.151637 -0.210719 -0.265401 -0.316328 -0.364014 
-0.364415 -0.316786 -0.265930 -0.211336 -0.152366 -0.088202 -0.017776 0.060344 0.148142 0.248465 0.365605 0.506423 0.682737 0.916508 1.244529 1.537227 1.244529 0.916508 0.682737 0.506423 0.365605 0.248465 0.148142 0.060344 -0.017776 -0.088202 -0.152366 -0.211336 -0.265930 -0.316786 -0.364415 
-0.367512 -0.320319 -0.269998 -0.216076 -0.157964 -0.094918 -0.025988 0.050068 0.134904 0.230770 0.340772 0.469185 0.621430 0.801226 0.991663 1.092455 0.991663 0.801226 0.621430 0.469185 0.340772 0.230770 0.134904 0.050068 -0.025988 -0.094918 -0.157964 -0.216076 -0.269998 -0.320319 -0.367512 
-0.373596 -0.327244 -0.277957 -0.225323 -0.168842 -0.107905 -0.041765 0.030498 0.110010 0.198111 0.296263 0.405628 0.525632 0.649677 0.755568 0.800196 0.755568 0.649677 0.525632 0.405628 0.296263 0.198111 0.110010 0.030498 -0.041765 -0.107905 -0.168842 -0.225323 -0.277957 -0.327244 -0.373596 
-0.382518 -0.337371 -0.289552 -0.238731 -0.184525 -0.126490 -0.064121 0.003135 0.075839 0.154447 0.239031 0.328647 0.420009 0.505168 0.569293 0.593781 0.569293 0.505168 0.420009 0.328647 0.239031 0.154447 0.075839 0.003135 -0.064121 -0.126490 -0.184525 -0.238731 -0.289552 -0.337371 -0.382518 
-0.394073 -0.350433 -0.304436 -0.255841 -0.204388 -0.149805 -0.091826 -0.030235 0.035055 0.103841 0.175342 0.247693 0.317184 0.377470 0.419687 0.435041 0.419687 0.377470 0.317184 0.247693 0.175342 0.103841 0.035055 -0.030235 -0.091826 -0.149805 -0.204388 -0.255841 -0.304436 -0.350433 -0.394073 
-0.408012 -0.366115 -0.322202 -0.276121 -0.227730 -0.176910 -0.123601 -0.067851 -0.009907 0.049638 0.109626 0.168030 0.221634 0.265920 0.295595 0.306101 0.295595 0.265920 0.221634 0.168030 0.109626 0.049638 -0.009907 -0.067851 -0.123601 -0.176910 -0.227730 -0.276121 -0.322202 -0.366115 -0.408012 
-0.424058 -0.384073 -0.342417 -0.299021 -0.253842 -0.206890 -0.158259 -0.108178 -0.057091 -0.005767 0.044566 0.092071 0.134215 0.167878 0.189808 0.197447 0.189808 0.167878 0.134215 0.092071 0.044566 -0.005767 -0.057091 -0.108178 -0.158259 -0.206890 -0.253842 -0.299021 -0.342417 -0.384073 -0.424058 
-0.441927 -0.403954 -0.364647 -0.324002 -0.282058 -0.238919 -0.194782 -0.149986 -0.105064 -0.060819 -0.018394 0.020671 0.054458 0.080811 0.097658 0.103463 0.097658 0.080811 0.054458 0.020671 -0.018394 -0.060819 -0.105064 -0.149986 -0.194782 -0.238919 -0.282058 -0.324002 -0.364647 -0.403954 -0.441927 
-0.461332 -0.425418 -0.388481 -0.350570 -0.311786 -0.272293 -0.232353 -0.192353 -0.152845 -0.114589 -0.078583 -0.046068 -0.018482 0.002666 0.016008 0.020573 0.016008 0.002666 -0.018482 -0.046068 -0.078583 -0.114589 -0.152845 -0.192353 -0.232353 -0.272293 -0.311786 -0.350570 -0.388481 -0.425418 -0.461332 
-0.482003 -0.448146 -0.413545 -0.378291 -0.342522 -0.306443 -0.270342 -0.234619 -0.199801 -0.166572 -0.135770 -0.108382 -0.085486 -0.068156 -0.057328 -0.053642 -0.057328 -0.068156 -0.085486 -0.108382 -0.135770 -0.166572 -0.199801 -0.234619 -0.270342 -0.306443 -0.342522 -0.378291 -0.413545 -0.448146 -0.482003 
-0.503689 -0.471849 -0.439511 -0.406792 -0.373854 -0.340919 -0.308284 -0.276333 -0.245549 -0.216527 -0.189961 -0.166629 -0.147347 -0.132894 -0.123927 -0.120886 -0.123927 -0.132894 -0.147347 -0.166629 -0.189961 -0.216527 -0.245549 -0.276333 -0.308284 -0.340919 -0.373854 -0.406792 -0.439511 -0.471849 -0.503689 
-0.526164 -0.496274 -0.466096 -0.435763 -0.405450 -0.375382 -0.345847 -0.317201 -0.289877 -0.264381 -0.241283 -0.221199 -0.204750 -0.192514 -0.184963 -0.182409 -0.184963 -0.192514 -0.204750 -0.221199 -0.241283 -0.264381 -0.289877 -0.317201 -0.345847 -0.375382 -0.405450 -0.435763 -0.466096 -0.496274 -0.526164 
-0.549228 -0.521200 -0.493063 -0.464955 -0.437053 -0.409578 -0.382801 -0.357044 -0.332686 -0.310155 -0.289918 -0.272464 -0.258273 -0.247778 -0.241329 -0.239153 -0.241329 -0.247778 -0.258273 -0.272464 -0.289918 -0.310155 -0.332686 -0.357044 -0.382801 -0.409578 -0.437053 -0.464955 -0.493063 -0.521200 -0.549228 
-0.572707 -0.546444 -0.520217 -0.494167 -0.468468 -0.443328 -0.418996 -0.395761 -0.373950 -0.353924 -0.336066 -0.320767 -0.308400 -0.299298 -0.293724 -0.291846 -0.293724 -0.299298 -0.308400 -0.320767 -0.336066 -0.353924 -0.373950 -0.395761 -0.418996 -0.443328 -0.468468 -0.494167 -0.520217 -0.546444 -0.572707 
-0.596453 -0.571850 -0.547401 -0.523245 -0.499548 -0.476505 -0.454339 -0.433307 -0.413690 -0.395792 -0.379927 -0.366411 -0.355538 -0.347567 -0.342698 -0.341060 -0.342698 -0.347567 -0.355538 -0.366411 -0.379927 -0.395792 -0.413690 -0.433307 -0.454339 -0.476505 -0.499548 -0.523245 -0.547401 -0.571850 -0.596453 
