27 27
2.035752e-01 0 5
-0.929386 -0.901203 -0.873223 -0.845668 -0.818807 -0.792966 -0.768524 -0.745911 -0.725597 -0.708075 -0.693826 -0.683287 -0.676811 -0.674626 -0.676811 -0.683287 -0.693826 -0.708075 -0.725597 -0.745911 -0.768524 -0.792966 -0.818807 -0.845668 -0.873223 -0.901203 -0.929386 
-0.902373 -0.871957 -0.841556 -0.811396 -0.781765 -0.753021 -0.725597 -0.700002 -0.676811 -0.656642 -0.640121 -0.627829 -0.620243 -0.617677 -0.620243 -0.627829 -0.640121 -0.656642 -0.676811 -0.700002 -0.725597 -0.753021 -0.781765 -0.811396 -0.841556 -0.871957 -0.902373 
-0.875743 -0.842932 -0.809896 -0.776856 -0.744111 -0.712044 -0.681142 -0.652000 -0.625318 -0.601880 -0.582506 -0.567981 -0.558968 -0.555912 -0.558968 -0.567981 -0.582506 -0.601880 -0.625318 -0.652000 -0.681142 -0.712044 -0.744111 -0.776856 -0.809896 -0.842932 -0.875743 
-0.849734 -0.814379 -0.778500 -0.742302 -0.706074 -0.670214 -0.635255 -0.601880 -0.570935 -0.543411 -0.520395 -0.502972 -0.492082 -0.488375 -0.492082 -0.502972 -0.520395 -0.543411 -0.570935 -0.601880 -0.635255 -0.670214 -0.706074 -0.742302 -0.778500 -0.814379 -0.849734 
-0.824629 -0.786608 -0.747701 -0.708075 -0.667988 -0.627829 -0.588151 -0.549717 -0.513530 -0.480840 -0.453096 -0.431820 -0.418394 -0.413800 -0.418394 -0.431820 -0.453096 -0.480840 -0.513530 -0.549717 -0.588151 -0.627829 -0.667988 -0.708075 -0.747701 -0.786608 -0.824629 
-0.800759 -0.759994 -0.717915 -0.674626 -0.630322 -0.585340 -0.540214 -0.495750 -0.453096 -0.413800 -0.379799 -0.353268 -0.336302 -0.330454 -0.336302 -0.353268 -0.379799 -0.413800 -0.453096 -0.495750 -0.540214 -0.585340 -0.630322 -0.674626 -0.717915 -0.759994 -0.800759 
-0.778500 -0.734973 -0.689648 -0.642529 -0.593707 -0.543411 -0.492082 -0.440488 -0.389862 -0.342051 -0.299610 -0.265689 -0.243581 -0.235879 -0.243581 -0.265689 -0.299610 -0.342051 -0.389862 -0.440488 -0.492082 -0.543411 -0.593707 -0.642529 -0.689648 -0.734973 -0.778500 
-0.758263 -0.712044 -0.663493 -0.612490 -0.558968 -0.502972 -0.444742 -0.384867 -0.324505 -0.265689 -0.211661 -0.166988 -0.137032 -0.126422 -0.137032 -0.166988 -0.211661 -0.265689 -0.324505 -0.384867 -0.444742 -0.502972 -0.558968 -0.612490 -0.663493 -0.712044 -0.758263 
-0.740484 -0.691743 -0.640121 -0.585340 -0.527128 -0.465259 -0.399638 -0.330454 -0.258479 -0.185573 -0.115467 -0.054569 -0.011876 0.003663 -0.011876 -0.054569 -0.115467 -0.185573 -0.258479 -0.330454 -0.399638 -0.465259 -0.527128 -0.585340 -0.640121 -0.691743 -0.740484 
-0.725597 -0.674626 -0.620243 -0.561999 -0.499380 -0.431820 -0.358741 -0.279666 -0.194495 -0.104141 -0.011876 0.074292 0.139305 0.164166 0.139305 0.074292 -0.011876 -0.104141 -0.194495 -0.279666 -0.358741 -0.431820 -0.499380 -0.561999 -0.620243 -0.674626 -0.725597 
-0.714012 -0.661224 -0.604563 -0.543411 -0.477010 -0.404424 -0.324505 -0.235879 -0.137032 -0.026723 0.094576 0.220332 0.328079 0.373623 0.328079 0.220332 0.094576 -0.026723 -0.137032 -0.235879 -0.324505 -0.404424 -0.477010 -0.543411 -0.604563 -0.661224 -0.714012 
-0.706074 -0.652000 -0.593707 -0.530446 -0.461252 -0.384867 -0.299610 -0.203187 -0.092419 0.037104 0.191054 0.373623 0.568326 0.672174 0.568326 0.373623 0.191054 0.037104 -0.092419 -0.203187 -0.299610 -0.384867 -0.461252 -0.530446 -0.593707 -0.652000 -0.706074 
-0.702038 -0.647296 -0.588151 -0.523778 -0.453096 -0.374654 -0.286445 -0.185573 -0.067668 0.074292 0.252473 0.489781 0.826107 1.132324 0.826107 0.489781 0.252473 0.074292 -0.067668 -0.185573 -0.286445 -0.374654 -0.453096 -0.523778 -0.588151 -0.647296 -0.702038 
-0.701530 -0.646704 -0.587450 -0.522935 -0.452062 -0.373356 -0.284763 -0.183306 -0.064441 0.079247 0.261023 0.507708 0.879647 1.296647 0.879647 0.507708 0.261023 0.079247 -0.064441 -0.183306 -0.284763 -0.373356 -0.452062 -0.522935 -0.587450 -0.646704 -0.701530 
-0.702060 -0.647322 -0.588182 -0.523814 -0.453140 -0.374711 -0.286518 -0.185671 -0.067807 0.074078 0.252106 0.489024 0.823971 1.126796 0.823971 0.489024 0.252106 0.074078 -0.067807 -0.185671 -0.286518 -0.374711 -0.453140 -0.523814 -0.588182 -0.647322 -0.702060 
-0.706139 -0.652075 -0.593796 -0.530552 -0.461382 -0.385030 -0.299819 -0.203465 -0.092805 0.036535 0.190149 0.372046 0.565464 0.668237 0.565464 0.372046 0.190149 0.036535 -0.092805 -0.203465 -0.299819 -0.385030 -0.461382 -0.530552 -0.593796 -0.652075 -0.706139 
-0.714117 -0.661347 -0.604707 -0.543582 -0.477217 -0.404680 -0.324828 -0.236298 -0.137594 -0.027504 0.093452 0.218688 0.325797 0.371002 0.325797 0.218688 0.093452 -0.027504 -0.137594 -0.236298 -0.324828 -0.404680 -0.477217 -0.543582 -0.604707 -0.661347 -0.714117 
-0.725740 -0.674791 -0.620435 -0.562226 -0.499651 -0.432150 -0.359150 -0.280182 -0.195158 -0.105008 -0.013018 0.072813 0.137506 0.162226 0.137506 0.072813 -0.013018 -0.105008 -0.195158 -0.280182 -0.359150 -0.432150 -0.499651 -0.562226 -0.620435 -0.674791 -0.725740 
-0.740660 -0.691945 -0.640355 -0.585613 -0.527450 -0.465645 -0.400104 -0.331025 -0.259183 -0.186447 -0.116543 -0.055860 -0.013343 0.002126 -0.013343 -0.055860 -0.116543 -0.186447 -0.259183 -0.331025 -0.400104 -0.465645 -0.527450 -0.585613 -0.640355 -0.691945 -0.740660 
-0.758468 -0.712277 -0.663761 -0.612799 -0.559328 -0.503394 -0.445242 -0.385462 -0.325214 -0.266532 -0.212650 -0.168116 -0.138265 -0.127695 -0.138265 -0.168116 -0.212650 -0.266532 -0.325214 -0.385462 -0.445242 -0.503394 -0.559328 -0.612799 -0.663761 -0.712277 -0.758468 
-0.778729 -0.735232 -0.689941 -0.642864 -0.594092 -0.543855 -0.492597 -0.441086 -0.390554 -0.342848 -0.300511 -0.266685 -0.244644 -0.236966 -0.244644 -0.266685 -0.300511 -0.342848 -0.390554 -0.441086 -0.492597 -0.543855 -0.594092 -0.642864 -0.689941 -0.735232 -0.778729 
-0.801008 -0.760272 -0.718228 -0.674979 -0.630722 -0.585795 -0.540732 -0.496338 -0.453761 -0.414545 -0.380622 -0.354157 -0.337236 -0.331404 -0.337236 -0.354157 -0.380622 -0.414545 -0.453761 -0.496338 -0.540732 -0.585795 -0.630722 -0.674979 -0.718228 -0.760272 -0.801008 
-0.824893 -0.786901 -0.748028 -0.708439 -0.668396 -0.628286 -0.588663 -0.550288 -0.514163 -0.481535 -0.453849 -0.432621 -0.419227 -0.414645 -0.419227 -0.432621 -0.453849 -0.481535 -0.514163 -0.550288 -0.588663 -0.628286 -0.668396 -0.708439 -0.748028 -0.786901 -0.824893 
-0.850009 -0.814682 -0.778835 -0.742672 -0.706483 -0.670668 -0.635755 -0.602430 -0.571535 -0.544060 -0.521089 -0.503701 -0.492835 -0.489136 -0.492835 -0.503701 -0.521089 -0.544060 -0.571535 -0.602430 -0.635755 -0.670668 -0.706483 -0.742672 -0.778835 -0.814682 -0.850009 
-0.876026 -0.843242 -0.810235 -0.777228 -0.744518 -0.712489 -0.681627 -0.652527 -0.625887 -0.602488 -0.583148 -0.568650 -0.559655 -0.556604 -0.559655 -0.568650 -0.583148 -0.602488 -0.625887 -0.652527 -0.681627 -0.712489 -0.744518 -0.777228 -0.810235 -0.843242 -0.876026 
-0.902661 -0.872271 -0.841897 -0.811766 -0.782167 -0.753456 -0.726067 -0.700507 -0.677349 -0.657212 -0.640718 -0.628447 -0.620874 -0.618314 -0.620874 -0.628447 -0.640718 -0.657212 -0.677349 -0.700507 -0.726067 -0.753456 -0.782167 -0.811766 -0.841897 -0.872271 -0.902661 
-0.929677 -0.901518 -0.873563 -0.846034 -0.819201 -0.793389 -0.768976 -0.746393 -0.726108 -0.708611 -0.694383 -0.683862 -0.677396 -0.675214 -0.677396 -0.683862 -0.694383 -0.708611 -0.726108 -0.746393 -0.768976 -0.793389 -0.819201 -0.846034 -0.873563 -0.901518 -0.929677 
