23 23
8.054531e-02 0 5
-1.247270 -1.214203 -1.181428 -1.149331 -1.118398 -1.089226 -1.062516 -1.039052 -1.019655 -1.005113 -0.996089 -0.993029 -0.996089 -1.005113 -1.019655 -1.039052 -1.062516 -1.089226 -1.118398 -1.149331 -1.181428 -1.214203 -1.247270 
-1.215848 -1.179617 -1.143355 -1.107460 -1.072464 -1.039052 -1.008070 -0.980513 -0.957468 -0.940021 -0.929117 -0.925405 -0.929117 -0.940021 -0.957468 -0.980513 -1.008070 -1.039052 -1.072464 -1.107460 -1.143355 -1.179617 -1.215848 
-1.185022 -1.145358 -1.105231 -1.065029 -1.025307 -0.986827 -0.950594 -0.917859 -0.890076 -0.868769 -0.855324 -0.850723 -0.855324 -0.868769 -0.890076 -0.917859 -0.950594 -0.986827 -1.025307 -1.065029 -1.105231 -1.145358 -1.185022 
-1.155208 -1.111876 -1.067525 -1.022492 -0.977312 -0.932790 -0.890076 -0.850723 -0.816668 -0.790093 -0.773099 -0.767241 -0.773099 -0.790093 -0.816668 -0.850723 -0.890076 -0.932790 -0.977312 -1.022492 -1.067525 -1.111876 -1.155208 
-1.126913 -1.079745 -1.030869 -0.980513 -0.929117 -0.877450 -0.826747 -0.778858 -0.736341 -0.702357 -0.680205 -0.672488 -0.680205 -0.702357 -0.736341 -0.778858 -0.826747 -0.877450 -0.929117 -0.980513 -1.030869 -1.079745 -1.126913 
-1.100732 -1.049674 -0.996089 -0.940021 -0.881710 -0.821744 -0.761281 -0.702357 -0.648221 -0.603450 -0.573425 -0.562791 -0.573425 -0.603450 -0.648221 -0.702357 -0.761281 -0.821744 -0.881710 -0.940021 -0.996089 -1.049674 -1.100732 
-1.077335 -1.022492 -0.964209 -0.902257 -0.836539 -0.767241 -0.695132 -0.622077 -0.551809 -0.490756 -0.447945 -0.432361 -0.447945 -0.490756 -0.551809 -0.622077 -0.695132 -0.767241 -0.836539 -0.902257 -0.964209 -1.022492 -1.077335 
-1.057435 -0.999123 -0.936424 -0.868769 -0.795575 -0.716361 -0.631018 -0.540455 -0.447945 -0.361513 -0.296276 -0.271324 -0.296276 -0.361513 -0.447945 -0.540455 -0.631018 -0.716361 -0.795575 -0.868769 -0.936424 -0.999123 -1.057435 
-1.041737 -0.980513 -0.914024 -0.841332 -0.761281 -0.672488 -0.573425 -0.462833 -0.341161 -0.214937 -0.106709 -0.060935 -0.106709 -0.214937 -0.341161 -0.462833 -0.573425 -0.672488 -0.761281 -0.841332 -0.914024 -0.980513 -1.041737 
-1.030869 -0.967531 -0.898244 -0.821744 -0.736341 -0.639729 -0.528704 -0.398819 -0.244333 -0.060935 0.134956 0.239602 0.134956 -0.060935 -0.244333 -0.398819 -0.528704 -0.639729 -0.736341 -0.821744 -0.898244 -0.967531 -1.030869 
-1.025307 -0.960855 -0.890076 -0.811515 -0.723152 -0.622077 -0.503889 -0.361513 -0.182661 0.055888 0.394984 0.705374 0.394984 0.055888 -0.182661 -0.361513 -0.503889 -0.622077 -0.723152 -0.811515 -0.890076 -0.960855 -1.025307 
-1.024605 -0.960011 -0.889042 -0.810215 -0.721467 -0.619804 -0.500654 -0.356542 -0.174073 0.073929 0.449117 0.872923 0.449117 0.073929 -0.174073 -0.356542 -0.500654 -0.619804 -0.721467 -0.810215 -0.889042 -0.960011 -1.024605 
-1.025337 -0.960891 -0.890121 -0.811571 -0.723225 -0.622175 -0.504029 -0.361728 -0.183029 0.055126 0.392825 0.699751 0.392825 0.055126 -0.183029 -0.361728 -0.504029 -0.622175 -0.723225 -0.811571 -0.890121 -0.960891 -1.025337 
-1.030959 -0.967638 -0.898375 -0.821907 -0.736550 -0.640007 -0.529091 -0.399390 -0.245241 -0.062520 0.132073 0.235632 0.132073 -0.062520 -0.245241 -0.399390 -0.529091 -0.640007 -0.736550 -0.821907 -0.898375 -0.967638 -1.030959 
-1.041881 -0.980684 -0.914232 -0.841588 -0.761604 -0.672908 -0.573989 -0.463616 -0.342290 -0.216588 -0.109001 -0.063569 -0.109001 -0.216588 -0.342290 -0.463616 -0.573989 -0.672908 -0.761604 -0.841588 -0.914232 -0.980684 -1.041881 
-1.057628 -0.999351 -0.936697 -0.869100 -0.795985 -0.716877 -0.631682 -0.541324 -0.449090 -0.362997 -0.298082 -0.273271 -0.298082 -0.362997 -0.449090 -0.541324 -0.631682 -0.716877 -0.795985 -0.869100 -0.936697 -0.999351 -1.057628 
-1.077569 -1.022766 -0.964532 -0.902643 -0.837006 -0.767812 -0.695839 -0.622953 -0.552888 -0.492050 -0.449416 -0.433902 -0.449416 -0.492050 -0.552888 -0.622953 -0.695839 -0.767812 -0.837006 -0.902643 -0.964532 -1.022766 -1.077569 
-1.101000 -1.049983 -0.996450 -0.940444 -0.882211 -0.822340 -0.761991 -0.703202 -0.649211 -0.604581 -0.574662 -0.564067 -0.574662 -0.604581 -0.649211 -0.703202 -0.761991 -0.822340 -0.882211 -0.940444 -0.996450 -1.049983 -1.101000 
-1.127207 -1.080081 -1.031255 -0.980958 -0.929633 -0.878049 -0.827440 -0.779655 -0.737244 -0.703355 -0.681270 -0.673577 -0.681270 -0.703355 -0.737244 -0.779655 -0.827440 -0.878049 -0.929633 -0.980958 -1.031255 -1.080081 -1.127207 
-1.155521 -1.112230 -1.067926 -1.022948 -0.977830 -0.933379 -0.890742 -0.851469 -0.817492 -0.790983 -0.774034 -0.768192 -0.774034 -0.790983 -0.817492 -0.851469 -0.890742 -0.933379 -0.977830 -1.022948 -1.067926 -1.112230 -1.155521 
-1.185349 -1.145723 -1.105640 -1.065487 -1.025819 -0.987398 -0.951228 -0.918556 -0.890831 -0.869572 -0.856158 -0.851568 -0.856158 -0.869572 -0.890831 -0.918556 -0.951228 -0.987398 -1.025819 -1.065487 -1.105640 -1.145723 -1.185349 
-1.216183 -1.179988 -1.143765 -1.107914 -1.072965 -1.039602 -1.008671 -0.981163 -0.958162 -0.940751 -0.929871 -0.926166 -0.929871 -0.940751 -0.958162 -0.981163 -1.008671 -1.039602 -1.072965 -1.107914 -1.143765 -1.179988 -1.216183 
-1.247610 -1.214575 -1.181835 -1.149776 -1.118884 -1.089754 -1.063085 -1.039660 -1.020297 -1.005783 -0.996777 -0.993722 -0.996777 -1.005783 -1.020297 -1.039660 -1.063085 -1.089754 -1.118884 -1.149776 -1.181835 -1.214575 -1.247610 
