25 25
1.097156e-01 0 5
-1.163519 -1.133100 -1.102921 -1.073271 -1.044508 -1.017065 -0.991451 -0.968242 -0.948058 -0.931523 -0.919221 -0.911629 -0.909061 -0.911629 -0.919221 -0.931523 -0.948058 -0.968242 -0.991451 -1.017065 -1.044508 -1.073271 -1.102921 -1.133100 -1.163519 
-1.134477 -1.101420 -1.068359 -1.035592 -1.003502 -0.972576 -0.943412 -0.916708 -0.893250 -0.873859 -0.859321 -0.850300 -0.847241 -0.850300 -0.859321 -0.873859 -0.893250 -0.916708 -0.943412 -0.972576 -1.003502 -1.035592 -1.068359 -1.101420 -1.134477 
-1.105906 -1.070004 -1.033781 -0.997527 -0.961641 -0.926654 -0.893250 -0.862277 -0.834728 -0.811690 -0.794249 -0.783348 -0.779637 -0.783348 -0.794249 -0.811690 -0.834728 -0.862277 -0.893250 -0.926654 -0.961641 -0.997527 -1.033781 -1.070004 -1.105906 
-1.078118 -1.039185 -0.999530 -0.959413 -0.919221 -0.879509 -0.841040 -0.804818 -0.772094 -0.744321 -0.723021 -0.709580 -0.704981 -0.709580 -0.723021 -0.744321 -0.772094 -0.804818 -0.841040 -0.879509 -0.919221 -0.959413 -0.999530 -1.039185 -1.078118 
-1.051485 -1.009378 -0.966056 -0.921716 -0.876695 -0.831528 -0.787020 -0.744321 -0.704981 -0.670939 -0.644375 -0.627387 -0.621532 -0.627387 -0.644375 -0.670939 -0.704981 -0.744321 -0.787020 -0.831528 -0.876695 -0.921716 -0.966056 -1.009378 -1.051485 
-1.026448 -0.981089 -0.933933 -0.885070 -0.834728 -0.783348 -0.731699 -0.681014 -0.633144 -0.590645 -0.556676 -0.534535 -0.526821 -0.534535 -0.556676 -0.590645 -0.633144 -0.681014 -0.731699 -0.783348 -0.834728 -0.885070 -0.933933 -0.981089 -1.026448 
-1.003502 -0.954914 -0.903869 -0.850300 -0.794249 -0.735958 -0.676013 -0.615574 -0.556676 -0.502566 -0.457819 -0.427811 -0.417182 -0.427811 -0.457819 -0.502566 -0.556676 -0.615574 -0.676013 -0.735958 -0.794249 -0.850300 -0.903869 -0.954914 -1.003502 
-0.983186 -0.931523 -0.876695 -0.818429 -0.756497 -0.690802 -0.621532 -0.549455 -0.476436 -0.406206 -0.345191 -0.302408 -0.286835 -0.302408 -0.345191 -0.406206 -0.476436 -0.549455 -0.621532 -0.690802 -0.756497 -0.818429 -0.876695 -0.931523 -0.983186 
-0.966056 -0.911629 -0.853333 -0.790653 -0.723021 -0.649855 -0.570674 -0.485372 -0.394859 -0.302408 -0.216040 -0.150856 -0.125926 -0.150856 -0.216040 -0.302408 -0.394859 -0.485372 -0.570674 -0.649855 -0.723021 -0.790653 -0.853333 -0.911629 -0.966056 
-0.952643 -0.895935 -0.834728 -0.768260 -0.695594 -0.615574 -0.526821 -0.427811 -0.317286 -0.195704 -0.069592 0.038520 0.084239 0.038520 -0.069592 -0.195704 -0.317286 -0.427811 -0.526821 -0.615574 -0.695594 -0.768260 -0.834728 -0.895935 -0.952643 
-0.943412 -0.885070 -0.821750 -0.752486 -0.676013 -0.590645 -0.494078 -0.383115 -0.253318 -0.098960 0.084239 0.279843 0.384297 0.279843 0.084239 -0.098960 -0.253318 -0.383115 -0.494078 -0.590645 -0.676013 -0.752486 -0.821750 -0.885070 -0.943412 
-0.938704 -0.879509 -0.815076 -0.744321 -0.665788 -0.577462 -0.476436 -0.358316 -0.216040 -0.037349 0.200902 0.539330 0.848709 0.539330 0.200902 -0.037349 -0.216040 -0.358316 -0.476436 -0.577462 -0.665788 -0.744321 -0.815076 -0.879509 -0.938704 
-0.938111 -0.878808 -0.814233 -0.743286 -0.664489 -0.575778 -0.474164 -0.355083 -0.211072 -0.028770 0.218915 0.593319 1.015473 0.593319 0.218915 -0.028770 -0.211072 -0.355083 -0.474164 -0.575778 -0.664489 -0.743286 -0.814233 -0.878808 -0.938111 
-0.938730 -0.879540 -0.815112 -0.744365 -0.665845 -0.577535 -0.476534 -0.358455 -0.216254 -0.037716 0.200141 0.537177 0.843109 0.537177 0.200141 -0.037716 -0.216254 -0.358455 -0.476534 -0.577535 -0.665845 -0.744365 -0.815112 -0.879540 -0.938730 
-0.943487 -0.885159 -0.821857 -0.752616 -0.676176 -0.590854 -0.494356 -0.383502 -0.253888 -0.099868 0.082655 0.276966 0.380335 0.276966 0.082655 -0.099868 -0.253888 -0.383502 -0.494356 -0.590854 -0.676176 -0.752616 -0.821857 -0.885159 -0.943487 
-0.952766 -0.896079 -0.834899 -0.768468 -0.695850 -0.615897 -0.527241 -0.428374 -0.318069 -0.196831 -0.071242 0.036230 0.081608 0.036230 -0.071242 -0.196831 -0.318069 -0.428374 -0.527241 -0.615897 -0.695850 -0.768468 -0.834899 -0.896079 -0.952766 
-0.966221 -0.911821 -0.853560 -0.790925 -0.723352 -0.650264 -0.571190 -0.486036 -0.395728 -0.303552 -0.217523 -0.152661 -0.127871 -0.152661 -0.217523 -0.303552 -0.395728 -0.486036 -0.571190 -0.650264 -0.723352 -0.790925 -0.853560 -0.911821 -0.966221 
-0.983388 -0.931757 -0.876969 -0.818752 -0.756883 -0.691269 -0.622103 -0.550161 -0.477311 -0.407285 -0.346484 -0.303878 -0.288375 -0.303878 -0.346484 -0.407285 -0.477311 -0.550161 -0.622103 -0.691269 -0.756883 -0.818752 -0.876969 -0.931757 -0.983388 
-1.003735 -0.955182 -0.904179 -0.850660 -0.794672 -0.736458 -0.676609 -0.616284 -0.557521 -0.503556 -0.458949 -0.429046 -0.418457 -0.429046 -0.458949 -0.503556 -0.557521 -0.616284 -0.676609 -0.736458 -0.794672 -0.850660 -0.904179 -0.955182 -1.003735 
-1.026707 -0.981383 -0.934269 -0.885456 -0.835173 -0.783864 -0.732298 -0.681708 -0.633941 -0.591548 -0.557674 -0.535600 -0.527910 -0.535600 -0.557674 -0.591548 -0.633941 -0.681708 -0.732298 -0.783864 -0.835173 -0.885456 -0.934269 -0.981383 -1.026707 
-1.051764 -1.009691 -0.966409 -0.922117 -0.877151 -0.832047 -0.787609 -0.744986 -0.705727 -0.671763 -0.645265 -0.628322 -0.622483 -0.628322 -0.645265 -0.671763 -0.705727 -0.744986 -0.787609 -0.832047 -0.877151 -0.922117 -0.966409 -1.009691 -1.051764 
-1.078411 -1.039511 -0.999895 -0.959821 -0.919678 -0.880021 -0.841612 -0.805452 -0.772791 -0.745075 -0.723823 -0.710414 -0.705826 -0.710414 -0.723823 -0.745075 -0.772791 -0.805452 -0.841612 -0.880021 -0.919678 -0.959821 -0.999895 -1.039511 -1.078411 
-1.106209 -1.070339 -1.034152 -0.997937 -0.962094 -0.927154 -0.893800 -0.862878 -0.835378 -0.812384 -0.794979 -0.784102 -0.780399 -0.784102 -0.794979 -0.812384 -0.835378 -0.862878 -0.893800 -0.927154 -0.962094 -0.997937 -1.034152 -1.070339 -1.106209 
-1.134787 -1.101759 -1.068731 -1.035999 -1.003947 -0.973062 -0.943939 -0.917277 -0.893858 -0.874501 -0.859991 -0.850987 -0.847934 -0.850987 -0.859991 -0.874501 -0.893858 -0.917277 -0.943939 -0.973062 -1.003947 -1.035999 -1.068731 -1.101759 -1.134787 
-1.163833 -1.133441 -1.103292 -1.073673 -1.044943 -1.017535 -0.991956 -0.968781 -0.948628 -0.932121 -0.919840 -0.912261 -0.909698 -0.912261 -0.919840 -0.932121 -0.948628 -0.968781 -0.991956 -1.017535 -1.044943 -1.073673 -1.103292 -1.133441 -1.163833 
