27 27
2.375959e-01 0 5
-0.856533 -0.828356 -0.800382 -0.772833 -0.745978 -0.720143 -0.695706 -0.673098 -0.652790 -0.635273 -0.621027 -0.610492 -0.604017 -0.601833 -0.604017 -0.610492 -0.621027 -0.635273 -0.652790 -0.673098 -0.695706 -0.720143 -0.745978 -0.772833 -0.800382 -0.828356 -0.856533 
-0.829526 -0.799116 -0.768722 -0.738568 -0.708944 -0.680207 -0.652790 -0.627202 -0.604017 -0.583854 -0.567338 -0.555049 -0.547466 -0.544901 -0.547466 -0.555049 -0.567338 -0.583854 -0.604017 -0.627202 -0.652790 -0.680207 -0.708944 -0.738568 -0.768722 -0.799116 -0.829526 
-0.802901 -0.770097 -0.737068 -0.704037 -0.671299 -0.639240 -0.608347 -0.579213 -0.552540 -0.529109 -0.509740 -0.495221 -0.486211 -0.483155 -0.486211 -0.495221 -0.509740 -0.529109 -0.552540 -0.579213 -0.608347 -0.639240 -0.671299 -0.704037 -0.737068 -0.770097 -0.802901 
-0.776898 -0.741550 -0.705680 -0.669491 -0.633272 -0.597423 -0.562474 -0.529109 -0.498173 -0.470659 -0.447651 -0.430234 -0.419348 -0.415643 -0.419348 -0.430234 -0.447651 -0.470659 -0.498173 -0.529109 -0.562474 -0.597423 -0.633272 -0.669491 -0.705680 -0.741550 -0.776898 
-0.751799 -0.713786 -0.674889 -0.635273 -0.595197 -0.555049 -0.515384 -0.476963 -0.440788 -0.408110 -0.380377 -0.359109 -0.345690 -0.341097 -0.345690 -0.359109 -0.380377 -0.408110 -0.440788 -0.476963 -0.515384 -0.555049 -0.595197 -0.635273 -0.674889 -0.713786 -0.751799 
-0.727934 -0.687178 -0.645110 -0.601833 -0.557542 -0.512574 -0.467463 -0.423015 -0.380377 -0.341097 -0.307111 -0.280592 -0.263634 -0.257789 -0.263634 -0.280592 -0.307111 -0.341097 -0.380377 -0.423015 -0.467463 -0.512574 -0.557542 -0.601833 -0.645110 -0.687178 -0.727934 
-0.705680 -0.662164 -0.616850 -0.569745 -0.520938 -0.470659 -0.419348 -0.367774 -0.317169 -0.269381 -0.226960 -0.193056 -0.170960 -0.163262 -0.170960 -0.193056 -0.226960 -0.269381 -0.317169 -0.367774 -0.419348 -0.470659 -0.520938 -0.569745 -0.616850 -0.662164 -0.705680 
-0.685448 -0.639240 -0.590703 -0.539715 -0.486211 -0.430234 -0.372026 -0.312177 -0.251842 -0.193056 -0.139059 -0.094412 -0.064475 -0.053872 -0.064475 -0.094412 -0.139059 -0.193056 -0.251842 -0.312177 -0.372026 -0.430234 -0.486211 -0.539715 -0.590703 -0.639240 -0.685448 
-0.667673 -0.618945 -0.567338 -0.512574 -0.454381 -0.392536 -0.326941 -0.257789 -0.185850 -0.112986 -0.042924 0.017931 0.060592 0.076118 0.060592 0.017931 -0.042924 -0.112986 -0.185850 -0.257789 -0.326941 -0.392536 -0.454381 -0.512574 -0.567338 -0.618945 -0.667673 
-0.652790 -0.601833 -0.547466 -0.489240 -0.426643 -0.359109 -0.286063 -0.207026 -0.121902 -0.031606 0.060592 0.146687 0.211639 0.236474 0.211639 0.146687 0.060592 -0.031606 -0.121902 -0.207026 -0.286063 -0.359109 -0.426643 -0.489240 -0.547466 -0.601833 -0.652790 
-0.641208 -0.588435 -0.531790 -0.470659 -0.404282 -0.331725 -0.251842 -0.163262 -0.064475 0.045757 0.166953 0.292580 0.400194 0.445676 0.400194 0.292580 0.166953 0.045757 -0.064475 -0.163262 -0.251842 -0.331725 -0.404282 -0.470659 -0.531790 -0.588435 -0.641208 
-0.633272 -0.579213 -0.520938 -0.457698 -0.388530 -0.312177 -0.226960 -0.130589 -0.019892 0.109531 0.263334 0.445676 0.640054 0.743684 0.640054 0.445676 0.263334 0.109531 -0.019892 -0.130589 -0.226960 -0.312177 -0.388530 -0.457698 -0.520938 -0.579213 -0.633272 
-0.629237 -0.574511 -0.515384 -0.451032 -0.380377 -0.301969 -0.213801 -0.112986 0.004842 0.146687 0.324684 0.561652 0.897221 1.202305 0.897221 0.561652 0.324684 0.146687 0.004842 -0.112986 -0.213801 -0.301969 -0.380377 -0.451032 -0.515384 -0.574511 -0.629237 
-0.628729 -0.573919 -0.514684 -0.450190 -0.379344 -0.300671 -0.212120 -0.110719 0.008066 0.151638 0.333224 0.579548 0.950600 1.365760 0.950600 0.579548 0.333224 0.151638 0.008066 -0.110719 -0.212120 -0.300671 -0.379344 -0.450190 -0.514684 -0.573919 -0.628729 
-0.629259 -0.574536 -0.515414 -0.451069 -0.380422 -0.302025 -0.213874 -0.113084 0.004703 0.146474 0.324318 0.560896 0.895091 1.196803 0.895091 0.560896 0.324318 0.146474 0.004703 -0.113084 -0.213874 -0.302025 -0.380422 -0.451069 -0.515414 -0.574536 -0.629259 
-0.633337 -0.579289 -0.521028 -0.457805 -0.388660 -0.312340 -0.227168 -0.130867 -0.020277 0.108963 0.262430 0.444101 0.637197 0.739755 0.637197 0.444101 0.262430 0.108963 -0.020277 -0.130867 -0.227168 -0.312340 -0.388660 -0.457805 -0.521028 -0.579289 -0.633337 
-0.641313 -0.588557 -0.531934 -0.470830 -0.404489 -0.331981 -0.252165 -0.163681 -0.065036 0.044976 0.165830 0.290937 0.397916 0.443059 0.397916 0.290937 0.165830 0.044976 -0.065036 -0.163681 -0.252165 -0.331981 -0.404489 -0.470830 -0.531934 -0.588557 -0.641313 
-0.652933 -0.601998 -0.547658 -0.489467 -0.426915 -0.359440 -0.286471 -0.207541 -0.122565 -0.032472 0.059451 0.145209 0.209841 0.234537 0.209841 0.145209 0.059451 -0.032472 -0.122565 -0.207541 -0.286471 -0.359440 -0.426915 -0.489467 -0.547658 -0.601998 -0.652933 
-0.667849 -0.619147 -0.567572 -0.512847 -0.454704 -0.392921 -0.327408 -0.258359 -0.186554 -0.113860 -0.044000 0.016641 0.059126 0.074583 0.059126 0.016641 -0.044000 -0.113860 -0.186554 -0.258359 -0.327408 -0.392921 -0.454704 -0.512847 -0.567572 -0.619147 -0.667849 
-0.685653 -0.639474 -0.590971 -0.540024 -0.486571 -0.430656 -0.372526 -0.312771 -0.252551 -0.193899 -0.140047 -0.095540 -0.065707 -0.055144 -0.065707 -0.095540 -0.140047 -0.193899 -0.252551 -0.312771 -0.372526 -0.430656 -0.486571 -0.540024 -0.590971 -0.639474 -0.685653 
-0.705909 -0.662423 -0.617144 -0.570080 -0.521323 -0.471103 -0.419863 -0.368372 -0.317862 -0.270176 -0.227861 -0.194052 -0.172022 -0.164349 -0.172022 -0.194052 -0.227861 -0.270176 -0.317862 -0.368372 -0.419863 -0.471103 -0.521323 -0.570080 -0.617144 -0.662423 -0.705909 
-0.728183 -0.687456 -0.645423 -0.602186 -0.557942 -0.513028 -0.467981 -0.423603 -0.381042 -0.341842 -0.307933 -0.281480 -0.264568 -0.258739 -0.264568 -0.281480 -0.307933 -0.341842 -0.381042 -0.423603 -0.467981 -0.513028 -0.557942 -0.602186 -0.645423 -0.687456 -0.728183 
-0.752062 -0.714079 -0.675215 -0.635637 -0.595605 -0.555506 -0.515895 -0.477533 -0.441421 -0.408806 -0.381130 -0.359911 -0.346522 -0.341942 -0.346522 -0.359911 -0.381130 -0.408806 -0.441421 -0.477533 -0.515895 -0.555506 -0.595605 -0.635637 -0.675215 -0.714079 -0.752062 
-0.777173 -0.741854 -0.706015 -0.669861 -0.633682 -0.597876 -0.562974 -0.529658 -0.498773 -0.471308 -0.448345 -0.430963 -0.420100 -0.416403 -0.420100 -0.430963 -0.448345 -0.471308 -0.498773 -0.529658 -0.562974 -0.597876 -0.633682 -0.669861 -0.706015 -0.741854 -0.777173 
-0.803184 -0.770407 -0.737407 -0.704408 -0.671706 -0.639685 -0.608832 -0.579740 -0.553108 -0.529716 -0.510382 -0.495890 -0.486897 -0.483848 -0.486897 -0.495890 -0.510382 -0.529716 -0.553108 -0.579740 -0.608832 -0.639685 -0.671706 -0.704408 -0.737407 -0.770407 -0.803184 
-0.829814 -0.799430 -0.769062 -0.738938 -0.709346 -0.680642 -0.653260 -0.627706 -0.604555 -0.584424 -0.567935 -0.555667 -0.548097 -0.545537 -0.548097 -0.555667 -0.567935 -0.584424 -0.604555 -0.627706 -0.653260 -0.680642 -0.709346 -0.738938 -0.769062 -0.799430 -0.829814 
-0.856825 -0.828671 -0.800722 -0.773199 -0.746372 -0.720566 -0.696159 -0.673581 -0.653301 -0.635808 -0.621585 -0.611066 -0.604602 -0.602421 -0.604602 -0.611066 -0.621585 -0.635808 -0.653301 -0.673581 -0.696159 -0.720566 -0.746372 -0.773199 -0.800722 -0.828671 -0.856825 
