65 65
3.836124e+00 0 5
-0.233032 -0.220399 -0.207815 -0.195292 -0.182845 -0.170490 -0.158244 -0.146124 -0.134150 -0.122343 -0.110726 -0.099321 -0.088154 -0.077252 -0.066642 -0.056353 -0.046415 -0.036859 -0.027716 -0.019020 -0.010801 -0.003093 0.004073 0.010666 0.016657 0.022016 0.026718 0.030740 0.034060 0.036661 0.038529 0.039654 0.040030 0.039654 0.038529 0.036661 0.034060 0.030740 0.026718 0.022016 0.016657 0.010666 0.004073 -0.003093 -0.010801 -0.019020 -0.027716 -0.036859 -0.046415 -0.056353 -0.066642 -0.077252 -0.088154 -0.099321 -0.110726 -0.122343 -0.134150 -0.146124 -0.158244 -0.170490 -0.182845 -0.195292 -0.207815 -0.220399 -0.233032 
-0.220602 -0.207605 -0.194646 -0.181736 -0.168893 -0.156130 -0.143465 -0.130917 -0.118506 -0.106253 -0.094183 -0.082319 -0.070688 -0.059319 -0.048240 -0.037482 -0.027078 -0.017062 -0.007467 0.001671 0.010317 0.018435 0.025991 0.032950 0.039279 0.044946 0.049922 0.054181 0.057699 0.060456 0.062438 0.063631 0.064030 0.063631 0.062438 0.060456 0.057699 0.054181 0.049922 0.044946 0.039279 0.032950 0.025991 0.018435 0.010317 0.001671 -0.007467 -0.017062 -0.027078 -0.037482 -0.048240 -0.059319 -0.070688 -0.082319 -0.094183 -0.106253 -0.118506 -0.130917 -0.143465 -0.156130 -0.168893 -0.181736 -0.194646 -0.207605 -0.220602 
-0.208233 -0.194861 -0.181514 -0.168206 -0.154950 -0.141764 -0.128664 -0.115670 -0.102801 -0.090082 -0.077535 -0.065188 -0.053066 -0.041202 -0.029625 -0.018368 -0.007467 0.003042 0.013122 0.022736 0.031843 0.040406 0.048384 0.055741 0.062438 0.068441 0.073717 0.078236 0.081971 0.084900 0.087006 0.088275 0.088699 0.088275 0.087006 0.084900 0.081971 0.078236 0.073717 0.068441 0.062438 0.055741 0.048384 0.040406 0.031843 0.022736 0.013122 0.003042 -0.007467 -0.018368 -0.029625 -0.041202 -0.053066 -0.065188 -0.077535 -0.090082 -0.102801 -0.115670 -0.128664 -0.141764 -0.154950 -0.168206 -0.181514 -0.194861 -0.208233 
-0.195937 -0.182180 -0.168435 -0.154714 -0.141033 -0.127407 -0.113855 -0.100395 -0.087049 -0.073840 -0.060794 -0.047936 -0.035297 -0.022907 -0.010801 0.000987 0.012419 0.023457 0.034060 0.044185 0.053792 0.062835 0.071273 0.079063 0.086163 0.092533 0.098138 0.102942 0.106916 0.110035 0.112278 0.113630 0.114081 0.113630 0.112278 0.110035 0.106916 0.102942 0.098138 0.092533 0.086163 0.079063 0.071273 0.062835 0.053792 0.044185 0.034060 0.023457 0.012419 0.000987 -0.010801 -0.022907 -0.035297 -0.047936 -0.060794 -0.073840 -0.087049 -0.100395 -0.113855 -0.127407 -0.141033 -0.154714 -0.168435 -0.182180 -0.195937 
-0.183730 -0.169578 -0.155423 -0.141277 -0.127156 -0.113075 -0.099052 -0.085108 -0.071263 -0.057542 -0.043970 -0.030575 -0.017389 -0.004444 0.008225 0.020580 0.032581 0.044185 0.055350 0.066029 0.076175 0.085741 0.094680 0.102942 0.110483 0.117257 0.123223 0.128342 0.132580 0.135907 0.138302 0.139745 0.140228 0.139745 0.138302 0.135907 0.132580 0.128342 0.123223 0.117257 0.110483 0.102942 0.094680 0.085741 0.076175 0.066029 0.055350 0.044185 0.032581 0.020580 0.008225 -0.004444 -0.017389 -0.030575 -0.043970 -0.057542 -0.071263 -0.085108 -0.099052 -0.113075 -0.127156 -0.141277 -0.155423 -0.169578 -0.183730 
-0.171628 -0.157071 -0.142494 -0.127910 -0.113335 -0.098783 -0.084273 -0.069824 -0.055459 -0.041202 -0.027078 -0.013119 0.000645 0.014180 0.027446 0.040406 0.053015 0.065228 0.076998 0.088275 0.099007 0.109142 0.118626 0.127406 0.135430 0.142648 0.149013 0.154479 0.159009 0.162569 0.165131 0.166677 0.167193 0.166677 0.165131 0.162569 0.159009 0.154479 0.149013 0.142648 0.135430 0.127406 0.118626 0.109142 0.099007 0.088275 0.076998 0.065228 0.053015 0.040406 0.027446 0.014180 0.000645 -0.013119 -0.027078 -0.041202 -0.055459 -0.069824 -0.084273 -0.098783 -0.113335 -0.127910 -0.142494 -0.157071 -0.171628 
-0.159648 -0.144676 -0.129667 -0.114634 -0.099590 -0.084552 -0.069536 -0.054564 -0.039656 -0.024838 -0.010137 0.004418 0.018792 0.032950 0.046852 0.060456 0.073717 0.086584 0.099007 0.110931 0.122299 0.133053 0.143134 0.152483 0.161039 0.168747 0.175552 0.181404 0.186258 0.190076 0.192826 0.194485 0.195040 0.194485 0.192826 0.190076 0.186258 0.181404 0.175552 0.168747 0.161039 0.152483 0.143134 0.133053 0.122299 0.110931 0.099007 0.086584 0.073717 0.060456 0.046852 0.032950 0.018792 0.004418 -0.010137 -0.024838 -0.039656 -0.054564 -0.069536 -0.084552 -0.099590 -0.114634 -0.129667 -0.144676 -0.159648 
-0.147808 -0.132412 -0.116961 -0.101466 -0.085941 -0.070400 -0.054862 -0.039346 -0.023874 -0.008470 0.006837 0.022016 0.037034 0.051852 0.066430 0.080722 0.094680 0.108250 0.121377 0.134002 0.146063 0.157493 0.168229 0.178201 0.187345 0.195596 0.202890 0.209171 0.214387 0.218493 0.221453 0.223240 0.223837 0.223240 0.221453 0.218493 0.214387 0.209171 0.202890 0.195596 0.187345 0.178201 0.168229 0.157493 0.146063 0.134002 0.121377 0.108250 0.094680 0.080722 0.066430 0.051852 0.037034 0.022016 0.006837 -0.008470 -0.023874 -0.039346 -0.054862 -0.070400 -0.085941 -0.101466 -0.116961 -0.132412 -0.147808 
-0.136128 -0.120301 -0.104398 -0.088430 -0.072410 -0.056353 -0.040275 -0.024195 -0.008136 0.007878 0.023818 0.039654 0.055350 0.070867 0.086163 0.101188 0.115893 0.130220 0.144108 0.157493 0.170307 0.182478 0.193932 0.204593 0.214387 0.223240 0.231079 0.237840 0.243461 0.247890 0.251086 0.253016 0.253661 0.253016 0.251086 0.247890 0.243461 0.237840 0.231079 0.223240 0.214387 0.204593 0.193932 0.182478 0.170307 0.157493 0.144108 0.130220 0.115893 0.101188 0.086163 0.070867 0.055350 0.039654 0.023818 0.007878 -0.008136 -0.024195 -0.040275 -0.056353 -0.072410 -0.088430 -0.104398 -0.120301 -0.136128 
-0.124630 -0.108364 -0.092001 -0.075550 -0.059023 -0.042434 -0.025800 -0.009138 0.007530 0.024179 0.040782 0.057306 0.073717 0.089973 0.106030 0.121838 0.137342 0.152483 0.167193 0.181404 0.195040 0.208022 0.220266 0.231689 0.242204 0.251728 0.260177 0.267476 0.273552 0.278347 0.281808 0.283901 0.284601 0.283901 0.281808 0.278347 0.273552 0.267476 0.260177 0.251728 0.242204 0.231689 0.220266 0.208022 0.195040 0.181404 0.167193 0.152483 0.137342 0.121838 0.106030 0.089973 0.073717 0.057306 0.040782 0.024179 0.007530 -0.009138 -0.025800 -0.042434 -0.059023 -0.075550 -0.092001 -0.108364 -0.124630 
-0.113335 -0.096625 -0.079793 -0.062850 -0.045805 -0.028672 -0.011465 0.005798 0.023096 0.040406 0.057699 0.074944 0.092105 0.109142 0.126007 0.142648 0.159009 0.175025 0.190625 0.205733 0.220266 0.234137 0.247254 0.259521 0.270840 0.281113 0.290247 0.298151 0.304743 0.309951 0.313715 0.315992 0.316754 0.315992 0.313715 0.309951 0.304743 0.298151 0.290247 0.281113 0.270840 0.259521 0.247254 0.234137 0.220266 0.205733 0.190625 0.175025 0.159009 0.142648 0.126007 0.109142 0.092105 0.074944 0.057699 0.040406 0.023096 0.005798 -0.011465 -0.028672 -0.045805 -0.062850 -0.079793 -0.096625 -0.113335 
-0.102268 -0.085108 -0.067802 -0.050358 -0.032785 -0.015095 0.002699 0.020580 0.038529 0.056523 0.074535 0.092533 0.110483 0.128342 0.146063 0.163592 0.180869 0.197826 0.214387 0.230471 0.245986 0.260835 0.274916 0.288120 0.300336 0.311452 0.321358 0.329948 0.337125 0.342803 0.346913 0.349400 0.350233 0.349400 0.346913 0.342803 0.337125 0.329948 0.321358 0.311452 0.300336 0.288120 0.274916 0.260835 0.245986 0.230471 0.214387 0.197826 0.180869 0.163592 0.146063 0.128342 0.110483 0.092533 0.074535 0.056523 0.038529 0.020580 0.002699 -0.015095 -0.032785 -0.050358 -0.067802 -0.085108 -0.102268 
-0.091453 -0.073840 -0.056055 -0.038104 -0.019995 -0.001737 0.016657 0.035172 0.053792 0.072493 0.091251 0.110035 0.128810 0.147535 0.166161 0.184634 0.202890 0.220859 0.238460 0.255605 0.272194 0.288120 0.303269 0.317517 0.330738 0.342803 0.353583 0.362953 0.370799 0.377017 0.381524 0.384254 0.385168 0.384254 0.381524 0.377017 0.370799 0.362953 0.353583 0.342803 0.330738 0.317517 0.303269 0.288120 0.272194 0.255605 0.238460 0.220859 0.202890 0.184634 0.166161 0.147535 0.128810 0.110035 0.091251 0.072493 0.053792 0.035172 0.016657 -0.001737 -0.019995 -0.038104 -0.056055 -0.073840 -0.091453 
-0.080918 -0.062850 -0.044582 -0.026120 -0.007467 0.011367 0.030372 0.049537 0.068844 0.088275 0.107805 0.127406 0.147043 0.166677 0.186258 0.205733 0.225035 0.244090 0.262815 0.281113 0.298878 0.315992 0.332325 0.347740 0.362092 0.375230 0.387004 0.397267 0.405881 0.412722 0.417687 0.420699 0.421708 0.420699 0.417687 0.412722 0.405881 0.397267 0.387004 0.375230 0.362092 0.347740 0.332325 0.315992 0.298878 0.281113 0.262815 0.244090 0.225035 0.205733 0.186258 0.166677 0.147043 0.127406 0.107805 0.088275 0.068844 0.049537 0.030372 0.011367 -0.007467 -0.026120 -0.044582 -0.062850 -0.080918 
-0.070688 -0.052166 -0.033415 -0.014437 0.004762 0.024179 0.043806 0.063631 0.083642 0.103822 0.124148 0.144596 0.165131 0.185716 0.206304 0.226838 0.247254 0.267476 0.287413 0.306966 0.326019 0.344442 0.362092 0.378813 0.394440 0.408797 0.421708 0.432998 0.442500 0.450064 0.455565 0.458905 0.460026 0.458905 0.455565 0.450064 0.442500 0.432998 0.421708 0.408797 0.394440 0.378813 0.362092 0.344442 0.326019 0.306966 0.287413 0.267476 0.247254 0.226838 0.206304 0.185716 0.165131 0.144596 0.124148 0.103822 0.083642 0.063631 0.043806 0.024179 0.004762 -0.014437 -0.033415 -0.052166 -0.070688 
-0.060794 -0.041818 -0.022585 -0.003093 0.016657 0.036661 0.056914 0.077410 0.098138 0.119083 0.140228 0.161548 0.183016 0.204593 0.226236 0.247890 0.269490 0.290959 0.312205 0.333121 0.353583 0.373451 0.392567 0.410754 0.427823 0.443571 0.457788 0.470266 0.480803 0.489214 0.495344 0.499072 0.500323 0.499072 0.495344 0.489214 0.480803 0.470266 0.457788 0.443571 0.427823 0.410754 0.392567 0.373451 0.353583 0.333121 0.312205 0.290959 0.269490 0.247890 0.226236 0.204593 0.183016 0.161548 0.140228 0.119083 0.098138 0.077410 0.056914 0.036661 0.016657 -0.003093 -0.022585 -0.041818 -0.060794 
-0.051263 -0.031840 -0.012127 0.007878 0.028176 0.048768 0.069652 0.090824 0.112278 0.134002 0.155983 0.178201 0.200631 0.223240 0.245986 0.268818 0.291672 0.314472 0.337125 0.359519 0.381524 0.402987 0.423735 0.443571 0.462276 0.479617 0.495344 0.509206 0.520956 0.530367 0.537243 0.541433 0.542841 0.541433 0.537243 0.530367 0.520956 0.509206 0.495344 0.479617 0.462276 0.443571 0.423735 0.402987 0.381524 0.359519 0.337125 0.314472 0.291672 0.268818 0.245986 0.223240 0.200631 0.178201 0.155983 0.134002 0.112278 0.090824 0.069652 0.048768 0.028176 0.007878 -0.012127 -0.031840 -0.051263 
-0.042126 -0.022262 -0.002077 0.018435 0.039279 0.060456 0.081971 0.103822 0.126007 0.148519 0.171350 0.194485 0.217904 0.241578 0.265471 0.289537 0.313715 0.337931 0.362092 0.386085 0.409774 0.432998 0.455565 0.477256 0.497825 0.516996 0.534477 0.549962 0.563148 0.573751 0.581522 0.586267 0.587863 0.586267 0.581522 0.573751 0.563148 0.549962 0.534477 0.516996 0.497825 0.477256 0.455565 0.432998 0.409774 0.386085 0.362092 0.337931 0.313715 0.289537 0.265471 0.241578 0.217904 0.194485 0.171350 0.148519 0.126007 0.103822 0.081971 0.060456 0.039279 0.018435 -0.002077 -0.022262 -0.042126 
-0.033415 -0.013119 0.007530 0.028541 0.049922 0.071679 0.093820 0.116347 0.139264 0.162569 0.186258 0.210324 0.234752 0.259521 0.284601 0.309951 0.335518 0.361232 0.387004 0.412722 0.438246 0.463407 0.488000 0.511784 0.534477 0.555763 0.575292 0.592694 0.607593 0.619630 0.628486 0.633908 0.635734 0.633908 0.628486 0.619630 0.607593 0.592694 0.575292 0.555763 0.534477 0.511784 0.488000 0.463407 0.438246 0.412722 0.387004 0.361232 0.335518 0.309951 0.284601 0.259521 0.234752 0.210324 0.186258 0.162569 0.139264 0.116347 0.093820 0.071679 0.049922 0.028541 0.007530 -0.013119 -0.033415 
-0.025159 -0.004444 0.016657 0.038155 0.060061 0.082388 0.105145 0.128342 0.151985 0.176081 0.200631 0.225635 0.251086 0.276971 0.303269 0.329948 0.356963 0.384254 0.411737 0.439305 0.466821 0.494110 0.520956 0.547096 0.572217 0.595951 0.617886 0.637569 0.654533 0.668317 0.678505 0.684763 0.686874 0.684763 0.678505 0.668317 0.654533 0.637569 0.617886 0.595951 0.572217 0.547096 0.520956 0.494110 0.466821 0.439305 0.411737 0.384254 0.356963 0.329948 0.303269 0.276971 0.251086 0.225635 0.200631 0.176081 0.151985 0.128342 0.105145 0.082388 0.060061 0.038155 0.016657 -0.004444 -0.025159 
-0.017389 0.003729 0.025265 0.047235 0.069652 0.092533 0.115893 0.139745 0.164104 0.188982 0.214387 0.240328 0.266806 0.293820 0.321358 0.349400 0.377914 0.406850 0.436138 0.465679 0.495344 0.524959 0.554304 0.583096 0.610991 0.637569 0.662343 0.684763 0.704239 0.720176 0.732025 0.739333 0.741804 0.739333 0.732025 0.720176 0.704239 0.684763 0.662343 0.637569 0.610991 0.583096 0.554304 0.524959 0.495344 0.465679 0.436138 0.406850 0.377914 0.349400 0.321358 0.293820 0.266806 0.240328 0.214387 0.188982 0.164104 0.139745 0.115893 0.092533 0.069652 0.047235 0.025265 0.003729 -0.017389 
-0.010137 0.011367 0.033319 0.055741 0.078649 0.102064 0.126007 0.150496 0.175552 0.201195 0.227441 0.254308 0.281808 0.309951 0.338739 0.368165 0.398214 0.428852 0.460026 0.491654 0.523620 0.555763 0.587863 0.619630 0.650692 0.680579 0.708719 0.734444 0.757010 0.775640 0.789592 0.798244 0.801177 0.798244 0.789592 0.775640 0.757010 0.734444 0.708719 0.680579 0.650692 0.619630 0.587863 0.555763 0.523620 0.491654 0.460026 0.428852 0.398214 0.368165 0.338739 0.309951 0.281808 0.254308 0.227441 0.201195 0.175552 0.150496 0.126007 0.102064 0.078649 0.055741 0.033319 0.011367 -0.010137 
-0.003431 0.018435 0.040782 0.063631 0.087006 0.110931 0.135430 0.160531 0.186258 0.212641 0.239704 0.267476 0.295979 0.325238 0.355269 0.386085 0.417687 0.450064 0.483186 0.516996 0.551403 0.586267 0.621384 0.656469 0.691135 0.724867 0.757010 0.786756 0.813166 0.835215 0.851884 0.862292 0.865833 0.862292 0.851884 0.835215 0.813166 0.786756 0.757010 0.724867 0.691135 0.656469 0.621384 0.586267 0.551403 0.516996 0.483186 0.450064 0.417687 0.386085 0.355269 0.325238 0.295979 0.267476 0.239704 0.212641 0.186258 0.160531 0.135430 0.110931 0.087006 0.063631 0.040782 0.018435 -0.003431 
0.002699 0.024903 0.047617 0.070867 0.094680 0.119083 0.144108 0.169786 0.196152 0.223240 0.251086 0.279727 0.309203 0.339548 0.370799 0.402987 0.436138 0.470266 0.505372 0.541433 0.578393 0.616149 0.654533 0.693285 0.732025 0.770214 0.807119 0.841785 0.873029 0.899489 0.919744 0.932509 0.936874 0.932509 0.919744 0.899489 0.873029 0.841785 0.807119 0.770214 0.732025 0.693285 0.654533 0.616149 0.578393 0.541433 0.505372 0.470266 0.436138 0.402987 0.370799 0.339548 0.309203 0.279727 0.251086 0.223240 0.196152 0.169786 0.144108 0.119083 0.094680 0.070867 0.047617 0.024903 0.002699 
0.008225 0.030740 0.053792 0.077410 0.101626 0.126473 0.151985 0.178201 0.205162 0.232911 0.261494 0.290959 0.321358 0.352743 0.385168 0.418688 0.453355 0.489214 0.526304 0.564644 0.604228 0.645008 0.686874 0.729623 0.772916 0.816230 0.858787 0.899489 0.936874 0.969130 0.994238 1.010264 1.015782 1.010264 0.994238 0.969130 0.936874 0.899489 0.858787 0.816230 0.772916 0.729623 0.686874 0.645008 0.604228 0.564644 0.526304 0.489214 0.453355 0.418688 0.385168 0.352743 0.321358 0.290959 0.261494 0.232911 0.205162 0.178201 0.151985 0.126473 0.101626 0.077410 0.053792 0.030740 0.008225 
0.013122 0.035916 0.059272 0.083224 0.107805 0.133053 0.159009 0.185716 0.213222 0.241578 0.270840 0.301067 0.332325 0.364683 0.398214 0.432998 0.469114 0.506645 0.545672 0.586267 0.628486 0.672357 0.717854 0.764871 0.813166 0.862292 0.911496 0.959593 1.004836 1.044842 1.076705 1.097416 1.104620 1.097416 1.076705 1.044842 1.004836 0.959593 0.911496 0.862292 0.813166 0.764871 0.717854 0.672357 0.628486 0.586267 0.545672 0.506645 0.469114 0.432998 0.398214 0.364683 0.332325 0.301067 0.270840 0.241578 0.213222 0.185716 0.159009 0.133053 0.107805 0.083224 0.059272 0.035916 0.013122 
0.017367 0.040406 0.064030 0.088275 0.113179 0.138782 0.165131 0.192275 0.220266 0.249165 0.279036 0.309951 0.341987 0.375230 0.409774 0.445722 0.483186 0.522285 0.563148 0.605907 0.650692 0.697625 0.746798 0.798244 0.851884 0.907446 0.964328 1.021394 1.076705 1.127237 1.168806 1.196566 1.206374 1.196566 1.168806 1.127237 1.076705 1.021394 0.964328 0.907446 0.851884 0.798244 0.746798 0.697625 0.650692 0.605907 0.563148 0.522285 0.483186 0.445722 0.409774 0.375230 0.341987 0.309951 0.279036 0.249165 0.220266 0.192275 0.165131 0.138782 0.113179 0.088275 0.064030 0.040406 0.017367 
0.020938 0.044185 0.068038 0.092533 0.117713 0.143621 0.170307 0.197826 0.226236 0.255605 0.286004 0.317517 0.350233 0.384254 0.419692 0.456675 0.495344 0.535858 0.578393 0.623146 0.670331 0.720176 0.772916 0.828769 0.887895 0.950320 1.015782 1.083464 1.151537 1.216490 1.272471 1.311454 1.325586 1.311454 1.272471 1.216490 1.151537 1.083464 1.015782 0.950320 0.887895 0.828769 0.772916 0.720176 0.670331 0.623146 0.578393 0.535858 0.495344 0.456675 0.419692 0.384254 0.350233 0.317517 0.286004 0.255605 0.226236 0.197826 0.170307 0.143621 0.117713 0.092533 0.068038 0.044185 0.020938 
0.023818 0.047235 0.071273 0.095973 0.121377 0.147535 0.174498 0.202324 0.231079 0.260835 0.291672 0.323681 0.356963 0.391634 0.427823 0.465679 0.505372 0.547096 0.591076 0.637569 0.686874 0.739333 0.795336 0.855318 0.919744 0.989063 1.063588 1.143234 1.226934 1.311454 1.389416 1.447549 1.469611 1.447549 1.389416 1.311454 1.226934 1.143234 1.063588 0.989063 0.919744 0.855318 0.795336 0.739333 0.686874 0.637569 0.591076 0.547096 0.505372 0.465679 0.427823 0.391634 0.356963 0.323681 0.291672 0.260835 0.231079 0.202324 0.174498 0.147535 0.121377 0.095973 0.071273 0.047235 0.023818 
0.025991 0.049537 0.073717 0.098572 0.124148 0.150496 0.177670 0.205733 0.234752 0.264806 0.295979 0.328371 0.362092 0.397267 0.434041 0.472581 0.513080 0.555763 0.600894 0.648787 0.699816 0.754429 0.813166 0.876685 0.945778 1.021394 1.104620 1.196566 1.297923 1.407620 1.519090 1.612488 1.651317 1.612488 1.519090 1.407620 1.297923 1.196566 1.104620 1.021394 0.945778 0.876685 0.813166 0.754429 0.699816 0.648787 0.600894 0.555763 0.513080 0.472581 0.434041 0.397267 0.362092 0.328371 0.295979 0.264806 0.234752 0.205733 0.177670 0.150496 0.124148 0.098572 0.073717 0.049537 0.025991 
0.027446 0.051079 0.075354 0.100314 0.126007 0.152483 0.179800 0.208022 0.237220 0.267476 0.298878 0.331531 0.365550 0.401071 0.438246 0.477256 0.518311 0.561659 0.607593 0.656469 0.708719 0.764871 0.825591 0.891716 0.964328 1.044842 1.135138 1.237727 1.355891 1.493361 1.651317 1.812365 1.894582 1.812365 1.651317 1.493361 1.355891 1.237727 1.135138 1.044842 0.964328 0.891716 0.825591 0.764871 0.708719 0.656469 0.607593 0.561659 0.518311 0.477256 0.438246 0.401071 0.365550 0.331531 0.298878 0.267476 0.237220 0.208022 0.179800 0.152483 0.126007 0.100314 0.075354 0.051079 0.027446 
0.028176 0.051852 0.076175 0.101188 0.126939 0.153480 0.180869 0.209171 0.238460 0.268818 0.300336 0.333121 0.367292 0.402987 0.440367 0.479617 0.520956 0.564644 0.610991 0.660374 0.713257 0.770214 0.831976 0.899489 0.974003 1.057220 1.151537 1.260466 1.389416 1.547167 1.748416 2.011046 2.220612 2.011046 1.748416 1.547167 1.389416 1.260466 1.151537 1.057220 0.974003 0.899489 0.831976 0.770214 0.713257 0.660374 0.610991 0.564644 0.520956 0.479617 0.440367 0.402987 0.367292 0.333121 0.300336 0.268818 0.238460 0.209171 0.180869 0.153480 0.126939 0.101188 0.076175 0.051852 0.028176 
0.028267 0.051949 0.076278 0.101298 0.127056 0.153604 0.181002 0.209315 0.238615 0.268986 0.300519 0.333320 0.367510 0.403227 0.440633 0.479913 0.521288 0.565018 0.611418 0.660866 0.713828 0.770887 0.832783 0.900474 0.975232 1.058800 1.153646 1.263425 1.393868 1.554606 1.763139 2.049910 2.319417 2.049910 1.763139 1.554606 1.393868 1.263425 1.153646 1.058800 0.975232 0.900474 0.832783 0.770887 0.713828 0.660866 0.611418 0.565018 0.521288 0.479913 0.440633 0.403227 0.367510 0.333320 0.300519 0.268986 0.238615 0.209315 0.181002 0.153604 0.127056 0.101298 0.076278 0.051949 0.028267 
0.028172 0.051848 0.076171 0.101184 0.126934 0.153474 0.180863 0.209165 0.238453 0.268810 0.300328 0.333112 0.367282 0.402977 0.440355 0.479604 0.520941 0.564627 0.610972 0.660353 0.713232 0.770184 0.831941 0.899447 0.973950 1.057152 1.151446 1.260339 1.389224 1.546847 1.747793 2.009478 2.217115 2.009478 1.747793 1.546847 1.389224 1.260339 1.151446 1.057152 0.973950 0.899447 0.831941 0.770184 0.713232 0.660353 0.610972 0.564627 0.520941 0.479604 0.440355 0.402977 0.367282 0.333112 0.300328 0.268810 0.238453 0.209165 0.180863 0.153474 0.126934 0.101184 0.076171 0.051848 0.028172 
0.027435 0.051066 0.075341 0.100300 0.125992 0.152466 0.179782 0.208003 0.237200 0.267454 0.298855 0.331505 0.365522 0.401040 0.438212 0.477218 0.518269 0.561611 0.607539 0.656407 0.708646 0.764786 0.825488 0.891591 0.964173 1.044645 1.134879 1.237372 1.355377 1.492564 1.649979 1.810061 1.891516 1.810061 1.649979 1.492564 1.355377 1.237372 1.134879 1.044645 0.964173 0.891591 0.825488 0.764786 0.708646 0.656407 0.607539 0.561611 0.518269 0.477218 0.438212 0.401040 0.365522 0.331505 0.298855 0.267454 0.237200 0.208003 0.179782 0.152466 0.125992 0.100300 0.075341 0.051066 0.027435 
0.025972 0.049516 0.073695 0.098549 0.124124 0.150469 0.177642 0.205702 0.234719 0.264770 0.295941 0.328329 0.362045 0.397216 0.433985 0.472519 0.513010 0.555684 0.600805 0.648685 0.699698 0.754290 0.813002 0.876487 0.945535 1.021089 1.104228 1.196046 1.297211 1.406613 1.517648 1.610532 1.649094 1.610532 1.517648 1.406613 1.297211 1.196046 1.104228 1.021089 0.945535 0.876487 0.813002 0.754290 0.699698 0.648685 0.600805 0.555684 0.513010 0.472519 0.433985 0.397216 0.362045 0.328329 0.295941 0.264770 0.234719 0.205702 0.177642 0.150469 0.124124 0.098549 0.073695 0.049516 0.025972 
0.023791 0.047206 0.071243 0.095940 0.121343 0.147498 0.174458 0.202281 0.231033 0.260786 0.291619 0.323623 0.356899 0.391564 0.427746 0.465593 0.505276 0.546989 0.590954 0.637431 0.686715 0.739147 0.795118 0.855058 0.919430 0.988676 1.063104 1.142617 1.226135 1.310414 1.388086 1.445949 1.467893 1.445949 1.388086 1.310414 1.226135 1.142617 1.063104 0.988676 0.919430 0.855058 0.795118 0.739147 0.686715 0.637431 0.590954 0.546989 0.505276 0.465593 0.427746 0.391564 0.356899 0.323623 0.291619 0.260786 0.231033 0.202281 0.174458 0.147498 0.121343 0.095940 0.071243 0.047206 0.023791 
0.020904 0.044149 0.067999 0.092492 0.117669 0.143574 0.170257 0.197771 0.226178 0.255542 0.285936 0.317443 0.350152 0.384165 0.419595 0.456567 0.495224 0.535724 0.578242 0.622975 0.670135 0.719951 0.772654 0.828460 0.887527 0.949877 1.015244 1.082804 1.150724 1.215497 1.271289 1.310118 1.324189 1.310118 1.271289 1.215497 1.150724 1.082804 1.015244 0.949877 0.887527 0.828460 0.772654 0.719951 0.670135 0.622975 0.578242 0.535724 0.495224 0.456567 0.419595 0.384165 0.350152 0.317443 0.285936 0.255542 0.226178 0.197771 0.170257 0.143574 0.117669 0.092492 0.067999 0.044149 0.020904 
0.017325 0.040361 0.063983 0.088225 0.113125 0.138725 0.165070 0.192209 0.220196 0.249090 0.278955 0.309862 0.341890 0.375125 0.409659 0.445595 0.483045 0.522128 0.562972 0.605707 0.650466 0.697367 0.746501 0.797898 0.851480 0.906970 0.963764 1.020725 1.075914 1.126315 1.167759 1.195425 1.205198 1.195425 1.167759 1.126315 1.075914 1.020725 0.963764 0.906970 0.851480 0.797898 0.746501 0.697367 0.650466 0.605707 0.562972 0.522128 0.483045 0.445595 0.409659 0.375125 0.341890 0.309862 0.278955 0.249090 0.220196 0.192209 0.165070 0.138725 0.113125 0.088225 0.063983 0.040361 0.017325 
0.013073 0.035864 0.059217 0.083165 0.107743 0.132987 0.158938 0.185640 0.213141 0.241490 0.270745 0.300965 0.332214 0.364562 0.398082 0.432852 0.468953 0.506467 0.545473 0.586044 0.628235 0.672073 0.717531 0.764501 0.812740 0.861800 0.910927 0.958936 1.004084 1.043994 1.075770 1.096421 1.103604 1.096421 1.075770 1.043994 1.004084 0.958936 0.910927 0.861800 0.812740 0.764501 0.717531 0.672073 0.628235 0.586044 0.545473 0.506467 0.468953 0.432852 0.398082 0.364562 0.332214 0.300965 0.270745 0.241490 0.213141 0.185640 0.158938 0.132987 0.107743 0.083165 0.059217 0.035864 0.013073 
0.008169 0.030680 0.053729 0.077344 0.101555 0.126397 0.151905 0.178116 0.205071 0.232813 0.261388 0.290844 0.321233 0.352607 0.385021 0.418527 0.453177 0.489018 0.526086 0.564402 0.603958 0.644705 0.686533 0.729237 0.772479 0.815734 0.858225 0.898856 0.936166 0.968351 0.993398 1.009382 1.014886 1.009382 0.993398 0.968351 0.936166 0.898856 0.858225 0.815734 0.772479 0.729237 0.686533 0.644705 0.603958 0.564402 0.526086 0.489018 0.453177 0.418527 0.385021 0.352607 0.321233 0.290844 0.261388 0.232813 0.205071 0.178116 0.151905 0.126397 0.101555 0.077344 0.053729 0.030680 0.008169 
0.002636 0.024837 0.047547 0.070793 0.094601 0.118999 0.144019 0.169691 0.196050 0.223130 0.250968 0.279601 0.309066 0.339400 0.370638 0.402812 0.435946 0.470055 0.505140 0.541176 0.578108 0.615833 0.654180 0.692891 0.731584 0.769722 0.806572 0.841179 0.872365 0.898771 0.918982 0.931717 0.936072 0.931717 0.918982 0.898771 0.872365 0.841179 0.806572 0.769722 0.731584 0.692891 0.654180 0.615833 0.578108 0.541176 0.505140 0.470055 0.435946 0.402812 0.370638 0.339400 0.309066 0.279601 0.250968 0.223130 0.196050 0.169691 0.144019 0.118999 0.094601 0.070793 0.047547 0.024837 0.002636 
-0.003500 0.018362 0.040705 0.063550 0.086920 0.110839 0.135333 0.160427 0.186148 0.212522 0.239577 0.267339 0.295832 0.325079 0.355097 0.385898 0.417483 0.449841 0.482942 0.516728 0.551108 0.585942 0.621025 0.656073 0.690697 0.724385 0.756481 0.786180 0.812543 0.834551 0.851187 0.861573 0.865107 0.861573 0.851187 0.834551 0.812543 0.786180 0.756481 0.724385 0.690697 0.656073 0.621025 0.585942 0.551108 0.516728 0.482942 0.449841 0.417483 0.385898 0.355097 0.325079 0.295832 0.267339 0.239577 0.212522 0.186148 0.160427 0.135333 0.110839 0.086920 0.063550 0.040705 0.018362 -0.003500 
-0.010212 0.011288 0.033236 0.055652 0.078556 0.101965 0.125902 0.150384 0.175433 0.201067 0.227305 0.254162 0.281651 0.309782 0.338556 0.367968 0.398000 0.428620 0.459772 0.491377 0.523318 0.555433 0.587502 0.619236 0.650261 0.680109 0.708210 0.733896 0.756425 0.775023 0.788950 0.797585 0.800512 0.797585 0.788950 0.775023 0.756425 0.733896 0.708210 0.680109 0.650261 0.619236 0.587502 0.555433 0.523318 0.491377 0.459772 0.428620 0.398000 0.367968 0.338556 0.309782 0.281651 0.254162 0.227305 0.201067 0.175433 0.150384 0.125902 0.101965 0.078556 0.055652 0.033236 0.011288 -0.010212 
-0.017470 0.003644 0.025176 0.047140 0.069552 0.092427 0.115781 0.139626 0.163977 0.188846 0.214243 0.240174 0.266641 0.293642 0.321167 0.349195 0.377692 0.406610 0.435878 0.465398 0.495038 0.524628 0.553944 0.582706 0.610569 0.637115 0.661855 0.684243 0.703689 0.719601 0.731429 0.738725 0.741191 0.738725 0.731429 0.719601 0.703689 0.684243 0.661855 0.637115 0.610569 0.582706 0.553944 0.524628 0.495038 0.465398 0.435878 0.406610 0.377692 0.349195 0.321167 0.293642 0.266641 0.240174 0.214243 0.188846 0.163977 0.139626 0.115781 0.092427 0.069552 0.047140 0.025176 0.003644 -0.017470 
-0.025245 -0.004534 0.016561 0.038054 0.059955 0.082276 0.105026 0.128216 0.151851 0.175939 0.200480 0.225473 0.250913 0.276786 0.303071 0.329736 0.356735 0.384008 0.411472 0.439020 0.466513 0.493778 0.520599 0.546713 0.571806 0.595512 0.617418 0.637075 0.654014 0.667778 0.677950 0.684198 0.686305 0.684198 0.677950 0.667778 0.654014 0.637075 0.617418 0.595512 0.571806 0.546713 0.520599 0.493778 0.466513 0.439020 0.411472 0.384008 0.356735 0.329736 0.303071 0.276786 0.250913 0.225473 0.200480 0.175939 0.151851 0.128216 0.105026 0.082276 0.059955 0.038054 0.016561 -0.004534 -0.025245 
-0.033506 -0.013215 0.007429 0.028435 0.049810 0.071561 0.093695 0.116215 0.139124 0.162420 0.186101 0.210157 0.234574 0.259330 0.284397 0.309734 0.335285 0.360983 0.386737 0.412436 0.437939 0.463079 0.487649 0.511409 0.534077 0.555339 0.574844 0.592223 0.607103 0.619123 0.627966 0.633380 0.635203 0.633380 0.627966 0.619123 0.607103 0.592223 0.574844 0.555339 0.534077 0.511409 0.487649 0.463079 0.437939 0.412436 0.386737 0.360983 0.335285 0.309734 0.284397 0.259330 0.234574 0.210157 0.186101 0.162420 0.139124 0.116215 0.093695 0.071561 0.049810 0.028435 0.007429 -0.013215 -0.033506 
-0.042222 -0.022363 -0.002182 0.018324 0.039162 0.060333 0.081841 0.103685 0.125862 0.148366 0.171188 0.194313 0.217720 0.241383 0.265264 0.289316 0.313479 0.337679 0.361824 0.385799 0.409469 0.432673 0.455219 0.476890 0.497437 0.516587 0.534048 0.549514 0.562683 0.573272 0.581032 0.585771 0.587364 0.585771 0.581032 0.573272 0.562683 0.549514 0.534048 0.516587 0.497437 0.476890 0.455219 0.432673 0.409469 0.385799 0.361824 0.337679 0.313479 0.289316 0.265264 0.241383 0.217720 0.194313 0.171188 0.148366 0.125862 0.103685 0.081841 0.060333 0.039162 0.018324 -0.002182 -0.022363 -0.042222 
-0.051363 -0.031945 -0.012237 0.007762 0.028054 0.048640 0.069517 0.090682 0.112128 0.133844 0.155816 0.178024 0.200443 0.223041 0.245775 0.268594 0.291435 0.314220 0.336857 0.359234 0.381222 0.402667 0.423397 0.443213 0.461900 0.479222 0.494932 0.508778 0.520514 0.529913 0.536781 0.540965 0.542371 0.540965 0.536781 0.529913 0.520514 0.508778 0.494932 0.479222 0.461900 0.443213 0.423397 0.402667 0.381222 0.359234 0.336857 0.314220 0.291435 0.268594 0.245775 0.223041 0.200443 0.178024 0.155816 0.133844 0.112128 0.090682 0.069517 0.048640 0.028054 0.007762 -0.012237 -0.031945 -0.051363 
-0.060898 -0.041928 -0.022699 -0.003213 0.016531 0.036529 0.056775 0.077264 0.097984 0.118921 0.140057 0.161368 0.182825 0.204391 0.226023 0.247664 0.269252 0.290707 0.311938 0.332838 0.353285 0.373137 0.392236 0.410406 0.427459 0.443190 0.457393 0.469857 0.480381 0.488783 0.494905 0.498629 0.499879 0.498629 0.494905 0.488783 0.480381 0.469857 0.457393 0.443190 0.427459 0.410406 0.392236 0.373137 0.353285 0.332838 0.311938 0.290707 0.269252 0.247664 0.226023 0.204391 0.182825 0.161368 0.140057 0.118921 0.097984 0.077264 0.056775 0.036529 0.016531 -0.003213 -0.022699 -0.041928 -0.060898 
-0.070796 -0.052279 -0.033533 -0.014561 0.004633 0.024043 0.043663 0.063481 0.083485 0.103656 0.123974 0.144412 0.164938 0.185512 0.206089 0.226611 0.247015 0.267224 0.287148 0.306687 0.325725 0.344133 0.361768 0.378475 0.394087 0.408430 0.421328 0.432606 0.442097 0.449654 0.455148 0.458485 0.459604 0.458485 0.455148 0.449654 0.442097 0.432606 0.421328 0.408430 0.394087 0.378475 0.361768 0.344133 0.325725 0.306687 0.287148 0.267224 0.247015 0.226611 0.206089 0.185512 0.164938 0.144412 0.123974 0.103656 0.083485 0.063481 0.043663 0.024043 0.004633 -0.014561 -0.033533 -0.052279 -0.070796 
-0.081029 -0.062966 -0.044704 -0.026247 -0.007600 0.011227 0.030226 0.049384 0.068684 0.088106 0.107628 0.127220 0.146848 0.166472 0.186043 0.205506 0.224796 0.243840 0.262552 0.280837 0.298589 0.315689 0.332009 0.347411 0.361750 0.374876 0.386638 0.396891 0.405496 0.412330 0.417290 0.420298 0.421306 0.420298 0.417290 0.412330 0.405496 0.396891 0.386638 0.374876 0.361750 0.347411 0.332009 0.315689 0.298589 0.280837 0.262552 0.243840 0.224796 0.205506 0.186043 0.166472 0.146848 0.127220 0.107628 0.088106 0.068684 0.049384 0.030226 0.011227 -0.007600 -0.026247 -0.044704 -0.062966 -0.081029 
-0.091568 -0.073960 -0.056180 -0.038235 -0.020131 -0.001880 0.016508 0.035017 0.053629 0.072322 0.091072 0.109848 0.128614 0.147329 0.165945 0.184407 0.202653 0.220610 0.238200 0.255332 0.271909 0.287824 0.302960 0.317197 0.330407 0.342461 0.353231 0.362592 0.370430 0.376642 0.381144 0.383871 0.384785 0.383871 0.381144 0.376642 0.370430 0.362592 0.353231 0.342461 0.330407 0.317197 0.302960 0.287824 0.271909 0.255332 0.238200 0.220610 0.202653 0.184407 0.165945 0.147329 0.128614 0.109848 0.091072 0.072322 0.053629 0.035017 0.016508 -0.001880 -0.020131 -0.038235 -0.056180 -0.073960 -0.091568 
-0.102385 -0.085230 -0.067930 -0.050491 -0.032924 -0.015240 0.002548 0.020422 0.038364 0.056350 0.074354 0.092345 0.110285 0.128135 0.145847 0.163366 0.180633 0.197579 0.214130 0.230203 0.245707 0.260545 0.274615 0.287808 0.300014 0.311121 0.321018 0.329600 0.336770 0.342443 0.346549 0.349034 0.349866 0.349034 0.346549 0.342443 0.336770 0.329600 0.321018 0.311121 0.300014 0.287808 0.274615 0.260545 0.245707 0.230203 0.214130 0.197579 0.180633 0.163366 0.145847 0.128135 0.110285 0.092345 0.074354 0.056350 0.038364 0.020422 0.002548 -0.015240 -0.032924 -0.050491 -0.067930 -0.085230 -0.102385 
-0.113455 -0.096750 -0.079923 -0.062985 -0.045946 -0.028819 -0.011618 0.005638 0.022930 0.040232 0.057517 0.074755 0.091908 0.108935 0.125791 0.142424 0.158775 0.174781 0.190371 0.205469 0.219992 0.233854 0.246961 0.259218 0.270527 0.280793 0.289919 0.297816 0.304402 0.309605 0.313366 0.315640 0.316401 0.315640 0.313366 0.309605 0.304402 0.297816 0.289919 0.280793 0.270527 0.259218 0.246961 0.233854 0.219992 0.205469 0.190371 0.174781 0.158775 0.142424 0.125791 0.108935 0.091908 0.074755 0.057517 0.040232 0.022930 0.005638 -0.011618 -0.028819 -0.045946 -0.062985 -0.079923 -0.096750 -0.113455 
-0.124752 -0.108491 -0.092133 -0.075687 -0.059166 -0.042583 -0.025954 -0.009299 0.007362 0.024005 0.040600 0.057117 0.073519 0.089767 0.105816 0.121615 0.137111 0.152242 0.166943 0.181145 0.194772 0.207744 0.219980 0.231394 0.241901 0.251417 0.259860 0.267152 0.273223 0.278013 0.281472 0.283562 0.284262 0.283562 0.281472 0.278013 0.273223 0.267152 0.259860 0.251417 0.241901 0.231394 0.219980 0.207744 0.194772 0.181145 0.166943 0.152242 0.137111 0.121615 0.105816 0.089767 0.073519 0.057117 0.040600 0.024005 0.007362 -0.009299 -0.025954 -0.042583 -0.059166 -0.075687 -0.092133 -0.108491 -0.124752 
-0.136253 -0.120430 -0.104532 -0.088570 -0.072555 -0.056503 -0.040431 -0.024358 -0.008305 0.007702 0.023636 0.039464 0.055153 0.070662 0.085950 0.100967 0.115664 0.129982 0.143862 0.157239 0.170044 0.182206 0.193652 0.204306 0.214092 0.222938 0.230772 0.237527 0.243143 0.247569 0.250762 0.252690 0.253335 0.252690 0.250762 0.247569 0.243143 0.237527 0.230772 0.222938 0.214092 0.204306 0.193652 0.182206 0.170044 0.157239 0.143862 0.129982 0.115664 0.100967 0.085950 0.070662 0.055153 0.039464 0.023636 0.007702 -0.008305 -0.024358 -0.040431 -0.056503 -0.072555 -0.088570 -0.104532 -0.120430 -0.136253 
-0.147934 -0.132543 -0.117097 -0.101607 -0.086087 -0.070552 -0.055020 -0.039509 -0.024043 -0.008646 0.006654 0.021827 0.036837 0.051648 0.066219 0.080503 0.094453 0.108016 0.121135 0.133752 0.145805 0.157228 0.167956 0.177921 0.187059 0.195303 0.202592 0.208868 0.214080 0.218183 0.221140 0.222925 0.223522 0.222925 0.221140 0.218183 0.214080 0.208868 0.202592 0.195303 0.187059 0.177921 0.167956 0.157228 0.145805 0.133752 0.121135 0.108016 0.094453 0.080503 0.066219 0.051648 0.036837 0.021827 0.006654 -0.008646 -0.024043 -0.039509 -0.055020 -0.070552 -0.086087 -0.101607 -0.117097 -0.132543 -0.147934 
-0.159776 -0.144808 -0.129804 -0.114776 -0.099737 -0.084704 -0.069694 -0.054727 -0.039826 -0.025014 -0.010319 0.004229 0.018596 0.032747 0.046643 0.060240 0.073493 0.086353 0.098769 0.110685 0.122046 0.132794 0.142868 0.152210 0.160760 0.168463 0.175263 0.181111 0.185961 0.189776 0.192524 0.194182 0.194736 0.194182 0.192524 0.189776 0.185961 0.181111 0.175263 0.168463 0.160760 0.152210 0.142868 0.132794 0.122046 0.110685 0.098769 0.086353 0.073493 0.060240 0.046643 0.032747 0.018596 0.004229 -0.010319 -0.025014 -0.039826 -0.054727 -0.069694 -0.084704 -0.099737 -0.114776 -0.129804 -0.144808 -0.159776 
-0.171758 -0.157204 -0.142632 -0.128054 -0.113483 -0.098937 -0.084432 -0.069989 -0.055629 -0.041377 -0.027260 -0.013307 0.000451 0.013979 0.027239 0.040191 0.052794 0.065000 0.076764 0.088034 0.098759 0.108888 0.118365 0.127140 0.135159 0.142372 0.148732 0.154194 0.158721 0.162278 0.164838 0.166383 0.166899 0.166383 0.164838 0.162278 0.158721 0.154194 0.148732 0.142372 0.135159 0.127140 0.118365 0.108888 0.098759 0.088034 0.076764 0.065000 0.052794 0.040191 0.027239 0.013979 0.000451 -0.013307 -0.027260 -0.041377 -0.055629 -0.069989 -0.084432 -0.098937 -0.113483 -0.128054 -0.142632 -0.157204 -0.171758 
-0.183861 -0.169713 -0.155562 -0.141421 -0.127304 -0.113229 -0.099211 -0.085272 -0.071433 -0.057717 -0.044151 -0.030762 -0.017582 -0.004643 0.008020 0.020368 0.032363 0.043961 0.055119 0.065792 0.075932 0.085493 0.094425 0.102682 0.110218 0.116988 0.122949 0.128065 0.132300 0.135625 0.138018 0.139460 0.139942 0.139460 0.138018 0.135625 0.132300 0.128065 0.122949 0.116988 0.110218 0.102682 0.094425 0.085493 0.075932 0.065792 0.055119 0.043961 0.032363 0.020368 0.008020 -0.004643 -0.017582 -0.030762 -0.044151 -0.057717 -0.071433 -0.085272 -0.099211 -0.113229 -0.127304 -0.141421 -0.155562 -0.169713 -0.183861 
-0.196069 -0.182316 -0.168575 -0.154859 -0.141182 -0.127562 -0.114014 -0.100559 -0.087219 -0.074015 -0.060974 -0.048122 -0.035489 -0.023105 -0.011004 0.000778 0.012204 0.023236 0.033833 0.043953 0.053553 0.062592 0.071024 0.078809 0.085905 0.092271 0.097872 0.102673 0.106645 0.109761 0.112002 0.113353 0.113805 0.113353 0.112002 0.109761 0.106645 0.102673 0.097872 0.092271 0.085905 0.078809 0.071024 0.062592 0.053553 0.043953 0.033833 0.023236 0.012204 0.000778 -0.011004 -0.023105 -0.035489 -0.048122 -0.060974 -0.074015 -0.087219 -0.100559 -0.114014 -0.127562 -0.141182 -0.154859 -0.168575 -0.182316 -0.196069 
-0.208365 -0.194998 -0.181655 -0.168351 -0.155100 -0.141918 -0.128823 -0.115834 -0.102970 -0.090256 -0.077715 -0.065372 -0.053257 -0.041397 -0.029826 -0.018575 -0.007680 0.002824 0.012899 0.022507 0.031610 0.040167 0.048141 0.055493 0.062186 0.068185 0.073458 0.077974 0.081707 0.084634 0.086739 0.088006 0.088430 0.088006 0.086739 0.084634 0.081707 0.077974 0.073458 0.068185 0.062186 0.055493 0.048141 0.040167 0.031610 0.022507 0.012899 0.002824 -0.007680 -0.018575 -0.029826 -0.041397 -0.053257 -0.065372 -0.077715 -0.090256 -0.102970 -0.115834 -0.128823 -0.141918 -0.155100 -0.168351 -0.181655 -0.194998 -0.208365 
-0.220736 -0.207742 -0.194787 -0.181882 -0.169042 -0.156284 -0.143624 -0.131081 -0.118674 -0.106427 -0.094361 -0.082502 -0.070877 -0.059512 -0.048438 -0.037686 -0.027288 -0.017276 -0.007687 0.001446 0.010088 0.018202 0.025753 0.032708 0.039033 0.044696 0.049669 0.053926 0.057441 0.060197 0.062177 0.063370 0.063769 0.063370 0.062177 0.060197 0.057441 0.053926 0.049669 0.044696 0.039033 0.032708 0.025753 0.018202 0.010088 0.001446 -0.007687 -0.017276 -0.027288 -0.037686 -0.048438 -0.059512 -0.070877 -0.082502 -0.094361 -0.106427 -0.118674 -0.131081 -0.143624 -0.156284 -0.169042 -0.181882 -0.194787 -0.207742 -0.220736 
-0.233166 -0.220537 -0.207956 -0.195438 -0.182995 -0.170645 -0.158403 -0.146287 -0.134318 -0.122516 -0.110903 -0.099503 -0.088341 -0.077444 -0.066839 -0.056554 -0.046621 -0.037070 -0.027932 -0.019240 -0.011026 -0.003322 0.003840 0.010430 0.016416 0.021772 0.026472 0.030491 0.033809 0.036408 0.038275 0.039400 0.039775 0.039400 0.038275 0.036408 0.033809 0.030491 0.026472 0.021772 0.016416 0.010430 0.003840 -0.003322 -0.011026 -0.019240 -0.027932 -0.037070 -0.046621 -0.056554 -0.066839 -0.077444 -0.088341 -0.099503 -0.110903 -0.122516 -0.134318 -0.146287 -0.158403 -0.170645 -0.182995 -0.195438 -0.207956 -0.220537 -0.233166 
