79 79
6.098667e+00 0 5
-0.175145 -0.164246 -0.153381 -0.142559 -0.131787 -0.121074 -0.110429 -0.099862 -0.089382 -0.079001 -0.068730 -0.058581 -0.048567 -0.038703 -0.029001 -0.019477 -0.010146 -0.001024 0.007871 0.016524 0.024915 0.033028 0.040843 0.048342 0.055507 0.062319 0.068758 0.074808 0.080450 0.085667 0.090442 0.094761 0.098607 0.101970 0.104836 0.107195 0.109039 0.110361 0.111156 0.111422 0.111156 0.110361 0.109039 0.107195 0.104836 0.101970 0.098607 0.094761 0.090442 0.085667 0.080450 0.074808 0.068758 0.062319 0.055507 0.048342 0.040843 0.033028 0.024915 0.016524 0.007871 -0.001024 -0.010146 -0.019477 -0.029001 -0.038703 -0.048567 -0.058581 -0.068730 -0.079001 -0.089382 -0.099862 -0.110429 -0.121074 -0.131787 -0.142559 -0.153381 -0.164246 -0.175145 
-0.164532 -0.153381 -0.142259 -0.131173 -0.120131 -0.109142 -0.098214 -0.087358 -0.076584 -0.065904 -0.055328 -0.044870 -0.034543 -0.024361 -0.014339 -0.004492 0.005163 0.014610 0.023830 0.032806 0.041519 0.049950 0.058078 0.065884 0.073348 0.080450 0.087169 0.093486 0.099381 0.104836 0.109832 0.114352 0.118381 0.121904 0.124908 0.127382 0.129316 0.130703 0.131538 0.131816 0.131538 0.130703 0.129316 0.127382 0.124908 0.121904 0.118381 0.114352 0.109832 0.104836 0.099381 0.093486 0.087169 0.080450 0.073348 0.065884 0.058078 0.049950 0.041519 0.032806 0.023830 0.014610 0.005163 -0.004492 -0.014339 -0.024361 -0.034543 -0.044870 -0.055328 -0.065904 -0.076584 -0.087358 -0.098214 -0.109142 -0.120131 -0.131173 -0.142259 -0.153381 -0.164532 
-0.153967 -0.142559 -0.131173 -0.119816 -0.108497 -0.097223 -0.086004 -0.074851 -0.063773 -0.052782 -0.041890 -0.031111 -0.020458 -0.009945 0.000412 0.010596 0.020592 0.030380 0.039943 0.049260 0.058313 0.067080 0.075540 0.083672 0.091454 0.098865 0.105883 0.112485 0.118651 0.124360 0.129593 0.134331 0.138556 0.142252 0.145406 0.148003 0.150035 0.151492 0.152369 0.152661 0.152369 0.151492 0.150035 0.148003 0.145406 0.142252 0.138556 0.134331 0.129593 0.124360 0.118651 0.112485 0.105883 0.098865 0.091454 0.083672 0.075540 0.067080 0.058313 0.049260 0.039943 0.030380 0.020592 0.010596 0.000412 -0.009945 -0.020458 -0.031111 -0.041890 -0.052782 -0.063773 -0.074851 -0.086004 -0.097223 -0.108497 -0.119816 -0.131173 -0.142559 -0.153967 
-0.143458 -0.131787 -0.120131 -0.108497 -0.096892 -0.085326 -0.073807 -0.062346 -0.050954 -0.039642 -0.028423 -0.017310 -0.006317 0.004540 0.015247 0.025785 0.036137 0.046284 0.056207 0.065884 0.075296 0.084419 0.093231 0.101710 0.109832 0.117572 0.124908 0.131816 0.138273 0.144256 0.149744 0.154716 0.159152 0.163036 0.166350 0.169081 0.171218 0.172751 0.173674 0.173982 0.173674 0.172751 0.171218 0.169081 0.166350 0.163036 0.159152 0.154716 0.149744 0.144256 0.138273 0.131816 0.124908 0.117572 0.109832 0.101710 0.093231 0.084419 0.075296 0.065884 0.056207 0.046284 0.036137 0.025785 0.015247 0.004540 -0.006317 -0.017310 -0.028423 -0.039642 -0.050954 -0.062346 -0.073807 -0.085326 -0.096892 -0.108497 -0.120131 -0.131787 -0.143458 
-0.133014 -0.121074 -0.109142 -0.097223 -0.085326 -0.073459 -0.061632 -0.049854 -0.038138 -0.026494 -0.014935 -0.003475 0.007871 0.019089 0.030160 0.041068 0.051794 0.062319 0.072620 0.082678 0.092469 0.101970 0.111156 0.120003 0.128486 0.136579 0.144256 0.151492 0.158261 0.164539 0.170301 0.175525 0.180190 0.184276 0.187765 0.190641 0.192892 0.194508 0.195480 0.195805 0.195480 0.194508 0.192892 0.190641 0.187765 0.184276 0.180190 0.175525 0.170301 0.164539 0.158261 0.151492 0.144256 0.136579 0.128486 0.120003 0.111156 0.101970 0.092469 0.082678 0.072620 0.062319 0.051794 0.041068 0.030160 0.019089 0.007871 -0.003475 -0.014935 -0.026494 -0.038138 -0.049854 -0.061632 -0.073459 -0.085326 -0.097223 -0.109142 -0.121074 -0.133014 
-0.122642 -0.110429 -0.098214 -0.086004 -0.073807 -0.061632 -0.049487 -0.037383 -0.025332 -0.013344 -0.001434 0.010386 0.022100 0.033692 0.045145 0.056440 0.067559 0.078479 0.089180 0.099639 0.109832 0.119733 0.129316 0.138556 0.147425 0.155894 0.163937 0.171524 0.178629 0.185224 0.191283 0.196780 0.201692 0.205997 0.209675 0.212709 0.215085 0.216790 0.217817 0.218159 0.217817 0.216790 0.215085 0.212709 0.209675 0.205997 0.201692 0.196780 0.191283 0.185224 0.178629 0.171524 0.163937 0.155894 0.147425 0.138556 0.129316 0.119733 0.109832 0.099639 0.089180 0.078479 0.067559 0.056440 0.045145 0.033692 0.022100 0.010386 -0.001434 -0.013344 -0.025332 -0.037383 -0.049487 -0.061632 -0.073807 -0.086004 -0.098214 -0.110429 -0.122642 
-0.112354 -0.099862 -0.087358 -0.074851 -0.062346 -0.049854 -0.037383 -0.024944 -0.012547 -0.000204 0.012071 0.024264 0.036360 0.048342 0.060193 0.071894 0.083423 0.094761 0.105883 0.116765 0.127382 0.137708 0.147714 0.157372 0.166653 0.175525 0.183960 0.191926 0.199393 0.206330 0.212709 0.218502 0.223683 0.228226 0.232110 0.235315 0.237826 0.239629 0.240715 0.241077 0.240715 0.239629 0.237826 0.235315 0.232110 0.228226 0.223683 0.218502 0.212709 0.206330 0.199393 0.191926 0.183960 0.175525 0.166653 0.157372 0.147714 0.137708 0.127382 0.116765 0.105883 0.094761 0.083423 0.071894 0.060193 0.048342 0.036360 0.024264 0.012071 -0.000204 -0.012547 -0.024944 -0.037383 -0.049854 -0.062346 -0.074851 -0.087358 -0.099862 -0.112354 
-0.102158 -0.089382 -0.076584 -0.063773 -0.050954 -0.038138 -0.025332 -0.012547 0.000206 0.012916 0.025567 0.038148 0.050641 0.063029 0.075296 0.087420 0.099381 0.111156 0.122721 0.134051 0.145118 0.155894 0.166350 0.176454 0.186175 0.195480 0.204336 0.212709 0.220567 0.227874 0.234601 0.240715 0.246187 0.250989 0.255098 0.258491 0.261149 0.263059 0.264209 0.264593 0.264209 0.263059 0.261149 0.258491 0.255098 0.250989 0.246187 0.240715 0.234601 0.227874 0.220567 0.212709 0.204336 0.195480 0.186175 0.176454 0.166350 0.155894 0.145118 0.134051 0.122721 0.111156 0.099381 0.087420 0.075296 0.063029 0.050641 0.038148 0.025567 0.012916 0.000206 -0.012547 -0.025332 -0.038138 -0.050954 -0.063773 -0.076584 -0.089382 -0.102158 
-0.092066 -0.079001 -0.065904 -0.052782 -0.039642 -0.026494 -0.013344 -0.000204 0.012916 0.026003 0.039044 0.052025 0.064931 0.077742 0.090442 0.103010 0.115423 0.127658 0.139690 0.151492 0.163036 0.174290 0.185224 0.195805 0.205997 0.215766 0.225075 0.233888 0.242167 0.249876 0.256979 0.263442 0.269232 0.274318 0.278672 0.282270 0.285090 0.287117 0.288339 0.288746 0.288339 0.287117 0.285090 0.282270 0.278672 0.274318 0.269232 0.263442 0.256979 0.249876 0.242167 0.233888 0.225075 0.215766 0.205997 0.195805 0.185224 0.174290 0.163036 0.151492 0.139690 0.127658 0.115423 0.103010 0.090442 0.077742 0.064931 0.052025 0.039044 0.026003 0.012916 -0.000204 -0.013344 -0.026494 -0.039642 -0.052782 -0.065904 -0.079001 -0.092066 
-0.082089 -0.068730 -0.055328 -0.041890 -0.028423 -0.014935 -0.001434 0.012071 0.025567 0.039044 0.052488 0.065884 0.079217 0.092469 0.105621 0.118651 0.131538 0.144256 0.156780 0.169081 0.181129 0.192892 0.204336 0.215425 0.226123 0.236389 0.246187 0.255473 0.264209 0.272354 0.279868 0.286711 0.292848 0.298244 0.302867 0.306690 0.309689 0.311845 0.313144 0.313578 0.313144 0.311845 0.309689 0.306690 0.302867 0.298244 0.292848 0.286711 0.279868 0.272354 0.264209 0.255473 0.246187 0.236389 0.226123 0.215425 0.204336 0.192892 0.181129 0.169081 0.156780 0.144256 0.131538 0.118651 0.105621 0.092469 0.079217 0.065884 0.052488 0.039044 0.025567 0.012071 -0.001434 -0.014935 -0.028423 -0.041890 -0.055328 -0.068730 -0.082089 
-0.072237 -0.058581 -0.044870 -0.031111 -0.017310 -0.003475 0.010386 0.024264 0.038148 0.052025 0.065884 0.079710 0.093486 0.107195 0.120817 0.134331 0.147714 0.160940 0.173982 0.186810 0.199393 0.211696 0.223683 0.235315 0.246554 0.257356 0.267680 0.277480 0.286711 0.295330 0.303290 0.310550 0.317067 0.322803 0.327723 0.331793 0.334988 0.337287 0.338672 0.339135 0.338672 0.337287 0.334988 0.331793 0.327723 0.322803 0.317067 0.310550 0.303290 0.295330 0.286711 0.277480 0.267680 0.257356 0.246554 0.235315 0.223683 0.211696 0.199393 0.186810 0.173982 0.160940 0.147714 0.134331 0.120817 0.107195 0.093486 0.079710 0.065884 0.052025 0.038148 0.024264 0.010386 -0.003475 -0.017310 -0.031111 -0.044870 -0.058581 -0.072237 
-0.062525 -0.048567 -0.034543 -0.020458 -0.006317 0.007871 0.022100 0.036360 0.050641 0.064931 0.079217 0.093486 0.107721 0.121904 0.136016 0.150035 0.163937 0.177696 0.191283 0.204668 0.217817 0.230693 0.243259 0.255473 0.267293 0.278672 0.289563 0.299919 0.309689 0.318823 0.327273 0.334988 0.341923 0.348034 0.353280 0.357624 0.361036 0.363492 0.364973 0.365468 0.364973 0.363492 0.361036 0.357624 0.353280 0.348034 0.341923 0.334988 0.327273 0.318823 0.309689 0.299919 0.289563 0.278672 0.267293 0.255473 0.243259 0.230693 0.217817 0.204668 0.191283 0.177696 0.163937 0.150035 0.136016 0.121904 0.107721 0.093486 0.079217 0.064931 0.050641 0.036360 0.022100 0.007871 -0.006317 -0.020458 -0.034543 -0.048567 -0.062525 
-0.052964 -0.038703 -0.024361 -0.009945 0.004540 0.019089 0.033692 0.048342 0.063029 0.077742 0.092469 0.107195 0.121904 0.136579 0.151200 0.165745 0.180190 0.194508 0.208669 0.222641 0.236389 0.249876 0.263059 0.275896 0.288339 0.300339 0.311845 0.322803 0.333159 0.342857 0.351842 0.360058 0.367454 0.373978 0.379584 0.384232 0.387886 0.390516 0.392103 0.392634 0.392103 0.390516 0.387886 0.384232 0.379584 0.373978 0.367454 0.360058 0.351842 0.342857 0.333159 0.322803 0.311845 0.300339 0.288339 0.275896 0.263059 0.249876 0.236389 0.222641 0.208669 0.194508 0.180190 0.165745 0.151200 0.136579 0.121904 0.107195 0.092469 0.077742 0.063029 0.048342 0.033692 0.019089 0.004540 -0.009945 -0.024361 -0.038703 -0.052964 
-0.043569 -0.029001 -0.014339 0.000412 0.015247 0.030160 0.045145 0.060193 0.075296 0.090442 0.105621 0.120817 0.136016 0.151200 0.166350 0.181443 0.196455 0.211358 0.226123 0.240715 0.255098 0.269232 0.283074 0.296576 0.309689 0.322359 0.334530 0.346144 0.357139 0.367454 0.377026 0.385794 0.393697 0.400679 0.406687 0.411672 0.415594 0.418421 0.420126 0.420697 0.420126 0.418421 0.415594 0.411672 0.406687 0.400679 0.393697 0.385794 0.377026 0.367454 0.357139 0.346144 0.334530 0.322359 0.309689 0.296576 0.283074 0.269232 0.255098 0.240715 0.226123 0.211358 0.196455 0.181443 0.166350 0.151200 0.136016 0.120817 0.105621 0.090442 0.075296 0.060193 0.045145 0.030160 0.015247 0.000412 -0.014339 -0.029001 -0.043569 
-0.034353 -0.019477 -0.004492 0.010596 0.025785 0.041068 0.056440 0.071894 0.087420 0.103010 0.118651 0.134331 0.150035 0.165745 0.181443 0.197106 0.212709 0.228226 0.243624 0.258869 0.273924 0.288746 0.303290 0.317506 0.331339 0.344732 0.357624 0.369950 0.381643 0.392634 0.402853 0.412230 0.420697 0.428188 0.434642 0.440004 0.444228 0.447273 0.449112 0.449727 0.449112 0.447273 0.444228 0.440004 0.434642 0.428188 0.420697 0.412230 0.402853 0.392634 0.381643 0.369950 0.357624 0.344732 0.331339 0.317506 0.303290 0.288746 0.273924 0.258869 0.243624 0.228226 0.212709 0.197106 0.181443 0.165745 0.150035 0.134331 0.118651 0.103010 0.087420 0.071894 0.056440 0.041068 0.025785 0.010596 -0.004492 -0.019477 -0.034353 
-0.025332 -0.010146 0.005163 0.020592 0.036137 0.051794 0.067559 0.083423 0.099381 0.115423 0.131538 0.147714 0.163937 0.180190 0.196455 0.212709 0.228929 0.245086 0.261149 0.277083 0.292848 0.308401 0.323693 0.338672 0.353280 0.367454 0.381127 0.394230 0.406687 0.418421 0.429353 0.439405 0.448498 0.456557 0.463511 0.469296 0.473858 0.477149 0.479138 0.479804 0.479138 0.477149 0.473858 0.469296 0.463511 0.456557 0.448498 0.439405 0.429353 0.418421 0.406687 0.394230 0.381127 0.367454 0.353280 0.338672 0.323693 0.308401 0.292848 0.277083 0.261149 0.245086 0.228929 0.212709 0.196455 0.180190 0.163937 0.147714 0.131538 0.115423 0.099381 0.083423 0.067559 0.051794 0.036137 0.020592 0.005163 -0.010146 -0.025332 
-0.016520 -0.001024 0.014610 0.030380 0.046284 0.062319 0.078479 0.094761 0.111156 0.127658 0.144256 0.160940 0.177696 0.194508 0.211358 0.228226 0.245086 0.261912 0.278672 0.295330 0.311845 0.328173 0.344263 0.360058 0.375499 0.390516 0.405039 0.418988 0.432282 0.444835 0.456557 0.467358 0.477149 0.485844 0.493360 0.499622 0.504565 0.508136 0.510295 0.511017 0.510295 0.508136 0.504565 0.499622 0.493360 0.485844 0.477149 0.467358 0.456557 0.444835 0.432282 0.418988 0.405039 0.390516 0.375499 0.360058 0.344263 0.328173 0.311845 0.295330 0.278672 0.261912 0.245086 0.228226 0.211358 0.194508 0.177696 0.160940 0.144256 0.127658 0.111156 0.094761 0.078479 0.062319 0.046284 0.030380 0.014610 -0.001024 -0.016520 
-0.007933 0.007871 0.023830 0.039943 0.056207 0.072620 0.089180 0.105883 0.122721 0.139690 0.156780 0.173982 0.191283 0.208669 0.226123 0.243624 0.261149 0.278672 0.296160 0.313578 0.330885 0.348034 0.364973 0.381643 0.397979 0.413908 0.429353 0.444228 0.458441 0.471896 0.484493 0.496130 0.506704 0.516113 0.524263 0.531065 0.536442 0.540330 0.542683 0.543470 0.542683 0.540330 0.536442 0.531065 0.524263 0.516113 0.506704 0.496130 0.484493 0.471896 0.458441 0.444228 0.429353 0.413908 0.397979 0.381643 0.364973 0.348034 0.330885 0.313578 0.296160 0.278672 0.261149 0.243624 0.226123 0.208669 0.191283 0.173982 0.156780 0.139690 0.122721 0.105883 0.089180 0.072620 0.056207 0.039943 0.023830 0.007871 -0.007933 
0.000412 0.016524 0.032806 0.049260 0.065884 0.082678 0.099639 0.116765 0.134051 0.151492 0.169081 0.186810 0.204668 0.222641 0.240715 0.258869 0.277083 0.295330 0.313578 0.331793 0.349933 0.367952 0.385794 0.403398 0.420697 0.437612 0.454059 0.469945 0.485168 0.499622 0.513193 0.525764 0.537216 0.547433 0.556301 0.563717 0.569589 0.573841 0.576416 0.577278 0.576416 0.573841 0.569589 0.563717 0.556301 0.547433 0.537216 0.525764 0.513193 0.499622 0.485168 0.469945 0.454059 0.437612 0.420697 0.403398 0.385794 0.367952 0.349933 0.331793 0.313578 0.295330 0.277083 0.258869 0.240715 0.222641 0.204668 0.186810 0.169081 0.151492 0.134051 0.116765 0.099639 0.082678 0.065884 0.049260 0.032806 0.016524 0.000412 
0.008499 0.024915 0.041519 0.058313 0.075296 0.092469 0.109832 0.127382 0.145118 0.163036 0.181129 0.199393 0.217817 0.236389 0.255098 0.273924 0.292848 0.311845 0.330885 0.349933 0.368949 0.387886 0.406687 0.425289 0.443621 0.461602 0.479138 0.496130 0.512466 0.528026 0.542683 0.556301 0.568745 0.579877 0.589564 0.597683 0.604124 0.608795 0.611626 0.612574 0.611626 0.608795 0.604124 0.597683 0.589564 0.579877 0.568745 0.556301 0.542683 0.528026 0.512466 0.496130 0.479138 0.461602 0.443621 0.425289 0.406687 0.387886 0.368949 0.349933 0.330885 0.311845 0.292848 0.273924 0.255098 0.236389 0.217817 0.199393 0.181129 0.163036 0.145118 0.127382 0.109832 0.092469 0.075296 0.058313 0.041519 0.024915 0.008499 
0.016311 0.033028 0.049950 0.067080 0.084419 0.101970 0.119733 0.137708 0.155894 0.174290 0.192892 0.211696 0.230693 0.249876 0.269232 0.288746 0.308401 0.328173 0.348034 0.367952 0.387886 0.407789 0.427606 0.447273 0.466714 0.485844 0.504565 0.522768 0.540330 0.557118 0.572987 0.587784 0.601350 0.613525 0.624151 0.633081 0.640179 0.645335 0.648464 0.649513 0.648464 0.645335 0.640179 0.633081 0.624151 0.613525 0.601350 0.587784 0.572987 0.557118 0.540330 0.522768 0.504565 0.485844 0.466714 0.447273 0.427606 0.407789 0.387886 0.367952 0.348034 0.328173 0.308401 0.288746 0.269232 0.249876 0.230693 0.211696 0.192892 0.174290 0.155894 0.137708 0.119733 0.101970 0.084419 0.067080 0.049950 0.033028 0.016311 
0.023830 0.040843 0.058078 0.075540 0.093231 0.111156 0.129316 0.147714 0.166350 0.185224 0.204336 0.223683 0.243259 0.263059 0.283074 0.303290 0.323693 0.344263 0.364973 0.385794 0.406687 0.427606 0.448498 0.469296 0.489925 0.510295 0.530303 0.549831 0.568745 0.586897 0.604124 0.620252 0.635095 0.648464 0.660172 0.670040 0.677905 0.683629 0.687107 0.688274 0.687107 0.683629 0.677905 0.670040 0.660172 0.648464 0.635095 0.620252 0.604124 0.586897 0.568745 0.549831 0.530303 0.510295 0.489925 0.469296 0.448498 0.427606 0.406687 0.385794 0.364973 0.344263 0.323693 0.303290 0.283074 0.263059 0.243259 0.223683 0.204336 0.185224 0.166350 0.147714 0.129316 0.111156 0.093231 0.075540 0.058078 0.040843 0.023830 
0.031040 0.048342 0.065884 0.083672 0.101710 0.120003 0.138556 0.157372 0.176454 0.195805 0.215425 0.235315 0.255473 0.275896 0.296576 0.317506 0.338672 0.360058 0.381643 0.403398 0.425289 0.447273 0.469296 0.491295 0.513193 0.534898 0.556301 0.577278 0.597683 0.617354 0.636106 0.653740 0.670040 0.684785 0.697748 0.708711 0.717476 0.723869 0.727761 0.729068 0.727761 0.723869 0.717476 0.708711 0.697748 0.684785 0.670040 0.653740 0.636106 0.617354 0.597683 0.577278 0.556301 0.534898 0.513193 0.491295 0.469296 0.447273 0.425289 0.403398 0.381643 0.360058 0.338672 0.317506 0.296576 0.275896 0.255473 0.235315 0.215425 0.195805 0.176454 0.157372 0.138556 0.120003 0.101710 0.083672 0.065884 0.048342 0.031040 
0.037924 0.055507 0.073348 0.091454 0.109832 0.128486 0.147425 0.166653 0.186175 0.205997 0.226123 0.246554 0.267293 0.288339 0.309689 0.331339 0.353280 0.375499 0.397979 0.420697 0.443621 0.466714 0.489925 0.513193 0.536442 0.559579 0.582494 0.605054 0.627104 0.648464 0.668930 0.688274 0.706246 0.722582 0.737009 0.749262 0.759092 0.766283 0.770669 0.772143 0.770669 0.766283 0.759092 0.749262 0.737009 0.722582 0.706246 0.688274 0.668930 0.648464 0.627104 0.605054 0.582494 0.559579 0.536442 0.513193 0.489925 0.466714 0.443621 0.420697 0.397979 0.375499 0.353280 0.331339 0.309689 0.288339 0.267293 0.246554 0.226123 0.205997 0.186175 0.166653 0.147425 0.128486 0.109832 0.091454 0.073348 0.055507 0.037924 
0.044463 0.062319 0.080450 0.098865 0.117572 0.136579 0.155894 0.175525 0.195480 0.215766 0.236389 0.257356 0.278672 0.300339 0.322359 0.344732 0.367454 0.390516 0.413908 0.437612 0.461602 0.485844 0.510295 0.534898 0.559579 0.584249 0.608795 0.633081 0.656942 0.680184 0.702579 0.723869 0.743765 0.761951 0.778100 0.791883 0.802987 0.811138 0.816120 0.817797 0.816120 0.811138 0.802987 0.791883 0.778100 0.761951 0.743765 0.723869 0.702579 0.680184 0.656942 0.633081 0.608795 0.584249 0.559579 0.534898 0.510295 0.485844 0.461602 0.437612 0.413908 0.390516 0.367454 0.344732 0.322359 0.300339 0.278672 0.257356 0.236389 0.215766 0.195480 0.175525 0.155894 0.136579 0.117572 0.098865 0.080450 0.062319 0.044463 
0.050641 0.068758 0.087169 0.105883 0.124908 0.144256 0.163937 0.183960 0.204336 0.225075 0.246187 0.267680 0.289563 0.311845 0.334530 0.357624 0.381127 0.405039 0.429353 0.454059 0.479138 0.504565 0.530303 0.556301 0.582494 0.608795 0.635095 0.661256 0.687107 0.712441 0.737009 0.760519 0.782635 0.802987 0.821174 0.836788 0.849432 0.858751 0.864465 0.866391 0.864465 0.858751 0.849432 0.836788 0.821174 0.802987 0.782635 0.760519 0.737009 0.712441 0.687107 0.661256 0.635095 0.608795 0.582494 0.556301 0.530303 0.504565 0.479138 0.454059 0.429353 0.405039 0.381127 0.357624 0.334530 0.311845 0.289563 0.267680 0.246187 0.225075 0.204336 0.183960 0.163937 0.144256 0.124908 0.105883 0.087169 0.068758 0.050641 
0.056440 0.074808 0.093486 0.112485 0.131816 0.151492 0.171524 0.191926 0.212709 0.233888 0.255473 0.277480 0.299919 0.322803 0.346144 0.369950 0.394230 0.418988 0.444228 0.469945 0.496130 0.522768 0.549831 0.577278 0.605054 0.633081 0.661256 0.689445 0.717476 0.745131 0.772143 0.798185 0.822875 0.845772 0.866391 0.884217 0.898744 0.909506 0.916128 0.918364 0.916128 0.909506 0.898744 0.884217 0.866391 0.845772 0.822875 0.798185 0.772143 0.745131 0.717476 0.689445 0.661256 0.633081 0.605054 0.577278 0.549831 0.522768 0.496130 0.469945 0.444228 0.418988 0.394230 0.369950 0.346144 0.322803 0.299919 0.277480 0.255473 0.233888 0.212709 0.191926 0.171524 0.151492 0.131816 0.112485 0.093486 0.074808 0.056440 
0.061845 0.080450 0.099381 0.118651 0.138273 0.158261 0.178629 0.199393 0.220567 0.242167 0.264209 0.286711 0.309689 0.333159 0.357139 0.381643 0.406687 0.432282 0.458441 0.485168 0.512466 0.540330 0.568745 0.597683 0.627104 0.656942 0.687107 0.717476 0.747880 0.778100 0.807855 0.836788 0.864465 0.890368 0.913907 0.934435 0.951294 0.963865 0.971635 0.974265 0.971635 0.963865 0.951294 0.934435 0.913907 0.890368 0.864465 0.836788 0.807855 0.778100 0.747880 0.717476 0.687107 0.656942 0.627104 0.597683 0.568745 0.540330 0.512466 0.485168 0.458441 0.432282 0.406687 0.381643 0.357139 0.333159 0.309689 0.286711 0.264209 0.242167 0.220567 0.199393 0.178629 0.158261 0.138273 0.118651 0.099381 0.080450 0.061845 
0.066840 0.085667 0.104836 0.124360 0.144256 0.164539 0.185224 0.206330 0.227874 0.249876 0.272354 0.295330 0.318823 0.342857 0.367454 0.392634 0.418421 0.444835 0.471896 0.499622 0.528026 0.557118 0.586897 0.617354 0.648464 0.680184 0.712441 0.745131 0.778100 0.811138 0.843957 0.876181 0.907327 0.936793 0.963865 0.987727 1.007517 1.022394 1.031645 1.034785 1.031645 1.022394 1.007517 0.987727 0.963865 0.936793 0.907327 0.876181 0.843957 0.811138 0.778100 0.745131 0.712441 0.680184 0.648464 0.617354 0.586897 0.557118 0.528026 0.499622 0.471896 0.444835 0.418421 0.392634 0.367454 0.342857 0.318823 0.295330 0.272354 0.249876 0.227874 0.206330 0.185224 0.164539 0.144256 0.124360 0.104836 0.085667 0.066840 
0.071410 0.090442 0.109832 0.129593 0.149744 0.170301 0.191283 0.212709 0.234601 0.256979 0.279868 0.303290 0.327273 0.351842 0.377026 0.402853 0.429353 0.456557 0.484493 0.513193 0.542683 0.572987 0.604124 0.636106 0.668930 0.702579 0.737009 0.772143 0.807855 0.843957 0.880176 0.916128 0.951294 0.984992 1.016365 1.044387 1.067916 1.085794 1.096997 1.100817 1.096997 1.085794 1.067916 1.044387 1.016365 0.984992 0.951294 0.916128 0.880176 0.843957 0.807855 0.772143 0.737009 0.702579 0.668930 0.636106 0.604124 0.572987 0.542683 0.513193 0.484493 0.456557 0.429353 0.402853 0.377026 0.351842 0.327273 0.303290 0.279868 0.256979 0.234601 0.212709 0.191283 0.170301 0.149744 0.129593 0.109832 0.090442 0.071410 
0.075540 0.094761 0.114352 0.134331 0.154716 0.175525 0.196780 0.218502 0.240715 0.263442 0.286711 0.310550 0.334988 0.360058 0.385794 0.412230 0.439405 0.467358 0.496130 0.525764 0.556301 0.587784 0.620252 0.653740 0.688274 0.723869 0.760519 0.798185 0.836788 0.876181 0.916128 0.956267 0.996068 1.034785 1.071416 1.104681 1.133062 1.154933 1.168785 1.173535 1.168785 1.154933 1.133062 1.104681 1.071416 1.034785 0.996068 0.956267 0.916128 0.876181 0.836788 0.798185 0.760519 0.723869 0.688274 0.653740 0.620252 0.587784 0.556301 0.525764 0.496130 0.467358 0.439405 0.412230 0.385794 0.360058 0.334988 0.310550 0.286711 0.263442 0.240715 0.218502 0.196780 0.175525 0.154716 0.134331 0.114352 0.094761 0.075540 
0.079217 0.098607 0.118381 0.138556 0.159152 0.180190 0.201692 0.223683 0.246187 0.269232 0.292848 0.317067 0.341923 0.367454 0.393697 0.420697 0.448498 0.477149 0.506704 0.537216 0.568745 0.601350 0.635095 0.670040 0.706246 0.743765 0.782635 0.822875 0.864465 0.907327 0.951294 0.996068 1.041156 1.085794 1.128856 1.168785 1.203572 1.230895 1.248460 1.254532 1.248460 1.230895 1.203572 1.168785 1.128856 1.085794 1.041156 0.996068 0.951294 0.907327 0.864465 0.822875 0.782635 0.743765 0.706246 0.670040 0.635095 0.601350 0.568745 0.537216 0.506704 0.477149 0.448498 0.420697 0.393697 0.367454 0.341923 0.317067 0.292848 0.269232 0.246187 0.223683 0.201692 0.180190 0.159152 0.138556 0.118381 0.098607 0.079217 
0.082430 0.101970 0.121904 0.142252 0.163036 0.184276 0.205997 0.228226 0.250989 0.274318 0.298244 0.322803 0.348034 0.373978 0.400679 0.428188 0.456557 0.485844 0.516113 0.547433 0.579877 0.613525 0.648464 0.684785 0.722582 0.761951 0.802987 0.845772 0.890368 0.936793 0.984992 1.034785 1.085794 1.137322 1.188210 1.236645 1.280027 1.315016 1.337998 1.346041 1.337998 1.315016 1.280027 1.236645 1.188210 1.137322 1.085794 1.034785 0.984992 0.936793 0.890368 0.845772 0.802987 0.761951 0.722582 0.684785 0.648464 0.613525 0.579877 0.547433 0.516113 0.485844 0.456557 0.428188 0.400679 0.373978 0.348034 0.322803 0.298244 0.274318 0.250989 0.228226 0.205997 0.184276 0.163036 0.142252 0.121904 0.101970 0.082430 
0.085167 0.104836 0.124908 0.145406 0.166350 0.187765 0.209675 0.232110 0.255098 0.278672 0.302867 0.327723 0.353280 0.379584 0.406687 0.434642 0.463511 0.493360 0.524263 0.556301 0.589564 0.624151 0.660172 0.697748 0.737009 0.778100 0.821174 0.866391 0.913907 0.963865 1.016365 1.071416 1.128856 1.188210 1.248460 1.307707 1.362761 1.408871 1.440157 1.451319 1.440157 1.408871 1.362761 1.307707 1.248460 1.188210 1.128856 1.071416 1.016365 0.963865 0.913907 0.866391 0.821174 0.778100 0.737009 0.697748 0.660172 0.624151 0.589564 0.556301 0.524263 0.493360 0.463511 0.434642 0.406687 0.379584 0.353280 0.327723 0.302867 0.278672 0.255098 0.232110 0.209675 0.187765 0.166350 0.145406 0.124908 0.104836 0.085167 
0.087420 0.107195 0.127382 0.148003 0.169081 0.190641 0.212709 0.235315 0.258491 0.282270 0.306690 0.331793 0.357624 0.384232 0.411672 0.440004 0.469296 0.499622 0.531065 0.563717 0.597683 0.633081 0.670040 0.708711 0.749262 0.791883 0.836788 0.884217 0.934435 0.987727 1.044387 1.104681 1.168785 1.236645 1.307707 1.380409 1.451319 1.514041 1.558849 1.575366 1.558849 1.514041 1.451319 1.380409 1.307707 1.236645 1.168785 1.104681 1.044387 0.987727 0.934435 0.884217 0.836788 0.791883 0.749262 0.708711 0.670040 0.633081 0.597683 0.563717 0.531065 0.499622 0.469296 0.440004 0.411672 0.384232 0.357624 0.331793 0.306690 0.282270 0.258491 0.235315 0.212709 0.190641 0.169081 0.148003 0.127382 0.107195 0.087420 
0.089180 0.109039 0.129316 0.150035 0.171218 0.192892 0.215085 0.237826 0.261149 0.285090 0.309689 0.334988 0.361036 0.387886 0.415594 0.444228 0.473858 0.504565 0.536442 0.569589 0.604124 0.640179 0.677905 0.717476 0.759092 0.802987 0.849432 0.898744 0.951294 1.007517 1.067916 1.133062 1.203572 1.280027 1.362761 1.451319 1.543176 1.631092 1.699520 1.726336 1.699520 1.631092 1.543176 1.451319 1.362761 1.280027 1.203572 1.133062 1.067916 1.007517 0.951294 0.898744 0.849432 0.802987 0.759092 0.717476 0.677905 0.640179 0.604124 0.569589 0.536442 0.504565 0.473858 0.444228 0.415594 0.387886 0.361036 0.334988 0.309689 0.285090 0.261149 0.237826 0.215085 0.192892 0.171218 0.150035 0.129316 0.109039 0.089180 
0.090442 0.110361 0.130703 0.151492 0.172751 0.194508 0.216790 0.239629 0.263059 0.287117 0.311845 0.337287 0.363492 0.390516 0.418421 0.447273 0.477149 0.508136 0.540330 0.573841 0.608795 0.645335 0.683629 0.723869 0.766283 0.811138 0.858751 0.909506 0.963865 1.022394 1.085794 1.154933 1.230895 1.315016 1.408871 1.514041 1.631092 1.755840 1.868211 1.918296 1.868211 1.755840 1.631092 1.514041 1.408871 1.315016 1.230895 1.154933 1.085794 1.022394 0.963865 0.909506 0.858751 0.811138 0.766283 0.723869 0.683629 0.645335 0.608795 0.573841 0.540330 0.508136 0.477149 0.447273 0.418421 0.390516 0.363492 0.337287 0.311845 0.287117 0.263059 0.239629 0.216790 0.194508 0.172751 0.151492 0.130703 0.110361 0.090442 
0.091201 0.111156 0.131538 0.152369 0.173674 0.195480 0.217817 0.240715 0.264209 0.288339 0.313144 0.338672 0.364973 0.392103 0.420126 0.449112 0.479138 0.510295 0.542683 0.576416 0.611626 0.648464 0.687107 0.727761 0.770669 0.816120 0.864465 0.916128 0.971635 1.031645 1.096997 1.168785 1.248460 1.337998 1.440157 1.558849 1.699520 1.868211 2.058563 2.172693 2.058563 1.868211 1.699520 1.558849 1.440157 1.337998 1.248460 1.168785 1.096997 1.031645 0.971635 0.916128 0.864465 0.816120 0.770669 0.727761 0.687107 0.648464 0.611626 0.576416 0.542683 0.510295 0.479138 0.449112 0.420126 0.392103 0.364973 0.338672 0.313144 0.288339 0.264209 0.240715 0.217817 0.195480 0.173674 0.152369 0.131538 0.111156 0.091201 
0.091454 0.111422 0.131816 0.152661 0.173982 0.195805 0.218159 0.241077 0.264593 0.288746 0.313578 0.339135 0.365468 0.392634 0.420697 0.449727 0.479804 0.511017 0.543470 0.577278 0.612574 0.649513 0.688274 0.729068 0.772143 0.817797 0.866391 0.918364 0.974265 1.034785 1.100817 1.173535 1.254532 1.346041 1.451319 1.575366 1.726336 1.918296 2.172693 2.398064 2.172693 1.918296 1.726336 1.575366 1.451319 1.346041 1.254532 1.173535 1.100817 1.034785 0.974265 0.918364 0.866391 0.817797 0.772143 0.729068 0.688274 0.649513 0.612574 0.577278 0.543470 0.511017 0.479804 0.449727 0.420697 0.392634 0.365468 0.339135 0.313578 0.288746 0.264593 0.241077 0.218159 0.195805 0.173982 0.152661 0.131816 0.111422 0.091454 
0.091454 0.111422 0.131816 0.152661 0.173982 0.195805 0.218159 0.241077 0.264593 0.288746 0.313578 0.339135 0.365468 0.392634 0.420696 0.449726 0.479804 0.511017 0.543470 0.577278 0.612574 0.649513 0.688274 0.729068 0.772143 0.817797 0.866390 0.918364 0.974265 1.034785 1.100816 1.173534 1.254531 1.346040 1.451318 1.575365 1.726333 1.918289 2.172677 2.398019 2.172677 1.918289 1.726333 1.575365 1.451318 1.346040 1.254531 1.173534 1.100816 1.034785 0.974265 0.918364 0.866390 0.817797 0.772143 0.729068 0.688274 0.649513 0.612574 0.577278 0.543470 0.511017 0.479804 0.449726 0.420696 0.392634 0.365468 0.339135 0.313578 0.288746 0.264593 0.241077 0.218159 0.195805 0.173982 0.152661 0.131816 0.111422 0.091454 
0.091454 0.111421 0.131816 0.152661 0.173982 0.195805 0.218159 0.241077 0.264593 0.288746 0.313578 0.339135 0.365468 0.392634 0.420696 0.449726 0.479803 0.511017 0.543470 0.577278 0.612574 0.649513 0.688274 0.729067 0.772142 0.817796 0.866390 0.918363 0.974264 1.034784 1.100815 1.173533 1.254529 1.346037 1.451314 1.575359 1.726323 1.918270 2.172627 2.397882 2.172627 1.918270 1.726323 1.575359 1.451314 1.346037 1.254529 1.173533 1.100815 1.034784 0.974264 0.918363 0.866390 0.817796 0.772142 0.729067 0.688274 0.649513 0.612574 0.577278 0.543470 0.511017 0.479803 0.449726 0.420696 0.392634 0.365468 0.339135 0.313578 0.288746 0.264593 0.241077 0.218159 0.195805 0.173982 0.152661 0.131816 0.111421 0.091454 
0.091190 0.111145 0.131526 0.152356 0.173661 0.195466 0.217802 0.240699 0.264193 0.288321 0.313125 0.338652 0.364951 0.392080 0.420102 0.449085 0.479109 0.510264 0.542648 0.576378 0.611585 0.648419 0.687057 0.727704 0.770605 0.816048 0.864382 0.916031 0.971521 1.031509 1.096832 1.168580 1.248198 1.337653 1.439681 1.558151 1.698408 1.866225 2.054588 2.166498 2.054588 1.866225 1.698408 1.558151 1.439681 1.337653 1.248198 1.168580 1.096832 1.031509 0.971521 0.916031 0.864382 0.816048 0.770605 0.727704 0.687057 0.648419 0.611585 0.576378 0.542648 0.510264 0.479109 0.449085 0.420102 0.392080 0.364951 0.338652 0.313125 0.288321 0.264193 0.240699 0.217802 0.195466 0.173661 0.152356 0.131526 0.111145 0.091190 
0.090420 0.110338 0.130679 0.151467 0.172725 0.194480 0.216760 0.239598 0.263026 0.287082 0.311808 0.337247 0.363449 0.390471 0.418372 0.447220 0.477092 0.508074 0.540263 0.573767 0.608713 0.645245 0.683529 0.723758 0.766158 0.810995 0.858588 0.909317 0.963644 1.022131 1.085476 1.154542 1.230403 1.314378 1.408014 1.512841 1.629335 1.753170 1.864274 1.913595 1.864274 1.753170 1.629335 1.512841 1.408014 1.314378 1.230403 1.154542 1.085476 1.022131 0.963644 0.909317 0.858588 0.810995 0.766158 0.723758 0.683529 0.645245 0.608713 0.573767 0.540263 0.508074 0.477092 0.447220 0.418372 0.390471 0.363449 0.337247 0.311808 0.287082 0.263026 0.239598 0.216760 0.194480 0.172725 0.151467 0.130679 0.110338 0.090420 
0.089148 0.109005 0.129280 0.149997 0.171179 0.192851 0.215041 0.237780 0.261100 0.285038 0.309633 0.334929 0.360973 0.387818 0.415521 0.444149 0.473773 0.504473 0.536342 0.569480 0.604004 0.640047 0.677758 0.717312 0.758908 0.802779 0.849194 0.898470 0.950975 1.007141 1.067466 1.132515 1.202894 1.279170 1.361652 1.449852 1.541205 1.628464 1.696220 1.722725 1.696220 1.628464 1.541205 1.449852 1.361652 1.279170 1.202894 1.132515 1.067466 1.007141 0.950975 0.898470 0.849194 0.802779 0.758908 0.717312 0.677758 0.640047 0.604004 0.569480 0.536342 0.504473 0.473773 0.444149 0.415521 0.387818 0.360973 0.334929 0.309633 0.285038 0.261100 0.237780 0.215041 0.192851 0.171179 0.149997 0.129280 0.109005 0.089148 
0.087377 0.107149 0.127335 0.147953 0.169029 0.190586 0.212651 0.235254 0.258425 0.282200 0.306617 0.331715 0.357540 0.384142 0.411576 0.439901 0.469185 0.499501 0.530933 0.563574 0.597526 0.632907 0.669849 0.708498 0.749024 0.791614 0.836482 0.883867 0.934030 0.987254 1.043828 1.104012 1.167973 1.235647 1.306464 1.378848 1.449366 1.511653 1.556089 1.572454 1.556089 1.511653 1.449366 1.378848 1.306464 1.235647 1.167973 1.104012 1.043828 0.987254 0.934030 0.883867 0.836482 0.791614 0.749024 0.708498 0.669849 0.632907 0.597526 0.563574 0.530933 0.499501 0.469185 0.439901 0.411576 0.384142 0.357540 0.331715 0.306617 0.282200 0.258425 0.235254 0.212651 0.190586 0.169029 0.147953 0.127335 0.107149 0.087377 
0.085114 0.104779 0.124849 0.145344 0.166285 0.187696 0.209603 0.232033 0.255017 0.278586 0.302776 0.327626 0.353176 0.379474 0.406568 0.434514 0.463373 0.493211 0.524102 0.556125 0.589372 0.623940 0.659940 0.697489 0.736721 0.777777 0.820809 0.865975 0.913430 0.963314 1.015722 1.070659 1.127958 1.187134 1.247167 1.306155 1.360918 1.406740 1.437804 1.448881 1.437804 1.406740 1.360918 1.306155 1.247167 1.187134 1.127958 1.070659 1.015722 0.963314 0.913430 0.865975 0.820809 0.777777 0.736721 0.697489 0.659940 0.623940 0.589372 0.556125 0.524102 0.493211 0.463373 0.434514 0.406568 0.379474 0.353176 0.327626 0.302776 0.278586 0.255017 0.232033 0.209603 0.187696 0.166285 0.145344 0.124849 0.104779 0.085114 
0.082366 0.101903 0.121834 0.142179 0.162958 0.184194 0.205911 0.228135 0.250893 0.274216 0.298136 0.322689 0.347912 0.373847 0.400539 0.428037 0.456395 0.485669 0.515924 0.547227 0.579652 0.613279 0.648194 0.684486 0.722250 0.761581 0.802571 0.845303 0.889834 0.936182 0.984289 1.033971 1.084846 1.136217 1.186920 1.235150 1.278318 1.313112 1.335953 1.343943 1.335953 1.313112 1.278318 1.235150 1.186920 1.136217 1.084846 1.033971 0.984289 0.936182 0.889834 0.845303 0.802571 0.761581 0.722250 0.684486 0.648194 0.613279 0.579652 0.547227 0.515924 0.485669 0.456395 0.428037 0.400539 0.373847 0.347912 0.322689 0.298136 0.274216 0.250893 0.228135 0.205911 0.184194 0.162958 0.142179 0.121834 0.101903 0.082366 
0.079143 0.098530 0.118300 0.138471 0.159063 0.180096 0.201593 0.223578 0.246076 0.269115 0.292724 0.316935 0.341783 0.367304 0.393537 0.420525 0.448313 0.476950 0.506488 0.536983 0.568491 0.601073 0.634790 0.669705 0.705876 0.743354 0.782177 0.822362 0.863887 0.906673 0.950551 0.995221 1.040188 1.084689 1.127599 1.167367 1.201996 1.229182 1.246652 1.252690 1.246652 1.229182 1.201996 1.167367 1.127599 1.084689 1.040188 0.995221 0.950551 0.906673 0.863887 0.822362 0.782177 0.743354 0.705876 0.669705 0.634790 0.601073 0.568491 0.536983 0.506488 0.476950 0.448313 0.420525 0.393537 0.367304 0.341783 0.316935 0.292724 0.269115 0.246076 0.223578 0.201593 0.180096 0.159063 0.138471 0.118300 0.098530 0.079143 
0.075456 0.094673 0.114260 0.134235 0.154615 0.175419 0.196668 0.218384 0.240590 0.263310 0.286571 0.310402 0.334831 0.359890 0.385614 0.412038 0.439199 0.467136 0.495891 0.525505 0.556020 0.587478 0.619918 0.653374 0.687872 0.723425 0.760027 0.797638 0.836178 0.875498 0.915362 0.955406 0.995100 1.033701 1.070207 1.103345 1.131608 1.153379 1.167165 1.171891 1.167165 1.153379 1.131608 1.103345 1.070207 1.033701 0.995100 0.955406 0.915362 0.875498 0.836178 0.797638 0.760027 0.723425 0.687872 0.653374 0.619918 0.587478 0.556020 0.525505 0.495891 0.467136 0.439199 0.412038 0.385614 0.359890 0.334831 0.310402 0.286571 0.263310 0.240590 0.218384 0.196668 0.175419 0.154615 0.134235 0.114260 0.094673 0.075456 
0.071316 0.090344 0.109729 0.129486 0.149631 0.170183 0.191159 0.212578 0.234463 0.256833 0.279713 0.303126 0.327099 0.351657 0.376828 0.402642 0.429127 0.456314 0.484232 0.512911 0.542378 0.572656 0.603765 0.635714 0.668502 0.702109 0.736491 0.771571 0.807223 0.843256 0.879399 0.915266 0.950339 0.983939 1.015209 1.043132 1.066570 1.084374 1.095529 1.099332 1.095529 1.084374 1.066570 1.043132 1.015209 0.983939 0.950339 0.915266 0.879399 0.843256 0.807223 0.771571 0.736491 0.702109 0.668502 0.635714 0.603765 0.572656 0.542378 0.512911 0.484232 0.456314 0.429127 0.402642 0.376828 0.351657 0.327099 0.303126 0.279713 0.256833 0.234463 0.212578 0.191159 0.170183 0.149631 0.129486 0.109729 0.090344 0.071316 
0.066737 0.085559 0.104723 0.124243 0.144133 0.164409 0.185088 0.206187 0.227723 0.249716 0.272185 0.295151 0.318634 0.342656 0.367239 0.392406 0.418177 0.444573 0.471615 0.499320 0.527701 0.556766 0.586516 0.616940 0.648014 0.679692 0.711904 0.744542 0.777455 0.810429 0.843179 0.875328 0.906393 0.935777 0.962765 0.986548 1.006267 1.021088 1.030302 1.033430 1.030302 1.021088 1.006267 0.986548 0.962765 0.935777 0.906393 0.875328 0.843179 0.810429 0.777455 0.744542 0.711904 0.679692 0.648014 0.616940 0.586516 0.556766 0.527701 0.499320 0.471615 0.444573 0.418177 0.392406 0.367239 0.342656 0.318634 0.295151 0.272185 0.249716 0.227723 0.206187 0.185088 0.164409 0.144133 0.124243 0.104723 0.085559 0.066737 
0.061733 0.080333 0.099259 0.118523 0.138139 0.158121 0.178482 0.199238 0.220403 0.241995 0.264028 0.286519 0.309486 0.332944 0.356909 0.381399 0.406426 0.432004 0.458143 0.484849 0.512123 0.539960 0.568346 0.597252 0.626636 0.656435 0.686556 0.716876 0.747228 0.777390 0.807082 0.835949 0.863557 0.889391 0.912860 0.933324 0.950128 0.962655 0.970397 0.973018 0.970397 0.962655 0.950128 0.933324 0.912860 0.889391 0.863557 0.835949 0.807082 0.777390 0.747228 0.716876 0.686556 0.656435 0.626636 0.597252 0.568346 0.539960 0.512123 0.484849 0.458143 0.432004 0.406426 0.381399 0.356909 0.332944 0.309486 0.286519 0.264028 0.241995 0.220403 0.199238 0.178482 0.158121 0.138139 0.118523 0.099259 0.080333 0.061733 
0.056320 0.074682 0.093355 0.112347 0.131672 0.151341 0.171366 0.191760 0.212535 0.233704 0.255279 0.277275 0.299702 0.322574 0.345900 0.369691 0.393955 0.418695 0.443914 0.469610 0.495772 0.522383 0.549417 0.576833 0.604574 0.632562 0.660696 0.688840 0.716822 0.744425 0.771381 0.797366 0.821996 0.844834 0.865395 0.883169 0.897651 0.908379 0.914979 0.917208 0.914979 0.908379 0.897651 0.883169 0.865395 0.844834 0.821996 0.797366 0.771381 0.744425 0.716822 0.688840 0.660696 0.632562 0.604574 0.576833 0.549417 0.522383 0.495772 0.469610 0.443914 0.418695 0.393955 0.369691 0.345900 0.322574 0.299702 0.277275 0.255279 0.233704 0.212535 0.191760 0.171366 0.151341 0.131672 0.112347 0.093355 0.074682 0.056320 
0.050512 0.068624 0.087029 0.105736 0.124755 0.144096 0.163769 0.183784 0.204151 0.224880 0.245981 0.267463 0.289335 0.311603 0.334274 0.357353 0.380839 0.404732 0.429027 0.453711 0.478767 0.504168 0.529877 0.555845 0.582004 0.608269 0.634530 0.660649 0.686456 0.711743 0.736262 0.759720 0.781786 0.802087 0.820227 0.835797 0.848405 0.857697 0.863393 0.865312 0.863393 0.857697 0.848405 0.835797 0.820227 0.802087 0.781786 0.759720 0.736262 0.711743 0.686456 0.660649 0.634530 0.608269 0.582004 0.555845 0.529877 0.504168 0.478767 0.453711 0.429027 0.404732 0.380839 0.357353 0.334274 0.311603 0.289335 0.267463 0.245981 0.224880 0.204151 0.183784 0.163769 0.144096 0.124755 0.105736 0.087029 0.068624 0.050512 
0.044326 0.062176 0.080301 0.098710 0.117410 0.136410 0.155717 0.175339 0.195285 0.215561 0.236174 0.257129 0.278432 0.300086 0.322092 0.344449 0.367154 0.390199 0.413571 0.437253 0.461219 0.485437 0.509861 0.534434 0.559084 0.583719 0.608229 0.632476 0.656297 0.679496 0.701848 0.723093 0.742944 0.761088 0.777197 0.790944 0.802018 0.810146 0.815114 0.816786 0.815114 0.810146 0.802018 0.790944 0.777197 0.761088 0.742944 0.723093 0.701848 0.679496 0.656297 0.632476 0.608229 0.583719 0.559084 0.534434 0.509861 0.485437 0.461219 0.437253 0.413571 0.390199 0.367154 0.344449 0.322092 0.300086 0.278432 0.257129 0.236174 0.215561 0.195285 0.175339 0.155717 0.136410 0.117410 0.098710 0.080301 0.062176 0.044326 
0.037779 0.055357 0.073192 0.091291 0.109661 0.128308 0.147238 0.166457 0.185970 0.205782 0.225897 0.246317 0.267043 0.288076 0.309412 0.331046 0.352970 0.375171 0.397632 0.420329 0.443231 0.466299 0.489484 0.512724 0.535943 0.559048 0.581929 0.604454 0.626467 0.647789 0.668216 0.687521 0.705454 0.721753 0.736147 0.748370 0.758175 0.765347 0.769721 0.771191 0.769721 0.765347 0.758175 0.748370 0.736147 0.721753 0.705454 0.687521 0.668216 0.647789 0.626467 0.604454 0.581929 0.559048 0.535943 0.512724 0.489484 0.466299 0.443231 0.420329 0.397632 0.375171 0.352970 0.331046 0.309412 0.288076 0.267043 0.246317 0.225897 0.205782 0.185970 0.166457 0.147238 0.128308 0.109661 0.091291 0.073192 0.055357 0.037779 
0.030889 0.048185 0.065720 0.083501 0.101532 0.119817 0.138361 0.157168 0.176241 0.195581 0.215191 0.235069 0.255215 0.275624 0.296290 0.317204 0.338354 0.359722 0.381288 0.403023 0.424892 0.446852 0.468851 0.490823 0.512693 0.534368 0.555740 0.576684 0.597056 0.616692 0.635410 0.653009 0.669276 0.683989 0.696923 0.707861 0.716604 0.722983 0.726865 0.728168 0.726865 0.722983 0.716604 0.707861 0.696923 0.683989 0.669276 0.653009 0.635410 0.616692 0.597056 0.576684 0.555740 0.534368 0.512693 0.490823 0.468851 0.446852 0.424892 0.403023 0.381288 0.359722 0.338354 0.317204 0.296290 0.275624 0.255215 0.235069 0.215191 0.195581 0.176241 0.157168 0.138361 0.119817 0.101532 0.083501 0.065720 0.048185 0.030889 
0.023672 0.040678 0.057907 0.075361 0.093046 0.110962 0.129114 0.147502 0.166129 0.184993 0.204094 0.223428 0.242993 0.262779 0.282779 0.302981 0.323368 0.343920 0.364611 0.385412 0.406284 0.427182 0.448049 0.468823 0.489425 0.509768 0.529747 0.549245 0.568128 0.586250 0.603446 0.619543 0.634357 0.647699 0.659382 0.669228 0.677075 0.682786 0.686256 0.687421 0.686256 0.682786 0.677075 0.669228 0.659382 0.647699 0.634357 0.619543 0.603446 0.586250 0.568128 0.549245 0.529747 0.509768 0.489425 0.468823 0.448049 0.427182 0.406284 0.385412 0.364611 0.343920 0.323368 0.302981 0.282779 0.262779 0.242993 0.223428 0.204094 0.184993 0.166129 0.147502 0.129114 0.110962 0.093046 0.075361 0.057907 0.040678 0.023672 
0.016146 0.032856 0.049772 0.066894 0.084226 0.101769 0.119523 0.137489 0.155666 0.174052 0.192643 0.211434 0.230419 0.249589 0.268931 0.288431 0.308069 0.327824 0.347667 0.367566 0.387480 0.407362 0.427157 0.446800 0.466216 0.485321 0.504015 0.522191 0.539725 0.556485 0.572327 0.587097 0.600638 0.612789 0.623393 0.632304 0.639387 0.644532 0.647654 0.648701 0.647654 0.644532 0.639387 0.632304 0.623393 0.612789 0.600638 0.587097 0.572327 0.556485 0.539725 0.522191 0.504015 0.485321 0.466216 0.446800 0.427157 0.407362 0.387480 0.367566 0.347667 0.327824 0.308069 0.288431 0.268931 0.249589 0.230419 0.211434 0.192643 0.174052 0.155666 0.137489 0.119523 0.101769 0.084226 0.066894 0.049772 0.032856 0.016146 
0.008328 0.024738 0.041335 0.058121 0.075096 0.092262 0.109616 0.127157 0.144883 0.162790 0.180873 0.199125 0.217537 0.236097 0.254791 0.273603 0.292511 0.311492 0.330514 0.349545 0.368541 0.387457 0.406237 0.424818 0.443127 0.461083 0.478596 0.495563 0.511874 0.527409 0.542040 0.555635 0.568056 0.579167 0.588836 0.596939 0.603367 0.608027 0.610852 0.611799 0.610852 0.608027 0.603367 0.596939 0.588836 0.579167 0.568056 0.555635 0.542040 0.527409 0.511874 0.495563 0.478596 0.461083 0.443127 0.424818 0.406237 0.387457 0.368541 0.349545 0.330514 0.311492 0.292511 0.273603 0.254791 0.236097 0.217537 0.199125 0.180873 0.162790 0.144883 0.127157 0.109616 0.092262 0.075096 0.058121 0.041335 0.024738 0.008328 
0.000235 0.016340 0.032616 0.049063 0.065679 0.082465 0.099417 0.116534 0.133810 0.151241 0.168820 0.186537 0.204383 0.222343 0.240403 0.258544 0.276742 0.294973 0.313205 0.331402 0.349524 0.367523 0.385345 0.402929 0.420206 0.437099 0.453524 0.469387 0.484588 0.499019 0.512568 0.525118 0.536550 0.546748 0.555600 0.563002 0.568863 0.573106 0.575676 0.576536 0.575676 0.573106 0.568863 0.563002 0.555600 0.546748 0.536550 0.525118 0.512568 0.499019 0.484588 0.469387 0.453524 0.437099 0.420206 0.402929 0.385345 0.367523 0.349524 0.331402 0.313205 0.294973 0.276742 0.258544 0.240403 0.222343 0.204383 0.186537 0.168820 0.151241 0.133810 0.116534 0.099417 0.082465 0.065679 0.049063 0.032616 0.016340 0.000235 
-0.008115 0.007683 0.023635 0.039740 0.055996 0.072402 0.088953 0.105646 0.122475 0.139434 0.156513 0.173704 0.190993 0.208366 0.225807 0.243294 0.260805 0.278313 0.295785 0.313186 0.330476 0.347606 0.364527 0.381177 0.397493 0.413402 0.428826 0.443680 0.457872 0.471307 0.483885 0.495503 0.506059 0.515452 0.523587 0.530377 0.535744 0.539625 0.541973 0.542759 0.541973 0.539625 0.535744 0.530377 0.523587 0.515452 0.506059 0.495503 0.483885 0.471307 0.457872 0.443680 0.428826 0.413402 0.397493 0.381177 0.364527 0.347606 0.330476 0.313186 0.295785 0.278313 0.260805 0.243294 0.225807 0.208366 0.190993 0.173704 0.156513 0.139434 0.122475 0.105646 0.088953 0.072402 0.055996 0.039740 0.023635 0.007683 -0.008115 
-0.016707 -0.001218 0.014409 0.030172 0.046068 0.062095 0.078247 0.094519 0.110905 0.127397 0.143985 0.160658 0.177402 0.194202 0.211039 0.227893 0.244740 0.261551 0.278295 0.294937 0.311436 0.327747 0.343819 0.359596 0.375018 0.390017 0.404521 0.418451 0.431726 0.444260 0.455964 0.466749 0.476524 0.485205 0.492708 0.498959 0.503893 0.507458 0.509613 0.510334 0.509613 0.507458 0.503893 0.498959 0.492708 0.485205 0.476524 0.466749 0.455964 0.444260 0.431726 0.418451 0.404521 0.390017 0.375018 0.359596 0.343819 0.327747 0.311436 0.294937 0.278295 0.261551 0.244740 0.227893 0.211039 0.194202 0.177402 0.160658 0.143985 0.127397 0.110905 0.094519 0.078247 0.062095 0.046068 0.030172 0.014409 -0.001218 -0.016707 
-0.025523 -0.010344 0.004958 0.020379 0.035917 0.051566 0.067322 0.083177 0.099126 0.115158 0.131262 0.147428 0.163639 0.179881 0.196133 0.212375 0.228581 0.244724 0.260773 0.276691 0.292441 0.307977 0.323253 0.338215 0.352805 0.366962 0.380618 0.393703 0.406142 0.417860 0.428776 0.438813 0.447891 0.455937 0.462880 0.468656 0.473210 0.476496 0.478481 0.479146 0.478481 0.476496 0.473210 0.468656 0.462880 0.455937 0.447891 0.438813 0.428776 0.417860 0.406142 0.393703 0.380618 0.366962 0.352805 0.338215 0.323253 0.307977 0.292441 0.276691 0.260773 0.244724 0.228581 0.212375 0.196133 0.179881 0.163639 0.147428 0.131262 0.115158 0.099126 0.083177 0.067322 0.051566 0.035917 0.020379 0.004958 -0.010344 -0.025523 
-0.034549 -0.019679 -0.004702 0.010379 0.025560 0.040836 0.056199 0.071644 0.087161 0.102741 0.118372 0.134042 0.149735 0.165434 0.181119 0.196770 0.212360 0.227863 0.243247 0.258478 0.273518 0.288325 0.302854 0.317053 0.330870 0.344247 0.357123 0.369433 0.381111 0.392086 0.402291 0.411654 0.420108 0.427587 0.434032 0.439386 0.443602 0.446642 0.448478 0.449092 0.448478 0.446642 0.443602 0.439386 0.434032 0.427587 0.420108 0.411654 0.402291 0.392086 0.381111 0.369433 0.357123 0.344247 0.330870 0.317053 0.302854 0.288325 0.273518 0.258478 0.243247 0.227863 0.212360 0.196770 0.181119 0.165434 0.149735 0.134042 0.118372 0.102741 0.087161 0.071644 0.056199 0.040836 0.025560 0.010379 -0.004702 -0.019679 -0.034549 
-0.043769 -0.029207 -0.014553 0.000191 0.015018 0.029924 0.044900 0.059940 0.075034 0.090171 0.105339 0.120525 0.135714 0.150887 0.166025 0.181106 0.196105 0.210996 0.225747 0.240325 0.254694 0.268814 0.282641 0.296129 0.309227 0.321882 0.334038 0.345637 0.356618 0.366919 0.376478 0.385233 0.393125 0.400097 0.406095 0.411073 0.414989 0.417811 0.419514 0.420084 0.419514 0.417811 0.414989 0.411073 0.406095 0.400097 0.393125 0.385233 0.376478 0.366919 0.356618 0.345637 0.334038 0.321882 0.309227 0.296129 0.282641 0.268814 0.254694 0.240325 0.225747 0.210996 0.196105 0.181106 0.166025 0.150887 0.135714 0.120525 0.105339 0.090171 0.075034 0.059940 0.044900 0.029924 0.015018 0.000191 -0.014553 -0.029207 -0.043769 
-0.053168 -0.038913 -0.024578 -0.010169 0.004309 0.018849 0.033444 0.048086 0.062764 0.077468 0.092185 0.106901 0.121600 0.136264 0.150874 0.165408 0.179841 0.194146 0.208295 0.222254 0.235989 0.249462 0.262631 0.275454 0.287883 0.299869 0.311362 0.322307 0.332650 0.342335 0.351308 0.359513 0.366897 0.373412 0.379011 0.383651 0.387300 0.389927 0.391511 0.392041 0.391511 0.389927 0.387300 0.383651 0.379011 0.373412 0.366897 0.359513 0.351308 0.342335 0.332650 0.322307 0.311362 0.299869 0.287883 0.275454 0.262631 0.249462 0.235989 0.222254 0.208295 0.194146 0.179841 0.165408 0.150874 0.136264 0.121600 0.106901 0.092185 0.077468 0.062764 0.048086 0.033444 0.018849 0.004309 -0.010169 -0.024578 -0.038913 -0.053168 
-0.062732 -0.048781 -0.034764 -0.020685 -0.006552 0.007629 0.021850 0.036101 0.050373 0.064654 0.078931 0.093191 0.107415 0.121588 0.135689 0.149697 0.163588 0.177335 0.190910 0.204283 0.217419 0.230283 0.242836 0.255037 0.266844 0.278210 0.289089 0.299432 0.309190 0.318313 0.326751 0.334457 0.341382 0.347484 0.352723 0.357061 0.360468 0.362920 0.364399 0.364893 0.364399 0.362920 0.360468 0.357061 0.352723 0.347484 0.341382 0.334457 0.326751 0.318313 0.309190 0.299432 0.289089 0.278210 0.266844 0.255037 0.242836 0.230283 0.217419 0.204283 0.190910 0.177335 0.163588 0.149697 0.135689 0.121588 0.107415 0.093191 0.078931 0.064654 0.050373 0.036101 0.021850 0.007629 -0.006552 -0.020685 -0.034764 -0.048781 -0.062732 
-0.072448 -0.058798 -0.045094 -0.031341 -0.017548 -0.003720 0.010133 0.024003 0.037878 0.051747 0.065597 0.079413 0.093180 0.106878 0.120490 0.133994 0.147366 0.160581 0.173611 0.186428 0.198998 0.211289 0.223264 0.234885 0.246112 0.256902 0.267214 0.277002 0.286223 0.294830 0.302781 0.310031 0.316540 0.322269 0.327181 0.331246 0.334437 0.336732 0.338115 0.338578 0.338115 0.336732 0.334437 0.331246 0.327181 0.322269 0.316540 0.310031 0.302781 0.294830 0.286223 0.277002 0.267214 0.256902 0.246112 0.234885 0.223264 0.211289 0.198998 0.186428 0.173611 0.160581 0.147366 0.133994 0.120490 0.106878 0.093180 0.079413 0.065597 0.051747 0.037878 0.024003 0.010133 -0.003720 -0.017548 -0.031341 -0.045094 -0.058798 -0.072448 
-0.082302 -0.068949 -0.055554 -0.042123 -0.028663 -0.015182 -0.001689 0.011808 0.025296 0.038764 0.052200 0.065587 0.078910 0.092152 0.105294 0.118314 0.131191 0.143899 0.156412 0.168702 0.180739 0.192490 0.203923 0.215001 0.225687 0.235943 0.245729 0.255005 0.263731 0.271866 0.279370 0.286205 0.292334 0.297723 0.302340 0.306158 0.309153 0.311306 0.312604 0.313037 0.312604 0.311306 0.309153 0.306158 0.302340 0.297723 0.292334 0.286205 0.279370 0.271866 0.263731 0.255005 0.245729 0.235943 0.225687 0.215001 0.203923 0.192490 0.180739 0.168702 0.156412 0.143899 0.131191 0.118314 0.105294 0.092152 0.078910 0.065587 0.052200 0.038764 0.025296 0.011808 -0.001689 -0.015182 -0.028663 -0.042123 -0.055554 -0.068949 -0.082302 
-0.092282 -0.079223 -0.066132 -0.053017 -0.039885 -0.026743 -0.013601 -0.000469 0.012643 0.025722 0.038755 0.051727 0.064623 0.077426 0.090116 0.102674 0.115077 0.127302 0.139324 0.151116 0.162649 0.173893 0.184816 0.195386 0.205568 0.215327 0.224625 0.233428 0.241698 0.249398 0.256493 0.262948 0.268731 0.273810 0.278159 0.281752 0.284569 0.286593 0.287813 0.288220 0.287813 0.286593 0.284569 0.281752 0.278159 0.273810 0.268731 0.262948 0.256493 0.249398 0.241698 0.233428 0.224625 0.215327 0.205568 0.195386 0.184816 0.173893 0.162649 0.151116 0.139324 0.127302 0.115077 0.102674 0.090116 0.077426 0.064623 0.051727 0.038755 0.025722 0.012643 -0.000469 -0.013601 -0.026743 -0.039885 -0.053017 -0.066132 -0.079223 -0.092282 
-0.102376 -0.089606 -0.076815 -0.064010 -0.051198 -0.038389 -0.025590 -0.012813 -0.000067 0.012634 0.025277 0.037849 0.050334 0.062713 0.074971 0.087086 0.099037 0.110803 0.122358 0.133678 0.144735 0.155501 0.165947 0.176041 0.185752 0.195048 0.203894 0.212259 0.220107 0.227407 0.234125 0.240232 0.245697 0.250494 0.254598 0.257986 0.260642 0.262549 0.263698 0.264082 0.263698 0.262549 0.260642 0.257986 0.254598 0.250494 0.245697 0.240232 0.234125 0.227407 0.220107 0.212259 0.203894 0.195048 0.185752 0.176041 0.165947 0.155501 0.144735 0.133678 0.122358 0.110803 0.099037 0.087086 0.074971 0.062713 0.050334 0.037849 0.025277 0.012634 -0.000067 -0.012813 -0.025590 -0.038389 -0.051198 -0.064010 -0.076815 -0.089606 -0.102376 
-0.112574 -0.100088 -0.087591 -0.075090 -0.062592 -0.050107 -0.037643 -0.025211 -0.012821 -0.000486 0.011781 0.023966 0.036053 0.048027 0.059869 0.071561 0.083081 0.094409 0.105522 0.116395 0.127003 0.137319 0.147316 0.156965 0.166236 0.175100 0.183526 0.191484 0.198942 0.205872 0.212244 0.218030 0.223205 0.227742 0.231622 0.234824 0.237331 0.239132 0.240216 0.240578 0.240216 0.239132 0.237331 0.234824 0.231622 0.227742 0.223205 0.218030 0.212244 0.205872 0.198942 0.191484 0.183526 0.175100 0.166236 0.156965 0.147316 0.137319 0.127003 0.116395 0.105522 0.094409 0.083081 0.071561 0.059869 0.048027 0.036053 0.023966 0.011781 -0.000486 -0.012821 -0.025211 -0.037643 -0.050107 -0.062592 -0.075090 -0.087591 -0.100088 -0.112574 
-0.122864 -0.110657 -0.098448 -0.086245 -0.074054 -0.061885 -0.049748 -0.037651 -0.025607 -0.013627 -0.001724 0.010088 0.021794 0.033378 0.044822 0.056109 0.067219 0.078131 0.088823 0.099273 0.109456 0.119349 0.128924 0.138155 0.147015 0.155476 0.163510 0.171090 0.178188 0.184775 0.190828 0.196319 0.201225 0.205525 0.209199 0.212230 0.214602 0.216305 0.217331 0.217673 0.217331 0.216305 0.214602 0.212230 0.209199 0.205525 0.201225 0.196319 0.190828 0.184775 0.178188 0.171090 0.163510 0.155476 0.147015 0.138155 0.128924 0.119349 0.109456 0.099273 0.088823 0.078131 0.067219 0.056109 0.044822 0.033378 0.021794 0.010088 -0.001724 -0.013627 -0.025607 -0.037651 -0.049748 -0.061885 -0.074054 -0.086245 -0.098448 -0.110657 -0.122864 
-0.133237 -0.121304 -0.109377 -0.097465 -0.085574 -0.073713 -0.061893 -0.050123 -0.038413 -0.026776 -0.015225 -0.003773 0.007566 0.018775 0.029839 0.040739 0.051457 0.061973 0.072266 0.082315 0.092098 0.101590 0.110768 0.119608 0.128082 0.136167 0.143837 0.151065 0.157828 0.164099 0.169855 0.175074 0.179733 0.183814 0.187299 0.190173 0.192421 0.194035 0.195006 0.195330 0.195006 0.194035 0.192421 0.190173 0.187299 0.183814 0.179733 0.175074 0.169855 0.164099 0.157828 0.151065 0.143837 0.136167 0.128082 0.119608 0.110768 0.101590 0.092098 0.082315 0.072266 0.061973 0.051457 0.040739 0.029839 0.018775 0.007566 -0.003773 -0.015225 -0.026776 -0.038413 -0.050123 -0.061893 -0.073713 -0.085574 -0.097465 -0.109377 -0.121304 -0.133237 
-0.143683 -0.132018 -0.120368 -0.108739 -0.097141 -0.085581 -0.074069 -0.062615 -0.051230 -0.039925 -0.028713 -0.017607 -0.006622 0.004228 0.014927 0.025458 0.035802 0.045941 0.055856 0.065525 0.074929 0.084044 0.092849 0.101320 0.109434 0.117167 0.124496 0.131397 0.137848 0.143825 0.149307 0.154273 0.158705 0.162584 0.165895 0.168623 0.170758 0.172289 0.173211 0.173519 0.173211 0.172289 0.170758 0.168623 0.165895 0.162584 0.158705 0.154273 0.149307 0.143825 0.137848 0.131397 0.124496 0.117167 0.109434 0.101320 0.092849 0.084044 0.074929 0.065525 0.055856 0.045941 0.035802 0.025458 0.014927 0.004228 -0.006622 -0.017607 -0.028713 -0.039925 -0.051230 -0.062615 -0.074069 -0.085581 -0.097141 -0.108739 -0.120368 -0.132018 -0.143683 
-0.154193 -0.142791 -0.131411 -0.120060 -0.108746 -0.097479 -0.086266 -0.075119 -0.064048 -0.053064 -0.042180 -0.031407 -0.020761 -0.010256 0.000094 0.010271 0.020259 0.030040 0.039595 0.048905 0.057950 0.066709 0.075162 0.083287 0.091062 0.098466 0.105477 0.112073 0.118233 0.123937 0.129165 0.133897 0.138118 0.141811 0.144961 0.147555 0.149585 0.151040 0.151916 0.152209 0.151916 0.151040 0.149585 0.147555 0.144961 0.141811 0.138118 0.133897 0.129165 0.123937 0.118233 0.112073 0.105477 0.098466 0.091062 0.083287 0.075162 0.066709 0.057950 0.048905 0.039595 0.030040 0.020259 0.010271 0.000094 -0.010256 -0.020761 -0.031407 -0.042180 -0.053064 -0.064048 -0.075119 -0.086266 -0.097479 -0.108746 -0.120060 -0.131411 -0.142791 -0.154193 
-0.164760 -0.153614 -0.142498 -0.131417 -0.120381 -0.109398 -0.098477 -0.087627 -0.076860 -0.066185 -0.055617 -0.045165 -0.034845 -0.024670 -0.014655 -0.004815 0.004833 0.014272 0.023486 0.032455 0.041161 0.049584 0.057705 0.065505 0.072962 0.080057 0.086770 0.093081 0.098971 0.104420 0.109411 0.113927 0.117952 0.121471 0.124472 0.126944 0.128876 0.130262 0.131095 0.131373 0.131095 0.130262 0.128876 0.126944 0.124472 0.121471 0.117952 0.113927 0.109411 0.104420 0.098971 0.093081 0.086770 0.080057 0.072962 0.065505 0.057705 0.049584 0.041161 0.032455 0.023486 0.014272 0.004833 -0.004815 -0.014655 -0.024670 -0.034845 -0.045165 -0.055617 -0.066185 -0.076860 -0.087627 -0.098477 -0.109398 -0.120381 -0.131417 -0.142498 -0.153614 -0.164760 
-0.175374 -0.164480 -0.153621 -0.142804 -0.132038 -0.121331 -0.110692 -0.100130 -0.089657 -0.079282 -0.069017 -0.058875 -0.048868 -0.039010 -0.029315 -0.019797 -0.010473 -0.001359 0.007530 0.016176 0.024560 0.032666 0.040475 0.047968 0.055126 0.061932 0.068366 0.074410 0.080047 0.085259 0.090030 0.094344 0.098187 0.101546 0.104409 0.106766 0.108608 0.109928 0.110723 0.110988 0.110723 0.109928 0.108608 0.106766 0.104409 0.101546 0.098187 0.094344 0.090030 0.085259 0.080047 0.074410 0.068366 0.061932 0.055126 0.047968 0.040475 0.032666 0.024560 0.016176 0.007530 -0.001359 -0.010473 -0.019797 -0.029315 -0.039010 -0.048868 -0.058875 -0.069017 -0.079282 -0.089657 -0.100130 -0.110692 -0.121331 -0.132038 -0.142804 -0.153621 -0.164480 -0.175374 
