23 23
6.901225e-02 0 5
-1.320210 -1.287140 -1.254362 -1.222262 -1.191327 -1.162152 -1.135439 -1.111972 -1.092573 -1.078030 -1.069005 -1.065944 -1.069005 -1.078030 -1.092573 -1.111972 -1.135439 -1.162152 -1.191327 -1.222262 -1.254362 -1.287140 -1.320210 
-1.288785 -1.252551 -1.216286 -1.180387 -1.145388 -1.111972 -1.080987 -1.053426 -1.030379 -1.012930 -1.002024 -0.998312 -1.002024 -1.012930 -1.030379 -1.053426 -1.080987 -1.111972 -1.145388 -1.180387 -1.216286 -1.252551 -1.288785 
-1.257957 -1.218289 -1.178159 -1.137953 -1.098226 -1.059741 -1.023504 -0.990765 -0.962978 -0.941668 -0.928221 -0.923619 -0.928221 -0.941668 -0.962978 -0.990765 -1.023504 -1.059741 -1.098226 -1.137953 -1.178159 -1.218289 -1.257957 
-1.228140 -1.184804 -1.140448 -1.095411 -1.050225 -1.005698 -0.962978 -0.923619 -0.889559 -0.862980 -0.845983 -0.840124 -0.845983 -0.862980 -0.889559 -0.923619 -0.962978 -1.005698 -1.050225 -1.095411 -1.140448 -1.184804 -1.228140 
-1.199842 -1.152670 -1.103789 -1.053426 -1.002024 -0.950351 -0.899640 -0.851743 -0.809219 -0.775229 -0.753073 -0.745354 -0.753073 -0.775229 -0.809219 -0.851743 -0.899640 -0.950351 -1.002024 -1.053426 -1.103789 -1.152670 -1.199842 
-1.173659 -1.122595 -1.069005 -1.012930 -0.954611 -0.894636 -0.834163 -0.775229 -0.721082 -0.676302 -0.646271 -0.635634 -0.646271 -0.676302 -0.721082 -0.775229 -0.834163 -0.894636 -0.954611 -1.012930 -1.069005 -1.122595 -1.173659 
-1.150259 -1.095411 -1.037120 -0.975161 -0.909433 -0.840124 -0.768003 -0.694933 -0.624649 -0.563581 -0.520759 -0.505171 -0.520759 -0.563581 -0.624649 -0.694933 -0.768003 -0.840124 -0.909433 -0.975161 -1.037120 -1.095411 -1.150259 
-1.130357 -1.072039 -1.009332 -0.941668 -0.868463 -0.789235 -0.703876 -0.613293 -0.520759 -0.434302 -0.369043 -0.344082 -0.369043 -0.434302 -0.520759 -0.613293 -0.703876 -0.789235 -0.868463 -0.941668 -1.009332 -1.072039 -1.130357 
-1.114658 -1.053426 -0.986929 -0.914227 -0.834163 -0.745354 -0.646271 -0.535651 -0.413944 -0.287674 -0.179399 -0.133603 -0.179399 -0.287674 -0.413944 -0.535651 -0.646271 -0.745354 -0.834163 -0.914227 -0.986929 -1.053426 -1.114658 
-1.103789 -1.040443 -0.971147 -0.894636 -0.809219 -0.712588 -0.601539 -0.471620 -0.317081 -0.133603 0.062402 0.167126 0.062402 -0.133603 -0.317081 -0.471620 -0.601539 -0.712588 -0.809219 -0.894636 -0.971147 -1.040443 -1.103789 
-1.098226 -1.033766 -0.962978 -0.884406 -0.796028 -0.694933 -0.576718 -0.434302 -0.255385 -0.016716 0.322649 0.633445 0.322649 -0.016716 -0.255385 -0.434302 -0.576718 -0.694933 -0.796028 -0.884406 -0.962978 -1.033766 -1.098226 
-1.097524 -1.032922 -0.961943 -0.883105 -0.794342 -0.692660 -0.573482 -0.429329 -0.246794 0.001336 0.376839 0.801311 0.376839 0.001336 -0.246794 -0.429329 -0.573482 -0.692660 -0.794342 -0.883105 -0.961943 -1.032922 -1.097524 
-1.098256 -1.033802 -0.963023 -0.884462 -0.796101 -0.695031 -0.576858 -0.434517 -0.255753 -0.017478 0.320488 0.627813 0.320488 -0.017478 -0.255753 -0.434517 -0.576858 -0.695031 -0.796101 -0.884462 -0.963023 -1.033802 -1.098256 
-1.103878 -1.040550 -0.971278 -0.894799 -0.809428 -0.712867 -0.601926 -0.472190 -0.317990 -0.135189 0.059518 0.163152 0.059518 -0.135189 -0.317990 -0.472190 -0.601926 -0.712867 -0.809428 -0.894799 -0.971278 -1.040550 -1.103878 
-1.114802 -1.053598 -0.987137 -0.914483 -0.834486 -0.745774 -0.646834 -0.536435 -0.415072 -0.289326 -0.181693 -0.136239 -0.181693 -0.289326 -0.415072 -0.536435 -0.646834 -0.745774 -0.834486 -0.914483 -0.987137 -1.053598 -1.114802 
-1.130550 -1.072267 -1.009605 -0.941999 -0.868873 -0.789751 -0.704540 -0.614162 -0.521904 -0.435787 -0.370850 -0.346030 -0.370850 -0.435787 -0.521904 -0.614162 -0.704540 -0.789751 -0.868873 -0.941999 -1.009605 -1.072267 -1.130550 
-1.150493 -1.095684 -1.037444 -0.975547 -0.909900 -0.840696 -0.768709 -0.695809 -0.625729 -0.564876 -0.522230 -0.506712 -0.522230 -0.564876 -0.625729 -0.695809 -0.768709 -0.840696 -0.909900 -0.975547 -1.037444 -1.095684 -1.150493 
-1.173926 -1.122905 -1.069365 -1.013353 -0.955112 -0.895232 -0.834874 -0.776074 -0.722073 -0.677434 -0.647508 -0.636910 -0.647508 -0.677434 -0.722073 -0.776074 -0.834874 -0.895232 -0.955112 -1.013353 -1.069365 -1.122905 -1.173926 
-1.200136 -1.153006 -1.104175 -1.053871 -1.002540 -0.950949 -0.900333 -0.852541 -0.810123 -0.776227 -0.754138 -0.746444 -0.754138 -0.776227 -0.810123 -0.852541 -0.900333 -0.950949 -1.002540 -1.053871 -1.104175 -1.153006 -1.200136 
-1.228453 -1.185157 -1.140849 -1.095866 -1.050744 -1.006286 -0.963644 -0.924365 -0.890383 -0.863871 -0.846919 -0.841076 -0.846919 -0.863871 -0.890383 -0.924365 -0.963644 -1.006286 -1.050744 -1.095866 -1.140849 -1.185157 -1.228453 
-1.258283 -1.218654 -1.178567 -1.138410 -1.098738 -1.060313 -1.024138 -0.991462 -0.963733 -0.942471 -0.929055 -0.924465 -0.929055 -0.942471 -0.963733 -0.991462 -1.024138 -1.060313 -1.098738 -1.138410 -1.178567 -1.218654 -1.258283 
-1.289120 -1.252922 -1.216696 -1.180841 -1.145889 -1.112522 -1.081588 -1.054077 -1.031073 -1.013660 -1.002778 -0.999073 -1.002778 -1.013660 -1.031073 -1.054077 -1.081588 -1.112522 -1.145889 -1.180841 -1.216696 -1.252922 -1.289120 
-1.320550 -1.287512 -1.254770 -1.222708 -1.191813 -1.162680 -1.136008 -1.112580 -1.093216 -1.078699 -1.069692 -1.066637 -1.069692 -1.078699 -1.093216 -1.112580 -1.136008 -1.162680 -1.191813 -1.222708 -1.254770 -1.287512 -1.320550 
