57 57
2.816206e+00 0 5
-0.270530 -0.256410 -0.242348 -0.228363 -0.214478 -0.200715 -0.187101 -0.173665 -0.160436 -0.147449 -0.134738 -0.122341 -0.110299 -0.098653 -0.087449 -0.076731 -0.066547 -0.056945 -0.047973 -0.039678 -0.032108 -0.025307 -0.019318 -0.014178 -0.009923 -0.006581 -0.004177 -0.002728 -0.002243 -0.002728 -0.004177 -0.006581 -0.009923 -0.014178 -0.019318 -0.025307 -0.032108 -0.039678 -0.047973 -0.056945 -0.066547 -0.076731 -0.087449 -0.098653 -0.110299 -0.122341 -0.134738 -0.147449 -0.160436 -0.173665 -0.187101 -0.200715 -0.214478 -0.228363 -0.242348 -0.256410 -0.270530 
-0.256671 -0.242078 -0.227526 -0.213035 -0.198626 -0.184325 -0.170157 -0.156152 -0.142343 -0.128763 -0.115451 -0.102446 -0.089792 -0.077534 -0.065721 -0.054402 -0.043628 -0.033454 -0.023933 -0.015117 -0.007061 0.000187 0.006578 0.012067 0.016616 0.020191 0.022764 0.024317 0.024835 0.024317 0.022764 0.020191 0.016616 0.012067 0.006578 0.000187 -0.007061 -0.015117 -0.023933 -0.033454 -0.043628 -0.054402 -0.065721 -0.077534 -0.089792 -0.102446 -0.115451 -0.128763 -0.142343 -0.156152 -0.170157 -0.184325 -0.198626 -0.213035 -0.227526 -0.242078 -0.256671 
-0.242887 -0.227805 -0.212746 -0.197728 -0.182774 -0.167909 -0.153160 -0.138558 -0.124135 -0.109928 -0.095977 -0.082324 -0.069015 -0.056099 -0.043628 -0.031658 -0.020245 -0.009447 0.000675 0.010062 0.018655 0.026396 0.033230 0.039108 0.043983 0.047818 0.050580 0.052247 0.052804 0.052247 0.050580 0.047818 0.043983 0.039108 0.033230 0.026396 0.018655 0.010062 0.000675 -0.009447 -0.020245 -0.031658 -0.043628 -0.056099 -0.069015 -0.082324 -0.095977 -0.109928 -0.124135 -0.138558 -0.153160 -0.167909 -0.182774 -0.197728 -0.212746 -0.227805 -0.242887 
-0.229199 -0.213612 -0.198027 -0.182463 -0.166942 -0.151489 -0.136131 -0.120900 -0.105830 -0.090959 -0.076328 -0.061983 -0.047973 -0.034349 -0.021170 -0.008494 0.003615 0.015094 0.025875 0.035891 0.045075 0.053362 0.060690 0.066999 0.072239 0.076364 0.079337 0.081133 0.081733 0.081133 0.079337 0.076364 0.072239 0.066999 0.060690 0.053362 0.045075 0.035891 0.025875 0.015094 0.003615 -0.008494 -0.021170 -0.034349 -0.047973 -0.061983 -0.076328 -0.090959 -0.105830 -0.120900 -0.136131 -0.151489 -0.166942 -0.182463 -0.198027 -0.213612 -0.229199 
-0.215628 -0.199523 -0.183395 -0.167265 -0.151153 -0.135086 -0.119092 -0.103201 -0.087449 -0.071875 -0.056522 -0.041439 -0.026677 -0.012292 0.001653 0.015094 0.027963 0.040186 0.051691 0.062400 0.072239 0.081133 0.089009 0.095802 0.101450 0.105901 0.109112 0.111051 0.111700 0.111051 0.109112 0.105901 0.101450 0.095802 0.089009 0.081133 0.072239 0.062400 0.051691 0.040186 0.027963 0.015094 0.001653 -0.012292 -0.026677 -0.041439 -0.056522 -0.071875 -0.087449 -0.103201 -0.119092 -0.135086 -0.151153 -0.167265 -0.183395 -0.199523 -0.215628 
-0.202201 -0.185561 -0.168874 -0.152158 -0.135435 -0.118729 -0.102069 -0.085485 -0.069015 -0.052697 -0.036578 -0.020708 -0.005141 0.010062 0.024835 0.039108 0.052804 0.065844 0.078145 0.089622 0.100187 0.109757 0.118248 0.125583 0.131690 0.136508 0.139988 0.142091 0.142794 0.142091 0.139988 0.136508 0.131690 0.125583 0.118248 0.109757 0.100187 0.089622 0.078145 0.065844 0.052804 0.039108 0.024835 0.010062 -0.005141 -0.020708 -0.036578 -0.052697 -0.069015 -0.085485 -0.102069 -0.118729 -0.135435 -0.152158 -0.168874 -0.185561 -0.202201 
-0.188942 -0.171755 -0.154493 -0.137173 -0.119816 -0.102446 -0.085091 -0.067783 -0.050557 -0.033454 -0.016522 0.000187 0.016616 0.032700 0.048369 0.063545 0.078145 0.092082 0.105262 0.117588 0.128963 0.139289 0.148470 0.156416 0.163042 0.168277 0.172062 0.174351 0.175117 0.174351 0.172062 0.168277 0.163042 0.156416 0.148470 0.139289 0.128963 0.117588 0.105262 0.092082 0.078145 0.063545 0.048369 0.032700 0.016616 0.000187 -0.016522 -0.033454 -0.050557 -0.067783 -0.085091 -0.102446 -0.119816 -0.137173 -0.154493 -0.171755 -0.188942 
-0.175882 -0.158135 -0.140283 -0.122341 -0.104330 -0.086272 -0.068194 -0.050127 -0.032108 -0.014178 0.003615 0.021218 0.038570 0.055602 0.072239 0.088398 0.103987 0.118909 0.133060 0.146332 0.158612 0.169787 0.179746 0.188383 0.195600 0.201310 0.205443 0.207944 0.208782 0.207944 0.205443 0.201310 0.195600 0.188383 0.179746 0.169787 0.158612 0.146332 0.133060 0.118909 0.103987 0.088398 0.072239 0.055602 0.038570 0.021218 0.003615 -0.014178 -0.032108 -0.050127 -0.068194 -0.086272 -0.104330 -0.122341 -0.140283 -0.158135 -0.175882 
-0.163051 -0.144733 -0.126278 -0.107698 -0.089013 -0.070243 -0.051414 -0.032557 -0.013707 0.005094 0.023799 0.042352 0.060690 0.078741 0.096425 0.113653 0.130324 0.146332 0.161560 0.175884 0.189178 0.201310 0.212151 0.221575 0.229466 0.235721 0.240254 0.243001 0.243921 0.243001 0.240254 0.235721 0.229466 0.221575 0.212151 0.201310 0.189178 0.175884 0.161560 0.146332 0.130324 0.113653 0.096425 0.078741 0.060690 0.042352 0.023799 0.005094 -0.013707 -0.032557 -0.051414 -0.070243 -0.089013 -0.107698 -0.126278 -0.144733 -0.163051 
-0.150482 -0.131586 -0.112515 -0.093283 -0.073905 -0.054402 -0.034796 -0.015117 0.004600 0.024317 0.043983 0.063545 0.082936 0.102082 0.120899 0.139289 0.157146 0.174351 0.190773 0.206275 0.220708 0.233924 0.245768 0.256093 0.264760 0.271643 0.276640 0.279671 0.280686 0.279671 0.276640 0.271643 0.264760 0.256093 0.245768 0.233924 0.220708 0.206275 0.190773 0.174351 0.157146 0.139289 0.120899 0.102082 0.082936 0.063545 0.043983 0.024317 0.004600 -0.015117 -0.034796 -0.054402 -0.073905 -0.093283 -0.112515 -0.131586 -0.150482 
-0.138212 -0.118729 -0.099034 -0.079137 -0.059052 -0.038795 -0.018388 0.002143 0.022764 0.043439 0.064118 0.084748 0.105262 0.125583 0.145622 0.165277 0.184432 0.202958 0.220708 0.237528 0.253248 0.267694 0.280686 0.292048 0.301612 0.309227 0.314764 0.318127 0.319254 0.318127 0.314764 0.309227 0.301612 0.292048 0.280686 0.267694 0.253248 0.237528 0.220708 0.202958 0.184432 0.165277 0.145622 0.125583 0.105262 0.084748 0.064118 0.043439 0.022764 0.002143 -0.018388 -0.038795 -0.059052 -0.079137 -0.099034 -0.118729 -0.138212 
-0.126278 -0.106204 -0.085879 -0.065307 -0.044501 -0.023474 -0.002243 0.019166 0.040726 0.062400 0.084143 0.105901 0.127607 0.149186 0.170544 0.191573 0.212151 0.232134 0.251364 0.269664 0.286840 0.302690 0.317002 0.329565 0.340174 0.348644 0.354817 0.358572 0.359833 0.358572 0.354817 0.348644 0.340174 0.329565 0.317002 0.302690 0.286840 0.269664 0.251364 0.232134 0.212151 0.191573 0.170544 0.149186 0.127607 0.105901 0.084143 0.062400 0.040726 0.019166 -0.002243 -0.023474 -0.044501 -0.065307 -0.085879 -0.106204 -0.126278 
-0.114719 -0.094054 -0.073094 -0.051842 -0.030306 -0.008494 0.013578 0.035891 0.058420 0.081133 0.103987 0.126931 0.149903 0.172823 0.195600 0.218121 0.240254 0.261848 0.282726 0.302690 0.321521 0.338980 0.354817 0.368779 0.380616 0.390097 0.397025 0.401247 0.402665 0.401247 0.397025 0.390097 0.380616 0.368779 0.354817 0.338980 0.321521 0.302690 0.282726 0.261848 0.240254 0.218121 0.195600 0.172823 0.149903 0.126931 0.103987 0.081133 0.058420 0.035891 0.013578 -0.008494 -0.030306 -0.051842 -0.073094 -0.094054 -0.114719 
-0.103577 -0.082324 -0.060729 -0.038795 -0.016522 0.006083 0.029010 0.052247 0.075772 0.099558 0.123568 0.147756 0.172062 0.196410 0.220708 0.244843 0.268678 0.292048 0.314764 0.336603 0.357316 0.376627 0.394238 0.409842 0.423131 0.433818 0.441652 0.446436 0.448045 0.446436 0.441652 0.433818 0.423131 0.409842 0.394238 0.376627 0.357316 0.336603 0.314764 0.292048 0.268678 0.244843 0.220708 0.196410 0.172062 0.147756 0.123568 0.099558 0.075772 0.052247 0.029010 0.006083 -0.016522 -0.038795 -0.060729 -0.082324 -0.103577 
-0.092896 -0.071059 -0.048836 -0.026221 -0.003212 0.020191 0.043983 0.068158 0.092699 0.117588 0.142794 0.168277 0.193984 0.219844 0.245768 0.271643 0.297331 0.322659 0.347422 0.371376 0.394238 0.415687 0.435371 0.452916 0.467940 0.480081 0.489013 0.494483 0.496325 0.494483 0.489013 0.480081 0.467940 0.452916 0.435371 0.415687 0.394238 0.371376 0.347422 0.322659 0.297331 0.271643 0.245768 0.219844 0.193984 0.168277 0.142794 0.117588 0.092699 0.068158 0.043983 0.020191 -0.003212 -0.026221 -0.048836 -0.071059 -0.092896 
-0.082720 -0.060311 -0.037466 -0.014178 0.009563 0.033761 0.058420 0.083539 0.109112 0.135125 0.161560 0.188383 0.215550 0.243001 0.270652 0.298396 0.326096 0.353574 0.380616 0.406954 0.432272 0.456200 0.478321 0.498177 0.515293 0.529204 0.539488 0.545806 0.547937 0.545806 0.539488 0.529204 0.515293 0.498177 0.478321 0.456200 0.432272 0.406954 0.380616 0.353574 0.326096 0.298396 0.270652 0.243001 0.215550 0.188383 0.161560 0.135125 0.109112 0.083539 0.058420 0.033761 0.009563 -0.014178 -0.037466 -0.060311 -0.082720 
-0.073094 -0.050127 -0.026677 -0.002728 0.021733 0.046719 0.072239 0.098302 0.124910 0.152061 0.179746 0.207944 0.236624 0.265735 0.295209 0.324946 0.354817 0.384649 0.414217 0.443240 0.471367 0.498177 0.523175 0.545806 0.565471 0.581567 0.593537 0.600920 0.603417 0.600920 0.593537 0.581567 0.565471 0.545806 0.523175 0.498177 0.471367 0.443240 0.414217 0.384649 0.354817 0.324946 0.295209 0.265735 0.236624 0.207944 0.179746 0.152061 0.124910 0.098302 0.072239 0.046719 0.021733 -0.002728 -0.026677 -0.050127 -0.073094 
-0.064064 -0.040559 -0.016522 0.008067 0.033230 0.058986 0.085354 0.112350 0.139988 0.168277 0.197222 0.226817 0.257046 0.287876 0.319254 0.351101 0.383299 0.415687 0.448045 0.480081 0.511417 0.541581 0.569995 0.595981 0.618784 0.637617 0.651725 0.660474 0.663441 0.660474 0.651725 0.637617 0.618784 0.595981 0.569995 0.541581 0.511417 0.480081 0.448045 0.415687 0.383299 0.351101 0.319254 0.287876 0.257046 0.226817 0.197222 0.168277 0.139988 0.112350 0.085354 0.058986 0.033230 0.008067 -0.016522 -0.040559 -0.064064 
-0.055675 -0.031658 -0.007061 0.018144 0.043983 0.070485 0.097675 0.125583 0.154232 0.183647 0.213847 0.244843 0.276640 0.309227 0.342574 0.376627 0.411294 0.446436 0.481849 0.517247 0.552239 0.586306 0.618784 0.648857 0.675569 0.697880 0.714754 0.725292 0.728879 0.725292 0.714754 0.697880 0.675569 0.648857 0.618784 0.586306 0.552239 0.517247 0.481849 0.446436 0.411294 0.376627 0.342574 0.309227 0.276640 0.244843 0.213847 0.183647 0.154232 0.125583 0.097675 0.070485 0.043983 0.018144 -0.007061 -0.031658 -0.055675 
-0.047973 -0.023474 0.001653 0.027440 0.053921 0.081133 0.109112 0.137896 0.167525 0.198036 0.229466 0.261848 0.295209 0.329565 0.364918 0.401247 0.438498 0.476569 0.515293 0.554410 0.593537 0.632131 0.669452 0.704530 0.736166 0.762974 0.783505 0.796448 0.800874 0.796448 0.783505 0.762974 0.736166 0.704530 0.669452 0.632131 0.593537 0.554410 0.515293 0.476569 0.438498 0.401247 0.364918 0.329565 0.295209 0.261848 0.229466 0.198036 0.167525 0.137896 0.109112 0.081133 0.053921 0.027440 0.001653 -0.023474 -0.047973 
-0.040999 -0.016055 0.009563 0.035891 0.062972 0.090850 0.119571 0.149186 0.179746 0.211306 0.243921 0.277647 0.312539 0.348644 0.386003 0.424638 0.464546 0.505682 0.547937 0.591110 0.634863 0.678669 0.721743 0.762974 0.800874 0.833601 0.859091 0.875370 0.880976 0.875370 0.859091 0.833601 0.800874 0.762974 0.721743 0.678669 0.634863 0.591110 0.547937 0.505682 0.464546 0.424638 0.386003 0.348644 0.312539 0.277647 0.243921 0.211306 0.179746 0.149186 0.119571 0.090850 0.062972 0.035891 0.009563 -0.016055 -0.040999 
-0.034796 -0.009447 0.016616 0.043439 0.071068 0.099558 0.128963 0.159346 0.190773 0.223314 0.257046 0.292048 0.328405 0.366200 0.405519 0.446436 0.489013 0.533282 0.579222 0.626730 0.675569 0.725292 0.775143 0.823922 0.869855 0.910514 0.942928 0.964012 0.971349 0.964012 0.942928 0.910514 0.869855 0.823922 0.775143 0.725292 0.675569 0.626730 0.579222 0.533282 0.489013 0.446436 0.405519 0.366200 0.328405 0.292048 0.257046 0.223314 0.190773 0.159346 0.128963 0.099558 0.071068 0.043439 0.016616 -0.009447 -0.034796 
-0.029402 -0.003695 0.022764 0.050026 0.078145 0.107182 0.137202 0.168277 0.200489 0.233924 0.268678 0.304856 0.342574 0.381955 0.423131 0.466239 0.511417 0.558792 0.608464 0.660474 0.714754 0.771038 0.828727 0.886679 0.942928 0.994392 1.036786 1.065127 1.075148 1.065127 1.036786 0.994392 0.942928 0.886679 0.828727 0.771038 0.714754 0.660474 0.608464 0.558792 0.511417 0.466239 0.423131 0.381955 0.342574 0.304856 0.268678 0.233924 0.200489 0.168277 0.137202 0.107182 0.078145 0.050026 0.022764 -0.003695 -0.029402 
-0.024850 0.001164 0.027963 0.055602 0.084143 0.113653 0.144205 0.175884 0.208782 0.243001 0.278658 0.315881 0.354817 0.395629 0.438498 0.483627 0.531237 0.581567 0.634863 0.691356 0.751226 0.814513 0.880976 0.949808 1.019167 1.085485 1.142760 1.182715 1.197215 1.182715 1.142760 1.085485 1.019167 0.949808 0.880976 0.814513 0.751226 0.691356 0.634863 0.581567 0.531237 0.483627 0.438498 0.395629 0.354817 0.315881 0.278658 0.243001 0.208782 0.175884 0.144205 0.113653 0.084143 0.055602 0.027963 0.001164 -0.024850 
-0.021170 0.005094 0.032171 0.060121 0.089009 0.118909 0.149903 0.182082 0.215550 0.250426 0.286840 0.324946 0.364918 0.406954 0.451285 0.498177 0.547937 0.600920 0.657533 0.718231 0.783505 0.853836 0.929581 1.010700 1.096161 1.182715 1.262812 1.322720 1.345499 1.322720 1.262812 1.182715 1.096161 1.010700 0.929581 0.853836 0.783505 0.718231 0.657533 0.600920 0.547937 0.498177 0.451285 0.406954 0.364918 0.324946 0.286840 0.250426 0.215550 0.182082 0.149903 0.118909 0.089009 0.060121 0.032171 0.005094 -0.021170 
-0.018388 0.008067 0.035357 0.063545 0.092699 0.122899 0.154232 0.186798 0.220708 0.256093 0.293099 0.331896 0.372682 0.415687 0.461184 0.509495 0.561004 0.616175 0.675569 0.739869 0.809906 0.886679 0.971349 1.065127 1.168840 1.281554 1.396684 1.493698 1.534198 1.493698 1.396684 1.281554 1.168840 1.065127 0.971349 0.886679 0.809906 0.739869 0.675569 0.616175 0.561004 0.509495 0.461184 0.415687 0.372682 0.331896 0.293099 0.256093 0.220708 0.186798 0.154232 0.122899 0.092699 0.063545 0.035357 0.008067 -0.018388 
-0.016522 0.010062 0.037496 0.065844 0.095179 0.125583 0.157146 0.189975 0.224187 0.259920 0.297331 0.336603 0.377952 0.421630 0.467940 0.517247 0.569995 0.626730 0.688140 0.755097 0.828727 0.910514 1.002445 1.107200 1.228337 1.370052 1.534198 1.703427 1.790733 1.703427 1.534198 1.370052 1.228337 1.107200 1.002445 0.910514 0.828727 0.755097 0.688140 0.626730 0.569995 0.517247 0.467940 0.421630 0.377952 0.336603 0.297331 0.259920 0.224187 0.189975 0.157146 0.125583 0.095179 0.065844 0.037496 0.010062 -0.016522 
-0.015586 0.011064 0.038570 0.066999 0.096425 0.126931 0.158612 0.191573 0.225939 0.261848 0.299465 0.338980 0.380616 0.424638 0.471367 0.521188 0.574578 0.632131 0.694603 0.762974 0.838547 0.923103 1.019167 1.130468 1.262812 1.425791 1.635970 1.915707 2.145509 1.915707 1.635970 1.425791 1.262812 1.130468 1.019167 0.923103 0.838547 0.762974 0.694603 0.632131 0.574578 0.521188 0.471367 0.424638 0.380616 0.338980 0.299465 0.261848 0.225939 0.191573 0.158612 0.126931 0.096425 0.066999 0.038570 0.011064 -0.015586 
-0.015469 0.011189 0.038704 0.067144 0.096581 0.127100 0.158795 0.191774 0.226158 0.262090 0.299733 0.339278 0.380950 0.425016 0.471797 0.521684 0.575155 0.632812 0.695419 0.763971 0.839794 0.924711 1.021318 1.133498 1.267395 1.433511 1.651469 1.957800 2.256712 1.957800 1.651469 1.433511 1.267395 1.133498 1.021318 0.924711 0.839794 0.763971 0.695419 0.632812 0.575155 0.521684 0.471797 0.425016 0.380950 0.339278 0.299733 0.262090 0.226158 0.191774 0.158795 0.127100 0.096581 0.067144 0.038704 0.011189 -0.015469 
-0.015591 0.011058 0.038564 0.066993 0.096418 0.126924 0.158604 0.191565 0.225929 0.261838 0.299454 0.338967 0.380601 0.424622 0.471348 0.521166 0.574553 0.632101 0.694567 0.762931 0.838493 0.923034 1.019074 1.130338 1.262614 1.425460 1.635315 1.914012 2.141611 1.914012 1.635315 1.425460 1.262614 1.130338 1.019074 0.923034 0.838493 0.762931 0.694567 0.632101 0.574553 0.521166 0.471348 0.424622 0.380601 0.338967 0.299454 0.261838 0.225929 0.191565 0.158604 0.126924 0.096418 0.066993 0.038564 0.011058 -0.015591 
-0.016538 0.010046 0.037479 0.065826 0.095159 0.125561 0.157123 0.189949 0.224159 0.259889 0.297296 0.336565 0.377909 0.421581 0.467885 0.517184 0.569921 0.626644 0.688037 0.754971 0.828570 0.910315 1.002182 1.106837 1.227809 1.369227 1.532801 1.700990 1.787465 1.700990 1.532801 1.369227 1.227809 1.106837 1.002182 0.910315 0.828570 0.754971 0.688037 0.626644 0.569921 0.517184 0.467885 0.421581 0.377909 0.336565 0.297296 0.259889 0.224159 0.189949 0.157123 0.125561 0.095159 0.065826 0.037479 0.010046 -0.016538 
-0.018413 0.008041 0.035329 0.063514 0.092666 0.122863 0.154193 0.186755 0.220662 0.256042 0.293042 0.331833 0.372611 0.415608 0.461094 0.509392 0.560885 0.616035 0.675403 0.739669 0.809659 0.886369 0.970950 1.064596 1.168110 1.280517 1.395191 1.491661 1.531876 1.491661 1.395191 1.280517 1.168110 1.064596 0.970950 0.886369 0.809659 0.739669 0.675403 0.616035 0.560885 0.509392 0.461094 0.415608 0.372611 0.331833 0.293042 0.256042 0.220662 0.186755 0.154193 0.122863 0.092666 0.063514 0.035329 0.008041 -0.018413 
-0.021205 0.005057 0.032131 0.060078 0.088963 0.118859 0.149849 0.182023 0.215486 0.250355 0.286762 0.324860 0.364821 0.406845 0.451162 0.498037 0.547776 0.600733 0.657313 0.717968 0.783186 0.853444 0.929089 1.010071 1.095345 1.181649 1.261444 1.321068 1.343725 1.321068 1.261444 1.181649 1.095345 1.010071 0.929089 0.853444 0.783186 0.717968 0.657313 0.600733 0.547776 0.498037 0.451162 0.406845 0.364821 0.324860 0.286762 0.250355 0.215486 0.182023 0.149849 0.118859 0.088963 0.060078 0.032131 0.005057 -0.021205 
-0.024894 0.001116 0.027912 0.055548 0.084085 0.113589 0.144137 0.175810 0.208700 0.242912 0.278560 0.315773 0.354697 0.395494 0.438346 0.483454 0.531040 0.581340 0.634598 0.691044 0.750853 0.814064 0.880429 0.949135 1.018338 1.084470 1.141549 1.181345 1.195782 1.181345 1.141549 1.084470 1.018338 0.949135 0.880429 0.814064 0.750853 0.691044 0.634598 0.581340 0.531040 0.483454 0.438346 0.395494 0.354697 0.315773 0.278560 0.242912 0.208700 0.175810 0.144137 0.113589 0.084085 0.055548 0.027912 0.001116 -0.024894 
-0.029455 -0.003752 0.022703 0.049961 0.078075 0.107106 0.137120 0.168188 0.200392 0.233817 0.268561 0.304728 0.342432 0.381796 0.422953 0.466039 0.511189 0.558532 0.608164 0.660125 0.714345 0.770555 0.828155 0.885999 0.942123 0.993452 1.035717 1.063962 1.073946 1.063962 1.035717 0.993452 0.942123 0.885999 0.828155 0.770555 0.714345 0.660125 0.608164 0.558532 0.511189 0.466039 0.422953 0.381796 0.342432 0.304728 0.268561 0.233817 0.200392 0.168188 0.137120 0.107106 0.078075 0.049961 0.022703 -0.003752 -0.029455 
-0.034859 -0.009514 0.016545 0.043363 0.070987 0.099470 0.128868 0.159244 0.190661 0.223192 0.256913 0.291902 0.328243 0.366021 0.405318 0.446212 0.488760 0.532995 0.578895 0.626356 0.675138 0.724794 0.774566 0.823256 0.869091 0.909652 0.941977 0.962999 0.970314 0.962999 0.941977 0.909652 0.869091 0.823256 0.774566 0.724794 0.675138 0.626356 0.578895 0.532995 0.488760 0.446212 0.405318 0.366021 0.328243 0.291902 0.256913 0.223192 0.190661 0.159244 0.128868 0.099470 0.070987 0.043363 0.016545 -0.009514 -0.034859 
-0.041070 -0.016130 0.009482 0.035805 0.062880 0.090751 0.119464 0.149070 0.179621 0.211170 0.243772 0.277485 0.312360 0.348447 0.385784 0.424395 0.464274 0.505376 0.547592 0.590720 0.634421 0.678167 0.721174 0.762332 0.800156 0.832810 0.858238 0.874474 0.880066 0.874474 0.858238 0.832810 0.800156 0.762332 0.721174 0.678167 0.634421 0.590720 0.547592 0.505376 0.464274 0.424395 0.385784 0.348447 0.312360 0.277485 0.243772 0.211170 0.179621 0.149070 0.119464 0.090751 0.062880 0.035805 0.009482 -0.016130 -0.041070 
-0.048052 -0.023558 0.001563 0.027344 0.053819 0.081023 0.108994 0.137769 0.167388 0.197887 0.229304 0.261672 0.295015 0.329352 0.364684 0.400988 0.438211 0.476250 0.514937 0.554012 0.593092 0.631634 0.668898 0.703917 0.735494 0.762246 0.782732 0.795645 0.800061 0.795645 0.782732 0.762246 0.735494 0.703917 0.668898 0.631634 0.593092 0.554012 0.514937 0.476250 0.438211 0.400988 0.364684 0.329352 0.295015 0.261672 0.229304 0.197887 0.167388 0.137769 0.108994 0.081023 0.053819 0.027344 0.001563 -0.023558 -0.048052 
-0.055762 -0.031750 -0.007158 0.018040 0.043872 0.070365 0.097547 0.125445 0.154084 0.183487 0.213673 0.244655 0.276434 0.309002 0.342328 0.376357 0.410997 0.446108 0.481487 0.516847 0.551797 0.585819 0.618250 0.648274 0.674939 0.697208 0.714048 0.724564 0.728143 0.724564 0.714048 0.697208 0.674939 0.648274 0.618250 0.585819 0.551797 0.516847 0.481487 0.446108 0.410997 0.376357 0.342328 0.309002 0.276434 0.244655 0.213673 0.183487 0.154084 0.125445 0.097547 0.070365 0.043872 0.018040 -0.007158 -0.031750 -0.055762 
-0.064158 -0.040659 -0.016628 0.007955 0.033111 0.058858 0.085217 0.112203 0.139830 0.168107 0.197039 0.226619 0.256831 0.287642 0.319000 0.350823 0.382995 0.415355 0.447681 0.479682 0.510982 0.541107 0.569481 0.595427 0.618193 0.636993 0.651075 0.659808 0.662769 0.659808 0.651075 0.636993 0.618193 0.595427 0.569481 0.541107 0.510982 0.479682 0.447681 0.415355 0.382995 0.350823 0.319000 0.287642 0.256831 0.226619 0.197039 0.168107 0.139830 0.112203 0.085217 0.058858 0.033111 0.007955 -0.016628 -0.040659 -0.064158 
-0.073194 -0.050233 -0.026789 -0.002848 0.021606 0.046583 0.072094 0.098147 0.124744 0.151883 0.179554 0.207737 0.236400 0.265494 0.294947 0.324663 0.354510 0.384315 0.413854 0.442846 0.470941 0.497718 0.522683 0.545280 0.564915 0.580986 0.592935 0.600306 0.602798 0.600306 0.592935 0.580986 0.564915 0.545280 0.522683 0.497718 0.470941 0.442846 0.413854 0.384315 0.354510 0.324663 0.294947 0.265494 0.236400 0.207737 0.179554 0.151883 0.124744 0.098147 0.072094 0.046583 0.021606 -0.002848 -0.026789 -0.050233 -0.073194 
-0.082827 -0.060423 -0.037586 -0.014304 0.009428 0.033618 0.058268 0.083377 0.108938 0.134940 0.161361 0.188169 0.215321 0.242754 0.270386 0.298110 0.325786 0.353241 0.380256 0.406567 0.431857 0.455757 0.477849 0.497678 0.514770 0.528660 0.538927 0.545235 0.547363 0.545235 0.538927 0.528660 0.514770 0.497678 0.477849 0.455757 0.431857 0.406567 0.380256 0.353241 0.325786 0.298110 0.270386 0.242754 0.215321 0.188169 0.161361 0.134940 0.108938 0.083377 0.058268 0.033618 0.009428 -0.014304 -0.037586 -0.060423 -0.082827 
-0.093008 -0.071178 -0.048961 -0.026353 -0.003352 0.020042 0.043825 0.067989 0.092520 0.117397 0.142590 0.168059 0.193750 0.219593 0.245499 0.271355 0.297022 0.322328 0.347068 0.370998 0.393835 0.415260 0.434920 0.452442 0.467446 0.479569 0.488488 0.493950 0.495789 0.493950 0.488488 0.479569 0.467446 0.452442 0.434920 0.415260 0.393835 0.370998 0.347068 0.322328 0.297022 0.271355 0.245499 0.219593 0.193750 0.168059 0.142590 0.117397 0.092520 0.067989 0.043825 0.020042 -0.003352 -0.026353 -0.048961 -0.071178 -0.093008 
-0.103695 -0.082447 -0.060860 -0.038933 -0.016668 0.005928 0.028847 0.052073 0.075588 0.099362 0.123360 0.147534 0.171825 0.196157 0.220439 0.244555 0.268371 0.291721 0.314416 0.336234 0.356926 0.376215 0.393806 0.409390 0.422662 0.433335 0.441159 0.445936 0.447543 0.445936 0.441159 0.433335 0.422662 0.409390 0.393806 0.376215 0.356926 0.336234 0.314416 0.291721 0.268371 0.244555 0.220439 0.196157 0.171825 0.147534 0.123360 0.099362 0.075588 0.052073 0.028847 0.005928 -0.016668 -0.038933 -0.060860 -0.082447 -0.103695 
-0.114841 -0.094183 -0.073229 -0.051985 -0.030456 -0.008653 0.013410 0.035713 0.058232 0.080933 0.103775 0.126706 0.149664 0.172569 0.195330 0.217834 0.239951 0.261526 0.282386 0.302331 0.321142 0.338583 0.354403 0.368348 0.380170 0.389640 0.396559 0.400776 0.402192 0.400776 0.396559 0.389640 0.380170 0.368348 0.354403 0.338583 0.321142 0.302331 0.282386 0.261526 0.239951 0.217834 0.195330 0.172569 0.149664 0.126706 0.103775 0.080933 0.058232 0.035713 0.013410 -0.008653 -0.030456 -0.051985 -0.073229 -0.094183 -0.114841 
-0.126404 -0.106337 -0.086018 -0.065454 -0.044656 -0.023637 -0.002415 0.018985 0.040535 0.062198 0.083929 0.105674 0.127367 0.148932 0.170275 0.191289 0.211851 0.231818 0.251031 0.269313 0.286474 0.302307 0.316604 0.329153 0.339750 0.348210 0.354376 0.358126 0.359385 0.358126 0.354376 0.348210 0.339750 0.329153 0.316604 0.302307 0.286474 0.269313 0.251031 0.231818 0.211851 0.191289 0.170275 0.148932 0.127367 0.105674 0.083929 0.062198 0.040535 0.018985 -0.002415 -0.023637 -0.044656 -0.065454 -0.086018 -0.106337 -0.126404 
-0.138342 -0.118866 -0.099177 -0.079288 -0.059210 -0.038961 -0.018563 0.001958 0.022570 0.043234 0.063903 0.084520 0.105021 0.125329 0.145355 0.164996 0.184137 0.202647 0.220383 0.237187 0.252893 0.267325 0.280304 0.291654 0.301207 0.308813 0.314344 0.317703 0.318830 0.317703 0.314344 0.308813 0.301207 0.291654 0.280304 0.267325 0.252893 0.237187 0.220383 0.202647 0.184137 0.164996 0.145355 0.125329 0.105021 0.084520 0.063903 0.043234 0.022570 0.001958 -0.018563 -0.038961 -0.059210 -0.079288 -0.099177 -0.118866 -0.138342 
-0.150616 -0.131725 -0.112661 -0.093436 -0.074066 -0.054571 -0.034974 -0.015304 0.004404 0.024111 0.043767 0.063317 0.082696 0.101831 0.120634 0.139012 0.156855 0.174046 0.190455 0.205943 0.220364 0.233567 0.245400 0.255715 0.264372 0.271249 0.276240 0.279267 0.280282 0.279267 0.276240 0.271249 0.264372 0.255715 0.245400 0.233567 0.220364 0.205943 0.190455 0.174046 0.156855 0.139012 0.120634 0.101831 0.082696 0.063317 0.043767 0.024111 0.004404 -0.015304 -0.034974 -0.054571 -0.074066 -0.093436 -0.112661 -0.131725 -0.150616 
-0.163187 -0.144876 -0.126427 -0.107854 -0.089176 -0.070414 -0.051594 -0.032745 -0.013905 0.004887 0.023582 0.042124 0.060451 0.078491 0.096164 0.113379 0.130039 0.146034 0.161250 0.175562 0.188844 0.200966 0.211796 0.221211 0.229095 0.235344 0.239872 0.242616 0.243535 0.242616 0.239872 0.235344 0.229095 0.221211 0.211796 0.200966 0.188844 0.175562 0.161250 0.146034 0.130039 0.113379 0.096164 0.078491 0.060451 0.042124 0.023582 0.004887 -0.013905 -0.032745 -0.051594 -0.070414 -0.089176 -0.107854 -0.126427 -0.144876 -0.163187 
-0.176021 -0.158280 -0.140434 -0.122499 -0.104495 -0.086445 -0.068375 -0.050316 -0.032306 -0.014385 0.003399 0.020992 0.038333 0.055355 0.071981 0.088128 0.103706 0.118618 0.132758 0.146019 0.158288 0.169454 0.179404 0.188033 0.195243 0.200948 0.205076 0.207576 0.208412 0.207576 0.205076 0.200948 0.195243 0.188033 0.179404 0.169454 0.158288 0.146019 0.132758 0.118618 0.103706 0.088128 0.071981 0.055355 0.038333 0.020992 0.003399 -0.014385 -0.032306 -0.050316 -0.068375 -0.086445 -0.104495 -0.122499 -0.140434 -0.158280 -0.176021 
-0.189084 -0.171902 -0.154646 -0.137333 -0.119983 -0.102621 -0.085273 -0.067973 -0.050755 -0.033661 -0.016738 -0.000038 0.016381 0.032456 0.048114 0.063280 0.077870 0.091797 0.104967 0.117284 0.128650 0.138967 0.148140 0.156078 0.162699 0.167930 0.171710 0.173997 0.174762 0.173997 0.171710 0.167930 0.162699 0.156078 0.148140 0.138967 0.128650 0.117284 0.104967 0.091797 0.077870 0.063280 0.048114 0.032456 0.016381 -0.000038 -0.016738 -0.033661 -0.050755 -0.067973 -0.085273 -0.102621 -0.119983 -0.137333 -0.154646 -0.171902 -0.189084 
-0.202344 -0.185710 -0.169029 -0.152320 -0.135603 -0.118905 -0.102251 -0.085675 -0.069213 -0.052904 -0.036793 -0.020931 -0.005373 0.009821 0.024584 0.038848 0.052535 0.065566 0.077858 0.089325 0.099883 0.109445 0.117929 0.125257 0.131359 0.136173 0.139650 0.141751 0.142454 0.141751 0.139650 0.136173 0.131359 0.125257 0.117929 0.109445 0.099883 0.089325 0.077858 0.065566 0.052535 0.038848 0.024584 0.009821 -0.005373 -0.020931 -0.036793 -0.052904 -0.069213 -0.085675 -0.102251 -0.118905 -0.135603 -0.152320 -0.169029 -0.185710 -0.202344 
-0.215774 -0.199673 -0.183552 -0.167427 -0.151323 -0.135263 -0.119275 -0.103391 -0.087646 -0.072080 -0.056736 -0.041660 -0.026907 -0.012531 0.001406 0.014838 0.027698 0.039914 0.051410 0.062112 0.071943 0.080830 0.088700 0.095487 0.101130 0.105578 0.108786 0.110724 0.111372 0.110724 0.108786 0.105578 0.101130 0.095487 0.088700 0.080830 0.071943 0.062112 0.051410 0.039914 0.027698 0.014838 0.001406 -0.012531 -0.026907 -0.041660 -0.056736 -0.072080 -0.087646 -0.103391 -0.119275 -0.135263 -0.151323 -0.167427 -0.183552 -0.199673 -0.215774 
-0.229345 -0.213764 -0.198185 -0.182627 -0.167112 -0.151665 -0.136314 -0.121090 -0.106027 -0.091164 -0.076540 -0.062203 -0.048200 -0.034585 -0.021413 -0.008745 0.003356 0.014827 0.025601 0.035610 0.044787 0.053068 0.060390 0.066695 0.071930 0.076052 0.079023 0.080817 0.081417 0.080817 0.079023 0.076052 0.071930 0.066695 0.060390 0.053068 0.044787 0.035610 0.025601 0.014827 0.003356 -0.008745 -0.021413 -0.034585 -0.048200 -0.062203 -0.076540 -0.091164 -0.106027 -0.121090 -0.136314 -0.151665 -0.167112 -0.182627 -0.198185 -0.213764 -0.229345 
-0.243035 -0.227958 -0.212904 -0.197892 -0.182944 -0.168085 -0.153343 -0.138747 -0.124331 -0.110131 -0.096187 -0.082541 -0.069239 -0.056331 -0.043868 -0.031905 -0.020499 -0.009708 0.000408 0.009788 0.018375 0.026110 0.032940 0.038813 0.043685 0.047516 0.050276 0.051942 0.052499 0.051942 0.050276 0.047516 0.043685 0.038813 0.032940 0.026110 0.018375 0.009788 0.000408 -0.009708 -0.020499 -0.031905 -0.043868 -0.056331 -0.069239 -0.082541 -0.096187 -0.110131 -0.124331 -0.138747 -0.153343 -0.168085 -0.182944 -0.197892 -0.212904 -0.227958 -0.243035 
-0.256820 -0.242232 -0.227685 -0.213199 -0.198796 -0.184501 -0.170339 -0.156341 -0.142538 -0.128965 -0.115659 -0.102661 -0.090014 -0.077763 -0.065956 -0.054644 -0.043877 -0.033710 -0.024194 -0.015385 -0.007333 -0.000090 0.006296 0.011781 0.016327 0.019899 0.022470 0.024021 0.024540 0.024021 0.022470 0.019899 0.016327 0.011781 0.006296 -0.000090 -0.007333 -0.015385 -0.024194 -0.033710 -0.043877 -0.054644 -0.065956 -0.077763 -0.090014 -0.102661 -0.115659 -0.128965 -0.142538 -0.156341 -0.170339 -0.184501 -0.198796 -0.213199 -0.227685 -0.242232 -0.256820 
-0.270679 -0.256564 -0.242507 -0.228528 -0.214648 -0.200891 -0.187283 -0.173853 -0.160630 -0.147649 -0.134944 -0.122554 -0.110518 -0.098878 -0.087680 -0.076969 -0.066791 -0.057194 -0.048228 -0.039939 -0.032374 -0.025577 -0.019592 -0.014456 -0.010204 -0.006865 -0.004462 -0.003014 -0.002530 -0.003014 -0.004462 -0.006865 -0.010204 -0.014456 -0.019592 -0.025577 -0.032374 -0.039939 -0.048228 -0.057194 -0.066791 -0.076969 -0.087680 -0.098878 -0.110518 -0.122554 -0.134944 -0.147649 -0.160630 -0.173853 -0.187283 -0.200891 -0.214648 -0.228528 -0.242507 -0.256564 -0.270679 
