25 25
1.494502e-01 0 5
-1.017705 -0.987294 -0.957123 -0.927481 -0.898726 -0.871291 -0.845685 -0.822484 -0.802305 -0.785777 -0.773479 -0.765889 -0.763323 -0.765889 -0.773479 -0.785777 -0.802305 -0.822484 -0.845685 -0.871291 -0.898726 -0.927481 -0.957123 -0.987294 -1.017705 
-0.988670 -0.955622 -0.922570 -0.889812 -0.857731 -0.826816 -0.797661 -0.770967 -0.747517 -0.728133 -0.713601 -0.704584 -0.701525 -0.704584 -0.713601 -0.728133 -0.747517 -0.770967 -0.797661 -0.826816 -0.857731 -0.889812 -0.922570 -0.955622 -0.988670 
-0.960107 -0.924215 -0.888002 -0.851759 -0.815884 -0.780909 -0.747517 -0.716556 -0.689018 -0.665989 -0.648556 -0.637660 -0.633950 -0.637660 -0.648556 -0.665989 -0.689018 -0.716556 -0.747517 -0.780909 -0.815884 -0.851759 -0.888002 -0.924215 -0.960107 
-0.932326 -0.893404 -0.853761 -0.813657 -0.773479 -0.733782 -0.695327 -0.659120 -0.626411 -0.598649 -0.577360 -0.563926 -0.559328 -0.563926 -0.577360 -0.598649 -0.626411 -0.659120 -0.695327 -0.733782 -0.773479 -0.813657 -0.853761 -0.893404 -0.932326 
-0.905701 -0.863606 -0.820297 -0.775973 -0.730969 -0.685819 -0.641330 -0.598649 -0.559328 -0.525304 -0.498754 -0.481775 -0.475923 -0.481775 -0.498754 -0.525304 -0.559328 -0.598649 -0.641330 -0.685819 -0.730969 -0.775973 -0.820297 -0.863606 -0.905701 
-0.880671 -0.835326 -0.788186 -0.739340 -0.689018 -0.637660 -0.586034 -0.535374 -0.487529 -0.445055 -0.411106 -0.388979 -0.381270 -0.388979 -0.411106 -0.445055 -0.487529 -0.535374 -0.586034 -0.637660 -0.689018 -0.739340 -0.788186 -0.835326 -0.880671 
-0.857731 -0.809160 -0.758133 -0.704584 -0.648556 -0.590290 -0.530376 -0.469969 -0.411106 -0.357031 -0.312315 -0.282329 -0.271708 -0.282329 -0.312315 -0.357031 -0.411106 -0.469969 -0.530376 -0.590290 -0.648556 -0.704584 -0.758133 -0.809160 -0.857731 
-0.837422 -0.785777 -0.730969 -0.672725 -0.610821 -0.545157 -0.475923 -0.403889 -0.330918 -0.260741 -0.199776 -0.157031 -0.141472 -0.157031 -0.199776 -0.260741 -0.330918 -0.403889 -0.475923 -0.545157 -0.610821 -0.672725 -0.730969 -0.785777 -0.837422 
-0.820297 -0.765889 -0.707615 -0.644961 -0.577360 -0.504231 -0.425095 -0.339849 -0.249403 -0.157031 -0.070748 -0.005637 0.019264 -0.005637 -0.070748 -0.157031 -0.249403 -0.339849 -0.425095 -0.504231 -0.577360 -0.644961 -0.707615 -0.765889 -0.820297 
-0.806890 -0.750201 -0.689018 -0.622578 -0.549946 -0.469969 -0.381270 -0.282329 -0.171896 -0.050434 0.075527 0.183484 0.229128 0.183484 0.075527 -0.050434 -0.171896 -0.282329 -0.381270 -0.469969 -0.549946 -0.622578 -0.689018 -0.750201 -0.806890 
-0.797661 -0.739340 -0.676045 -0.606811 -0.530376 -0.445055 -0.348549 -0.237669 -0.107988 0.046197 0.229128 0.424349 0.528545 0.424349 0.229128 0.046197 -0.107988 -0.237669 -0.348549 -0.445055 -0.530376 -0.606811 -0.676045 -0.739340 -0.797661 
-0.792955 -0.733782 -0.669374 -0.598649 -0.520156 -0.431879 -0.330918 -0.212889 -0.070748 0.107727 0.345576 0.683109 0.991139 0.683109 0.345576 0.107727 -0.070748 -0.212889 -0.330918 -0.431879 -0.520156 -0.598649 -0.669374 -0.733782 -0.792955 
-0.792363 -0.733081 -0.668531 -0.597616 -0.518857 -0.430196 -0.328648 -0.209659 -0.065786 0.116293 0.363553 0.736908 1.156859 0.736908 0.363553 0.116293 -0.065786 -0.209659 -0.328648 -0.430196 -0.518857 -0.597616 -0.668531 -0.733081 -0.792363 
-0.792981 -0.733812 -0.669410 -0.598694 -0.520212 -0.431952 -0.331017 -0.213029 -0.070962 0.107359 0.344817 0.680964 0.985570 0.680964 0.344817 0.107359 -0.070962 -0.213029 -0.331017 -0.431952 -0.520212 -0.598694 -0.669410 -0.733812 -0.792981 
-0.797737 -0.739430 -0.676152 -0.606941 -0.530539 -0.445264 -0.348827 -0.238055 -0.108557 0.045290 0.227547 0.421478 0.524594 0.421478 0.227547 0.045290 -0.108557 -0.238055 -0.348827 -0.445264 -0.530539 -0.606941 -0.676152 -0.739430 -0.797737 
-0.807012 -0.750345 -0.689189 -0.622786 -0.550202 -0.470292 -0.381689 -0.282891 -0.172678 -0.051560 0.073879 0.181197 0.226501 0.181197 0.073879 -0.051560 -0.172678 -0.282891 -0.381689 -0.470292 -0.550202 -0.622786 -0.689189 -0.750345 -0.807012 
-0.820463 -0.766082 -0.707843 -0.645233 -0.577691 -0.504640 -0.425611 -0.340512 -0.250271 -0.158174 -0.072229 -0.007439 0.017321 -0.007439 -0.072229 -0.158174 -0.250271 -0.340512 -0.425611 -0.504640 -0.577691 -0.645233 -0.707843 -0.766082 -0.820463 
-0.837624 -0.786011 -0.731242 -0.673048 -0.611206 -0.545624 -0.476494 -0.404595 -0.331793 -0.261819 -0.201068 -0.158500 -0.143011 -0.158500 -0.201068 -0.261819 -0.331793 -0.404595 -0.476494 -0.545624 -0.611206 -0.673048 -0.731242 -0.786011 -0.837624 
-0.857965 -0.809427 -0.758442 -0.704944 -0.648978 -0.590791 -0.530971 -0.470679 -0.411950 -0.358020 -0.313445 -0.283564 -0.272983 -0.283564 -0.313445 -0.358020 -0.411950 -0.470679 -0.530971 -0.590791 -0.648978 -0.704944 -0.758442 -0.809427 -0.857965 
-0.880930 -0.835620 -0.788521 -0.739726 -0.689462 -0.638175 -0.586632 -0.536067 -0.488326 -0.445957 -0.412103 -0.390043 -0.382358 -0.390043 -0.412103 -0.445957 -0.488326 -0.536067 -0.586632 -0.638175 -0.689462 -0.739726 -0.788521 -0.835620 -0.880930 
-0.905980 -0.863919 -0.820651 -0.776374 -0.731424 -0.686337 -0.641918 -0.599315 -0.560074 -0.526127 -0.499643 -0.482710 -0.476874 -0.482710 -0.499643 -0.526127 -0.560074 -0.599315 -0.641918 -0.686337 -0.731424 -0.776374 -0.820651 -0.863919 -0.905980 
-0.932619 -0.893730 -0.854126 -0.814065 -0.773936 -0.734293 -0.695899 -0.659754 -0.627107 -0.599403 -0.578162 -0.564759 -0.560173 -0.564759 -0.578162 -0.599403 -0.627107 -0.659754 -0.695899 -0.734293 -0.773936 -0.814065 -0.854126 -0.893730 -0.932619 
-0.960410 -0.924550 -0.888373 -0.852169 -0.816338 -0.781409 -0.748067 -0.717157 -0.689667 -0.666683 -0.649285 -0.638413 -0.634711 -0.638413 -0.649285 -0.666683 -0.689667 -0.717157 -0.748067 -0.781409 -0.816338 -0.852169 -0.888373 -0.924550 -0.960410 
-0.988980 -0.955961 -0.922942 -0.890219 -0.858177 -0.827302 -0.798189 -0.771536 -0.748125 -0.728775 -0.714271 -0.705270 -0.702218 -0.705270 -0.714271 -0.728775 -0.748125 -0.771536 -0.798189 -0.827302 -0.858177 -0.890219 -0.922942 -0.955961 -0.988980 
-1.018018 -0.987634 -0.957493 -0.927883 -0.899161 -0.871761 -0.846190 -0.823022 -0.802876 -0.786374 -0.774097 -0.766521 -0.763959 -0.766521 -0.774097 -0.786374 -0.802876 -0.823022 -0.846190 -0.871761 -0.899161 -0.927883 -0.957493 -0.987634 -1.018018 
