53 53
2.412961e+00 0 5
-0.284599 -0.269563 -0.254590 -0.239706 -0.224937 -0.210315 -0.195872 -0.181645 -0.167674 -0.154000 -0.140671 -0.127736 -0.115246 -0.103256 -0.091824 -0.081009 -0.070869 -0.061466 -0.052858 -0.045104 -0.038257 -0.032369 -0.027485 -0.023643 -0.020876 -0.019206 -0.018648 -0.019206 -0.020876 -0.023643 -0.027485 -0.032369 -0.038257 -0.045104 -0.052858 -0.061466 -0.070869 -0.081009 -0.091824 -0.103256 -0.115246 -0.127736 -0.140671 -0.154000 -0.167674 -0.181645 -0.195872 -0.210315 -0.224937 -0.239706 -0.254590 -0.269563 -0.284599 
-0.269863 -0.254279 -0.238737 -0.223264 -0.207885 -0.192633 -0.177541 -0.162649 -0.147996 -0.133629 -0.119597 -0.105952 -0.092751 -0.080054 -0.067924 -0.056426 -0.045626 -0.035592 -0.026391 -0.018089 -0.010748 -0.004427 0.000823 0.004956 0.007935 0.009734 0.010335 0.009734 0.007935 0.004956 0.000823 -0.004427 -0.010748 -0.018089 -0.026391 -0.035592 -0.045626 -0.056426 -0.067924 -0.080054 -0.092751 -0.105952 -0.119597 -0.133629 -0.147996 -0.162649 -0.177541 -0.192633 -0.207885 -0.223264 -0.238737 -0.254279 -0.269863 
-0.255212 -0.239060 -0.222928 -0.206839 -0.190822 -0.174908 -0.159133 -0.143536 -0.128159 -0.113052 -0.098266 -0.083859 -0.069890 -0.056426 -0.043535 -0.031289 -0.019764 -0.009034 0.000823 0.009734 0.017625 0.024431 0.030090 0.034550 0.037768 0.039711 0.040361 0.039711 0.037768 0.034550 0.030090 0.024431 0.017625 0.009734 0.000823 -0.009034 -0.019764 -0.031289 -0.043535 -0.056426 -0.069890 -0.083859 -0.098266 -0.113052 -0.128159 -0.143536 -0.159133 -0.174908 -0.190822 -0.206839 -0.222928 -0.239060 -0.255212 
-0.240672 -0.223934 -0.207188 -0.190459 -0.173774 -0.157167 -0.140671 -0.124329 -0.108184 -0.092288 -0.076695 -0.061466 -0.046667 -0.032369 -0.018648 -0.005584 0.006741 0.018239 0.028826 0.038414 0.046922 0.054272 0.060392 0.065220 0.068707 0.070815 0.071520 0.070815 0.068707 0.065220 0.060392 0.054272 0.046922 0.038414 0.028826 0.018239 0.006741 -0.005584 -0.018648 -0.032369 -0.046667 -0.061466 -0.076695 -0.092288 -0.108184 -0.124329 -0.140671 -0.157167 -0.173774 -0.190459 -0.207188 -0.223934 -0.240672 
-0.226272 -0.208928 -0.191547 -0.174153 -0.156772 -0.139437 -0.122185 -0.105055 -0.088096 -0.071358 -0.054901 -0.038788 -0.023091 -0.007887 0.006741 0.020704 0.033910 0.046261 0.057660 0.068007 0.077208 0.085170 0.091811 0.097058 0.100850 0.103144 0.103912 0.103144 0.100850 0.097058 0.091811 0.085170 0.077208 0.068007 0.057660 0.046261 0.033910 0.020704 0.006741 -0.007887 -0.023091 -0.038788 -0.054901 -0.071358 -0.088096 -0.105055 -0.122185 -0.139437 -0.156772 -0.174153 -0.191547 -0.208928 -0.226272 
-0.212042 -0.194076 -0.176039 -0.157954 -0.139849 -0.121754 -0.103707 -0.085747 -0.067924 -0.050291 -0.032908 -0.015845 0.000823 0.017013 0.032632 0.047585 0.061765 0.075065 0.087371 0.098570 0.108551 0.117208 0.124441 0.130165 0.134307 0.136814 0.137654 0.136814 0.134307 0.130165 0.124441 0.117208 0.108551 0.098570 0.087371 0.075065 0.061765 0.047585 0.032632 0.017013 0.000823 -0.015845 -0.032908 -0.050291 -0.067924 -0.085747 -0.103707 -0.121754 -0.139849 -0.157954 -0.176039 -0.194076 -0.212042 
-0.198018 -0.179412 -0.160699 -0.141901 -0.123044 -0.104157 -0.085276 -0.066443 -0.047706 -0.029120 -0.010748 0.007337 0.025056 0.042318 0.059023 0.075065 0.090325 0.104681 0.118005 0.130165 0.141031 0.150477 0.158387 0.164658 0.169202 0.171955 0.172877 0.171955 0.169202 0.164658 0.158387 0.150477 0.141031 0.130165 0.118005 0.104681 0.090325 0.075065 0.059023 0.042318 0.025056 0.007337 -0.010748 -0.029120 -0.047706 -0.066443 -0.085276 -0.104157 -0.123044 -0.141901 -0.160699 -0.179412 -0.198018 
-0.184236 -0.164976 -0.145569 -0.126036 -0.106399 -0.086688 -0.066937 -0.047187 -0.027485 -0.007887 0.011541 0.030724 0.049579 0.068007 0.085902 0.103144 0.119604 0.135141 0.149609 0.162855 0.174729 0.185080 0.193768 0.200670 0.205679 0.208718 0.209736 0.208718 0.205679 0.200670 0.193768 0.185080 0.174729 0.162855 0.149609 0.135141 0.119604 0.103144 0.085902 0.068007 0.049579 0.030724 0.011541 -0.007887 -0.027485 -0.047187 -0.066937 -0.086688 -0.106399 -0.126036 -0.145569 -0.164976 -0.184236 
-0.170735 -0.150809 -0.130693 -0.110404 -0.089964 -0.069399 -0.048742 -0.028031 -0.007313 0.013356 0.033910 0.054272 0.074353 0.094051 0.113248 0.131816 0.149609 0.166469 0.182228 0.196710 0.209736 0.221128 0.230717 0.238353 0.243905 0.247277 0.248408 0.247277 0.243905 0.238353 0.230717 0.221128 0.209736 0.196710 0.182228 0.166469 0.149609 0.131816 0.113248 0.094051 0.074353 0.054272 0.033910 0.013356 -0.007313 -0.028031 -0.048742 -0.069399 -0.089964 -0.110404 -0.130693 -0.150809 -0.170735 
-0.157561 -0.136958 -0.116120 -0.095058 -0.073793 -0.052346 -0.030748 -0.009034 0.012750 0.034550 0.056301 0.077925 0.099329 0.120406 0.141031 0.161062 0.180339 0.198685 0.215906 0.231799 0.246150 0.258747 0.269386 0.277881 0.284072 0.287838 0.289102 0.287838 0.284072 0.277881 0.269386 0.258747 0.246150 0.231799 0.215906 0.198685 0.180339 0.161062 0.141031 0.120406 0.099329 0.077925 0.056301 0.034550 0.012750 -0.009034 -0.030748 -0.052346 -0.073793 -0.095058 -0.116120 -0.136958 -0.157561 
-0.144757 -0.123472 -0.101901 -0.080054 -0.057944 -0.035592 -0.013022 0.009734 0.032632 0.055623 0.078643 0.101613 0.124441 0.147014 0.169202 0.190849 0.211781 0.231799 0.250681 0.268189 0.284072 0.298075 0.309948 0.319458 0.326408 0.330643 0.332066 0.330643 0.326408 0.319458 0.309948 0.298075 0.284072 0.268189 0.250681 0.231799 0.211781 0.190849 0.169202 0.147014 0.124441 0.101613 0.078643 0.055623 0.032632 0.009734 -0.013022 -0.035592 -0.057944 -0.080054 -0.101901 -0.123472 -0.144757 
-0.132373 -0.110404 -0.088096 -0.065453 -0.042485 -0.019206 0.004363 0.028195 0.052253 0.076492 0.100850 0.125253 0.149609 0.173802 0.197696 0.221128 0.243905 0.265805 0.286579 0.305947 0.323612 0.339265 0.352597 0.363320 0.371179 0.375979 0.377594 0.375979 0.371179 0.363320 0.352597 0.339265 0.323612 0.305947 0.286579 0.265805 0.243905 0.221128 0.197696 0.173802 0.149609 0.125253 0.100850 0.076492 0.052253 0.028195 0.004363 -0.019206 -0.042485 -0.065453 -0.088096 -0.110404 -0.132373 
-0.120461 -0.097810 -0.074763 -0.051320 -0.027485 -0.003266 0.021323 0.046261 0.071520 0.097058 0.122822 0.148742 0.174729 0.200670 0.226425 0.251822 0.276656 0.300680 0.323612 0.345129 0.364878 0.382481 0.397558 0.409741 0.418705 0.424195 0.426043 0.424195 0.418705 0.409741 0.397558 0.382481 0.364878 0.345129 0.323612 0.300680 0.276656 0.251822 0.226425 0.200670 0.174729 0.148742 0.122822 0.097058 0.071520 0.046261 0.021323 -0.003266 -0.027485 -0.051320 -0.074763 -0.097810 -0.120461 
-0.109074 -0.085747 -0.061967 -0.037726 -0.013022 0.012145 0.037768 0.063835 0.090325 0.117208 0.144438 0.171955 0.199676 0.227493 0.255268 0.282826 0.309948 0.336368 0.361768 0.385777 0.407974 0.427902 0.445082 0.459046 0.469369 0.475712 0.477852 0.475712 0.469369 0.459046 0.445082 0.427902 0.407974 0.385777 0.361768 0.336368 0.309948 0.282826 0.255268 0.227493 0.199676 0.171955 0.144438 0.117208 0.090325 0.063835 0.037768 0.012145 -0.013022 -0.037726 -0.061967 -0.085747 -0.109074 
-0.098266 -0.074278 -0.049775 -0.024745 0.000823 0.026936 0.053598 0.080806 0.108551 0.136814 0.165562 0.194746 0.224297 0.254116 0.284072 0.313993 0.343654 0.372772 0.400996 0.427902 0.452994 0.475712 0.495456 0.511619 0.523638 0.531053 0.533561 0.531053 0.523638 0.511619 0.495456 0.475712 0.452994 0.427902 0.400996 0.372772 0.343654 0.313993 0.284072 0.254116 0.224297 0.194746 0.165562 0.136814 0.108551 0.080806 0.053598 0.026936 0.000823 -0.024745 -0.049775 -0.074278 -0.098266 
-0.088096 -0.063464 -0.038257 -0.012454 0.013963 0.041012 0.068707 0.097058 0.126068 0.155732 0.186035 0.216945 0.248408 0.280345 0.312640 0.345129 0.377594 0.409741 0.441192 0.471471 0.499998 0.526092 0.548995 0.567912 0.582085 0.590875 0.593856 0.590875 0.582085 0.567912 0.548995 0.526092 0.499998 0.471471 0.441192 0.409741 0.377594 0.345129 0.312640 0.280345 0.248408 0.216945 0.186035 0.155732 0.126068 0.097058 0.068707 0.041012 0.013963 -0.012454 -0.038257 -0.063464 -0.088096 
-0.078618 -0.053370 -0.027485 -0.000935 0.026308 0.054272 0.082982 0.112462 0.142731 0.173802 0.205679 0.238353 0.271793 0.305947 0.340722 0.375979 0.411516 0.447043 0.482171 0.516377 0.548995 0.579203 0.606042 0.628463 0.645422 0.656015 0.659620 0.656015 0.645422 0.628463 0.606042 0.579203 0.548995 0.516377 0.482171 0.447043 0.411516 0.375979 0.340722 0.305947 0.271793 0.238353 0.205679 0.173802 0.142731 0.112462 0.082982 0.054272 0.026308 -0.000935 -0.027485 -0.053370 -0.078618 
-0.069890 -0.044058 -0.017529 0.009734 0.037768 0.066611 0.096304 0.126883 0.158387 0.190849 0.224297 0.258747 0.294203 0.330643 0.368015 0.406217 0.445082 0.484350 0.523638 0.562401 0.599895 0.635146 0.666946 0.693898 0.714545 0.727562 0.732015 0.727562 0.714545 0.693898 0.666946 0.635146 0.599895 0.562401 0.523638 0.484350 0.445082 0.406217 0.368015 0.330643 0.294203 0.258747 0.224297 0.190849 0.158387 0.126883 0.096304 0.066611 0.037768 0.009734 -0.017529 -0.044058 -0.069890 
-0.061967 -0.035592 -0.008461 0.019470 0.048248 0.077925 0.108551 0.140184 0.172877 0.206689 0.241674 0.277881 0.315352 0.354109 0.394152 0.435435 0.477852 0.521201 0.565146 0.609157 0.652447 0.693898 0.732015 0.764938 0.790589 0.806973 0.812617 0.806973 0.790589 0.764938 0.732015 0.693898 0.652447 0.609157 0.565146 0.521201 0.477852 0.435435 0.394152 0.354109 0.315352 0.277881 0.241674 0.206689 0.172877 0.140184 0.108551 0.077925 0.048248 0.019470 -0.008461 -0.035592 -0.061967 
-0.054901 -0.028031 -0.000350 0.028195 0.057660 0.088107 0.119604 0.152221 0.186035 0.221128 0.257584 0.295489 0.334928 0.375979 0.418705 0.463139 0.509263 0.556977 0.606042 0.656015 0.706135 0.755200 0.801423 0.842356 0.875001 0.896242 0.903635 0.896242 0.875001 0.842356 0.801423 0.755200 0.706135 0.656015 0.606042 0.556977 0.509263 0.463139 0.418705 0.375979 0.334928 0.295489 0.257584 0.221128 0.186035 0.152221 0.119604 0.088107 0.057660 0.028195 -0.000350 -0.028031 -0.054901 
-0.048742 -0.021431 0.006741 0.035834 0.065915 0.097058 0.129342 0.162855 0.197696 0.233970 0.271793 0.311291 0.352597 0.395851 0.441192 0.488750 0.538630 0.590875 0.645422 0.702007 0.760034 0.818358 0.875001 0.926858 0.969599 0.998186 1.008296 0.998186 0.969599 0.926858 0.875001 0.818358 0.760034 0.702007 0.645422 0.590875 0.538630 0.488750 0.441192 0.395851 0.352597 0.311291 0.271793 0.233970 0.197696 0.162855 0.129342 0.097058 0.065915 0.035834 0.006741 -0.021431 -0.048742 
-0.043535 -0.015845 0.012750 0.042318 0.072934 0.104681 0.137654 0.171955 0.207702 0.245026 0.284072 0.325007 0.368015 0.413299 0.461087 0.511619 0.565146 0.621906 0.682086 0.745735 0.812617 0.881932 0.951833 1.018728 1.076551 1.116919 1.131575 1.116919 1.076551 1.018728 0.951833 0.881932 0.812617 0.745735 0.682086 0.621906 0.565146 0.511619 0.461087 0.413299 0.368015 0.325007 0.284072 0.245026 0.207702 0.171955 0.137654 0.104681 0.072934 0.042318 0.012750 -0.015845 -0.043535 
-0.039318 -0.011318 0.017625 0.047585 0.078643 0.110893 0.144438 0.179398 0.215906 0.254116 0.294203 0.336368 0.380845 0.427902 0.477852 0.531053 0.587920 0.648916 0.714545 0.785300 0.861557 0.943297 1.029503 1.116919 1.197926 1.258594 1.281682 1.258594 1.197926 1.116919 1.029503 0.943297 0.861557 0.785300 0.714545 0.648916 0.587920 0.531053 0.477852 0.427902 0.380845 0.336368 0.294203 0.254116 0.215906 0.179398 0.144438 0.110893 0.078643 0.047585 0.017625 -0.011318 -0.039318 
-0.036126 -0.007887 0.021323 0.051583 0.082982 0.115619 0.149609 0.185080 0.222181 0.261085 0.301990 0.345129 0.390778 0.439262 0.490971 0.546375 0.606042 0.670668 0.741099 0.818358 0.903635 0.998186 1.102898 1.216899 1.333601 1.432181 1.473410 1.432181 1.333601 1.216899 1.102898 0.998186 0.903635 0.818358 0.741099 0.670668 0.606042 0.546375 0.490971 0.439262 0.390778 0.345129 0.301990 0.261085 0.222181 0.185080 0.149609 0.115619 0.082982 0.051583 0.021323 -0.007887 -0.036126 
-0.033984 -0.005584 0.023808 0.054272 0.085902 0.118803 0.153095 0.188916 0.226425 0.265805 0.307276 0.351091 0.397558 0.447043 0.499998 0.556977 0.618675 0.685978 0.760034 0.842356 0.934975 1.040644 1.163046 1.306579 1.473410 1.646243 1.735824 1.646243 1.473410 1.306579 1.163046 1.040644 0.934975 0.842356 0.760034 0.685978 0.618675 0.556977 0.499998 0.447043 0.397558 0.351091 0.307276 0.265805 0.226425 0.188916 0.153095 0.118803 0.085902 0.054272 0.023808 -0.005584 -0.033984 
-0.032908 -0.004427 0.025056 0.055623 0.087371 0.120406 0.154851 0.190849 0.228565 0.268189 0.309948 0.354109 0.400996 0.450999 0.504600 0.562401 0.625169 0.693898 0.769915 0.855033 0.951833 1.064138 1.197926 1.363153 1.577232 1.864661 2.103958 1.864661 1.577232 1.363153 1.197926 1.064138 0.951833 0.855033 0.769915 0.693898 0.625169 0.562401 0.504600 0.450999 0.400996 0.354109 0.309948 0.268189 0.228565 0.190849 0.154851 0.120406 0.087371 0.055623 0.025056 -0.004427 -0.032908 
-0.032773 -0.004282 0.025212 0.055793 0.087555 0.120606 0.155071 0.191092 0.228833 0.268488 0.310283 0.354488 0.401428 0.451497 0.505180 0.563085 0.625989 0.694901 0.771170 0.856652 0.954002 1.067197 1.202565 1.370995 1.593073 1.908240 2.221200 1.908240 1.593073 1.370995 1.202565 1.067197 0.954002 0.856652 0.771170 0.694901 0.625989 0.563085 0.505180 0.451497 0.401428 0.354488 0.310283 0.268488 0.228833 0.191092 0.155071 0.120606 0.087555 0.055793 0.025212 -0.004282 -0.032773 
-0.032914 -0.004433 0.025049 0.055616 0.087363 0.120397 0.154842 0.190839 0.228553 0.268176 0.309933 0.354093 0.400977 0.450977 0.504575 0.562372 0.625133 0.693855 0.769860 0.854963 0.951739 1.064005 1.197726 1.362817 1.576562 1.862908 2.099868 1.862908 1.576562 1.362817 1.197726 1.064005 0.951739 0.854963 0.769860 0.693855 0.625133 0.562372 0.504575 0.450977 0.400977 0.354093 0.309933 0.268176 0.228553 0.190839 0.154842 0.120397 0.087363 0.055616 0.025049 -0.004433 -0.032914 
-0.034001 -0.005602 0.023787 0.054250 0.085878 0.118777 0.153067 0.188885 0.226390 0.265767 0.307233 0.351042 0.397502 0.446980 0.499924 0.556889 0.618571 0.685851 0.759877 0.842155 0.934709 1.040278 1.162511 1.305742 1.471986 1.643746 1.732464 1.643746 1.471986 1.305742 1.162511 1.040278 0.934709 0.842155 0.759877 0.685851 0.618571 0.556889 0.499924 0.446980 0.397502 0.351042 0.307233 0.265767 0.226390 0.188885 0.153067 0.118777 0.085878 0.054250 0.023787 -0.005602 -0.034001 
-0.036155 -0.007918 0.021289 0.051547 0.082943 0.115576 0.149562 0.185028 0.222124 0.261022 0.301919 0.345050 0.390688 0.439159 0.490851 0.546234 0.605875 0.670467 0.740851 0.818046 0.903233 0.997651 1.102160 1.215848 1.332086 1.430108 1.471045 1.430108 1.332086 1.215848 1.102160 0.997651 0.903233 0.818046 0.740851 0.670467 0.605875 0.546234 0.490851 0.439159 0.390688 0.345050 0.301919 0.261022 0.222124 0.185028 0.149562 0.115576 0.082943 0.051547 0.021289 -0.007918 -0.036155 
-0.039358 -0.011361 0.017579 0.047535 0.078589 0.110834 0.144374 0.179327 0.215828 0.254029 0.294106 0.336259 0.380722 0.427762 0.477690 0.530865 0.587699 0.648652 0.714224 0.784905 0.861061 0.942662 1.028678 1.115841 1.196542 1.256921 1.279883 1.256921 1.196542 1.115841 1.028678 0.942662 0.861061 0.784905 0.714224 0.648652 0.587699 0.530865 0.477690 0.427762 0.380722 0.336259 0.294106 0.254029 0.215828 0.179327 0.144374 0.110834 0.078589 0.047535 0.017579 -0.011361 -0.039358 
-0.043585 -0.015899 0.012691 0.042254 0.072865 0.104607 0.137572 0.171866 0.207604 0.244917 0.283952 0.324872 0.367862 0.413126 0.460888 0.511390 0.564879 0.621592 0.681711 0.745283 0.812066 0.881254 0.950997 1.017703 1.075329 1.115535 1.130127 1.115535 1.075329 1.017703 0.950997 0.881254 0.812066 0.745283 0.681711 0.621592 0.564879 0.511390 0.460888 0.413126 0.367862 0.324872 0.283952 0.244917 0.207604 0.171866 0.137572 0.104607 0.072865 0.042254 0.012691 -0.015899 -0.043585 
-0.048803 -0.021497 0.006670 0.035758 0.065833 0.096968 0.129244 0.162749 0.197579 0.233841 0.271651 0.311132 0.352419 0.395649 0.440963 0.488488 0.538328 0.590524 0.645011 0.701522 0.759458 0.817673 0.874190 0.925910 0.968521 0.997011 1.007084 0.997011 0.968521 0.925910 0.874190 0.817673 0.759458 0.701522 0.645011 0.590524 0.538328 0.488488 0.440963 0.395649 0.352419 0.311132 0.271651 0.233841 0.197579 0.162749 0.129244 0.096968 0.065833 0.035758 0.006670 -0.021497 -0.048803 
-0.054972 -0.028107 -0.000432 0.028107 0.057565 0.088004 0.119492 0.152099 0.185901 0.220981 0.257421 0.295309 0.334727 0.375754 0.418451 0.462851 0.508935 0.556600 0.605609 0.655514 0.705555 0.754530 0.800654 0.841488 0.874043 0.895221 0.902591 0.895221 0.874043 0.841488 0.800654 0.754530 0.705555 0.655514 0.605609 0.556600 0.508935 0.462851 0.418451 0.375754 0.334727 0.295309 0.257421 0.220981 0.185901 0.152099 0.119492 0.088004 0.057565 0.028107 -0.000432 -0.028107 -0.054972 
-0.062047 -0.035678 -0.008554 0.019370 0.048141 0.077809 0.108426 0.140047 0.172728 0.206526 0.241495 0.277683 0.315132 0.353865 0.393879 0.435128 0.477506 0.520809 0.564702 0.608653 0.651875 0.693253 0.731293 0.764142 0.789730 0.806072 0.811700 0.806072 0.789730 0.764142 0.731293 0.693253 0.651875 0.608653 0.564702 0.520809 0.477506 0.435128 0.393879 0.353865 0.315132 0.277683 0.241495 0.206526 0.172728 0.140047 0.108426 0.077809 0.048141 0.019370 -0.008554 -0.035678 -0.062047 
-0.069980 -0.044154 -0.017632 0.009624 0.037649 0.066484 0.096166 0.126734 0.158225 0.190672 0.224103 0.258534 0.293968 0.330383 0.367727 0.405897 0.444725 0.483951 0.523191 0.561902 0.599339 0.634530 0.666269 0.693167 0.713767 0.726755 0.731196 0.726755 0.713767 0.693167 0.666269 0.634530 0.599339 0.561902 0.523191 0.483951 0.444725 0.405897 0.367727 0.330383 0.293968 0.258534 0.224103 0.190672 0.158225 0.126734 0.096166 0.066484 0.037649 0.009624 -0.017632 -0.044154 -0.069980 
-0.078716 -0.053474 -0.027596 -0.001054 0.026180 0.054134 0.082833 0.112301 0.142557 0.173613 0.205473 0.238127 0.271547 0.305676 0.340424 0.375650 0.411152 0.446642 0.481727 0.515888 0.548458 0.578618 0.605409 0.627787 0.644712 0.655283 0.658880 0.655283 0.644712 0.627787 0.605409 0.578618 0.548458 0.515888 0.481727 0.446642 0.411152 0.375650 0.340424 0.305676 0.271547 0.238127 0.205473 0.173613 0.142557 0.112301 0.082833 0.054134 0.026180 -0.001054 -0.027596 -0.053474 -0.078716 
-0.088201 -0.063577 -0.038377 -0.012583 0.013826 0.040865 0.068549 0.096887 0.125884 0.155533 0.185819 0.216710 0.248152 0.280066 0.312335 0.344796 0.377229 0.409341 0.440755 0.470995 0.499482 0.525537 0.548402 0.567286 0.581432 0.590206 0.593181 0.590206 0.581432 0.567286 0.548402 0.525537 0.499482 0.470995 0.440755 0.409341 0.377229 0.344796 0.312335 0.280066 0.248152 0.216710 0.185819 0.155533 0.125884 0.096887 0.068549 0.040865 0.013826 -0.012583 -0.038377 -0.063577 -0.088201 
-0.098379 -0.074398 -0.049903 -0.024881 0.000678 0.026781 0.053431 0.080627 0.108359 0.136607 0.165338 0.194504 0.224035 0.253832 0.283764 0.313658 0.343290 0.372378 0.400569 0.427441 0.452499 0.475185 0.494898 0.511035 0.523034 0.530436 0.532939 0.530436 0.523034 0.511035 0.494898 0.475185 0.452499 0.427441 0.400569 0.372378 0.343290 0.313658 0.283764 0.253832 0.224035 0.194504 0.165338 0.136607 0.108359 0.080627 0.053431 0.026781 0.000678 -0.024881 -0.049903 -0.074398 -0.098379 
-0.109193 -0.085874 -0.062101 -0.037869 -0.013174 0.011982 0.037594 0.063649 0.090126 0.116994 0.144208 0.171708 0.199409 0.227206 0.254958 0.282491 0.309587 0.335980 0.361352 0.385332 0.407501 0.427402 0.444557 0.458499 0.468807 0.475139 0.477275 0.475139 0.468807 0.458499 0.444557 0.427402 0.407501 0.385332 0.361352 0.335980 0.309587 0.282491 0.254958 0.227206 0.199409 0.171708 0.144208 0.116994 0.090126 0.063649 0.037594 0.011982 -0.013174 -0.037869 -0.062101 -0.085874 -0.109193 
-0.120586 -0.097942 -0.074903 -0.051469 -0.027643 -0.003435 0.021143 0.046069 0.071315 0.096839 0.122587 0.148491 0.174459 0.200381 0.226115 0.251490 0.276301 0.300301 0.323208 0.344701 0.364425 0.382005 0.397061 0.409227 0.418179 0.423660 0.425506 0.423660 0.418179 0.409227 0.397061 0.382005 0.364425 0.344701 0.323208 0.300301 0.276301 0.251490 0.226115 0.200381 0.174459 0.148491 0.122587 0.096839 0.071315 0.046069 0.021143 -0.003435 -0.027643 -0.051469 -0.074903 -0.097942 -0.120586 
-0.132504 -0.110542 -0.088242 -0.065607 -0.042649 -0.019380 0.004178 0.027998 0.052044 0.076269 0.100613 0.125000 0.149338 0.173513 0.197389 0.220800 0.243556 0.265435 0.286187 0.305534 0.323178 0.338812 0.352127 0.362835 0.370684 0.375478 0.377090 0.375478 0.370684 0.362835 0.352127 0.338812 0.323178 0.305534 0.286187 0.265435 0.243556 0.220800 0.197389 0.173513 0.149338 0.125000 0.100613 0.076269 0.052044 0.027998 0.004178 -0.019380 -0.042649 -0.065607 -0.088242 -0.110542 -0.132504 
-0.144892 -0.123615 -0.102052 -0.080213 -0.058113 -0.035770 -0.013210 0.009533 0.032420 0.055398 0.078403 0.101359 0.124171 0.146727 0.168897 0.190527 0.211440 0.231438 0.250301 0.267791 0.283656 0.297643 0.309501 0.319000 0.325941 0.330170 0.331591 0.330170 0.325941 0.319000 0.309501 0.297643 0.283656 0.267791 0.250301 0.231438 0.211440 0.190527 0.168897 0.146727 0.124171 0.101359 0.078403 0.055398 0.032420 0.009533 -0.013210 -0.035770 -0.058113 -0.080213 -0.102052 -0.123615 -0.144892 
-0.157700 -0.137105 -0.116274 -0.095222 -0.073965 -0.052528 -0.030940 -0.009237 0.012535 0.034323 0.056061 0.077670 0.099059 0.120121 0.140730 0.160745 0.180005 0.198334 0.215539 0.231415 0.245750 0.258334 0.268961 0.277446 0.283630 0.287391 0.288653 0.287391 0.283630 0.277446 0.268961 0.258334 0.245750 0.231415 0.215539 0.198334 0.180005 0.160745 0.140730 0.120121 0.099059 0.077670 0.056061 0.034323 0.012535 -0.009237 -0.030940 -0.052528 -0.073965 -0.095222 -0.116274 -0.137105 -0.157700 
-0.170879 -0.150960 -0.130851 -0.110571 -0.090140 -0.069584 -0.048936 -0.028236 -0.007529 0.013128 0.033669 0.054018 0.074086 0.093769 0.112952 0.131505 0.149282 0.166127 0.181872 0.196340 0.209353 0.220732 0.230312 0.237938 0.243484 0.246852 0.247982 0.246852 0.243484 0.237938 0.230312 0.220732 0.209353 0.196340 0.181872 0.166127 0.149282 0.131505 0.112952 0.093769 0.074086 0.054018 0.033669 0.013128 -0.007529 -0.028236 -0.048936 -0.069584 -0.090140 -0.110571 -0.130851 -0.150960 -0.170879 
-0.184382 -0.165129 -0.145730 -0.126205 -0.106577 -0.086875 -0.067134 -0.047393 -0.027702 -0.008116 0.011300 0.030472 0.049314 0.067729 0.085611 0.102839 0.119285 0.134809 0.149264 0.162498 0.174360 0.184700 0.193380 0.200274 0.205278 0.208313 0.209331 0.208313 0.205278 0.200274 0.193380 0.184700 0.174360 0.162498 0.149264 0.134809 0.119285 0.102839 0.085611 0.067729 0.049314 0.030472 0.011300 -0.008116 -0.027702 -0.047393 -0.067134 -0.086875 -0.106577 -0.126205 -0.145730 -0.165129 -0.184382 
-0.198167 -0.179568 -0.160863 -0.142073 -0.123223 -0.104345 -0.085474 -0.066650 -0.047923 -0.029348 -0.010987 0.007087 0.024794 0.042044 0.058737 0.074766 0.090014 0.104359 0.117670 0.129819 0.140675 0.150113 0.158015 0.164279 0.168819 0.171569 0.172490 0.171569 0.168819 0.164279 0.158015 0.150113 0.140675 0.129819 0.117670 0.104359 0.090014 0.074766 0.058737 0.042044 0.024794 0.007087 -0.010987 -0.029348 -0.047923 -0.066650 -0.085474 -0.104345 -0.123223 -0.142073 -0.160863 -0.179568 -0.198167 
-0.212194 -0.194234 -0.176205 -0.158128 -0.140030 -0.121944 -0.103905 -0.085955 -0.068141 -0.050518 -0.033145 -0.016093 0.000564 0.016743 0.032352 0.047293 0.061462 0.074751 0.087047 0.098236 0.108209 0.116857 0.124084 0.129802 0.133940 0.136445 0.137283 0.136445 0.133940 0.129802 0.124084 0.116857 0.108209 0.098236 0.087047 0.074751 0.061462 0.047293 0.032352 0.016743 0.000564 -0.016093 -0.033145 -0.050518 -0.068141 -0.085955 -0.103905 -0.121944 -0.140030 -0.158128 -0.176205 -0.194234 -0.212194 
-0.226426 -0.209089 -0.191715 -0.174327 -0.156954 -0.139628 -0.122383 -0.105263 -0.088312 -0.071584 -0.055136 -0.039033 -0.023347 -0.008153 0.006465 0.020418 0.033614 0.045956 0.057345 0.067684 0.076877 0.084832 0.091467 0.096709 0.100498 0.102790 0.103557 0.102790 0.100498 0.096709 0.091467 0.084832 0.076877 0.067684 0.057345 0.045956 0.033614 0.020418 0.006465 -0.008153 -0.023347 -0.039033 -0.055136 -0.071584 -0.088312 -0.105263 -0.122383 -0.139628 -0.156954 -0.174327 -0.191715 -0.209089 -0.226426 
-0.240827 -0.224096 -0.207357 -0.190635 -0.173957 -0.157357 -0.140870 -0.124536 -0.108400 -0.092512 -0.076928 -0.061708 -0.046919 -0.032630 -0.018918 -0.005863 0.006452 0.017942 0.028520 0.038101 0.046602 0.053946 0.060060 0.064885 0.068368 0.070474 0.071178 0.070474 0.068368 0.064885 0.060060 0.053946 0.046602 0.038101 0.028520 0.017942 0.006452 -0.005863 -0.018918 -0.032630 -0.046919 -0.061708 -0.076928 -0.092512 -0.108400 -0.124536 -0.140870 -0.157357 -0.173957 -0.190635 -0.207357 -0.224096 -0.240827 
-0.255369 -0.239224 -0.223097 -0.207015 -0.191005 -0.175099 -0.159331 -0.143741 -0.128373 -0.113274 -0.098497 -0.084098 -0.070138 -0.056682 -0.043799 -0.031562 -0.020045 -0.009323 0.000527 0.009430 0.017316 0.024116 0.029771 0.034227 0.037441 0.039383 0.040033 0.039383 0.037441 0.034227 0.029771 0.024116 0.017316 0.009430 0.000527 -0.009323 -0.020045 -0.031562 -0.043799 -0.056682 -0.070138 -0.084098 -0.098497 -0.113274 -0.128373 -0.143741 -0.159331 -0.175099 -0.191005 -0.207015 -0.223097 -0.239224 -0.255369 
-0.270021 -0.254443 -0.238908 -0.223440 -0.208068 -0.192823 -0.177739 -0.162853 -0.148208 -0.133849 -0.119824 -0.106187 -0.092995 -0.080306 -0.068183 -0.056693 -0.045900 -0.035873 -0.026679 -0.018384 -0.011048 -0.004732 0.000514 0.004643 0.007620 0.009417 0.010018 0.009417 0.007620 0.004643 0.000514 -0.004732 -0.011048 -0.018384 -0.026679 -0.035873 -0.045900 -0.056693 -0.068183 -0.080306 -0.092995 -0.106187 -0.119824 -0.133849 -0.148208 -0.162853 -0.177739 -0.192823 -0.208068 -0.223440 -0.238908 -0.254443 -0.270021 
-0.284758 -0.269727 -0.254761 -0.239882 -0.225121 -0.210505 -0.196069 -0.181849 -0.167884 -0.154218 -0.140896 -0.127968 -0.115485 -0.103503 -0.092078 -0.081270 -0.071137 -0.061740 -0.053139 -0.045390 -0.038548 -0.032665 -0.027784 -0.023946 -0.021180 -0.019512 -0.018954 -0.019512 -0.021180 -0.023946 -0.027784 -0.032665 -0.038548 -0.045390 -0.053139 -0.061740 -0.071137 -0.081270 -0.092078 -0.103503 -0.115485 -0.127968 -0.140896 -0.154218 -0.167884 -0.181849 -0.196069 -0.210505 -0.225121 -0.239882 -0.254761 -0.269727 -0.284758 
