# 1673834047 5
14.113  -89.6827  SV.RBDL.HN.--  1673834050.5  252.746
13.9982  -89.7806  SV.LOAL.HN.--  1673834048.5  76.2579
13.7137  -89.1698  SV.IGN.HN.--  1673834019.5  36.597
14.336  -89.706  GI.JUAM.HN.00  1673834054  13.0286
13.9022  -89.7799  SV.NUBE.HH.--  1673834051  12.0048
13.8431  -90.0148  SV.FAME.HN.00  1673834054.5  5.19685
14.3989  -89.3606  SV.MTO3.HHZ.--  1673834054.5  3.27601
13.9816  -89.5485  SV.UNIC.HN.--  1673834054  1.87316
14.5833  -90.5325  GI.GCG4.HNZ.--  1673834021  1.44647
13.8349  -89.2724  SV.QUEZ.HNZ.--  1673834055.5  0.797176
13.8028  -89.3949  SV.CEDA.HHZ.--  1673834054.5  0.76169
14.2311  -90.1984  GI.SROR.HH.--  1673834055  0.715959
13.4746  -88.1705  SV.CNRM.HNZ.--  1673834019.5  0.710773
13.6542  -89.4489  SV.JAYA.HH.--  1673834055.5  0.58037
13.6543  -89.449  SV.JAYA.HN.00  1673834055.5  0.551618
14.6472  -90.4948  GI.GGU06.HNZ.--  1673834007  0.421657
14.4956  -89.8395  GI.JAMO.HN.--  1673834052.5  0.378399
14.532  -90.498  GI.GUVC.HN.--  1673834012  0.371497
14.8712  -91.5143  GI.QTQT.HN.00  1673834001.5  0.350322
13.5751  -89.8329  SV.ACAJ.HN.00  1673834039.5  0.327028
14.7828  -90.7937  GI.CMSM.HN.--  1673833992.5  0.318576
14.621  -90.599  GI.GUMI.HHZ.--  1673834009.5  0.311928
14.9942  -90.8073  GI.QCJY.HN.00  1673834008  0.295958
13.6117  -89.1796  SV.PANC.HNZ.--  1673834043.5  0.252628
14.1609  -91.7198  GI.RESA.HN.00  1673834031.5  0.219687
13.7008  -89.2013  SV.UTEC.HNZ.--  1673834009.5  0.188419
13.6952  -88.1065  SV.FAGO.HN.00  1673834026  0.184589
13.309  -87.8903  SV.LCNA.HNZ.--  1673834022.5  0.148439
13.7152  -89.155  SV.UDBS.HNZ.--  1673833994  0.147954
13.713  -88.9371  SV.PAVA.HH.--  1673834015  0.147818
15.3182  -91.503  GI.HUHU.HNZ.00  1673834036  0.1399
14.1516  -91.1941  GI.ESTQ.HN.--  1673834040.5  0.107298
15.4852  -91.0467  GI.QCCJ.HNZ.--  1673834012.5  0.0912964
13.8158  -88.861  SV.UNICI.HN.00  1673834039  0.0902011
15.73  -88.584  GI.IZPB.HN.00  1673834033  0.0643887
14.552  -90.3168  GI.GUSP.HN.--  1673834050  0.0606987
14.56  -91.557  GI.SUCU.HN.--  1673834003  0.0564628
13.7206  -89.2014  SV.UES.HNZ.--  1673834043.5  0.0503242
14.5599  -89.3414  GI.CQES.HN.00  1673834048  0.0388357
14.5246  -91.6949  GI.RERE.HN.00  1673834009  0.0362045
14.7159  -91.5752  GI.STG10.HH.00  1673833999.5  0.0282647
14.6724  -91.5806  GI.STG5.HH.--  1673834021.5  0.0138876
14.1626  -88.9445  SV.LLGN.HNZ.--  1673834044.5  0.0135142
14.535  -90.44  GI.GUJV.HHZ.--  1673834046.5  0.011294
14.7504  -91.5851  GI.STG8.HH.--  1673834007  0.0106415
14.6475  -91.6114  GI.STG11.HH.00  1673834030  0.00730091
14.6888  -91.6062  GI.STG6.HH.00  1673834020.5  0.00707234
15.6208  -89.0509  GI.KUIZ2.HN.00  1673834037  0.00625171
14.706  -91.5593  GI.STG9.HH.00  1673834038.5  0.00465915
15.4078  -91.9472  GI.HUCU.HN.--  1673834049  0.00323272
15.6208  -89.0509  GI.KUIZ2.HH.--  1673834023  0.00123577
