# 1667535989 45
13.8349  -89.2724  SV.QUEZ.HNZ.--  1667535987  53.504
13.6117  -89.1796  SV.PANC.HN.--  1667535985  32.9133
13.7137  -89.1698  SV.IGN.HNZ.--  1667535986  26.0301
13.6542  -89.4489  SV.JAYA.HH.--  1667535984  20.8355
13.8028  -89.3949  SV.CEDA.HH.--  1667535986.5  20.7225
13.713  -88.9371  SV.PAVA.HHZ.--  1667535988  14.2636
13.9022  -89.7799  SV.NUBE.HHZ.--  1667535986.5  12.9916
13.7033  -89.224  SV.SEM.HNZ.--  1667535986  7.92208
13.7008  -89.2013  SV.UTEC.HNZ.--  1667535986.5  6.25031
13.7206  -89.2014  SV.UES.HNZ.--  1667535986.5  5.64461
13.6842  -89.2865  SV.MAGT.HN.--  1667535987  5.4676
13.5751  -89.8329  SV.ACAJ.HNZ.00  1667535982.5  4.21139
13.7152  -89.155  SV.UDBS.HNZ.--  1667535986  3.51719
14.113  -89.6827  SV.RBDL.HN.--  1667535982.5  2.87349
13.9982  -89.7806  SV.LOAL.HNZ.--  1667535987.5  0.881958
14.5833  -90.5325  GI.GCG4.HNZ.--  1667535979  0.605333
13.469  -88.3233  SV.PACA.HN.--  1667535987  0.514843
13.8158  -88.861  SV.UNICI.HNZ.00  1667535982  0.286163
14.621  -90.599  GI.GUMI.HHZ.--  1667535980.5  0.256628
14.964  -89.584  GI.ZAES.HN.00  1667535981  0.191479
14.9942  -90.8073  GI.QCJY.HNZ.00  1667535976  0.179712
13.9816  -89.5485  SV.UNIC.HNZ.--  1667535981  0.123919
13.9366  -90.8349  GI.ESSJ.HN.00  1667535983  0.103765
13.309  -87.8903  SV.LCNA.HNZ.--  1667535983  0.0839517
14.2311  -90.1984  GI.SROR.HH.--  1667535987  0.0815533
13.4746  -88.1705  SV.CNRM.HNZ.--  1667535978.5  0.0608444
15.3182  -91.503  GI.HUHU.HN.00  1667535974.5  0.0602727
14.3842  -90.8303  GI.ESES.HN.00  1667535981  0.0513099
12.6966  -87.0209  NU.CRIN.HH.--  1667535973  0.0446232
14.532  -90.498  GI.GUVC.HN.--  1667535979.5  0.0273255
14.1626  -88.9445  SV.LLGN.HNZ.--  1667535984.5  0.024806
14.552  -90.3168  GI.GUSP.HN.--  1667535985  0.0235084
14.1516  -91.1941  GI.ESTQ.HN.--  1667535976  0.022145
15.8155  -90.2766  GI.AVCS.HN.--  1667535977.5  0.0201308
14.7828  -90.7937  GI.CMSM.HN.--  1667535975  0.0172594
16.0034  -90.7772  GI.QCIX.HN.--  1667535985.5  0.0164318
14.56  -91.557  GI.SUCU.HN.--  1667535985  0.0158761
14.4956  -89.8395  GI.JAMO.HNZ.--  1667535987  0.0157028
15.4852  -91.0467  GI.QCCJ.HN.--  1667535980.5  0.0106384
14.7159  -91.5752  GI.STG10.HH.00  1667535984.5  0.00716696
14.535  -90.44  GI.GUJV.HH.--  1667535976  0.0069198
14.706  -91.5593  GI.STG9.HH.00  1667535977  0.00521318
14.6888  -91.6062  GI.STG6.HH.00  1667535984  0.00459404
15.6208  -89.0509  GI.KUIZ2.HN.00  1667535974  0.00430257
14.6475  -91.6114  GI.STG11.HH.00  1667535981.5  0.00367372
12.7243  -86.9528  NU.STCN.HH.00  1667535973  0.00232401
15.6208  -89.0509  GI.KUIZ2.HH.--  1667535974.5  0.00180318
