39 39
5.913057e-02 0 5
-2.251247 -2.230977 -2.210973 -2.191292 -2.172001 -2.153175 -2.134897 -2.117262 -2.100371 -2.084337 -2.069279 -2.055323 -2.042598 -2.031235 -2.021360 -2.013093 -2.006541 -2.001793 -1.998916 -1.997952 -1.998916 -2.001793 -2.006541 -2.013093 -2.021360 -2.031235 -2.042598 -2.055323 -2.069279 -2.084337 -2.100371 -2.117262 -2.134897 -2.153175 -2.172001 -2.191292 -2.210973 -2.230977 -2.251247 
-2.231537 -2.210389 -2.189461 -2.168811 -2.148509 -2.128631 -2.109267 -2.090518 -2.072495 -2.055323 -2.039136 -2.024078 -2.010299 -1.997952 -1.987189 -1.978154 -1.970975 -1.965763 -1.962601 -1.961542 -1.962601 -1.965763 -1.970975 -1.978154 -1.987189 -1.997952 -2.010299 -2.024078 -2.039136 -2.055323 -2.072495 -2.090518 -2.109267 -2.128631 -2.148509 -2.168811 -2.189461 -2.210389 -2.231537 
-2.212139 -2.190072 -2.168171 -2.146494 -2.125110 -2.104101 -2.083558 -2.063590 -2.044318 -2.025879 -2.008424 -1.992119 -1.977136 -1.963658 -1.951866 -1.941933 -1.934020 -1.928262 -1.924763 -1.923589 -1.924763 -1.928262 -1.934020 -1.941933 -1.951866 -1.963658 -1.977136 -1.992119 -2.008424 -2.025879 -2.044318 -2.063590 -2.083558 -2.104101 -2.125110 -2.146494 -2.168171 -2.190072 -2.212139 
-2.193116 -2.170090 -2.147166 -2.124403 -2.101867 -2.079641 -2.057821 -2.036519 -2.015868 -1.996017 -1.977136 -1.959413 -1.943050 -1.928262 -1.915267 -1.904278 -1.895495 -1.889087 -1.885186 -1.883876 -1.885186 -1.889087 -1.895495 -1.904278 -1.915267 -1.928262 -1.943050 -1.959413 -1.977136 -1.996017 -2.015868 -2.036519 -2.057821 -2.079641 -2.101867 -2.124403 -2.147166 -2.170090 -2.193116 
-2.174537 -2.150515 -2.126522 -2.102613 -2.078853 -2.055323 -2.032120 -2.009363 -1.987189 -1.965763 -1.945273 -1.925933 -1.907978 -1.891664 -1.877254 -1.865012 -1.855188 -1.847997 -1.843610 -1.842135 -1.843610 -1.847997 -1.855188 -1.865012 -1.877254 -1.891664 -1.907978 -1.925933 -1.945273 -1.965763 -1.987189 -2.009363 -2.032120 -2.055323 -2.078853 -2.102613 -2.126522 -2.150515 -2.174537 
-2.156478 -2.131427 -2.106323 -2.081212 -2.056157 -2.031235 -2.006541 -1.982196 -1.958344 -1.935161 -1.912853 -1.891664 -1.871865 -1.853761 -1.837673 -1.823929 -1.812845 -1.804701 -1.799719 -1.798041 -1.799719 -1.804701 -1.812845 -1.823929 -1.837673 -1.853761 -1.871865 -1.891664 -1.912853 -1.935161 -1.958344 -1.982196 -2.006541 -2.031235 -2.056157 -2.081212 -2.106323 -2.131427 -2.156478 
-2.139025 -2.112920 -2.086666 -2.060303 -2.033886 -2.007484 -1.981189 -1.955119 -1.929420 -1.904278 -1.879918 -1.856608 -1.834666 -1.814451 -1.796356 -1.780792 -1.768166 -1.758843 -1.753121 -1.751191 -1.753121 -1.758843 -1.768166 -1.780792 -1.796356 -1.814451 -1.834666 -1.856608 -1.879918 -1.904278 -1.929420 -1.955119 -1.981189 -2.007484 -2.033886 -2.060303 -2.086666 -2.112920 -2.139025 
-2.122273 -2.095094 -2.067662 -2.040004 -2.012164 -1.984201 -1.956197 -1.928262 -1.900540 -1.873220 -1.846541 -1.820799 -1.796356 -1.773636 -1.753121 -1.735330 -1.720790 -1.709990 -1.703332 -1.701081 -1.703332 -1.709990 -1.720790 -1.735330 -1.753121 -1.773636 -1.796356 -1.820799 -1.846541 -1.873220 -1.900540 -1.928262 -1.956197 -1.984201 -2.012164 -2.040004 -2.067662 -2.095094 -2.122273 
-2.106323 -2.078064 -2.049434 -2.020450 -1.991138 -1.961542 -1.931727 -1.901791 -1.871865 -1.842135 -1.812845 -1.784314 -1.756947 -1.731242 -1.707786 -1.687237 -1.670289 -1.657603 -1.649740 -1.647075 -1.649740 -1.657603 -1.670289 -1.687237 -1.707786 -1.731242 -1.756947 -1.784314 -1.812845 -1.842135 -1.871865 -1.901791 -1.931727 -1.961542 -1.991138 -2.020450 -2.049434 -2.078064 -2.106323 
-2.091284 -2.061950 -2.032120 -2.001793 -1.970975 -1.939689 -1.907978 -1.875914 -1.843610 -1.811232 -1.779018 -1.747297 -1.716513 -1.687237 -1.660181 -1.636182 -1.616156 -1.601020 -1.591571 -1.588356 -1.591571 -1.601020 -1.616156 -1.636182 -1.660181 -1.687237 -1.716513 -1.747297 -1.779018 -1.811232 -1.843610 -1.875914 -1.907978 -1.939689 -1.970975 -2.001793 -2.032120 -2.061950 -2.091284 
-2.077273 -2.046884 -2.015868 -1.984201 -1.951866 -1.918857 -1.885186 -1.850891 -1.816049 -1.780792 -1.745333 -1.709990 -1.675224 -1.641675 -1.610190 -1.581824 -1.557806 -1.539420 -1.527834 -1.523872 -1.527834 -1.539420 -1.557806 -1.581824 -1.610190 -1.641675 -1.675224 -1.709990 -1.745333 -1.780792 -1.816049 -1.850891 -1.885186 -1.918857 -1.951866 -1.984201 -2.015868 -2.046884 -2.077273 
-2.064408 -2.033004 -2.000836 -1.967857 -1.934020 -1.899285 -1.863625 -1.827031 -1.789528 -1.751191 -1.712179 -1.672766 -1.633398 -1.594753 -1.557806 -1.523872 -1.494592 -1.471801 -1.457254 -1.452246 -1.457254 -1.471801 -1.494592 -1.523872 -1.557806 -1.594753 -1.633398 -1.672766 -1.712179 -1.751191 -1.789528 -1.827031 -1.863625 -1.899285 -1.934020 -1.967857 -2.000836 -2.033004 -2.064408 
-2.052810 -2.020450 -1.987189 -1.952953 -1.917664 -1.881242 -1.843610 -1.804701 -1.764468 -1.722907 -1.680084 -1.636182 -1.591571 -1.546908 -1.503249 -1.462181 -1.425875 -1.396976 -1.378206 -1.371680 -1.378206 -1.396976 -1.425875 -1.462181 -1.503249 -1.546908 -1.591571 -1.636182 -1.680084 -1.722907 -1.764468 -1.804701 -1.843610 -1.881242 -1.917664 -1.952953 -1.987189 -2.020450 -2.052810 
-2.042598 -2.009363 -1.975094 -1.939689 -1.903037 -1.865012 -1.825484 -1.784314 -1.741369 -1.696533 -1.649740 -1.601020 -1.550584 -1.498951 -1.447153 -1.396976 -1.351209 -1.313665 -1.288672 -1.279860 -1.288672 -1.313665 -1.351209 -1.396976 -1.447153 -1.498951 -1.550584 -1.601020 -1.649740 -1.696533 -1.741369 -1.784314 -1.825484 -1.865012 -1.903037 -1.939689 -1.975094 -2.009363 -2.042598 
-2.033886 -1.999877 -1.964712 -1.928262 -1.890377 -1.850891 -1.809611 -1.766322 -1.720790 -1.672766 -1.622010 -1.568330 -1.511667 -1.452246 -1.390848 -1.329247 -1.270785 -1.220831 -1.186391 -1.173993 -1.186391 -1.220831 -1.270785 -1.329247 -1.390848 -1.452246 -1.511667 -1.568330 -1.622010 -1.672766 -1.720790 -1.766322 -1.809611 -1.850891 -1.890377 -1.928262 -1.964712 -1.999877 -2.033886 
-2.026777 -1.992119 -1.956197 -1.918857 -1.879918 -1.839167 -1.796356 -1.751191 -1.703332 -1.652383 -1.597903 -1.539420 -1.476498 -1.408870 -1.336747 -1.261430 -1.186391 -1.118716 -1.069655 -1.051429 -1.069655 -1.118716 -1.186391 -1.261430 -1.336747 -1.408870 -1.476498 -1.539420 -1.597903 -1.652383 -1.703332 -1.751191 -1.796356 -1.839167 -1.879918 -1.918857 -1.956197 -1.992119 -2.026777 
-2.021360 -1.986196 -1.949681 -1.911641 -1.871865 -1.830106 -1.786061 -1.739368 -1.689587 -1.636182 -1.578506 -1.515790 -1.447153 -1.371680 -1.288672 -1.198307 -1.103205 -1.011475 -0.940209 -0.912455 -0.940209 -1.011475 -1.103205 -1.198307 -1.288672 -1.371680 -1.447153 -1.515790 -1.578506 -1.636182 -1.689587 -1.739368 -1.786061 -1.830106 -1.871865 -1.911641 -1.949681 -1.986196 -2.021360 
-2.017707 -1.982196 -1.945273 -1.906749 -1.866394 -1.823929 -1.779018 -1.731242 -1.680084 -1.624896 -1.564862 -1.498951 -1.425875 -1.344065 -1.251777 -1.147590 -1.032083 -0.912455 -0.811464 -0.769582 -0.811464 -0.912455 -1.032083 -1.147590 -1.251777 -1.344065 -1.425875 -1.498951 -1.564862 -1.624896 -1.680084 -1.731242 -1.779018 -1.823929 -1.866394 -1.906749 -1.945273 -1.982196 -2.017707 
-2.015868 -1.980180 -1.943050 -1.904278 -1.863625 -1.820799 -1.775440 -1.727101 -1.675224 -1.619097 -1.557806 -1.490169 -1.414646 -1.329247 -1.231500 -1.118716 -0.989437 -0.848672 -0.721752 -0.666115 -0.721752 -0.848672 -0.989437 -1.118716 -1.231500 -1.329247 -1.414646 -1.490169 -1.557806 -1.619097 -1.675224 -1.727101 -1.775440 -1.820799 -1.863625 -1.904278 -1.943050 -1.980180 -2.015868 
-2.015638 -1.979927 -1.942771 -1.903968 -1.863278 -1.820406 -1.774990 -1.726580 -1.674611 -1.618364 -1.556912 -1.489053 -1.413212 -1.327343 -1.228868 -1.114911 -0.983682 -0.839755 -0.708667 -0.650683 -0.708667 -0.839755 -0.983682 -1.114911 -1.228868 -1.327343 -1.413212 -1.489053 -1.556912 -1.618364 -1.674611 -1.726580 -1.774990 -1.820406 -1.863278 -1.903968 -1.942771 -1.979927 -2.015638 
-2.015878 -1.980191 -1.943062 -1.904292 -1.863641 -1.820816 -1.775459 -1.727124 -1.675251 -1.619128 -1.557845 -1.490217 -1.414708 -1.329330 -1.231614 -1.118881 -0.989685 -0.849054 -0.722310 -0.666770 -0.722310 -0.849054 -0.989685 -1.118881 -1.231614 -1.329330 -1.414708 -1.490217 -1.557845 -1.619128 -1.675251 -1.727124 -1.775459 -1.820816 -1.863641 -1.904292 -1.943062 -1.980191 -2.015878 
-2.017737 -1.982228 -1.945309 -1.906789 -1.866438 -1.823980 -1.779075 -1.731308 -1.680162 -1.624989 -1.564975 -1.499091 -1.426053 -1.344299 -1.252094 -1.148036 -1.032728 -0.913392 -0.812735 -0.771022 -0.812735 -0.913392 -1.032728 -1.148036 -1.252094 -1.344299 -1.426053 -1.499091 -1.564975 -1.624989 -1.680162 -1.731308 -1.779075 -1.823980 -1.866438 -1.906789 -1.945309 -1.982228 -2.017737 
-2.021409 -1.986249 -1.949740 -1.911706 -1.871939 -1.830188 -1.786155 -1.739476 -1.689713 -1.636331 -1.578685 -1.516010 -1.447429 -1.372035 -1.289139 -1.198936 -1.104060 -1.012620 -0.941638 -0.914012 -0.941638 -1.012620 -1.104060 -1.198936 -1.289139 -1.372035 -1.447429 -1.516010 -1.578685 -1.636331 -1.689713 -1.739476 -1.786155 -1.830188 -1.871939 -1.911706 -1.949740 -1.986249 -2.021409 
-2.026844 -1.992193 -1.956278 -1.918947 -1.880017 -1.839279 -1.796483 -1.751337 -1.703501 -1.652581 -1.598139 -1.539706 -1.476849 -1.409309 -1.337304 -1.262145 -1.187305 -1.119854 -1.070987 -1.052840 -1.070987 -1.119854 -1.187305 -1.262145 -1.337304 -1.409309 -1.476849 -1.539706 -1.598139 -1.652581 -1.703501 -1.751337 -1.796483 -1.839279 -1.880017 -1.918947 -1.956278 -1.992193 -2.026844 
-2.033971 -1.999970 -1.964814 -1.928374 -1.890502 -1.851030 -1.809768 -1.766501 -1.720996 -1.673005 -1.622290 -1.568664 -1.512069 -1.452734 -1.391447 -1.329982 -1.271676 -1.221881 -1.187565 -1.175216 -1.187565 -1.221881 -1.271676 -1.329982 -1.391447 -1.452734 -1.512069 -1.568664 -1.622290 -1.673005 -1.720996 -1.766501 -1.809768 -1.851030 -1.890502 -1.928374 -1.964814 -1.999970 -2.033971 
-2.042700 -2.009474 -1.975215 -1.939822 -1.903184 -1.865176 -1.825667 -1.784521 -1.741604 -1.696804 -1.650054 -1.601387 -1.551016 -1.499463 -1.447760 -1.397693 -1.352044 -1.314609 -1.289698 -1.280917 -1.289698 -1.314609 -1.352044 -1.397693 -1.447760 -1.499463 -1.551016 -1.601387 -1.650054 -1.696804 -1.741604 -1.784521 -1.825667 -1.865176 -1.903184 -1.939822 -1.975215 -2.009474 -2.042700 
-2.052927 -2.020577 -1.987328 -1.953105 -1.917831 -1.881427 -1.843816 -1.804931 -1.764728 -1.723202 -1.680421 -1.636569 -1.592018 -1.547424 -1.503845 -1.462864 -1.426645 -1.397823 -1.379107 -1.372601 -1.379107 -1.397823 -1.426645 -1.462864 -1.503845 -1.547424 -1.592018 -1.636569 -1.680421 -1.723202 -1.764728 -1.804931 -1.843816 -1.881427 -1.917831 -1.953105 -1.987328 -2.020577 -2.052927 
-2.064539 -2.033146 -2.000991 -1.968025 -1.934204 -1.899488 -1.863850 -1.827280 -1.789806 -1.751503 -1.712531 -1.673164 -1.633849 -1.595263 -1.558381 -1.524515 -1.495299 -1.472564 -1.458055 -1.453059 -1.458055 -1.472564 -1.495299 -1.524515 -1.558381 -1.595263 -1.633849 -1.673164 -1.712531 -1.751503 -1.789806 -1.827280 -1.863850 -1.899488 -1.934204 -1.968025 -2.000991 -2.033146 -2.064539 
-2.077417 -2.047040 -2.016037 -1.984384 -1.952065 -1.919074 -1.885425 -1.851154 -1.816340 -1.781116 -1.745693 -1.710391 -1.675671 -1.642173 -1.610740 -1.582427 -1.558457 -1.540112 -1.528553 -1.524600 -1.528553 -1.540112 -1.558457 -1.582427 -1.610740 -1.642173 -1.675671 -1.710391 -1.745693 -1.781116 -1.816340 -1.851154 -1.885425 -1.919074 -1.952065 -1.984384 -2.016037 -2.047040 -2.077417 
-2.091440 -2.062118 -2.032301 -2.001988 -1.971187 -1.939919 -1.908229 -1.876188 -1.843911 -1.811562 -1.779381 -1.747697 -1.716953 -1.687719 -1.660706 -1.636747 -1.616759 -1.601653 -1.592224 -1.589016 -1.592224 -1.601653 -1.616759 -1.636747 -1.660706 -1.687719 -1.716953 -1.747697 -1.779381 -1.811562 -1.843911 -1.876188 -1.908229 -1.939919 -1.971187 -2.001988 -2.032301 -2.062118 -2.091440 
-2.106489 -2.078242 -2.049626 -2.020656 -1.991360 -1.961781 -1.931987 -1.902072 -1.872172 -1.842469 -1.813208 -1.784709 -1.757376 -1.731706 -1.708285 -1.687769 -1.670850 -1.658187 -1.650339 -1.647679 -1.650339 -1.658187 -1.670850 -1.687769 -1.708285 -1.731706 -1.757376 -1.784709 -1.813208 -1.842469 -1.872172 -1.902072 -1.931987 -1.961781 -1.991360 -2.020656 -2.049626 -2.078242 -2.106489 
-2.122449 -2.095282 -2.067862 -2.040219 -2.012394 -1.984448 -1.956463 -1.928549 -1.900850 -1.873554 -1.846901 -1.821188 -1.796773 -1.774083 -1.753597 -1.735832 -1.721315 -1.710532 -1.703886 -1.701639 -1.703886 -1.710532 -1.721315 -1.735832 -1.753597 -1.774083 -1.796773 -1.821188 -1.846901 -1.873554 -1.900850 -1.928549 -1.956463 -1.984448 -2.012394 -2.040219 -2.067862 -2.095282 -2.122449 
-2.139209 -2.113115 -2.086874 -2.060525 -2.034122 -2.007737 -1.981460 -1.955409 -1.929731 -1.904611 -1.880274 -1.856989 -1.835072 -1.814881 -1.796810 -1.781268 -1.768660 -1.759351 -1.753638 -1.751711 -1.753638 -1.759351 -1.768660 -1.781268 -1.796810 -1.814881 -1.835072 -1.856989 -1.880274 -1.904611 -1.929731 -1.955409 -1.981460 -2.007737 -2.034122 -2.060525 -2.086874 -2.113115 -2.139209 
-2.156669 -2.131629 -2.106537 -2.081440 -2.056399 -2.031492 -2.006815 -1.982488 -1.958654 -1.935491 -1.913205 -1.892036 -1.872259 -1.854176 -1.838107 -1.824381 -1.813312 -1.805179 -1.800204 -1.798529 -1.800204 -1.805179 -1.813312 -1.824381 -1.838107 -1.854176 -1.872259 -1.892036 -1.913205 -1.935491 -1.958654 -1.982488 -2.006815 -2.031492 -2.056399 -2.081440 -2.106537 -2.131629 -2.156669 
-2.174734 -2.150722 -2.126742 -2.102845 -2.079099 -2.055583 -2.032396 -2.009655 -1.987499 -1.966090 -1.945619 -1.926297 -1.908361 -1.892064 -1.877670 -1.865443 -1.855631 -1.848450 -1.844068 -1.842596 -1.844068 -1.848450 -1.855631 -1.865443 -1.877670 -1.892064 -1.908361 -1.926297 -1.945619 -1.966090 -1.987499 -2.009655 -2.032396 -2.055583 -2.079099 -2.102845 -2.126742 -2.150722 -2.174734 
-2.193319 -2.170303 -2.147390 -2.124639 -2.102116 -2.079903 -2.058097 -2.036811 -2.016175 -1.996341 -1.977476 -1.959768 -1.943421 -1.928648 -1.915667 -1.904691 -1.895918 -1.889517 -1.885621 -1.884313 -1.885621 -1.889517 -1.895918 -1.904691 -1.915667 -1.928648 -1.943421 -1.959768 -1.977476 -1.996341 -2.016175 -2.036811 -2.058097 -2.079903 -2.102116 -2.124639 -2.147390 -2.170303 -2.193319 
-2.212346 -2.190289 -2.168398 -2.146732 -2.125361 -2.104364 -2.083835 -2.063880 -2.044622 -2.026198 -2.008758 -1.992466 -1.977498 -1.964033 -1.952252 -1.942330 -1.934425 -1.928673 -1.925179 -1.924006 -1.925179 -1.928673 -1.934425 -1.942330 -1.952252 -1.964033 -1.977498 -1.992466 -2.008758 -2.026198 -2.044622 -2.063880 -2.083835 -2.104364 -2.125361 -2.146732 -2.168398 -2.190289 -2.212346 
-2.231747 -2.210609 -2.189691 -2.169052 -2.148761 -2.128895 -2.109543 -2.090806 -2.072796 -2.055637 -2.039463 -2.024417 -2.010650 -1.998315 -1.987562 -1.978536 -1.971364 -1.966158 -1.962999 -1.961941 -1.962999 -1.966158 -1.971364 -1.978536 -1.987562 -1.998315 -2.010650 -2.024417 -2.039463 -2.055637 -2.072796 -2.090806 -2.109543 -2.128895 -2.148761 -2.169052 -2.189691 -2.210609 -2.231747 
-2.251461 -2.231200 -2.211205 -2.191534 -2.172254 -2.153439 -2.135172 -2.117548 -2.100669 -2.084647 -2.069600 -2.055655 -2.042941 -2.031587 -2.021721 -2.013462 -2.006916 -2.002173 -1.999299 -1.998336 -1.999299 -2.002173 -2.006916 -2.013462 -2.021721 -2.031587 -2.042941 -2.055655 -2.069600 -2.084647 -2.100669 -2.117548 -2.135172 -2.153439 -2.172254 -2.191534 -2.211205 -2.231200 -2.251461 
