53 53
6.005145e-01 0 5
-0.758655 -0.743589 -0.728680 -0.713951 -0.699427 -0.685132 -0.671096 -0.657348 -0.643923 -0.630856 -0.618185 -0.605950 -0.594194 -0.582960 -0.572295 -0.562246 -0.552862 -0.544189 -0.536275 -0.529166 -0.522906 -0.517533 -0.513085 -0.509591 -0.507078 -0.505562 -0.505055 -0.505562 -0.507078 -0.509591 -0.513085 -0.517533 -0.522906 -0.529166 -0.536275 -0.544189 -0.552862 -0.562246 -0.572295 -0.582960 -0.594194 -0.605950 -0.618185 -0.630856 -0.643923 -0.657348 -0.671096 -0.685132 -0.699427 -0.713951 -0.728680 -0.743589 -0.758655 
-0.743888 -0.728371 -0.712996 -0.697786 -0.682764 -0.667958 -0.653397 -0.639113 -0.625140 -0.611517 -0.598283 -0.585481 -0.573158 -0.561361 -0.550142 -0.539552 -0.529644 -0.520472 -0.512090 -0.504548 -0.497898 -0.492183 -0.487447 -0.483724 -0.481043 -0.479426 -0.478886 -0.479426 -0.481043 -0.483724 -0.487447 -0.492183 -0.497898 -0.504548 -0.512090 -0.520472 -0.529644 -0.539552 -0.550142 -0.561361 -0.573158 -0.585481 -0.598283 -0.611517 -0.625140 -0.639113 -0.653397 -0.667958 -0.682764 -0.697786 -0.712996 -0.728371 -0.743888 
-0.729297 -0.713315 -0.697457 -0.681746 -0.666206 -0.650866 -0.635753 -0.620903 -0.606350 -0.592135 -0.578299 -0.564890 -0.551957 -0.539552 -0.527730 -0.516549 -0.506068 -0.496347 -0.487447 -0.479426 -0.472342 -0.466246 -0.461188 -0.457208 -0.454340 -0.452609 -0.452030 -0.452609 -0.454340 -0.457208 -0.461188 -0.466246 -0.472342 -0.479426 -0.487447 -0.496347 -0.506068 -0.516549 -0.527730 -0.539552 -0.551957 -0.564890 -0.578299 -0.592135 -0.606350 -0.620903 -0.635753 -0.650866 -0.666206 -0.681746 -0.697457 -0.713315 -0.729297 
-0.714905 -0.698443 -0.682086 -0.665855 -0.649776 -0.633876 -0.618185 -0.602738 -0.587571 -0.572727 -0.558250 -0.544189 -0.530598 -0.517533 -0.505055 -0.493228 -0.482118 -0.471792 -0.462318 -0.453764 -0.446195 -0.439673 -0.434253 -0.429983 -0.426904 -0.425044 -0.424422 -0.425044 -0.426904 -0.429983 -0.434253 -0.439673 -0.446195 -0.453764 -0.462318 -0.471792 -0.482118 -0.493228 -0.505055 -0.517533 -0.530598 -0.544189 -0.558250 -0.572727 -0.587571 -0.602738 -0.618185 -0.633876 -0.649776 -0.665855 -0.682086 -0.698443 -0.714905 
-0.700735 -0.683780 -0.666908 -0.650140 -0.633500 -0.617016 -0.600718 -0.584642 -0.568826 -0.553313 -0.538151 -0.523390 -0.509090 -0.495310 -0.482118 -0.469583 -0.457779 -0.446783 -0.436671 -0.427522 -0.419410 -0.412407 -0.406578 -0.401981 -0.398662 -0.396656 -0.395985 -0.396656 -0.398662 -0.401981 -0.406578 -0.412407 -0.419410 -0.427522 -0.436671 -0.446783 -0.457779 -0.469583 -0.482118 -0.495310 -0.509090 -0.523390 -0.538151 -0.553313 -0.568826 -0.584642 -0.600718 -0.617016 -0.633500 -0.650140 -0.666908 -0.683780 -0.700735 
-0.686816 -0.669355 -0.651952 -0.634628 -0.617406 -0.600313 -0.583381 -0.566644 -0.550142 -0.533919 -0.518024 -0.502513 -0.487447 -0.472891 -0.458919 -0.445607 -0.433038 -0.421297 -0.410474 -0.400657 -0.391932 -0.384385 -0.378092 -0.373121 -0.369528 -0.367355 -0.366628 -0.367355 -0.369528 -0.373121 -0.378092 -0.384385 -0.391932 -0.400657 -0.410474 -0.421297 -0.433038 -0.445607 -0.458919 -0.472891 -0.487447 -0.502513 -0.518024 -0.533919 -0.550142 -0.566644 -0.583381 -0.600313 -0.617406 -0.634628 -0.651952 -0.669355 -0.686816 
-0.673176 -0.655197 -0.637250 -0.619352 -0.601527 -0.583802 -0.566206 -0.548776 -0.531549 -0.514573 -0.497898 -0.481581 -0.465688 -0.450289 -0.435464 -0.421297 -0.407881 -0.395312 -0.383692 -0.373121 -0.363704 -0.355538 -0.348714 -0.343315 -0.339407 -0.337041 -0.336249 -0.337041 -0.339407 -0.343315 -0.348714 -0.355538 -0.363704 -0.373121 -0.383692 -0.395312 -0.407881 -0.421297 -0.435464 -0.450289 -0.465688 -0.481581 -0.497898 -0.514573 -0.531549 -0.548776 -0.566206 -0.583802 -0.601527 -0.619352 -0.637250 -0.655197 -0.673176 
-0.659845 -0.641339 -0.622834 -0.604347 -0.585900 -0.567518 -0.549232 -0.531074 -0.513085 -0.495310 -0.477803 -0.460622 -0.443836 -0.427522 -0.411764 -0.396656 -0.382300 -0.368805 -0.356288 -0.344866 -0.334659 -0.325784 -0.318350 -0.312455 -0.308182 -0.305592 -0.304725 -0.305592 -0.308182 -0.312455 -0.318350 -0.325784 -0.334659 -0.344866 -0.356288 -0.368805 -0.382300 -0.396656 -0.411764 -0.427522 -0.443836 -0.460622 -0.477803 -0.495310 -0.513085 -0.531074 -0.549232 -0.567518 -0.585900 -0.604347 -0.622834 -0.641339 -0.659845 
-0.646859 -0.627817 -0.608742 -0.589651 -0.570564 -0.551504 -0.532499 -0.513581 -0.494791 -0.476172 -0.457779 -0.439673 -0.421924 -0.404615 -0.387835 -0.371688 -0.356288 -0.341757 -0.328227 -0.315836 -0.304725 -0.295033 -0.286891 -0.280421 -0.275721 -0.272869 -0.271913 -0.272869 -0.275721 -0.280421 -0.286891 -0.295033 -0.304725 -0.315836 -0.328227 -0.341757 -0.356288 -0.371688 -0.387835 -0.404615 -0.421924 -0.439673 -0.457779 -0.476172 -0.494791 -0.513581 -0.532499 -0.551504 -0.570564 -0.589651 -0.608742 -0.627817 -0.646859 
-0.634252 -0.614667 -0.595014 -0.575308 -0.555564 -0.535805 -0.516056 -0.496347 -0.476716 -0.457208 -0.437875 -0.418779 -0.399993 -0.381602 -0.363704 -0.346410 -0.329846 -0.314150 -0.299472 -0.285975 -0.273822 -0.263183 -0.254215 -0.247068 -0.241865 -0.238703 -0.237643 -0.238703 -0.241865 -0.247068 -0.254215 -0.263183 -0.273822 -0.285975 -0.299472 -0.314150 -0.329846 -0.346410 -0.363704 -0.381602 -0.399993 -0.418779 -0.437875 -0.457208 -0.476716 -0.496347 -0.516056 -0.535805 -0.555564 -0.575308 -0.595014 -0.614667 -0.634252 
-0.622062 -0.601931 -0.581694 -0.561361 -0.540948 -0.520472 -0.499956 -0.479426 -0.458919 -0.438475 -0.418146 -0.397994 -0.378092 -0.358529 -0.339407 -0.320845 -0.302983 -0.285975 -0.269993 -0.255224 -0.241865 -0.230118 -0.220178 -0.212229 -0.206427 -0.202895 -0.201709 -0.202895 -0.206427 -0.212229 -0.220178 -0.230118 -0.241865 -0.255224 -0.269993 -0.285975 -0.302983 -0.320845 -0.339407 -0.358529 -0.378092 -0.397994 -0.418146 -0.438475 -0.458919 -0.479426 -0.499956 -0.520472 -0.540948 -0.561361 -0.581694 -0.601931 -0.622062 
-0.610330 -0.589651 -0.568826 -0.547862 -0.526769 -0.505562 -0.484258 -0.462881 -0.441463 -0.420040 -0.398662 -0.377386 -0.356288 -0.335455 -0.314994 -0.295033 -0.275721 -0.257232 -0.239761 -0.223526 -0.208761 -0.195710 -0.184615 -0.175706 -0.169182 -0.165202 -0.163863 -0.165202 -0.169182 -0.175706 -0.184615 -0.195710 -0.208761 -0.223526 -0.239761 -0.257232 -0.275721 -0.295033 -0.314994 -0.335455 -0.356288 -0.377386 -0.398662 -0.420040 -0.441463 -0.462881 -0.484258 -0.505562 -0.526769 -0.547862 -0.568826 -0.589651 -0.610330 
-0.599096 -0.577873 -0.556461 -0.534863 -0.513085 -0.491136 -0.469029 -0.446783 -0.424422 -0.401981 -0.379500 -0.357036 -0.334659 -0.312455 -0.290534 -0.269028 -0.248099 -0.227936 -0.208761 -0.190827 -0.174412 -0.159813 -0.147333 -0.137262 -0.129860 -0.125330 -0.123804 -0.125330 -0.129860 -0.137262 -0.147333 -0.159813 -0.174412 -0.190827 -0.208761 -0.227936 -0.248099 -0.269028 -0.290534 -0.312455 -0.334659 -0.357036 -0.379500 -0.401981 -0.424422 -0.446783 -0.469029 -0.491136 -0.513085 -0.534863 -0.556461 -0.577873 -0.599096 
-0.588404 -0.566644 -0.544650 -0.522420 -0.499956 -0.477260 -0.454340 -0.431208 -0.407881 -0.384385 -0.360756 -0.337041 -0.313303 -0.289627 -0.266118 -0.242913 -0.220178 -0.198123 -0.176994 -0.157083 -0.138721 -0.122272 -0.108113 -0.096619 -0.088129 -0.082917 -0.081158 -0.082917 -0.088129 -0.096619 -0.108113 -0.122272 -0.138721 -0.157083 -0.176994 -0.198123 -0.220178 -0.242913 -0.266118 -0.289627 -0.313303 -0.337041 -0.360756 -0.384385 -0.407881 -0.431208 -0.454340 -0.477260 -0.499956 -0.522420 -0.544650 -0.566644 -0.588404 
-0.578299 -0.556013 -0.533446 -0.510592 -0.487447 -0.464006 -0.440270 -0.416243 -0.391932 -0.367355 -0.342536 -0.317514 -0.292341 -0.267091 -0.241865 -0.216796 -0.192055 -0.167861 -0.144489 -0.122272 -0.101599 -0.082917 -0.066703 -0.053443 -0.043590 -0.037514 -0.035460 -0.037514 -0.043590 -0.053443 -0.066703 -0.082917 -0.101599 -0.122272 -0.144489 -0.167861 -0.192055 -0.216796 -0.241865 -0.267091 -0.292341 -0.317514 -0.342536 -0.367355 -0.391932 -0.416243 -0.440270 -0.464006 -0.487447 -0.510592 -0.533446 -0.556013 -0.578299 
-0.568826 -0.546030 -0.522906 -0.499442 -0.475627 -0.451451 -0.426904 -0.401981 -0.376679 -0.351003 -0.324965 -0.298589 -0.271913 -0.244997 -0.217927 -0.190827 -0.163863 -0.137262 -0.111317 -0.086402 -0.062975 -0.041579 -0.022820 -0.007338 0.004254 0.011443 0.013879 0.011443 0.004254 -0.007338 -0.022820 -0.041579 -0.062975 -0.086402 -0.111317 -0.137262 -0.163863 -0.190827 -0.217927 -0.244997 -0.271913 -0.298589 -0.324965 -0.351003 -0.376679 -0.401981 -0.426904 -0.451451 -0.475627 -0.499442 -0.522906 -0.546030 -0.568826 
-0.560031 -0.536745 -0.513085 -0.489032 -0.464568 -0.439673 -0.414330 -0.388521 -0.362233 -0.335455 -0.308182 -0.280421 -0.252189 -0.223526 -0.194496 -0.165202 -0.135796 -0.106498 -0.077610 -0.049542 -0.022820 0.001898 0.023841 0.042161 0.056014 0.064665 0.067609 0.064665 0.056014 0.042161 0.023841 0.001898 -0.022820 -0.049542 -0.077610 -0.106498 -0.135796 -0.165202 -0.194496 -0.223526 -0.252189 -0.280421 -0.308182 -0.335455 -0.362233 -0.388521 -0.414330 -0.439673 -0.464568 -0.489032 -0.513085 -0.536745 -0.560031 
-0.551957 -0.528209 -0.504041 -0.479426 -0.454340 -0.428755 -0.402641 -0.375970 -0.348714 -0.320845 -0.292341 -0.263183 -0.233364 -0.202895 -0.171808 -0.140174 -0.108113 -0.075820 -0.043590 -0.011847 0.018817 0.047621 0.073591 0.095594 0.112444 0.123066 0.126698 0.123066 0.112444 0.095594 0.073591 0.047621 0.018817 -0.011847 -0.043590 -0.075820 -0.108113 -0.140174 -0.171808 -0.202895 -0.233364 -0.263183 -0.292341 -0.320845 -0.348714 -0.375970 -0.402641 -0.428755 -0.454340 -0.479426 -0.504041 -0.528209 -0.551957 
-0.544650 -0.520472 -0.495829 -0.470689 -0.445018 -0.418779 -0.391932 -0.364437 -0.336249 -0.307321 -0.277609 -0.247068 -0.215660 -0.183357 -0.150151 -0.116061 -0.081158 -0.045587 -0.009602 0.026387 0.061752 0.095594 0.126698 0.153551 0.174461 0.187811 0.192408 0.187811 0.174461 0.153551 0.126698 0.095594 0.061752 0.026387 -0.009602 -0.045587 -0.081158 -0.116061 -0.150151 -0.183357 -0.215660 -0.247068 -0.277609 -0.307321 -0.336249 -0.364437 -0.391932 -0.418779 -0.445018 -0.470689 -0.495829 -0.520472 -0.544650 
-0.538151 -0.513581 -0.488504 -0.462881 -0.436671 -0.409828 -0.382300 -0.354033 -0.324965 -0.295033 -0.264164 -0.232286 -0.199323 -0.165202 -0.129860 -0.093252 -0.055375 -0.016287 0.023841 0.064665 0.105581 0.145610 0.183289 0.216615 0.243150 0.260388 0.266381 0.260388 0.243150 0.216615 0.183289 0.145610 0.105581 0.064665 0.023841 -0.016287 -0.055375 -0.093252 -0.129860 -0.165202 -0.199323 -0.232286 -0.264164 -0.295033 -0.324965 -0.354033 -0.382300 -0.409828 -0.436671 -0.462881 -0.488504 -0.513581 -0.538151 
-0.532499 -0.507582 -0.482118 -0.456063 -0.429369 -0.401981 -0.373836 -0.344866 -0.314994 -0.284133 -0.252189 -0.219055 -0.184615 -0.148745 -0.111317 -0.072207 -0.031308 0.011443 0.056014 0.102212 0.149552 0.197082 0.243150 0.285184 0.319674 0.342636 0.350732 0.342636 0.319674 0.285184 0.243150 0.197082 0.149552 0.102212 0.056014 0.011443 -0.031308 -0.072207 -0.111317 -0.148745 -0.184615 -0.219055 -0.252189 -0.284133 -0.314994 -0.344866 -0.373836 -0.401981 -0.429369 -0.456063 -0.482118 -0.507582 -0.532499 
-0.527730 -0.502513 -0.476716 -0.450289 -0.423175 -0.395312 -0.366628 -0.337041 -0.306458 -0.274773 -0.241865 -0.207596 -0.171808 -0.134323 -0.094941 -0.053443 -0.009602 0.036805 0.085952 0.137890 0.192408 0.248777 0.305359 0.359070 0.404967 0.436611 0.448001 0.436611 0.404967 0.359070 0.305359 0.248777 0.192408 0.137890 0.085952 0.036805 -0.009602 -0.053443 -0.094941 -0.134323 -0.171808 -0.207596 -0.241865 -0.274773 -0.306458 -0.337041 -0.366628 -0.395312 -0.423175 -0.450289 -0.476716 -0.502513 -0.527730 
-0.523875 -0.498413 -0.472342 -0.445607 -0.418146 -0.389890 -0.360756 -0.330653 -0.299472 -0.267091 -0.233364 -0.198123 -0.161169 -0.122272 -0.081158 -0.037514 0.009026 0.058869 0.112444 0.170151 0.232228 0.298469 0.367666 0.436611 0.498784 0.543850 0.560591 0.543850 0.498784 0.436611 0.367666 0.298469 0.232228 0.170151 0.112444 0.058869 0.009026 -0.037514 -0.081158 -0.122272 -0.161169 -0.198123 -0.233364 -0.267091 -0.299472 -0.330653 -0.360756 -0.389890 -0.418146 -0.445607 -0.472342 -0.498413 -0.523875 
-0.520960 -0.495310 -0.469029 -0.442058 -0.414330 -0.385769 -0.356288 -0.325784 -0.294138 -0.261211 -0.226839 -0.190827 -0.152942 -0.112907 -0.070384 -0.024966 0.023841 0.076631 0.134109 0.197082 0.266381 0.342636 0.425663 0.513033 0.597284 0.662723 0.688202 0.662723 0.597284 0.513033 0.425663 0.342636 0.266381 0.197082 0.134109 0.076631 0.023841 -0.024966 -0.070384 -0.112907 -0.152942 -0.190827 -0.226839 -0.261211 -0.294138 -0.325784 -0.356288 -0.385769 -0.414330 -0.442058 -0.469029 -0.495310 -0.520960 
-0.519005 -0.493228 -0.466805 -0.439673 -0.411764 -0.382996 -0.353278 -0.322499 -0.290534 -0.257232 -0.222414 -0.185867 -0.147333 -0.106498 -0.062975 -0.016287 0.034164 0.089129 0.149552 0.216615 0.291747 0.376535 0.472259 0.578359 0.688202 0.780905 0.819346 0.780905 0.688202 0.578359 0.472259 0.376535 0.291747 0.216615 0.149552 0.089129 0.034164 -0.016287 -0.062975 -0.106498 -0.147333 -0.185867 -0.222414 -0.257232 -0.290534 -0.322499 -0.353278 -0.382996 -0.411764 -0.439673 -0.466805 -0.493228 -0.519005 
-0.518024 -0.492183 -0.465688 -0.438475 -0.410474 -0.381602 -0.351763 -0.320845 -0.288718 -0.255224 -0.220178 -0.183357 -0.144489 -0.103241 -0.059200 -0.011847 0.039471 0.095594 0.157609 0.226925 0.305359 0.395165 0.498784 0.617521 0.746753 0.863244 0.914311 0.863244 0.746753 0.617521 0.498784 0.395165 0.305359 0.226925 0.157609 0.095594 0.039471 -0.011847 -0.059200 -0.103241 -0.144489 -0.183357 -0.220178 -0.255224 -0.288718 -0.320845 -0.351763 -0.381602 -0.410474 -0.438475 -0.465688 -0.492183 -0.518024 
-0.517902 -0.492052 -0.465548 -0.438325 -0.410313 -0.381427 -0.351573 -0.320638 -0.288490 -0.254972 -0.219898 -0.183042 -0.144132 -0.102832 -0.058724 -0.011288 0.040141 0.096413 0.158633 0.228241 0.307108 0.397584 0.502280 0.622806 0.754938 0.875254 0.928477 0.875254 0.754938 0.622806 0.502280 0.397584 0.307108 0.228241 0.158633 0.096413 0.040141 -0.011288 -0.058724 -0.102832 -0.144132 -0.183042 -0.219898 -0.254972 -0.288490 -0.320638 -0.351573 -0.381427 -0.410313 -0.438325 -0.465548 -0.492052 -0.517902 
-0.518030 -0.492189 -0.465694 -0.438482 -0.410481 -0.381610 -0.351771 -0.320854 -0.288728 -0.255235 -0.220191 -0.183371 -0.144505 -0.103259 -0.059220 -0.011872 0.039441 0.095559 0.157565 0.226868 0.305283 0.395061 0.498633 0.617294 0.746403 0.862733 0.913710 0.862733 0.746403 0.617294 0.498633 0.395061 0.305283 0.226868 0.157565 0.095559 0.039441 -0.011872 -0.059220 -0.103259 -0.144505 -0.183371 -0.220191 -0.255235 -0.288728 -0.320854 -0.351771 -0.381610 -0.410481 -0.438482 -0.465694 -0.492189 -0.518030 
-0.519021 -0.493245 -0.466823 -0.439692 -0.411785 -0.383019 -0.353302 -0.322526 -0.290563 -0.257264 -0.222450 -0.185907 -0.147379 -0.106550 -0.063036 -0.016358 0.034079 0.089026 0.149424 0.216451 0.291532 0.376244 0.471850 0.577767 0.687343 0.779739 0.818024 0.779739 0.687343 0.577767 0.471850 0.376244 0.291532 0.216451 0.149424 0.089026 0.034079 -0.016358 -0.063036 -0.106550 -0.147379 -0.185907 -0.222450 -0.257264 -0.290563 -0.322526 -0.353302 -0.383019 -0.411785 -0.439692 -0.466823 -0.493245 -0.519021 
-0.520986 -0.495338 -0.469059 -0.442090 -0.414364 -0.385806 -0.356328 -0.325828 -0.294186 -0.261264 -0.226898 -0.190893 -0.153017 -0.112992 -0.070482 -0.025081 0.023704 0.076466 0.133907 0.196828 0.266055 0.342207 0.425085 0.512248 0.596233 0.661411 0.686773 0.661411 0.596233 0.512248 0.425085 0.342207 0.266055 0.196828 0.133907 0.076466 0.023704 -0.025081 -0.070482 -0.112992 -0.153017 -0.190893 -0.226898 -0.261264 -0.294186 -0.325828 -0.356328 -0.385806 -0.414364 -0.442090 -0.469059 -0.495338 -0.520986 
-0.523911 -0.498452 -0.472383 -0.445651 -0.418194 -0.389941 -0.360812 -0.330713 -0.299539 -0.267164 -0.233445 -0.198213 -0.161271 -0.122387 -0.081291 -0.037668 0.008845 0.058653 0.112182 0.169829 0.231825 0.297957 0.367009 0.435771 0.497739 0.542628 0.559295 0.542628 0.497739 0.435771 0.367009 0.297957 0.231825 0.169829 0.112182 0.058653 0.008845 -0.037668 -0.081291 -0.122387 -0.161271 -0.198213 -0.233445 -0.267164 -0.299539 -0.330713 -0.360812 -0.389941 -0.418194 -0.445651 -0.472383 -0.498452 -0.523911 
-0.527776 -0.502563 -0.476769 -0.450345 -0.423236 -0.395378 -0.366698 -0.337117 -0.306541 -0.274865 -0.241967 -0.207709 -0.171935 -0.134466 -0.095103 -0.053631 -0.009820 0.036548 0.085646 0.137522 0.191959 0.248227 0.304684 0.358252 0.404003 0.435532 0.446878 0.435532 0.404003 0.358252 0.304684 0.248227 0.191959 0.137522 0.085646 0.036548 -0.009820 -0.053631 -0.095103 -0.134466 -0.171935 -0.207709 -0.241967 -0.274865 -0.306541 -0.337117 -0.366698 -0.395378 -0.423236 -0.450345 -0.476769 -0.502563 -0.527776 
-0.532555 -0.507641 -0.482181 -0.456131 -0.429442 -0.402059 -0.373920 -0.344957 -0.315093 -0.284243 -0.252309 -0.219188 -0.184763 -0.148912 -0.111506 -0.072422 -0.031555 0.011156 0.055679 0.101816 0.149083 0.196525 0.242491 0.284418 0.318807 0.341693 0.349761 0.341693 0.318807 0.284418 0.242491 0.196525 0.149083 0.101816 0.055679 0.011156 -0.031555 -0.072422 -0.111506 -0.148912 -0.184763 -0.219188 -0.252309 -0.284243 -0.315093 -0.344957 -0.373920 -0.402059 -0.429442 -0.456131 -0.482181 -0.507641 -0.532555 
-0.538216 -0.513651 -0.488578 -0.462960 -0.436755 -0.409918 -0.382397 -0.354138 -0.325080 -0.295158 -0.264301 -0.232437 -0.199490 -0.165388 -0.130069 -0.093489 -0.055644 -0.016595 0.023487 0.064256 0.105108 0.145064 0.182662 0.215908 0.242372 0.259560 0.265536 0.259560 0.242372 0.215908 0.182662 0.145064 0.105108 0.064256 0.023487 -0.016595 -0.055644 -0.093489 -0.130069 -0.165388 -0.199490 -0.232437 -0.264301 -0.295158 -0.325080 -0.354138 -0.382397 -0.409918 -0.436755 -0.462960 -0.488578 -0.513651 -0.538216 
-0.544724 -0.520551 -0.495913 -0.470778 -0.445113 -0.418881 -0.392042 -0.364555 -0.336376 -0.307460 -0.277761 -0.247234 -0.215844 -0.183561 -0.150377 -0.116314 -0.081443 -0.045908 -0.009965 0.025975 0.061285 0.095067 0.126109 0.152902 0.173762 0.187076 0.191661 0.187076 0.173762 0.152902 0.126109 0.095067 0.061285 0.025975 -0.009965 -0.045908 -0.081443 -0.116314 -0.150377 -0.183561 -0.215844 -0.247234 -0.277761 -0.307460 -0.336376 -0.364555 -0.392042 -0.418881 -0.445113 -0.470778 -0.495913 -0.520551 -0.544724 
-0.552040 -0.528297 -0.504133 -0.479525 -0.454445 -0.428867 -0.402761 -0.376100 -0.348854 -0.320997 -0.292505 -0.263362 -0.233561 -0.203111 -0.172047 -0.140438 -0.108407 -0.076148 -0.043956 -0.012256 0.018362 0.047118 0.073039 0.094997 0.111810 0.122407 0.126031 0.122407 0.111810 0.094997 0.073039 0.047118 0.018362 -0.012256 -0.043956 -0.076148 -0.108407 -0.140438 -0.172047 -0.203111 -0.233561 -0.263362 -0.292505 -0.320997 -0.348854 -0.376100 -0.402761 -0.428867 -0.454445 -0.479525 -0.504133 -0.528297 -0.552040 
-0.560121 -0.536841 -0.513186 -0.489140 -0.464682 -0.439795 -0.414460 -0.388661 -0.362384 -0.335617 -0.308358 -0.280611 -0.252397 -0.223753 -0.194744 -0.165474 -0.136096 -0.106828 -0.077975 -0.049943 -0.023260 0.001419 0.023324 0.041610 0.055435 0.064068 0.067005 0.064068 0.055435 0.041610 0.023324 0.001419 -0.023260 -0.049943 -0.077975 -0.106828 -0.136096 -0.165474 -0.194744 -0.223753 -0.252397 -0.280611 -0.308358 -0.335617 -0.362384 -0.388661 -0.414460 -0.439795 -0.464682 -0.489140 -0.513186 -0.536841 -0.560121 
-0.568925 -0.546133 -0.523015 -0.499558 -0.475750 -0.451582 -0.427044 -0.402130 -0.376839 -0.351175 -0.325150 -0.298789 -0.272129 -0.245231 -0.218182 -0.191104 -0.164166 -0.137592 -0.111677 -0.086793 -0.063398 -0.042034 -0.023306 -0.007851 0.003721 0.010895 0.013327 0.010895 0.003721 -0.007851 -0.023306 -0.042034 -0.063398 -0.086793 -0.111677 -0.137592 -0.164166 -0.191104 -0.218182 -0.245231 -0.272129 -0.298789 -0.325150 -0.351175 -0.376839 -0.402130 -0.427044 -0.451582 -0.475750 -0.499558 -0.523015 -0.546133 -0.568925 
-0.578405 -0.556124 -0.533563 -0.510716 -0.487578 -0.464145 -0.440418 -0.416400 -0.392100 -0.367535 -0.342729 -0.317721 -0.292563 -0.267331 -0.242125 -0.217076 -0.192357 -0.168188 -0.144842 -0.122651 -0.102006 -0.083350 -0.067160 -0.053922 -0.044085 -0.038019 -0.035969 -0.038019 -0.044085 -0.053922 -0.067160 -0.083350 -0.102006 -0.122651 -0.144842 -0.168188 -0.192357 -0.217076 -0.242125 -0.267331 -0.292563 -0.317721 -0.342729 -0.367535 -0.392100 -0.416400 -0.440418 -0.464145 -0.487578 -0.510716 -0.533563 -0.556124 -0.578405 
-0.588516 -0.566762 -0.544774 -0.522551 -0.500093 -0.477406 -0.454495 -0.431372 -0.408056 -0.384572 -0.360955 -0.337253 -0.313531 -0.289871 -0.266380 -0.243193 -0.220480 -0.198446 -0.177339 -0.157452 -0.139112 -0.122684 -0.108546 -0.097069 -0.088592 -0.083387 -0.081632 -0.083387 -0.088592 -0.097069 -0.108546 -0.122684 -0.139112 -0.157452 -0.177339 -0.198446 -0.220480 -0.243193 -0.266380 -0.289871 -0.313531 -0.337253 -0.360955 -0.384572 -0.408056 -0.431372 -0.454495 -0.477406 -0.500093 -0.522551 -0.544774 -0.566762 -0.588516 
-0.599214 -0.577997 -0.556591 -0.535000 -0.513229 -0.491288 -0.469190 -0.446953 -0.424603 -0.402172 -0.379704 -0.357253 -0.334890 -0.312702 -0.290797 -0.269309 -0.248397 -0.228253 -0.209098 -0.191184 -0.174788 -0.160207 -0.147744 -0.137687 -0.130294 -0.125771 -0.124248 -0.125771 -0.130294 -0.137687 -0.147744 -0.160207 -0.174788 -0.191184 -0.209098 -0.228253 -0.248397 -0.269309 -0.290797 -0.312702 -0.334890 -0.357253 -0.379704 -0.402172 -0.424603 -0.446953 -0.469190 -0.491288 -0.513229 -0.535000 -0.556591 -0.577997 -0.599214 
-0.610453 -0.589781 -0.568962 -0.548005 -0.526919 -0.505720 -0.484424 -0.463057 -0.441648 -0.420236 -0.398869 -0.377607 -0.356521 -0.335702 -0.315256 -0.295311 -0.276016 -0.257544 -0.240090 -0.223872 -0.209123 -0.196087 -0.185006 -0.176108 -0.169593 -0.165618 -0.164281 -0.165618 -0.169593 -0.176108 -0.185006 -0.196087 -0.209123 -0.223872 -0.240090 -0.257544 -0.276016 -0.295311 -0.315256 -0.335702 -0.356521 -0.377607 -0.398869 -0.420236 -0.441648 -0.463057 -0.484424 -0.505720 -0.526919 -0.548005 -0.568962 -0.589781 -0.610453 
-0.622191 -0.602066 -0.581835 -0.561509 -0.541103 -0.520635 -0.500127 -0.479606 -0.459108 -0.438675 -0.418357 -0.398217 -0.378327 -0.358777 -0.339668 -0.321122 -0.303274 -0.286280 -0.270313 -0.255559 -0.242215 -0.230480 -0.220552 -0.212612 -0.206817 -0.203289 -0.202104 -0.203289 -0.206817 -0.212612 -0.220552 -0.230480 -0.242215 -0.255559 -0.270313 -0.286280 -0.303274 -0.321122 -0.339668 -0.358777 -0.378327 -0.398217 -0.418357 -0.438675 -0.459108 -0.479606 -0.500127 -0.520635 -0.541103 -0.561509 -0.581835 -0.602066 -0.622191 
-0.634385 -0.614806 -0.595160 -0.575460 -0.555723 -0.535972 -0.516231 -0.496531 -0.476909 -0.457411 -0.438088 -0.419003 -0.400228 -0.381850 -0.363964 -0.346683 -0.330132 -0.314449 -0.299785 -0.286300 -0.274160 -0.263531 -0.254574 -0.247434 -0.242237 -0.239079 -0.238019 -0.239079 -0.242237 -0.247434 -0.254574 -0.263531 -0.274160 -0.286300 -0.299785 -0.314449 -0.330132 -0.346683 -0.363964 -0.381850 -0.400228 -0.419003 -0.438088 -0.457411 -0.476909 -0.496531 -0.516231 -0.535972 -0.555723 -0.575460 -0.595160 -0.614806 -0.634385 
-0.646997 -0.627960 -0.608892 -0.589807 -0.570727 -0.551675 -0.532677 -0.513768 -0.494986 -0.476377 -0.457994 -0.439898 -0.422160 -0.404861 -0.388093 -0.371958 -0.356570 -0.342050 -0.328532 -0.316152 -0.305051 -0.295369 -0.287236 -0.280772 -0.276077 -0.273228 -0.272273 -0.273228 -0.276077 -0.280772 -0.287236 -0.295369 -0.305051 -0.316152 -0.328532 -0.342050 -0.356570 -0.371958 -0.388093 -0.404861 -0.422160 -0.439898 -0.457994 -0.476377 -0.494986 -0.513768 -0.532677 -0.551675 -0.570727 -0.589807 -0.608892 -0.627960 -0.646997 
-0.659987 -0.641487 -0.622987 -0.604506 -0.586066 -0.567692 -0.549413 -0.531263 -0.513282 -0.495517 -0.478018 -0.460847 -0.444071 -0.427767 -0.412020 -0.396922 -0.382577 -0.369093 -0.356586 -0.345173 -0.334976 -0.326108 -0.318682 -0.312793 -0.308524 -0.305937 -0.305070 -0.305937 -0.308524 -0.312793 -0.318682 -0.326108 -0.334976 -0.345173 -0.356586 -0.369093 -0.382577 -0.396922 -0.412020 -0.427767 -0.444071 -0.460847 -0.478018 -0.495517 -0.513282 -0.531263 -0.549413 -0.567692 -0.586066 -0.604506 -0.622987 -0.641487 -0.659987 
-0.673321 -0.655348 -0.637406 -0.619515 -0.601697 -0.583978 -0.566390 -0.548967 -0.531749 -0.514780 -0.498114 -0.481806 -0.465922 -0.450533 -0.435717 -0.421560 -0.408154 -0.395594 -0.383983 -0.373421 -0.364012 -0.355852 -0.349035 -0.343640 -0.339736 -0.337372 -0.336581 -0.337372 -0.339736 -0.343640 -0.349035 -0.355852 -0.364012 -0.373421 -0.383983 -0.395594 -0.408154 -0.421560 -0.435717 -0.450533 -0.465922 -0.481806 -0.498114 -0.514780 -0.531749 -0.548967 -0.566390 -0.583978 -0.601697 -0.619515 -0.637406 -0.655348 -0.673321 
-0.686964 -0.669509 -0.652112 -0.634793 -0.617578 -0.600492 -0.583567 -0.566837 -0.550342 -0.534127 -0.518241 -0.502738 -0.487680 -0.473133 -0.459169 -0.445866 -0.433306 -0.421574 -0.410759 -0.400949 -0.392232 -0.384691 -0.378403 -0.373436 -0.369847 -0.367675 -0.366949 -0.367675 -0.369847 -0.373436 -0.378403 -0.384691 -0.392232 -0.400949 -0.410759 -0.421574 -0.433306 -0.445866 -0.459169 -0.473133 -0.487680 -0.502738 -0.518241 -0.534127 -0.550342 -0.566837 -0.583567 -0.600492 -0.617578 -0.634793 -0.652112 -0.669509 -0.686964 
-0.700886 -0.683937 -0.667070 -0.650307 -0.633674 -0.617196 -0.600905 -0.584836 -0.569028 -0.553522 -0.538367 -0.523614 -0.509322 -0.495550 -0.482366 -0.469839 -0.458043 -0.447054 -0.436950 -0.427807 -0.419701 -0.412704 -0.406880 -0.402286 -0.398970 -0.396965 -0.396295 -0.396965 -0.398970 -0.402286 -0.406880 -0.412704 -0.419701 -0.427807 -0.436950 -0.447054 -0.458043 -0.469839 -0.482366 -0.495550 -0.509322 -0.523614 -0.538367 -0.553522 -0.569028 -0.584836 -0.600905 -0.617196 -0.633674 -0.650307 -0.667070 -0.683937 -0.700886 
-0.715058 -0.698602 -0.682250 -0.666025 -0.649952 -0.634058 -0.618374 -0.602933 -0.587773 -0.572935 -0.558465 -0.544412 -0.530828 -0.517771 -0.505300 -0.493481 -0.482377 -0.472058 -0.462591 -0.454043 -0.446480 -0.439962 -0.434546 -0.430280 -0.427203 -0.425345 -0.424723 -0.425345 -0.427203 -0.430280 -0.434546 -0.439962 -0.446480 -0.454043 -0.462591 -0.472058 -0.482377 -0.493481 -0.505300 -0.517771 -0.530828 -0.544412 -0.558465 -0.572935 -0.587773 -0.602933 -0.618374 -0.634058 -0.649952 -0.666025 -0.682250 -0.698602 -0.715058 
-0.729453 -0.713476 -0.697623 -0.681918 -0.666384 -0.651049 -0.635943 -0.621098 -0.606552 -0.592343 -0.578515 -0.565112 -0.552186 -0.539787 -0.527972 -0.516798 -0.506323 -0.496609 -0.487714 -0.479699 -0.472620 -0.466528 -0.461474 -0.457497 -0.454631 -0.452901 -0.452323 -0.452901 -0.454631 -0.457497 -0.461474 -0.466528 -0.472620 -0.479699 -0.487714 -0.496609 -0.506323 -0.516798 -0.527972 -0.539787 -0.552186 -0.565112 -0.578515 -0.592343 -0.606552 -0.621098 -0.635943 -0.651049 -0.666384 -0.681918 -0.697623 -0.713476 -0.729453 
-0.744046 -0.728534 -0.713164 -0.697959 -0.682943 -0.668142 -0.653587 -0.639309 -0.625342 -0.611725 -0.598497 -0.585702 -0.573385 -0.561595 -0.550381 -0.539797 -0.529895 -0.520729 -0.512352 -0.504815 -0.498169 -0.492459 -0.487726 -0.484005 -0.481327 -0.479711 -0.479171 -0.479711 -0.481327 -0.484005 -0.487726 -0.492459 -0.498169 -0.504815 -0.512352 -0.520729 -0.529895 -0.539797 -0.550381 -0.561595 -0.573385 -0.585702 -0.598497 -0.611725 -0.625342 -0.639309 -0.653587 -0.668142 -0.682943 -0.697959 -0.713164 -0.728534 -0.744046 
-0.758815 -0.743753 -0.728849 -0.714126 -0.699606 -0.685317 -0.671286 -0.657544 -0.644125 -0.631064 -0.618399 -0.606169 -0.594419 -0.583191 -0.572532 -0.562489 -0.553109 -0.544442 -0.536533 -0.529428 -0.523171 -0.517802 -0.513357 -0.509866 -0.507354 -0.505839 -0.505333 -0.505839 -0.507354 -0.509866 -0.513357 -0.517802 -0.523171 -0.529428 -0.536533 -0.544442 -0.553109 -0.562489 -0.572532 -0.583191 -0.594419 -0.606169 -0.618399 -0.631064 -0.644125 -0.657544 -0.671286 -0.685317 -0.699606 -0.714126 -0.728849 -0.743753 -0.758815 
