71 71
8.307361e+00 0 5
0.271575 0.282830 0.294006 0.305095 0.316087 0.326971 0.337738 0.348374 0.358868 0.369207 0.379375 0.389360 0.399145 0.408714 0.418051 0.427137 0.435955 0.444487 0.452712 0.460611 0.468164 0.475352 0.482154 0.488550 0.494520 0.500046 0.505109 0.509692 0.513777 0.517351 0.520399 0.522909 0.524872 0.526280 0.527128 0.527410 0.527128 0.526280 0.524872 0.522909 0.520399 0.517351 0.513777 0.509692 0.505109 0.500046 0.494520 0.488550 0.482154 0.475352 0.468164 0.460611 0.452712 0.444487 0.435955 0.427137 0.418051 0.408714 0.399145 0.389360 0.379375 0.369207 0.358868 0.348374 0.337738 0.326971 0.316087 0.305095 0.294006 0.282830 0.271575 
0.282500 0.294006 0.305440 0.316793 0.328055 0.339217 0.350265 0.361189 0.371976 0.382612 0.393083 0.403373 0.413467 0.423347 0.432996 0.442396 0.451527 0.460369 0.468902 0.477105 0.484956 0.492434 0.499517 0.506183 0.512411 0.518180 0.523469 0.528260 0.532534 0.536274 0.539466 0.542096 0.544154 0.545630 0.546518 0.546815 0.546518 0.545630 0.544154 0.542096 0.539466 0.536274 0.532534 0.528260 0.523469 0.518180 0.512411 0.506183 0.499517 0.492434 0.484956 0.477105 0.468902 0.460369 0.451527 0.442396 0.432996 0.423347 0.413467 0.403373 0.393083 0.382612 0.371976 0.361189 0.350265 0.339217 0.328055 0.316793 0.305440 0.294006 0.282500 
0.293331 0.305095 0.316793 0.328417 0.339958 0.351403 0.362743 0.373964 0.385054 0.395999 0.406784 0.417393 0.427809 0.438015 0.447993 0.457722 0.467182 0.476353 0.485212 0.493737 0.501905 0.509692 0.517075 0.524030 0.530534 0.536563 0.542096 0.547112 0.551589 0.555510 0.558858 0.561618 0.563778 0.565328 0.566261 0.566572 0.566261 0.565328 0.563778 0.561618 0.558858 0.555510 0.551589 0.547112 0.542096 0.536563 0.530534 0.524030 0.517075 0.509692 0.501905 0.493737 0.485212 0.476353 0.467182 0.457722 0.447993 0.438015 0.427809 0.417393 0.406784 0.395999 0.385054 0.373964 0.362743 0.351403 0.339958 0.328417 0.316793 0.305095 0.293331 
0.304060 0.316087 0.328055 0.339958 0.351783 0.363522 0.375161 0.386690 0.398094 0.409359 0.420471 0.431411 0.442165 0.452712 0.463033 0.473108 0.482916 0.492434 0.501639 0.510506 0.519010 0.527128 0.534831 0.542096 0.548897 0.555207 0.561003 0.566261 0.570958 0.575075 0.578592 0.581493 0.583764 0.585395 0.586376 0.586704 0.586376 0.585395 0.583764 0.581493 0.578592 0.575075 0.570958 0.566261 0.561003 0.555207 0.548897 0.542096 0.534831 0.527128 0.519010 0.510506 0.501639 0.492434 0.482916 0.473108 0.463033 0.452712 0.442165 0.431411 0.420471 0.409359 0.398094 0.386690 0.375161 0.363522 0.351783 0.339958 0.328055 0.316087 0.304060 
0.314677 0.326971 0.339217 0.351403 0.363522 0.375561 0.387510 0.399355 0.411084 0.422682 0.434132 0.445419 0.456524 0.467428 0.478110 0.488550 0.498724 0.508609 0.518180 0.527410 0.536274 0.544744 0.552791 0.560389 0.567508 0.574121 0.580201 0.585722 0.590658 0.594987 0.598689 0.601743 0.604136 0.605854 0.606889 0.607234 0.606889 0.605854 0.604136 0.601743 0.598689 0.594987 0.590658 0.585722 0.580201 0.574121 0.567508 0.560389 0.552791 0.544744 0.536274 0.527410 0.518180 0.508609 0.498724 0.488550 0.478110 0.467428 0.456524 0.445419 0.434132 0.422682 0.411084 0.399355 0.387510 0.375561 0.363522 0.351403 0.339217 0.326971 0.314677 
0.325170 0.337738 0.350265 0.362743 0.375161 0.387510 0.399777 0.411949 0.424014 0.435955 0.447758 0.459405 0.470877 0.482154 0.493215 0.504038 0.514599 0.524872 0.534831 0.544449 0.553695 0.562542 0.570958 0.578913 0.586376 0.593317 0.599704 0.605510 0.610706 0.615267 0.619170 0.622392 0.624918 0.626732 0.627825 0.628190 0.627825 0.626732 0.624918 0.622392 0.619170 0.615267 0.610706 0.605510 0.599704 0.593317 0.586376 0.578913 0.570958 0.562542 0.553695 0.544449 0.534831 0.524872 0.514599 0.504038 0.493215 0.482154 0.470877 0.459405 0.447758 0.435955 0.424014 0.411949 0.399777 0.387510 0.375161 0.362743 0.350265 0.337738 0.325170 
0.335528 0.348374 0.361189 0.373964 0.386690 0.399355 0.411949 0.424459 0.436870 0.449168 0.461336 0.473357 0.485212 0.496880 0.508339 0.519565 0.530534 0.541218 0.551589 0.561618 0.571273 0.580524 0.589336 0.597676 0.605510 0.612805 0.619526 0.625642 0.631122 0.635936 0.640059 0.643465 0.646137 0.648056 0.649213 0.649599 0.649213 0.648056 0.646137 0.643465 0.640059 0.635936 0.631122 0.625642 0.619526 0.612805 0.605510 0.597676 0.589336 0.580524 0.571273 0.561618 0.551589 0.541218 0.530534 0.519565 0.508339 0.496880 0.485212 0.473357 0.461336 0.449168 0.436870 0.424459 0.411949 0.399355 0.386690 0.373964 0.361189 0.348374 0.335528 
0.345740 0.358868 0.371976 0.385054 0.398094 0.411084 0.424014 0.436870 0.449639 0.462305 0.474852 0.487263 0.499517 0.511593 0.523469 0.535120 0.546518 0.557637 0.568446 0.578913 0.589006 0.598689 0.607926 0.616682 0.624918 0.632597 0.639682 0.646137 0.651926 0.657018 0.661382 0.664991 0.667823 0.669859 0.671086 0.671496 0.671086 0.669859 0.667823 0.664991 0.661382 0.657018 0.651926 0.646137 0.639682 0.632597 0.624918 0.616682 0.607926 0.598689 0.589006 0.578913 0.568446 0.557637 0.546518 0.535120 0.523469 0.511593 0.499517 0.487263 0.474852 0.462305 0.449639 0.436870 0.424014 0.411084 0.398094 0.385054 0.371976 0.358868 0.345740 
0.355791 0.369207 0.382612 0.395999 0.409359 0.422682 0.435955 0.449168 0.462305 0.475352 0.488292 0.501107 0.513777 0.526280 0.538593 0.550689 0.562542 0.574121 0.585395 0.596329 0.606889 0.617036 0.626732 0.635936 0.644608 0.652705 0.660186 0.667011 0.673141 0.678538 0.683168 0.687000 0.690010 0.692175 0.693480 0.693916 0.693480 0.692175 0.690010 0.687000 0.683168 0.678538 0.673141 0.667011 0.660186 0.652705 0.644608 0.635936 0.626732 0.617036 0.606889 0.596329 0.585395 0.574121 0.562542 0.550689 0.538593 0.526280 0.513777 0.501107 0.488292 0.475352 0.462305 0.449168 0.435955 0.422682 0.409359 0.395999 0.382612 0.369207 0.355791 
0.365670 0.379375 0.393083 0.406784 0.420471 0.434132 0.447758 0.461336 0.474852 0.488292 0.501639 0.514874 0.527976 0.540925 0.553695 0.566261 0.578592 0.590658 0.602426 0.613858 0.624918 0.635564 0.645754 0.655444 0.664588 0.673141 0.681056 0.688287 0.694790 0.700524 0.705448 0.709529 0.712735 0.715043 0.716436 0.716901 0.716436 0.715043 0.712735 0.709529 0.705448 0.700524 0.694790 0.688287 0.681056 0.673141 0.664588 0.655444 0.645754 0.635564 0.624918 0.613858 0.602426 0.590658 0.578592 0.566261 0.553695 0.540925 0.527976 0.514874 0.501639 0.488292 0.474852 0.461336 0.447758 0.434132 0.420471 0.406784 0.393083 0.379375 0.365670 
0.375361 0.389360 0.403373 0.417393 0.431411 0.445419 0.459405 0.473357 0.487263 0.501107 0.514874 0.528543 0.542096 0.555510 0.568759 0.581817 0.594653 0.607234 0.619526 0.631490 0.643085 0.654267 0.664991 0.675207 0.684866 0.693916 0.702307 0.709985 0.716901 0.723007 0.728258 0.732614 0.736040 0.738509 0.739998 0.740496 0.739998 0.738509 0.736040 0.732614 0.728258 0.723007 0.716901 0.709985 0.702307 0.693916 0.684866 0.675207 0.664991 0.654267 0.643085 0.631490 0.619526 0.607234 0.594653 0.581817 0.568759 0.555510 0.542096 0.528543 0.514874 0.501107 0.487263 0.473357 0.459405 0.445419 0.431411 0.417393 0.403373 0.389360 0.375361 
0.384850 0.399145 0.413467 0.427809 0.442165 0.456524 0.470877 0.485212 0.499517 0.513777 0.527976 0.542096 0.556116 0.570014 0.583764 0.597339 0.610706 0.623833 0.636682 0.649213 0.661382 0.673141 0.684441 0.695228 0.705448 0.715043 0.723956 0.732128 0.739501 0.746021 0.751636 0.756301 0.759973 0.762620 0.764219 0.764753 0.764219 0.762620 0.759973 0.756301 0.751636 0.746021 0.739501 0.732128 0.723956 0.715043 0.705448 0.695228 0.684441 0.673141 0.661382 0.649213 0.636682 0.623833 0.610706 0.597339 0.583764 0.570014 0.556116 0.542096 0.527976 0.513777 0.499517 0.485212 0.470877 0.456524 0.442165 0.427809 0.413467 0.399145 0.384850 
0.394122 0.408714 0.423347 0.438015 0.452712 0.467428 0.482154 0.496880 0.511593 0.526280 0.540925 0.555510 0.570014 0.584416 0.598689 0.612805 0.626732 0.640436 0.653876 0.667011 0.679794 0.692175 0.704098 0.715507 0.726340 0.736533 0.746021 0.754739 0.762620 0.769603 0.775626 0.780636 0.784585 0.787435 0.789157 0.789732 0.789157 0.787435 0.784585 0.780636 0.775626 0.769603 0.762620 0.754739 0.746021 0.736533 0.726340 0.715507 0.704098 0.692175 0.679794 0.667011 0.653876 0.640436 0.626732 0.612805 0.598689 0.584416 0.570014 0.555510 0.540925 0.526280 0.511593 0.496880 0.482154 0.467428 0.452712 0.438015 0.423347 0.408714 0.394122 
0.403161 0.418051 0.432996 0.447993 0.463033 0.478110 0.493215 0.508339 0.523469 0.538593 0.553695 0.568759 0.583764 0.598689 0.613507 0.628190 0.642706 0.657018 0.671086 0.684866 0.698308 0.711357 0.723956 0.736040 0.747543 0.758394 0.768519 0.777843 0.786292 0.793792 0.800274 0.805674 0.809937 0.813016 0.814878 0.815501 0.814878 0.813016 0.809937 0.805674 0.800274 0.793792 0.786292 0.777843 0.768519 0.758394 0.747543 0.736040 0.723956 0.711357 0.698308 0.684866 0.671086 0.657018 0.642706 0.628190 0.613507 0.598689 0.583764 0.568759 0.553695 0.538593 0.523469 0.508339 0.493215 0.478110 0.463033 0.447993 0.432996 0.418051 0.403161 
0.411949 0.427137 0.442396 0.457722 0.473108 0.488550 0.504038 0.519565 0.535120 0.550689 0.566261 0.581817 0.597339 0.612805 0.628190 0.643465 0.658599 0.673553 0.688287 0.702754 0.716901 0.730671 0.744002 0.756823 0.769060 0.780636 0.791466 0.801466 0.810550 0.818633 0.825634 0.831477 0.836097 0.839438 0.841459 0.842136 0.841459 0.839438 0.836097 0.831477 0.825634 0.818633 0.810550 0.801466 0.791466 0.780636 0.769060 0.756823 0.744002 0.730671 0.716901 0.702754 0.688287 0.673553 0.658599 0.643465 0.628190 0.612805 0.597339 0.581817 0.566261 0.550689 0.535120 0.519565 0.504038 0.488550 0.473108 0.457722 0.442396 0.427137 0.411949 
0.420471 0.435955 0.451527 0.467182 0.482916 0.498724 0.514599 0.530534 0.546518 0.562542 0.578592 0.594653 0.610706 0.626732 0.642706 0.658599 0.674379 0.690010 0.705448 0.720646 0.735549 0.750096 0.764219 0.777843 0.790887 0.803263 0.814878 0.825634 0.835433 0.844175 0.851765 0.858114 0.863142 0.866784 0.868989 0.869728 0.868989 0.866784 0.863142 0.858114 0.851765 0.844175 0.835433 0.825634 0.814878 0.803263 0.790887 0.777843 0.764219 0.750096 0.735549 0.720646 0.705448 0.690010 0.674379 0.658599 0.642706 0.626732 0.610706 0.594653 0.578592 0.562542 0.546518 0.530534 0.514599 0.498724 0.482916 0.467182 0.451527 0.435955 0.420471 
0.428707 0.444487 0.460369 0.476353 0.492434 0.508609 0.524872 0.541218 0.557637 0.574121 0.590658 0.607234 0.623833 0.640436 0.657018 0.673553 0.690010 0.706351 0.722534 0.738509 0.754220 0.769603 0.784585 0.799086 0.813016 0.826278 0.838767 0.850371 0.860977 0.870469 0.878732 0.885662 0.891162 0.895152 0.897571 0.898382 0.897571 0.895152 0.891162 0.885662 0.878732 0.870469 0.860977 0.850371 0.838767 0.826278 0.813016 0.799086 0.784585 0.769603 0.754220 0.738509 0.722534 0.706351 0.690010 0.673553 0.657018 0.640436 0.623833 0.607234 0.590658 0.574121 0.557637 0.541218 0.524872 0.508609 0.492434 0.476353 0.460369 0.444487 0.428707 
0.436641 0.452712 0.468902 0.485212 0.501639 0.518180 0.534831 0.551589 0.568446 0.585395 0.602426 0.619526 0.636682 0.653876 0.671086 0.688287 0.705448 0.722534 0.739501 0.756301 0.772875 0.789157 0.805070 0.820528 0.835433 0.849677 0.863142 0.875702 0.887224 0.897571 0.906610 0.914211 0.920259 0.924655 0.927324 0.928219 0.927324 0.924655 0.920259 0.914211 0.906610 0.897571 0.887224 0.875702 0.863142 0.849677 0.835433 0.820528 0.805070 0.789157 0.772875 0.756301 0.739501 0.722534 0.705448 0.688287 0.671086 0.653876 0.636682 0.619526 0.602426 0.585395 0.568446 0.551589 0.534831 0.518180 0.501639 0.485212 0.468902 0.452712 0.436641 
0.444254 0.460611 0.477105 0.493737 0.510506 0.527410 0.544449 0.561618 0.578913 0.596329 0.613858 0.631490 0.649213 0.667011 0.684866 0.702754 0.720646 0.738509 0.756301 0.773972 0.791466 0.808713 0.825634 0.842136 0.858114 0.873448 0.888007 0.901646 0.914211 0.925542 0.935478 0.943863 0.950553 0.955427 0.958391 0.959386 0.958391 0.955427 0.950553 0.943863 0.935478 0.925542 0.914211 0.901646 0.888007 0.873448 0.858114 0.842136 0.825634 0.808713 0.791466 0.773972 0.756301 0.738509 0.720646 0.702754 0.684866 0.667011 0.649213 0.631490 0.613858 0.596329 0.578913 0.561618 0.544449 0.527410 0.510506 0.493737 0.477105 0.460611 0.444254 
0.451527 0.468164 0.484956 0.501905 0.519010 0.536274 0.553695 0.571273 0.589006 0.606889 0.624918 0.643085 0.661382 0.679794 0.698308 0.716901 0.735549 0.754220 0.772875 0.791466 0.809937 0.828218 0.846227 0.863867 0.881025 0.897571 0.913357 0.928219 0.941979 0.954446 0.965427 0.974731 0.982181 0.987623 0.990939 0.992053 0.990939 0.987623 0.982181 0.974731 0.965427 0.954446 0.941979 0.928219 0.913357 0.897571 0.881025 0.863867 0.846227 0.828218 0.809937 0.791466 0.772875 0.754220 0.735549 0.716901 0.698308 0.679794 0.661382 0.643085 0.624918 0.606889 0.589006 0.571273 0.553695 0.536274 0.519010 0.501905 0.484956 0.468164 0.451527 
0.458442 0.475352 0.492434 0.509692 0.527128 0.544744 0.562542 0.580524 0.598689 0.617036 0.635564 0.654267 0.673141 0.692175 0.711357 0.730671 0.750096 0.769603 0.789157 0.808713 0.828218 0.847602 0.866784 0.885662 0.904118 0.922010 0.939175 0.955427 0.970559 0.984346 0.996553 1.006947 1.015304 1.021430 1.025171 1.026429 1.025171 1.021430 1.015304 1.006947 0.996553 0.984346 0.970559 0.955427 0.939175 0.922010 0.904118 0.885662 0.866784 0.847602 0.828218 0.808713 0.789157 0.769603 0.750096 0.730671 0.711357 0.692175 0.673141 0.654267 0.635564 0.617036 0.598689 0.580524 0.562542 0.544744 0.527128 0.509692 0.492434 0.475352 0.458442 
0.464981 0.482154 0.499517 0.517075 0.534831 0.552791 0.570958 0.589336 0.607926 0.626732 0.645754 0.664991 0.684441 0.704098 0.723956 0.744002 0.764219 0.784585 0.805070 0.825634 0.846227 0.866784 0.887224 0.907445 0.927324 0.946711 0.965427 0.983261 0.999976 1.015304 1.028963 1.040660 1.050112 1.057069 1.061330 1.062765 1.061330 1.057069 1.050112 1.040660 1.028963 1.015304 0.999976 0.983261 0.965427 0.946711 0.927324 0.907445 0.887224 0.866784 0.846227 0.825634 0.805070 0.784585 0.764219 0.744002 0.723956 0.704098 0.684441 0.664991 0.645754 0.626732 0.607926 0.589336 0.570958 0.552791 0.534831 0.517075 0.499517 0.482154 0.464981 
0.471124 0.488550 0.506183 0.524030 0.542096 0.560389 0.578913 0.597676 0.616682 0.635936 0.655444 0.675207 0.695228 0.715507 0.736040 0.756823 0.777843 0.799086 0.820528 0.842136 0.863867 0.885662 0.907445 0.929117 0.950553 0.971596 0.992053 1.011692 1.030238 1.047378 1.062765 1.076034 1.086825 1.094807 1.099713 1.101368 1.099713 1.094807 1.086825 1.076034 1.062765 1.047378 1.030238 1.011692 0.992053 0.971596 0.950553 0.929117 0.907445 0.885662 0.863867 0.842136 0.820528 0.799086 0.777843 0.756823 0.736040 0.715507 0.695228 0.675207 0.655444 0.635936 0.616682 0.597676 0.578913 0.560389 0.542096 0.524030 0.506183 0.488550 0.471124 
0.476854 0.494520 0.512411 0.530534 0.548897 0.567508 0.586376 0.605510 0.624918 0.644608 0.664588 0.684866 0.705448 0.726340 0.747543 0.769060 0.790887 0.813016 0.835433 0.858114 0.881025 0.904118 0.927324 0.950553 0.973682 0.996553 1.018964 1.040660 1.061330 1.080606 1.098067 1.113255 1.125701 1.134966 1.140686 1.142621 1.140686 1.134966 1.125701 1.113255 1.098067 1.080606 1.061330 1.040660 1.018964 0.996553 0.973682 0.950553 0.927324 0.904118 0.881025 0.858114 0.835433 0.813016 0.790887 0.769060 0.747543 0.726340 0.705448 0.684866 0.664588 0.644608 0.624918 0.605510 0.586376 0.567508 0.548897 0.530534 0.512411 0.494520 0.476854 
0.482154 0.500046 0.518180 0.536563 0.555207 0.574121 0.593317 0.612805 0.632597 0.652705 0.673141 0.693916 0.715043 0.736533 0.758394 0.780636 0.803263 0.826278 0.849677 0.873448 0.897571 0.922010 0.946711 0.971596 0.996553 1.021430 1.046021 1.070057 1.093191 1.114998 1.134966 1.152517 1.167039 1.177936 1.184704 1.187000 1.184704 1.177936 1.167039 1.152517 1.134966 1.114998 1.093191 1.070057 1.046021 1.021430 0.996553 0.971596 0.946711 0.922010 0.897571 0.873448 0.849677 0.826278 0.803263 0.780636 0.758394 0.736533 0.715043 0.693916 0.673141 0.652705 0.632597 0.612805 0.593317 0.574121 0.555207 0.536563 0.518180 0.500046 0.482154 
0.487006 0.505109 0.523469 0.542096 0.561003 0.580201 0.599704 0.619526 0.639682 0.660186 0.681056 0.702307 0.723956 0.746021 0.768519 0.791466 0.814878 0.838767 0.863142 0.888007 0.913357 0.939175 0.965427 0.992053 1.018964 1.046021 1.073029 1.099713 1.125701 1.150508 1.173522 1.194016 1.211179 1.224193 1.232338 1.235112 1.232338 1.224193 1.211179 1.194016 1.173522 1.150508 1.125701 1.099713 1.073029 1.046021 1.018964 0.992053 0.965427 0.939175 0.913357 0.888007 0.863142 0.838767 0.814878 0.791466 0.768519 0.746021 0.723956 0.702307 0.681056 0.660186 0.639682 0.619526 0.599704 0.580201 0.561003 0.542096 0.523469 0.505109 0.487006 
0.491395 0.509692 0.528260 0.547112 0.566261 0.585722 0.605510 0.625642 0.646137 0.667011 0.688287 0.709985 0.732128 0.754739 0.777843 0.801466 0.825634 0.850371 0.875702 0.901646 0.928219 0.955427 0.983261 1.011692 1.040660 1.070057 1.099713 1.129368 1.158641 1.187000 1.213729 1.237918 1.258492 1.274306 1.284304 1.287729 1.284304 1.274306 1.258492 1.237918 1.213729 1.187000 1.158641 1.129368 1.099713 1.070057 1.040660 1.011692 0.983261 0.955427 0.928219 0.901646 0.875702 0.850371 0.825634 0.801466 0.777843 0.754739 0.732128 0.709985 0.688287 0.667011 0.646137 0.625642 0.605510 0.585722 0.566261 0.547112 0.528260 0.509692 0.491395 
0.495306 0.513777 0.532534 0.551589 0.570958 0.590658 0.610706 0.631122 0.651926 0.673141 0.694790 0.716901 0.739501 0.762620 0.786292 0.810550 0.835433 0.860977 0.887224 0.914211 0.941979 0.970559 0.999976 1.030238 1.061330 1.093191 1.125701 1.158641 1.191656 1.224193 1.255447 1.284304 1.309344 1.328941 1.341504 1.345840 1.341504 1.328941 1.309344 1.284304 1.255447 1.224193 1.191656 1.158641 1.125701 1.093191 1.061330 1.030238 0.999976 0.970559 0.941979 0.914211 0.887224 0.860977 0.835433 0.810550 0.786292 0.762620 0.739501 0.716901 0.694790 0.673141 0.651926 0.631122 0.610706 0.590658 0.570958 0.551589 0.532534 0.513777 0.495306 
0.498724 0.517351 0.536274 0.555510 0.575075 0.594987 0.615267 0.635936 0.657018 0.678538 0.700524 0.723007 0.746021 0.769603 0.793792 0.818633 0.844175 0.870469 0.897571 0.925542 0.954446 0.984346 1.015304 1.047378 1.080606 1.114998 1.150508 1.187000 1.224193 1.261575 1.298298 1.333057 1.364007 1.388825 1.405046 1.410707 1.405046 1.388825 1.364007 1.333057 1.298298 1.261575 1.224193 1.187000 1.150508 1.114998 1.080606 1.047378 1.015304 0.984346 0.954446 0.925542 0.897571 0.870469 0.844175 0.818633 0.793792 0.769603 0.746021 0.723007 0.700524 0.678538 0.657018 0.635936 0.615267 0.594987 0.575075 0.555510 0.536274 0.517351 0.498724 
0.501639 0.520399 0.539466 0.558858 0.578592 0.598689 0.619170 0.640059 0.661382 0.683168 0.705448 0.728258 0.751636 0.775626 0.800274 0.825634 0.851765 0.878732 0.906610 0.935478 0.965427 0.996553 1.028963 1.062765 1.098067 1.134966 1.173522 1.213729 1.255447 1.298298 1.341504 1.383652 1.422446 1.454597 1.476201 1.483862 1.476201 1.454597 1.422446 1.383652 1.341504 1.298298 1.255447 1.213729 1.173522 1.134966 1.098067 1.062765 1.028963 0.996553 0.965427 0.935478 0.906610 0.878732 0.851765 0.825634 0.800274 0.775626 0.751636 0.728258 0.705448 0.683168 0.661382 0.640059 0.619170 0.598689 0.578592 0.558858 0.539466 0.520399 0.501639 
0.504038 0.522909 0.542096 0.561618 0.581493 0.601743 0.622392 0.643465 0.664991 0.687000 0.709529 0.732614 0.756301 0.780636 0.805674 0.831477 0.858114 0.885662 0.914211 0.943863 0.974731 1.006947 1.040660 1.076034 1.113255 1.152517 1.194016 1.237918 1.284304 1.333057 1.383652 1.434792 1.483862 1.526381 1.556112 1.566914 1.556112 1.526381 1.483862 1.434792 1.383652 1.333057 1.284304 1.237918 1.194016 1.152517 1.113255 1.076034 1.040660 1.006947 0.974731 0.943863 0.914211 0.885662 0.858114 0.831477 0.805674 0.780636 0.756301 0.732614 0.709529 0.687000 0.664991 0.643465 0.622392 0.601743 0.581493 0.561618 0.542096 0.522909 0.504038 
0.505914 0.524872 0.544154 0.563778 0.583764 0.604136 0.624918 0.646137 0.667823 0.690010 0.712735 0.736040 0.759973 0.784585 0.809937 0.836097 0.863142 0.891162 0.920259 0.950553 0.982181 1.015304 1.050112 1.086825 1.125701 1.167039 1.211179 1.258492 1.309344 1.364007 1.422446 1.483862 1.545781 1.602632 1.644706 1.660570 1.644706 1.602632 1.545781 1.483862 1.422446 1.364007 1.309344 1.258492 1.211179 1.167039 1.125701 1.086825 1.050112 1.015304 0.982181 0.950553 0.920259 0.891162 0.863142 0.836097 0.809937 0.784585 0.759973 0.736040 0.712735 0.690010 0.667823 0.646137 0.624918 0.604136 0.583764 0.563778 0.544154 0.524872 0.505914 
0.507260 0.526280 0.545630 0.565328 0.585395 0.605854 0.626732 0.648056 0.669859 0.692175 0.715043 0.738509 0.762620 0.787435 0.813016 0.839438 0.866784 0.895152 0.924655 0.955427 0.987623 1.021430 1.057069 1.094807 1.134966 1.177936 1.224193 1.274306 1.328941 1.388825 1.454597 1.526381 1.602632 1.677569 1.737344 1.761132 1.737344 1.677569 1.602632 1.526381 1.454597 1.388825 1.328941 1.274306 1.224193 1.177936 1.134966 1.094807 1.057069 1.021430 0.987623 0.955427 0.924655 0.895152 0.866784 0.839438 0.813016 0.787435 0.762620 0.738509 0.715043 0.692175 0.669859 0.648056 0.626732 0.605854 0.585395 0.565328 0.545630 0.526280 0.507260 
0.508069 0.527128 0.546518 0.566261 0.586376 0.606889 0.627825 0.649213 0.671086 0.693480 0.716436 0.739998 0.764219 0.789157 0.814878 0.841459 0.868989 0.897571 0.927324 0.958391 0.990939 1.025171 1.061330 1.099713 1.140686 1.184704 1.232338 1.284304 1.341504 1.405046 1.476201 1.556112 1.644706 1.737344 1.817217 1.851061 1.817217 1.737344 1.644706 1.556112 1.476201 1.405046 1.341504 1.284304 1.232338 1.184704 1.140686 1.099713 1.061330 1.025171 0.990939 0.958391 0.927324 0.897571 0.868989 0.841459 0.814878 0.789157 0.764219 0.739998 0.716436 0.693480 0.671086 0.649213 0.627825 0.606889 0.586376 0.566261 0.546518 0.527128 0.508069 
0.508339 0.527410 0.546815 0.566572 0.586704 0.607234 0.628190 0.649599 0.671496 0.693916 0.716901 0.740496 0.764753 0.789732 0.815501 0.842136 0.869728 0.898382 0.928219 0.959386 0.992053 1.026429 1.062765 1.101368 1.142621 1.187000 1.235112 1.287729 1.345840 1.410707 1.483862 1.566914 1.660570 1.761132 1.851061 1.890413 1.851061 1.761132 1.660570 1.566914 1.483862 1.410707 1.345840 1.287729 1.235112 1.187000 1.142621 1.101368 1.062765 1.026429 0.992053 0.959386 0.928219 0.898382 0.869728 0.842136 0.815501 0.789732 0.764753 0.740496 0.716901 0.693916 0.671496 0.649599 0.628190 0.607234 0.586704 0.566572 0.546815 0.527410 0.508339 
0.508339 0.527410 0.546815 0.566572 0.586704 0.607234 0.628190 0.649599 0.671496 0.693916 0.716901 0.740496 0.764753 0.789732 0.815501 0.842136 0.869728 0.898382 0.928219 0.959386 0.992053 1.026429 1.062765 1.101368 1.142621 1.187000 1.235112 1.287728 1.345840 1.410706 1.483861 1.566912 1.660568 1.761129 1.851057 1.890408 1.851057 1.761129 1.660568 1.566912 1.483861 1.410706 1.345840 1.287728 1.235112 1.187000 1.142621 1.101368 1.062765 1.026429 0.992053 0.959386 0.928219 0.898382 0.869728 0.842136 0.815501 0.789732 0.764753 0.740496 0.716901 0.693916 0.671496 0.649599 0.628190 0.607234 0.586704 0.566572 0.546815 0.527410 0.508339 
0.508339 0.527410 0.546815 0.566572 0.586704 0.607234 0.628190 0.649599 0.671496 0.693916 0.716901 0.740496 0.764753 0.789732 0.815500 0.842136 0.869728 0.898381 0.928219 0.959385 0.992053 1.026429 1.062764 1.101368 1.142620 1.186999 1.235111 1.287727 1.345838 1.410704 1.483858 1.566908 1.660562 1.761120 1.851044 1.890394 1.851044 1.761120 1.660562 1.566908 1.483858 1.410704 1.345838 1.287727 1.235111 1.186999 1.142620 1.101368 1.062764 1.026429 0.992053 0.959385 0.928219 0.898381 0.869728 0.842136 0.815500 0.789732 0.764753 0.740496 0.716901 0.693916 0.671496 0.649599 0.628190 0.607234 0.586704 0.566572 0.546815 0.527410 0.508339 
0.508057 0.527115 0.546505 0.566247 0.586362 0.606874 0.627809 0.649196 0.671068 0.693461 0.716416 0.739976 0.764196 0.789132 0.814851 0.841430 0.868957 0.897536 0.927286 0.958348 0.990891 1.025117 1.061268 1.099641 1.140602 1.184605 1.232218 1.284156 1.341317 1.404803 1.475874 1.555653 1.644040 1.736363 1.815849 1.849488 1.815849 1.736363 1.644040 1.555653 1.475874 1.404803 1.341317 1.284156 1.232218 1.184605 1.140602 1.099641 1.061268 1.025117 0.990891 0.958348 0.927286 0.897536 0.868957 0.841430 0.814851 0.789132 0.764196 0.739976 0.716416 0.693461 0.671068 0.649196 0.627809 0.606874 0.586362 0.566247 0.546505 0.527115 0.508057 
0.507236 0.526256 0.545604 0.565301 0.585366 0.605825 0.626701 0.648023 0.669824 0.692137 0.715003 0.738466 0.762574 0.787385 0.812963 0.839380 0.866720 0.895082 0.924579 0.955342 0.987528 1.021323 1.056947 1.094667 1.134803 1.177744 1.223963 1.274024 1.328589 1.388373 1.454003 1.525577 1.601524 1.676051 1.735395 1.758980 1.735395 1.676051 1.601524 1.525577 1.454003 1.388373 1.328589 1.274024 1.223963 1.177744 1.134803 1.094667 1.056947 1.021323 0.987528 0.955342 0.924579 0.895082 0.866720 0.839380 0.812963 0.787385 0.762574 0.738466 0.715003 0.692137 0.669824 0.648023 0.626701 0.605825 0.585366 0.565301 0.545604 0.526256 0.507236 
0.505880 0.524836 0.544116 0.563738 0.583722 0.604092 0.624871 0.646087 0.667770 0.689954 0.712676 0.735977 0.759905 0.784512 0.809858 0.836011 0.863048 0.891059 0.920146 0.950428 0.982041 1.015148 1.049934 1.086622 1.125465 1.166763 1.210851 1.258096 1.308857 1.363397 1.421669 1.482856 1.544477 1.600975 1.642728 1.658456 1.642728 1.600975 1.544477 1.482856 1.421669 1.363397 1.308857 1.258096 1.210851 1.166763 1.125465 1.086622 1.049934 1.015148 0.982041 0.950428 0.920146 0.891059 0.863048 0.836011 0.809858 0.784512 0.759905 0.735977 0.712676 0.689954 0.667770 0.646087 0.624871 0.604092 0.583722 0.563738 0.544116 0.524836 0.505880 
0.503992 0.522861 0.542046 0.561565 0.581437 0.601685 0.622330 0.643400 0.664921 0.686927 0.709450 0.732530 0.756211 0.780539 0.805570 0.831364 0.857991 0.885528 0.914064 0.943700 0.974550 1.006744 1.040431 1.075774 1.112956 1.152170 1.193607 1.237432 1.283718 1.332343 1.382772 1.433702 1.482523 1.524780 1.554298 1.565016 1.554298 1.524780 1.482523 1.433702 1.382772 1.332343 1.283718 1.237432 1.193607 1.152170 1.112956 1.075774 1.040431 1.006744 0.974550 0.943700 0.914064 0.885528 0.857991 0.831364 0.805570 0.780539 0.756211 0.732530 0.709450 0.686927 0.664921 0.643400 0.622330 0.601685 0.581437 0.561565 0.542046 0.522861 0.503992 
0.501581 0.520339 0.539403 0.558792 0.578523 0.598616 0.619093 0.639977 0.661296 0.683076 0.705351 0.728155 0.751526 0.775507 0.800146 0.825496 0.851615 0.878569 0.906430 0.935280 0.965208 0.996309 1.028689 1.062455 1.097714 1.134560 1.173051 1.213178 1.254796 1.297524 1.340580 1.382553 1.421154 1.453119 1.474583 1.482191 1.474583 1.453119 1.421154 1.382553 1.340580 1.297524 1.254796 1.213178 1.173051 1.134560 1.097714 1.062455 1.028689 0.996309 0.965208 0.935280 0.906430 0.878569 0.851615 0.825496 0.800146 0.775507 0.751526 0.728155 0.705351 0.683076 0.661296 0.639977 0.619093 0.598616 0.578523 0.558792 0.539403 0.520339 0.501581 
0.498656 0.517279 0.536199 0.555432 0.574993 0.594901 0.615176 0.635840 0.656916 0.678430 0.700409 0.722885 0.745890 0.769462 0.793641 0.818471 0.843999 0.870277 0.897362 0.925313 0.954193 0.984065 1.014992 1.047027 1.080209 1.114546 1.149991 1.186405 1.223504 1.260775 1.297370 1.331987 1.362791 1.387478 1.403605 1.409231 1.403605 1.387478 1.362791 1.331987 1.297370 1.260775 1.223504 1.186405 1.149991 1.114546 1.080209 1.047027 1.014992 0.984065 0.954193 0.925313 0.897362 0.870277 0.843999 0.818471 0.793641 0.769462 0.745890 0.722885 0.700409 0.678430 0.656916 0.635840 0.615176 0.594901 0.574993 0.555432 0.536199 0.517279 0.498656 
0.495227 0.513695 0.532447 0.551498 0.570863 0.590558 0.610601 0.631011 0.651809 0.673017 0.694659 0.716761 0.739351 0.762460 0.786120 0.810365 0.835233 0.860761 0.886988 0.913954 0.941696 0.970247 0.999630 1.029853 1.060899 1.092706 1.125153 1.158020 1.190949 1.223390 1.254537 1.283281 1.308212 1.327714 1.340212 1.344525 1.340212 1.327714 1.308212 1.283281 1.254537 1.223390 1.190949 1.158020 1.125153 1.092706 1.060899 1.029853 0.999630 0.970247 0.941696 0.913954 0.886988 0.860761 0.835233 0.810365 0.786120 0.762460 0.739351 0.716761 0.694659 0.673017 0.651809 0.631011 0.610601 0.590558 0.570863 0.551498 0.532447 0.513695 0.495227 
0.491306 0.509599 0.528162 0.547009 0.566153 0.585609 0.605392 0.625518 0.646005 0.666872 0.688139 0.709828 0.731960 0.754560 0.777652 0.801261 0.825413 0.850132 0.875442 0.901364 0.927911 0.955089 0.982889 1.011281 1.040203 1.069548 1.099145 1.128733 1.157931 1.186207 1.212848 1.236948 1.257439 1.273184 1.283136 1.286544 1.283136 1.273184 1.257439 1.236948 1.212848 1.186207 1.157931 1.128733 1.099145 1.069548 1.040203 1.011281 0.982889 0.955089 0.927911 0.901364 0.875442 0.850132 0.825413 0.801261 0.777652 0.754560 0.731960 0.709828 0.688139 0.666872 0.646005 0.625518 0.605392 0.585609 0.566153 0.547009 0.528162 0.509599 0.491306 
0.486907 0.505006 0.523361 0.541983 0.560884 0.580076 0.599573 0.619388 0.639536 0.660032 0.680893 0.702134 0.723772 0.745825 0.768310 0.791242 0.814637 0.838507 0.862862 0.887703 0.913027 0.938815 0.965033 0.991621 1.018489 1.045497 1.072451 1.099074 1.124997 1.149733 1.172676 1.193099 1.210199 1.223161 1.231271 1.234034 1.231271 1.223161 1.210199 1.193099 1.172676 1.149733 1.124997 1.099074 1.072451 1.045497 1.018489 0.991621 0.965033 0.938815 0.913027 0.887703 0.862862 0.838507 0.814637 0.791242 0.768310 0.745825 0.723772 0.702134 0.680893 0.660032 0.639536 0.619388 0.599573 0.580076 0.560884 0.541983 0.523361 0.505006 0.486907 
0.482045 0.499933 0.518061 0.536439 0.555077 0.573984 0.593173 0.612654 0.632438 0.652537 0.672964 0.693729 0.714844 0.736321 0.758168 0.780394 0.803005 0.826001 0.849378 0.873126 0.897223 0.921632 0.946301 0.971149 0.996066 1.020898 1.045439 1.069421 1.092499 1.114246 1.134155 1.151651 1.166122 1.176980 1.183722 1.186010 1.183722 1.176980 1.166122 1.151651 1.134155 1.114246 1.092499 1.069421 1.045439 1.020898 0.996066 0.971149 0.946301 0.921632 0.897223 0.873126 0.849378 0.826001 0.803005 0.780394 0.758168 0.736321 0.714844 0.693729 0.672964 0.652537 0.632438 0.612654 0.593173 0.573984 0.555077 0.536439 0.518061 0.499933 0.482045 
0.476736 0.494397 0.512282 0.530399 0.548755 0.567360 0.586221 0.605347 0.624746 0.644427 0.664398 0.684665 0.705235 0.726113 0.747303 0.768804 0.790614 0.812723 0.835119 0.857777 0.880662 0.903727 0.926902 0.950096 0.973187 0.996017 1.018383 1.040032 1.060653 1.079880 1.097292 1.112434 1.124841 1.134074 1.139775 1.141703 1.139775 1.134074 1.124841 1.112434 1.097292 1.079880 1.060653 1.040032 1.018383 0.996017 0.973187 0.950096 0.926902 0.903727 0.880662 0.857777 0.835119 0.812723 0.790614 0.768804 0.747303 0.726113 0.705235 0.684665 0.664398 0.644427 0.624746 0.605347 0.586221 0.567360 0.548755 0.530399 0.512282 0.494397 0.476736 
0.470996 0.488417 0.506044 0.523885 0.541945 0.560230 0.578747 0.597502 0.616499 0.635744 0.655241 0.674993 0.695002 0.715268 0.735787 0.756553 0.777556 0.798780 0.820201 0.841786 0.863493 0.885260 0.907014 0.928653 0.950054 0.971060 0.991478 1.011075 1.029579 1.046677 1.062023 1.075255 1.086014 1.093972 1.098862 1.100512 1.098862 1.093972 1.086014 1.075255 1.062023 1.046677 1.029579 1.011075 0.991478 0.971060 0.950054 0.928653 0.907014 0.885260 0.863493 0.841786 0.820201 0.798780 0.777556 0.756553 0.735787 0.715268 0.695002 0.674993 0.655241 0.635744 0.616499 0.597502 0.578747 0.560230 0.541945 0.523885 0.506044 0.488417 0.470996 
0.464844 0.482012 0.499369 0.516921 0.534670 0.552623 0.570782 0.589151 0.607733 0.626529 0.645540 0.664766 0.684203 0.703847 0.723690 0.743720 0.763920 0.784268 0.804732 0.825274 0.845843 0.866374 0.886786 0.906978 0.926825 0.946178 0.964858 0.982657 0.999335 1.014628 1.028252 1.039918 1.049345 1.056282 1.060531 1.061961 1.060531 1.056282 1.049345 1.039918 1.028252 1.014628 0.999335 0.982657 0.964858 0.946178 0.926825 0.906978 0.886786 0.866374 0.845843 0.825274 0.804732 0.784268 0.763920 0.743720 0.723690 0.703847 0.684203 0.664766 0.645540 0.626529 0.607733 0.589151 0.570782 0.552623 0.534670 0.516921 0.499369 0.482012 0.464844 
0.458297 0.475202 0.492278 0.509529 0.526957 0.544566 0.562356 0.580329 0.598485 0.616823 0.635340 0.654032 0.672893 0.691913 0.711081 0.730380 0.749787 0.769276 0.788810 0.808346 0.827828 0.847188 0.866343 0.885194 0.903620 0.921482 0.938616 0.954836 0.969936 0.983692 0.995871 1.006240 1.014576 1.020685 1.024416 1.025671 1.024416 1.020685 1.014576 1.006240 0.995871 0.983692 0.969936 0.954836 0.938616 0.921482 0.903620 0.885194 0.866343 0.847188 0.827828 0.808346 0.788810 0.769276 0.749787 0.730380 0.711081 0.691913 0.672893 0.654032 0.635340 0.616823 0.598485 0.580329 0.562356 0.544566 0.526957 0.509529 0.492278 0.475202 0.458297 
0.451374 0.468006 0.484791 0.501733 0.518832 0.536088 0.553501 0.571070 0.588793 0.606666 0.624684 0.642840 0.661124 0.679524 0.698023 0.716601 0.735232 0.753885 0.772521 0.791093 0.809542 0.827800 0.845784 0.863399 0.880531 0.897049 0.912807 0.927642 0.941373 0.953814 0.964771 0.974054 0.981486 0.986915 0.990223 0.991334 0.990223 0.986915 0.981486 0.974054 0.964771 0.953814 0.941373 0.927642 0.912807 0.897049 0.880531 0.863399 0.845784 0.827800 0.809542 0.791093 0.772521 0.753885 0.735232 0.716601 0.698023 0.679524 0.661124 0.642840 0.624684 0.606666 0.588793 0.571070 0.553501 0.536088 0.518832 0.501733 0.484791 0.468006 0.451374 
0.444094 0.460445 0.476932 0.493557 0.510319 0.527216 0.544246 0.561406 0.578692 0.596098 0.613616 0.631237 0.648947 0.666733 0.684573 0.702446 0.720322 0.738168 0.755942 0.773594 0.791068 0.808293 0.825192 0.841670 0.857624 0.872934 0.887468 0.901082 0.913623 0.924932 0.934847 0.943213 0.949888 0.954751 0.957708 0.958701 0.957708 0.954751 0.949888 0.943213 0.934847 0.924932 0.913623 0.901082 0.887468 0.872934 0.857624 0.841670 0.825192 0.808293 0.791068 0.773594 0.755942 0.738168 0.720322 0.702446 0.684573 0.666733 0.648947 0.631237 0.613616 0.596098 0.578692 0.561406 0.544246 0.527216 0.510319 0.493557 0.476932 0.460445 0.444094 
0.436474 0.452538 0.468722 0.485025 0.501444 0.517978 0.534621 0.551369 0.568217 0.585156 0.602176 0.619265 0.636409 0.653590 0.670787 0.687973 0.705119 0.722188 0.739138 0.755919 0.772474 0.788736 0.804629 0.820065 0.834948 0.849170 0.862613 0.875151 0.886652 0.896980 0.906001 0.913587 0.919622 0.924008 0.926672 0.927565 0.926672 0.924008 0.919622 0.913587 0.906001 0.896980 0.886652 0.875151 0.862613 0.849170 0.834948 0.820065 0.804629 0.788736 0.772474 0.755919 0.739138 0.722188 0.705119 0.687973 0.670787 0.653590 0.636409 0.619265 0.602176 0.585156 0.568217 0.551369 0.534621 0.517978 0.501444 0.485025 0.468722 0.452538 0.436474 
0.428533 0.444306 0.460182 0.476159 0.492233 0.508400 0.524655 0.540991 0.557401 0.573875 0.590402 0.606967 0.623554 0.640144 0.656713 0.673234 0.689676 0.706001 0.722167 0.738125 0.753818 0.769183 0.784146 0.798627 0.812537 0.825779 0.838248 0.849833 0.860421 0.869895 0.878144 0.885060 0.890549 0.894531 0.896945 0.897754 0.896945 0.894531 0.890549 0.885060 0.878144 0.869895 0.860421 0.849833 0.838248 0.825779 0.812537 0.798627 0.784146 0.769183 0.753818 0.738125 0.722167 0.706001 0.689676 0.673234 0.656713 0.640144 0.623554 0.606967 0.590402 0.573875 0.557401 0.540991 0.524655 0.508400 0.492233 0.476159 0.460182 0.444306 0.428533 
0.420290 0.435769 0.451334 0.466982 0.482709 0.498508 0.514375 0.530301 0.546276 0.562290 0.578330 0.594379 0.610421 0.626435 0.642396 0.658275 0.674041 0.689657 0.705080 0.720262 0.735148 0.749677 0.763783 0.777389 0.790415 0.802773 0.814370 0.825109 0.834891 0.843618 0.851195 0.857532 0.862551 0.866186 0.868387 0.869124 0.868387 0.866186 0.862551 0.857532 0.851195 0.843618 0.834891 0.825109 0.814370 0.802773 0.790415 0.777389 0.763783 0.749677 0.735148 0.720262 0.705080 0.689657 0.674041 0.658275 0.642396 0.626435 0.610421 0.594379 0.578330 0.562290 0.546276 0.530301 0.514375 0.498508 0.482709 0.466982 0.451334 0.435769 0.420290 
0.411763 0.426945 0.442197 0.457515 0.472895 0.488328 0.503809 0.519327 0.534872 0.550432 0.565993 0.581538 0.597049 0.612503 0.627876 0.643138 0.658258 0.673198 0.687918 0.702369 0.716501 0.730255 0.743569 0.756373 0.768595 0.780154 0.790968 0.800953 0.810023 0.818092 0.825081 0.830914 0.835525 0.838860 0.840878 0.841554 0.840878 0.838860 0.835525 0.830914 0.825081 0.818092 0.810023 0.800953 0.790968 0.780154 0.768595 0.756373 0.743569 0.730255 0.716501 0.702369 0.687918 0.673198 0.658258 0.643138 0.627876 0.612503 0.597049 0.581538 0.565993 0.550432 0.534872 0.519327 0.503809 0.488328 0.472895 0.457515 0.442197 0.426945 0.411763 
0.402969 0.417853 0.432792 0.447781 0.462814 0.477883 0.492980 0.508095 0.523216 0.538331 0.553423 0.568476 0.583471 0.598383 0.613190 0.627860 0.642363 0.656662 0.670716 0.684482 0.697909 0.710944 0.723527 0.735596 0.747084 0.757920 0.768031 0.777341 0.785777 0.793265 0.799737 0.805128 0.809384 0.812458 0.814316 0.814938 0.814316 0.812458 0.809384 0.805128 0.799737 0.793265 0.785777 0.777341 0.768031 0.757920 0.747084 0.735596 0.723527 0.710944 0.697909 0.684482 0.670716 0.656662 0.642363 0.627860 0.613190 0.598383 0.583471 0.568476 0.553423 0.538331 0.523216 0.508095 0.492980 0.477883 0.462814 0.447781 0.432792 0.417853 0.402969 
0.393925 0.408511 0.423137 0.437798 0.452487 0.467195 0.481914 0.496631 0.511336 0.526014 0.540649 0.555223 0.569717 0.584107 0.598369 0.612473 0.626388 0.640079 0.653506 0.666628 0.679398 0.691764 0.703674 0.715068 0.725887 0.736067 0.745542 0.754248 0.762118 0.769090 0.775104 0.780106 0.784048 0.786894 0.788613 0.789188 0.788613 0.786894 0.784048 0.780106 0.775104 0.769090 0.762118 0.754248 0.745542 0.736067 0.725887 0.715068 0.703674 0.691764 0.679398 0.666628 0.653506 0.640079 0.626388 0.612473 0.598369 0.584107 0.569717 0.555223 0.540649 0.526014 0.511336 0.496631 0.481914 0.467195 0.452487 0.437798 0.423137 0.408511 0.393925 
0.384649 0.398937 0.413252 0.427588 0.441936 0.456287 0.470632 0.484959 0.499255 0.513507 0.527696 0.541806 0.555816 0.569704 0.583443 0.597006 0.610362 0.623476 0.636313 0.648831 0.660987 0.672733 0.684020 0.694795 0.705003 0.714586 0.723486 0.731647 0.739010 0.745521 0.751128 0.755785 0.759451 0.762095 0.763691 0.764225 0.763691 0.762095 0.759451 0.755785 0.751128 0.745521 0.739010 0.731647 0.723486 0.714586 0.705003 0.694795 0.684020 0.672733 0.660987 0.648831 0.636313 0.623476 0.610362 0.597006 0.583443 0.569704 0.555816 0.541806 0.527696 0.513507 0.499255 0.484959 0.470632 0.456287 0.441936 0.427588 0.413252 0.398937 0.384649 
0.375155 0.389147 0.403154 0.417167 0.431178 0.445178 0.459156 0.473100 0.486998 0.500833 0.514590 0.528251 0.541794 0.555197 0.568436 0.581483 0.594307 0.606878 0.619158 0.631110 0.642693 0.653864 0.664575 0.674780 0.684427 0.693466 0.701846 0.709514 0.716421 0.722518 0.727762 0.732112 0.735533 0.737998 0.739485 0.739982 0.739485 0.737998 0.735533 0.732112 0.727762 0.722518 0.716421 0.709514 0.701846 0.693466 0.684427 0.674780 0.664575 0.653864 0.642693 0.631110 0.619158 0.606878 0.594307 0.581483 0.568436 0.555197 0.541794 0.528251 0.514590 0.500833 0.486998 0.473100 0.459156 0.445178 0.431178 0.417167 0.403154 0.389147 0.375155 
0.365460 0.379159 0.392860 0.406554 0.420233 0.433888 0.447506 0.461076 0.474584 0.488015 0.501353 0.514579 0.527672 0.540611 0.553371 0.565926 0.578247 0.590302 0.602059 0.613480 0.624529 0.635164 0.645343 0.655022 0.664156 0.672698 0.680603 0.687825 0.694320 0.700046 0.704964 0.709039 0.712241 0.714546 0.715936 0.716401 0.715936 0.714546 0.712241 0.709039 0.704964 0.700046 0.694320 0.687825 0.680603 0.672698 0.664156 0.655022 0.645343 0.635164 0.624529 0.613480 0.602059 0.590302 0.578247 0.565926 0.553371 0.540611 0.527672 0.514579 0.501353 0.488015 0.474584 0.461076 0.447506 0.433888 0.420233 0.406554 0.392860 0.379159 0.365460 
0.355577 0.368986 0.382385 0.395766 0.409119 0.422434 0.435700 0.448905 0.462034 0.475073 0.488004 0.500811 0.513471 0.525965 0.538268 0.550355 0.562197 0.573766 0.585030 0.595954 0.606503 0.616640 0.626326 0.635520 0.644182 0.652269 0.659742 0.666559 0.672680 0.678070 0.682694 0.686522 0.689527 0.691690 0.692993 0.693429 0.692993 0.691690 0.689527 0.686522 0.682694 0.678070 0.672680 0.666559 0.659742 0.652269 0.644182 0.635520 0.626326 0.616640 0.606503 0.595954 0.585030 0.573766 0.562197 0.550355 0.538268 0.525965 0.513471 0.500811 0.488004 0.475073 0.462034 0.448905 0.435700 0.422434 0.409119 0.395766 0.382385 0.368986 0.355577 
0.345522 0.358644 0.371746 0.384818 0.397850 0.410833 0.423756 0.436604 0.449365 0.462023 0.474563 0.486965 0.499210 0.511277 0.523144 0.534785 0.546174 0.557283 0.568083 0.578540 0.588623 0.598296 0.607524 0.616271 0.624498 0.632168 0.639245 0.645692 0.651475 0.656560 0.660919 0.664523 0.667352 0.669385 0.670611 0.671020 0.670611 0.669385 0.667352 0.664523 0.660919 0.656560 0.651475 0.645692 0.639245 0.632168 0.624498 0.616271 0.607524 0.598296 0.588623 0.578540 0.568083 0.557283 0.546174 0.534785 0.523144 0.511277 0.499210 0.486965 0.474563 0.462023 0.449365 0.436604 0.423756 0.410833 0.397850 0.384818 0.371746 0.358644 0.345522 
0.335307 0.348147 0.360956 0.373724 0.386443 0.399102 0.411689 0.424191 0.436594 0.448884 0.461045 0.473058 0.484904 0.496564 0.508014 0.519231 0.530191 0.540866 0.551228 0.561247 0.570894 0.580135 0.588938 0.597270 0.605096 0.612383 0.619097 0.625206 0.630679 0.635488 0.639605 0.643008 0.645676 0.647593 0.648748 0.649134 0.648748 0.647593 0.645676 0.643008 0.639605 0.635488 0.630679 0.625206 0.619097 0.612383 0.605096 0.597270 0.588938 0.580135 0.570894 0.561247 0.551228 0.540866 0.530191 0.519231 0.508014 0.496564 0.484904 0.473058 0.461045 0.448884 0.436594 0.424191 0.411689 0.399102 0.386443 0.373724 0.360956 0.348147 0.335307 
0.324946 0.337508 0.350029 0.362500 0.374912 0.387254 0.399514 0.411679 0.423737 0.435671 0.447466 0.459104 0.470568 0.481837 0.492890 0.503705 0.514257 0.524522 0.534472 0.544081 0.553319 0.562158 0.570566 0.578513 0.585968 0.592901 0.599282 0.605081 0.610272 0.614827 0.618725 0.621944 0.624467 0.626279 0.627370 0.627735 0.627370 0.626279 0.624467 0.621944 0.618725 0.614827 0.610272 0.605081 0.599282 0.592901 0.585968 0.578513 0.570566 0.562158 0.553319 0.544081 0.534472 0.524522 0.514257 0.503705 0.492890 0.481837 0.470568 0.459104 0.447466 0.435671 0.423737 0.411679 0.399514 0.387254 0.374912 0.362500 0.350029 0.337508 0.324946 
0.314450 0.326739 0.338978 0.351158 0.363270 0.375303 0.387245 0.399084 0.410806 0.422396 0.433839 0.445118 0.456215 0.467111 0.477786 0.488218 0.498384 0.508261 0.517823 0.527046 0.535901 0.544363 0.552403 0.559993 0.567105 0.573712 0.579785 0.585300 0.590231 0.594556 0.598253 0.601304 0.603694 0.605410 0.606444 0.606789 0.606444 0.605410 0.603694 0.601304 0.598253 0.594556 0.590231 0.585300 0.579785 0.573712 0.567105 0.559993 0.552403 0.544363 0.535901 0.527046 0.517823 0.508261 0.498384 0.488218 0.477786 0.467111 0.456215 0.445118 0.433839 0.422396 0.410806 0.399084 0.387245 0.375303 0.363270 0.351158 0.338978 0.326739 0.314450 
0.303831 0.315851 0.327814 0.339710 0.351530 0.363262 0.374895 0.386417 0.397814 0.409072 0.420177 0.431110 0.441856 0.452395 0.462709 0.472777 0.482577 0.492088 0.501284 0.510144 0.518641 0.526751 0.534448 0.541706 0.548499 0.554803 0.560593 0.565846 0.570539 0.574651 0.578164 0.581062 0.583331 0.584959 0.585940 0.586267 0.585940 0.584959 0.583331 0.581062 0.578164 0.574651 0.570539 0.565846 0.560593 0.554803 0.548499 0.541706 0.534448 0.526751 0.518641 0.510144 0.501284 0.492088 0.482577 0.472777 0.462709 0.452395 0.441856 0.431110 0.420177 0.409072 0.397814 0.386417 0.374895 0.363262 0.351530 0.339710 0.327814 0.315851 0.303831 
0.293100 0.304857 0.316550 0.328168 0.339702 0.351142 0.362475 0.373690 0.384774 0.395712 0.406490 0.417092 0.427501 0.437700 0.447670 0.457392 0.466845 0.476008 0.484860 0.493378 0.501539 0.509319 0.516695 0.523644 0.530142 0.536165 0.541693 0.546703 0.551176 0.555093 0.558437 0.561195 0.563352 0.564901 0.565832 0.566144 0.565832 0.564901 0.563352 0.561195 0.558437 0.555093 0.551176 0.546703 0.541693 0.536165 0.530142 0.523644 0.516695 0.509319 0.501539 0.493378 0.484860 0.476008 0.466845 0.457392 0.447670 0.437700 0.427501 0.417092 0.406490 0.395712 0.384774 0.373690 0.362475 0.351142 0.339702 0.328168 0.316550 0.304857 0.293100 
0.282266 0.293766 0.305195 0.316542 0.327799 0.338954 0.349996 0.360914 0.371695 0.382324 0.392788 0.403072 0.413159 0.423032 0.432675 0.442068 0.451192 0.460027 0.468553 0.476749 0.484594 0.492065 0.499142 0.505802 0.512024 0.517787 0.523072 0.527858 0.532127 0.535864 0.539053 0.541680 0.543736 0.545211 0.546098 0.546394 0.546098 0.545211 0.543736 0.541680 0.539053 0.535864 0.532127 0.527858 0.523072 0.517787 0.512024 0.505802 0.499142 0.492065 0.484594 0.476749 0.468553 0.460027 0.451192 0.442068 0.432675 0.423032 0.413159 0.403072 0.392788 0.382324 0.371695 0.360914 0.349996 0.338954 0.327799 0.316542 0.305195 0.293766 0.282266 
0.271340 0.282588 0.293759 0.304842 0.315829 0.326708 0.337468 0.348099 0.358586 0.368918 0.379081 0.389059 0.398837 0.408400 0.417730 0.426810 0.435622 0.444146 0.452365 0.460258 0.467805 0.474987 0.481783 0.488173 0.494138 0.499659 0.504718 0.509296 0.513377 0.516947 0.519992 0.522500 0.524462 0.525868 0.526715 0.526997 0.526715 0.525868 0.524462 0.522500 0.519992 0.516947 0.513377 0.509296 0.504718 0.499659 0.494138 0.488173 0.481783 0.474987 0.467805 0.460258 0.452365 0.444146 0.435622 0.426810 0.417730 0.408400 0.398837 0.389059 0.379081 0.368918 0.358586 0.348099 0.337468 0.326708 0.315829 0.304842 0.293759 0.282588 0.271340 
