69 69
6.098667e+00 0 5
0.195402 0.207033 0.218579 0.230032 0.241379 0.252611 0.263714 0.274677 0.285485 0.296123 0.306577 0.316830 0.326865 0.336664 0.346209 0.355480 0.364457 0.373119 0.381446 0.389414 0.397004 0.404192 0.410956 0.417276 0.423129 0.428496 0.433357 0.437693 0.441488 0.444726 0.447394 0.449481 0.450979 0.451880 0.452181 0.451880 0.450979 0.449481 0.447394 0.444726 0.441488 0.437693 0.433357 0.428496 0.423129 0.417276 0.410956 0.404192 0.397004 0.389414 0.381446 0.373119 0.364457 0.355480 0.346209 0.336664 0.326865 0.316830 0.306577 0.296123 0.285485 0.274677 0.263714 0.252611 0.241379 0.230032 0.218579 0.207033 0.195402 
0.206682 0.218579 0.230400 0.242133 0.253768 0.265294 0.276697 0.287966 0.299086 0.310042 0.320818 0.331397 0.341761 0.351891 0.361769 0.371373 0.380682 0.389674 0.398326 0.406615 0.414517 0.422008 0.429065 0.435664 0.441781 0.447394 0.452482 0.457024 0.461001 0.464397 0.467197 0.469387 0.470960 0.471906 0.472222 0.471906 0.470960 0.469387 0.467197 0.464397 0.461001 0.457024 0.452482 0.447394 0.441781 0.435664 0.429065 0.422008 0.414517 0.406615 0.398326 0.389674 0.380682 0.371373 0.361769 0.351891 0.341761 0.331397 0.320818 0.310042 0.299086 0.287966 0.276697 0.265294 0.253768 0.242133 0.230400 0.218579 0.206682 
0.217861 0.230032 0.242133 0.254154 0.266085 0.277914 0.289628 0.301214 0.312658 0.323943 0.335055 0.345974 0.356683 0.367161 0.377389 0.387344 0.397004 0.406345 0.415343 0.423972 0.432208 0.440024 0.447394 0.454293 0.460694 0.466573 0.471906 0.476671 0.480846 0.484413 0.487355 0.489659 0.491312 0.492308 0.492640 0.492308 0.491312 0.489659 0.487355 0.484413 0.480846 0.476671 0.471906 0.466573 0.460694 0.454293 0.447394 0.440024 0.432208 0.423972 0.415343 0.406345 0.397004 0.387344 0.377389 0.367161 0.356683 0.345974 0.335055 0.323943 0.312658 0.301214 0.289628 0.277914 0.266085 0.254154 0.242133 0.230032 0.217861 
0.228929 0.241379 0.253768 0.266085 0.278320 0.290461 0.302496 0.314410 0.326189 0.337817 0.349278 0.360553 0.371622 0.382466 0.393062 0.403387 0.413418 0.423129 0.432495 0.441488 0.450080 0.458243 0.465950 0.473171 0.479878 0.486045 0.491644 0.496650 0.501041 0.504794 0.507892 0.510319 0.512061 0.513110 0.513461 0.513110 0.512061 0.510319 0.507892 0.504794 0.501041 0.496650 0.491644 0.486045 0.479878 0.473171 0.465950 0.458243 0.450080 0.441488 0.432495 0.423129 0.413418 0.403387 0.393062 0.382466 0.371622 0.360553 0.349278 0.337817 0.326189 0.314410 0.302496 0.290461 0.278320 0.266085 0.253768 0.241379 0.228929 
0.239876 0.252611 0.265294 0.277914 0.290461 0.302924 0.315288 0.327542 0.339669 0.351653 0.363478 0.375123 0.386570 0.397797 0.408780 0.419496 0.429920 0.440024 0.449781 0.459161 0.468134 0.476671 0.484739 0.492308 0.499346 0.505824 0.511712 0.516981 0.521606 0.525563 0.528831 0.531392 0.533232 0.534340 0.534710 0.534340 0.533232 0.531392 0.528831 0.525563 0.521606 0.516981 0.511712 0.505824 0.499346 0.492308 0.484739 0.476671 0.468134 0.459161 0.449781 0.440024 0.429920 0.419496 0.408780 0.397797 0.386570 0.375123 0.363478 0.351653 0.339669 0.327542 0.315288 0.302924 0.290461 0.277914 0.265294 0.252611 0.239876 
0.250689 0.263714 0.276697 0.289628 0.302496 0.315288 0.327994 0.340597 0.353084 0.365438 0.377641 0.389674 0.401516 0.413144 0.424535 0.435664 0.446503 0.457024 0.467197 0.476990 0.486372 0.495309 0.503767 0.511712 0.519109 0.525925 0.532127 0.537683 0.542565 0.546745 0.550199 0.552908 0.554854 0.556027 0.556419 0.556027 0.554854 0.552908 0.550199 0.546745 0.542565 0.537683 0.532127 0.525925 0.519109 0.511712 0.503767 0.495309 0.486372 0.476990 0.467197 0.457024 0.446503 0.435664 0.424535 0.413144 0.401516 0.389674 0.377641 0.365438 0.353084 0.340597 0.327994 0.315288 0.302496 0.289628 0.276697 0.263714 0.250689 
0.261356 0.274677 0.287966 0.301214 0.314410 0.327542 0.340597 0.353562 0.366422 0.379159 0.391756 0.404192 0.416446 0.428496 0.440316 0.451880 0.463159 0.474122 0.484739 0.494975 0.504794 0.514162 0.523041 0.531392 0.539179 0.546363 0.552908 0.558778 0.563940 0.568365 0.572024 0.574896 0.576960 0.578205 0.578620 0.578205 0.576960 0.574896 0.572024 0.568365 0.563940 0.558778 0.552908 0.546363 0.539179 0.531392 0.523041 0.514162 0.504794 0.494975 0.484739 0.474122 0.463159 0.451880 0.440316 0.428496 0.416446 0.404192 0.391756 0.379159 0.366422 0.353562 0.340597 0.327542 0.314410 0.301214 0.287966 0.274677 0.261356 
0.271863 0.285485 0.299086 0.312658 0.326189 0.339669 0.353084 0.366422 0.379666 0.392800 0.405806 0.418662 0.431349 0.443840 0.456111 0.468134 0.479878 0.491312 0.502402 0.513110 0.523400 0.533232 0.542565 0.551357 0.559567 0.567153 0.574073 0.580288 0.585760 0.590454 0.594340 0.597391 0.599586 0.600910 0.601352 0.600910 0.599586 0.597391 0.594340 0.590454 0.585760 0.580288 0.574073 0.567153 0.559567 0.551357 0.542565 0.533232 0.523400 0.513110 0.502402 0.491312 0.479878 0.468134 0.456111 0.443840 0.431349 0.418662 0.405806 0.392800 0.379666 0.366422 0.353084 0.339669 0.326189 0.312658 0.299086 0.285485 0.271863 
0.282196 0.296123 0.310042 0.323943 0.337817 0.351653 0.365438 0.379159 0.392800 0.406345 0.419775 0.433069 0.446206 0.459161 0.471906 0.484413 0.496650 0.508584 0.520178 0.531392 0.542187 0.552519 0.562344 0.571616 0.580288 0.588313 0.595645 0.602238 0.608051 0.613044 0.617182 0.620433 0.622773 0.624185 0.624657 0.624185 0.622773 0.620433 0.617182 0.613044 0.608051 0.602238 0.595645 0.588313 0.580288 0.571616 0.562344 0.552519 0.542187 0.531392 0.520178 0.508584 0.496650 0.484413 0.471906 0.459161 0.446206 0.433069 0.419775 0.406345 0.392800 0.379159 0.365438 0.351653 0.337817 0.323943 0.310042 0.296123 0.282196 
0.292341 0.306577 0.320818 0.335055 0.349278 0.363478 0.377641 0.391756 0.405806 0.419775 0.433644 0.447394 0.461001 0.474440 0.487684 0.500701 0.513461 0.525925 0.538057 0.549814 0.561152 0.572024 0.582383 0.592176 0.601352 0.609859 0.617644 0.624657 0.630848 0.636172 0.640589 0.644063 0.646566 0.648076 0.648581 0.648076 0.646566 0.644063 0.640589 0.636172 0.630848 0.624657 0.617644 0.609859 0.601352 0.592176 0.582383 0.572024 0.561152 0.549814 0.538057 0.525925 0.513461 0.500701 0.487684 0.474440 0.461001 0.447394 0.433644 0.419775 0.405806 0.391756 0.377641 0.363478 0.349278 0.335055 0.320818 0.306577 0.292341 
0.302282 0.316830 0.331397 0.345974 0.360553 0.375123 0.389674 0.404192 0.418662 0.433069 0.447394 0.461616 0.475713 0.489659 0.503425 0.516981 0.530293 0.543321 0.556027 0.568365 0.580288 0.591745 0.602682 0.613044 0.622773 0.631810 0.640096 0.647572 0.654184 0.659878 0.664607 0.668331 0.671016 0.672637 0.673179 0.672637 0.671016 0.668331 0.664607 0.659878 0.654184 0.647572 0.640096 0.631810 0.622773 0.613044 0.602682 0.591745 0.580288 0.568365 0.556027 0.543321 0.530293 0.516981 0.503425 0.489659 0.475713 0.461616 0.447394 0.433069 0.418662 0.404192 0.389674 0.375123 0.360553 0.345974 0.331397 0.316830 0.302282 
0.312002 0.326865 0.341761 0.356683 0.371622 0.386570 0.401516 0.416446 0.431349 0.446206 0.461001 0.475713 0.490319 0.504794 0.519109 0.533232 0.547127 0.560755 0.574073 0.587034 0.599586 0.611676 0.623243 0.634227 0.644562 0.654184 0.663024 0.671016 0.678097 0.684206 0.689287 0.693292 0.696183 0.697929 0.698513 0.697929 0.696183 0.693292 0.689287 0.684206 0.678097 0.671016 0.663024 0.654184 0.644562 0.634227 0.623243 0.611676 0.599586 0.587034 0.574073 0.560755 0.547127 0.533232 0.519109 0.504794 0.490319 0.475713 0.461001 0.446206 0.431349 0.416446 0.401516 0.386570 0.371622 0.356683 0.341761 0.326865 0.312002 
0.321486 0.336664 0.351891 0.367161 0.382466 0.397797 0.413144 0.428496 0.443840 0.459161 0.474440 0.489659 0.504794 0.519821 0.534710 0.549429 0.563940 0.578205 0.592176 0.605805 0.619036 0.631810 0.644063 0.655727 0.666730 0.676998 0.686455 0.695023 0.702631 0.709205 0.714683 0.719008 0.722131 0.724020 0.724652 0.724020 0.722131 0.719008 0.714683 0.709205 0.702631 0.695023 0.686455 0.676998 0.666730 0.655727 0.644063 0.631810 0.619036 0.605805 0.592176 0.578205 0.563940 0.549429 0.534710 0.519821 0.504794 0.489659 0.474440 0.459161 0.443840 0.428496 0.413144 0.397797 0.382466 0.367161 0.351891 0.336664 0.321486 
0.330714 0.346209 0.361769 0.377389 0.393062 0.408780 0.424535 0.440316 0.456111 0.471906 0.487684 0.503425 0.519109 0.534710 0.550199 0.565543 0.580706 0.595645 0.610312 0.624657 0.638619 0.652136 0.665137 0.677547 0.689287 0.700271 0.710415 0.719630 0.727830 0.734932 0.740861 0.745548 0.748939 0.750990 0.751677 0.750990 0.748939 0.745548 0.740861 0.734932 0.727830 0.719630 0.710415 0.700271 0.689287 0.677547 0.665137 0.652136 0.638619 0.624657 0.610312 0.595645 0.580706 0.565543 0.550199 0.534710 0.519109 0.503425 0.487684 0.471906 0.456111 0.440316 0.424535 0.408780 0.393062 0.377389 0.361769 0.346209 0.330714 
0.339669 0.355480 0.371373 0.387344 0.403387 0.419496 0.435664 0.451880 0.468134 0.484413 0.500701 0.516981 0.533232 0.549429 0.565543 0.581543 0.597391 0.613044 0.628454 0.643565 0.658316 0.672637 0.686455 0.699684 0.712238 0.724020 0.734932 0.744875 0.753746 0.761448 0.767892 0.772996 0.776692 0.778931 0.779681 0.778931 0.776692 0.772996 0.767892 0.761448 0.753746 0.744875 0.734932 0.724020 0.712238 0.699684 0.686455 0.672637 0.658316 0.643565 0.628454 0.613044 0.597391 0.581543 0.565543 0.549429 0.533232 0.516981 0.500701 0.484413 0.468134 0.451880 0.435664 0.419496 0.403387 0.387344 0.371373 0.355480 0.339669 
0.348332 0.364457 0.380682 0.397004 0.413418 0.429920 0.446503 0.463159 0.479878 0.496650 0.513461 0.530293 0.547127 0.563940 0.580706 0.597391 0.613960 0.630368 0.646566 0.662497 0.678097 0.693292 0.708000 0.722131 0.735586 0.748258 0.760034 0.770798 0.780433 0.788822 0.795858 0.801442 0.805494 0.807950 0.808774 0.807950 0.805494 0.801442 0.795858 0.788822 0.780433 0.770798 0.760034 0.748258 0.735586 0.722131 0.708000 0.693292 0.678097 0.662497 0.646566 0.630368 0.613960 0.597391 0.580706 0.563940 0.547127 0.530293 0.513461 0.496650 0.479878 0.463159 0.446503 0.429920 0.413418 0.397004 0.380682 0.364457 0.348332 
0.356683 0.373119 0.389674 0.406345 0.423129 0.440024 0.457024 0.474122 0.491312 0.508584 0.525925 0.543321 0.560755 0.578205 0.595645 0.613044 0.630368 0.647572 0.664607 0.681416 0.697929 0.714070 0.729752 0.744875 0.759329 0.772996 0.785745 0.797443 0.807950 0.817130 0.824852 0.830996 0.835462 0.838174 0.839083 0.838174 0.835462 0.830996 0.824852 0.817130 0.807950 0.797443 0.785745 0.772996 0.759329 0.744875 0.729752 0.714070 0.697929 0.681416 0.664607 0.647572 0.630368 0.613044 0.595645 0.578205 0.560755 0.543321 0.525925 0.508584 0.491312 0.474122 0.457024 0.440024 0.423129 0.406345 0.389674 0.373119 0.356683 
0.364702 0.381446 0.398326 0.415343 0.432495 0.449781 0.467197 0.484739 0.502402 0.520178 0.538057 0.556027 0.574073 0.592176 0.610312 0.628454 0.646566 0.664607 0.682529 0.700271 0.717766 0.734932 0.751677 0.767892 0.783457 0.798239 0.812089 0.824852 0.836363 0.846459 0.854980 0.861780 0.866735 0.869748 0.870760 0.869748 0.866735 0.861780 0.854980 0.846459 0.836363 0.824852 0.812089 0.798239 0.783457 0.767892 0.751677 0.734932 0.717766 0.700271 0.682529 0.664607 0.646566 0.628454 0.610312 0.592176 0.574073 0.556027 0.538057 0.520178 0.502402 0.484739 0.467197 0.449781 0.432495 0.415343 0.398326 0.381446 0.364702 
0.372370 0.389414 0.406615 0.423972 0.441488 0.459161 0.476990 0.494975 0.513110 0.531392 0.549814 0.568365 0.587034 0.605805 0.624657 0.643565 0.662497 0.681416 0.700271 0.719008 0.737554 0.755828 0.773731 0.791150 0.807950 0.823984 0.839083 0.853065 0.865737 0.876902 0.886364 0.893941 0.899478 0.902852 0.903985 0.902852 0.899478 0.893941 0.886364 0.876902 0.865737 0.853065 0.839083 0.823984 0.807950 0.791150 0.773731 0.755828 0.737554 0.719008 0.700271 0.681416 0.662497 0.643565 0.624657 0.605805 0.587034 0.568365 0.549814 0.531392 0.513110 0.494975 0.476990 0.459161 0.441488 0.423972 0.406615 0.389414 0.372370 
0.379666 0.397004 0.414517 0.432208 0.450080 0.468134 0.486372 0.504794 0.523400 0.542187 0.561152 0.580288 0.599586 0.619036 0.638619 0.658316 0.678097 0.697929 0.717766 0.737554 0.757224 0.776692 0.795858 0.814599 0.832774 0.850216 0.866735 0.882121 0.896143 0.908564 0.919141 0.927649 0.933885 0.937694 0.938976 0.937694 0.933885 0.927649 0.919141 0.908564 0.896143 0.882121 0.866735 0.850216 0.832774 0.814599 0.795858 0.776692 0.757224 0.737554 0.717766 0.697929 0.678097 0.658316 0.638619 0.619036 0.599586 0.580288 0.561152 0.542187 0.523400 0.504794 0.486372 0.468134 0.450080 0.432208 0.414517 0.397004 0.379666 
0.386570 0.404192 0.422008 0.440024 0.458243 0.476671 0.495309 0.514162 0.533232 0.552519 0.572024 0.591745 0.611676 0.631810 0.652136 0.672637 0.693292 0.714070 0.734932 0.755828 0.776692 0.797443 0.817979 0.838174 0.857875 0.876902 0.895040 0.912046 0.927649 0.941556 0.953470 0.963101 0.970190 0.974533 0.975996 0.974533 0.970190 0.963101 0.953470 0.941556 0.927649 0.912046 0.895040 0.876902 0.857875 0.838174 0.817979 0.797443 0.776692 0.755828 0.734932 0.714070 0.693292 0.672637 0.652136 0.631810 0.611676 0.591745 0.572024 0.552519 0.533232 0.514162 0.495309 0.476671 0.458243 0.440024 0.422008 0.404192 0.386570 
0.393062 0.410956 0.429065 0.447394 0.465950 0.484739 0.503767 0.523041 0.542565 0.562344 0.582383 0.602682 0.623243 0.644063 0.665137 0.686455 0.708000 0.729752 0.751677 0.773731 0.795858 0.817979 0.839995 0.861780 0.883176 0.903985 0.923971 0.942855 0.960315 0.975996 0.989526 1.000531 1.008675 1.013681 1.015371 1.013681 1.008675 1.000531 0.989526 0.975996 0.960315 0.942855 0.923971 0.903985 0.883176 0.861780 0.839995 0.817979 0.795858 0.773731 0.751677 0.729752 0.708000 0.686455 0.665137 0.644063 0.623243 0.602682 0.582383 0.562344 0.542565 0.523041 0.503767 0.484739 0.465950 0.447394 0.429065 0.410956 0.393062 
0.399121 0.417276 0.435664 0.454293 0.473171 0.492308 0.511712 0.531392 0.551357 0.571616 0.592176 0.613044 0.634227 0.655727 0.677547 0.699684 0.722131 0.744875 0.767892 0.791150 0.814599 0.838174 0.861780 0.885297 0.908564 0.931374 0.953470 0.974533 0.994188 1.012002 1.027505 1.040215 1.049679 1.055525 1.057502 1.055525 1.049679 1.040215 1.027505 1.012002 0.994188 0.974533 0.953470 0.931374 0.908564 0.885297 0.861780 0.838174 0.814599 0.791150 0.767892 0.744875 0.722131 0.699684 0.677547 0.655727 0.634227 0.613044 0.592176 0.571616 0.551357 0.531392 0.511712 0.492308 0.473171 0.454293 0.435664 0.417276 0.399121 
0.404729 0.423129 0.441781 0.460694 0.479878 0.499346 0.519109 0.539179 0.559567 0.580288 0.601352 0.622773 0.644562 0.666730 0.689287 0.712238 0.735586 0.759329 0.783457 0.807950 0.832774 0.857875 0.883176 0.908564 0.933885 0.958932 0.983430 1.007026 1.029284 1.049679 1.067618 1.082469 1.093618 1.100545 1.102895 1.100545 1.093618 1.082469 1.067618 1.049679 1.029284 1.007026 0.983430 0.958932 0.933885 0.908564 0.883176 0.857875 0.832774 0.807950 0.783457 0.759329 0.735586 0.712238 0.689287 0.666730 0.644562 0.622773 0.601352 0.580288 0.559567 0.539179 0.519109 0.499346 0.479878 0.460694 0.441781 0.423129 0.404729 
0.409867 0.428496 0.447394 0.466573 0.486045 0.505824 0.525925 0.546363 0.567153 0.588313 0.609859 0.631810 0.654184 0.676998 0.700271 0.724020 0.748258 0.772996 0.798239 0.823984 0.850216 0.876902 0.903985 0.931374 0.958932 0.986461 1.013681 1.040215 1.065564 1.089101 1.110078 1.127658 1.140996 1.149346 1.152192 1.149346 1.140996 1.127658 1.110078 1.089101 1.065564 1.040215 1.013681 0.986461 0.958932 0.931374 0.903985 0.876902 0.850216 0.823984 0.798239 0.772996 0.748258 0.724020 0.700271 0.676998 0.654184 0.631810 0.609859 0.588313 0.567153 0.546363 0.525925 0.505824 0.486045 0.466573 0.447394 0.428496 0.409867 
0.414517 0.433357 0.452482 0.471906 0.491644 0.511712 0.532127 0.552908 0.574073 0.595645 0.617644 0.640096 0.663024 0.686455 0.710415 0.734932 0.760034 0.785745 0.812089 0.839083 0.866735 0.895040 0.923971 0.953470 0.983430 1.013681 1.043960 1.073880 1.102895 1.130271 1.155069 1.176181 1.192421 1.202693 1.206212 1.202693 1.192421 1.176181 1.155069 1.130271 1.102895 1.073880 1.043960 1.013681 0.983430 0.953470 0.923971 0.895040 0.866735 0.839083 0.812089 0.785745 0.760034 0.734932 0.710415 0.686455 0.663024 0.640096 0.617644 0.595645 0.574073 0.552908 0.532127 0.511712 0.491644 0.471906 0.452482 0.433357 0.414517 
0.418662 0.437693 0.457024 0.476671 0.496650 0.516981 0.537683 0.558778 0.580288 0.602238 0.624657 0.647572 0.671016 0.695023 0.719630 0.744875 0.770798 0.797443 0.824852 0.853065 0.882121 0.912046 0.942855 0.974533 1.007026 1.040215 1.073880 1.107661 1.140996 1.173055 1.202693 1.228439 1.248607 1.261545 1.266013 1.261545 1.248607 1.228439 1.202693 1.173055 1.140996 1.107661 1.073880 1.040215 1.007026 0.974533 0.942855 0.912046 0.882121 0.853065 0.824852 0.797443 0.770798 0.744875 0.719630 0.695023 0.671016 0.647572 0.624657 0.602238 0.580288 0.558778 0.537683 0.516981 0.496650 0.476671 0.457024 0.437693 0.418662 
0.422288 0.441488 0.461001 0.480846 0.501041 0.521606 0.542565 0.563940 0.585760 0.608051 0.630848 0.654184 0.678097 0.702631 0.727830 0.753746 0.780433 0.807950 0.836363 0.865737 0.896143 0.927649 0.960315 0.994188 1.029284 1.065564 1.102895 1.140996 1.179347 1.217078 1.252845 1.284738 1.310342 1.327092 1.332940 1.327092 1.310342 1.284738 1.252845 1.217078 1.179347 1.140996 1.102895 1.065564 1.029284 0.994188 0.960315 0.927649 0.896143 0.865737 0.836363 0.807950 0.780433 0.753746 0.727830 0.702631 0.678097 0.654184 0.630848 0.608051 0.585760 0.563940 0.542565 0.521606 0.501041 0.480846 0.461001 0.441488 0.422288 
0.425381 0.444726 0.464397 0.484413 0.504794 0.525563 0.546745 0.568365 0.590454 0.613044 0.636172 0.659878 0.684206 0.709205 0.734932 0.761448 0.788822 0.817130 0.846459 0.876902 0.908564 0.941556 0.975996 1.012002 1.049679 1.089101 1.130271 1.173055 1.217078 1.261545 1.305003 1.345072 1.378331 1.400705 1.408643 1.400705 1.378331 1.345072 1.305003 1.261545 1.217078 1.173055 1.130271 1.089101 1.049679 1.012002 0.975996 0.941556 0.908564 0.876902 0.846459 0.817130 0.788822 0.761448 0.734932 0.709205 0.684206 0.659878 0.636172 0.613044 0.590454 0.568365 0.546745 0.525563 0.504794 0.484413 0.464397 0.444726 0.425381 
0.427928 0.447394 0.467197 0.487355 0.507892 0.528831 0.550199 0.572024 0.594340 0.617182 0.640589 0.664607 0.689287 0.714683 0.740861 0.767892 0.795858 0.824852 0.854980 0.886364 0.919141 0.953470 0.989526 1.027505 1.067618 1.110078 1.155069 1.202693 1.252845 1.305003 1.357838 1.408643 1.452751 1.483640 1.494871 1.483640 1.452751 1.408643 1.357838 1.305003 1.252845 1.202693 1.155069 1.110078 1.067618 1.027505 0.989526 0.953470 0.919141 0.886364 0.854980 0.824852 0.795858 0.767892 0.740861 0.714683 0.689287 0.664607 0.640589 0.617182 0.594340 0.572024 0.550199 0.528831 0.507892 0.487355 0.467197 0.447394 0.427928 
0.429920 0.449481 0.469387 0.489659 0.510319 0.531392 0.552908 0.574896 0.597391 0.620433 0.644063 0.668331 0.693292 0.719008 0.745548 0.772996 0.801442 0.830996 0.861780 0.893941 0.927649 0.963101 1.000531 1.040215 1.082469 1.127658 1.176181 1.228439 1.284738 1.345072 1.408643 1.472903 1.532045 1.575900 1.592453 1.575900 1.532045 1.472903 1.408643 1.345072 1.284738 1.228439 1.176181 1.127658 1.082469 1.040215 1.000531 0.963101 0.927649 0.893941 0.861780 0.830996 0.801442 0.772996 0.745548 0.719008 0.693292 0.668331 0.644063 0.620433 0.597391 0.574896 0.552908 0.531392 0.510319 0.489659 0.469387 0.449481 0.429920 
0.431349 0.450979 0.470960 0.491312 0.512061 0.533232 0.554854 0.576960 0.599586 0.622773 0.646566 0.671016 0.696183 0.722131 0.748939 0.776692 0.805494 0.835462 0.866735 0.899478 0.933885 0.970190 1.008675 1.049679 1.093618 1.140996 1.192421 1.248607 1.310342 1.378331 1.452751 1.532045 1.610201 1.672696 1.697600 1.672696 1.610201 1.532045 1.452751 1.378331 1.310342 1.248607 1.192421 1.140996 1.093618 1.049679 1.008675 0.970190 0.933885 0.899478 0.866735 0.835462 0.805494 0.776692 0.748939 0.722131 0.696183 0.671016 0.646566 0.622773 0.599586 0.576960 0.554854 0.533232 0.512061 0.491312 0.470960 0.450979 0.431349 
0.432208 0.451880 0.471906 0.492308 0.513110 0.534340 0.556027 0.578205 0.600910 0.624185 0.648076 0.672637 0.697929 0.724020 0.750990 0.778931 0.807950 0.838174 0.869748 0.902852 0.937694 0.974533 1.013681 1.055525 1.100545 1.149346 1.202693 1.261545 1.327092 1.400705 1.483640 1.575900 1.672696 1.756393 1.791919 1.756393 1.672696 1.575900 1.483640 1.400705 1.327092 1.261545 1.202693 1.149346 1.100545 1.055525 1.013681 0.974533 0.937694 0.902852 0.869748 0.838174 0.807950 0.778931 0.750990 0.724020 0.697929 0.672637 0.648076 0.624185 0.600910 0.578205 0.556027 0.534340 0.513110 0.492308 0.471906 0.451880 0.432208 
0.432495 0.452181 0.472222 0.492640 0.513461 0.534710 0.556419 0.578620 0.601352 0.624657 0.648581 0.673179 0.698513 0.724652 0.751677 0.779681 0.808774 0.839083 0.870760 0.903985 0.938976 0.975996 1.015371 1.057502 1.102895 1.152192 1.206212 1.266013 1.332940 1.408643 1.494871 1.592453 1.697600 1.791919 1.833267 1.791919 1.697600 1.592453 1.494871 1.408643 1.332940 1.266013 1.206212 1.152192 1.102895 1.057502 1.015371 0.975996 0.938976 0.903985 0.870760 0.839083 0.808774 0.779681 0.751677 0.724652 0.698513 0.673179 0.648581 0.624657 0.601352 0.578620 0.556419 0.534710 0.513461 0.492640 0.472222 0.452181 0.432495 
0.432495 0.452181 0.472222 0.492640 0.513461 0.534710 0.556419 0.578620 0.601352 0.624657 0.648581 0.673179 0.698513 0.724652 0.751677 0.779681 0.808774 0.839083 0.870760 0.903985 0.938976 0.975996 1.015371 1.057502 1.102895 1.152191 1.206212 1.266012 1.332939 1.408642 1.494870 1.592451 1.697597 1.791914 1.833262 1.791914 1.697597 1.592451 1.494870 1.408642 1.332939 1.266012 1.206212 1.152191 1.102895 1.057502 1.015371 0.975996 0.938976 0.903985 0.870760 0.839083 0.808774 0.779681 0.751677 0.724652 0.698513 0.673179 0.648581 0.624657 0.601352 0.578620 0.556419 0.534710 0.513461 0.492640 0.472222 0.452181 0.432495 
0.432495 0.452181 0.472222 0.492640 0.513460 0.534710 0.556419 0.578620 0.601352 0.624656 0.648581 0.673179 0.698513 0.724651 0.751676 0.779681 0.808773 0.839082 0.870759 0.903984 0.938975 0.975996 1.015370 1.057501 1.102894 1.152190 1.206211 1.266011 1.332937 1.408640 1.494866 1.592445 1.697588 1.791901 1.833246 1.791901 1.697588 1.592445 1.494866 1.408640 1.332937 1.266011 1.206211 1.152190 1.102894 1.057501 1.015370 0.975996 0.938975 0.903984 0.870759 0.839082 0.808773 0.779681 0.751676 0.724651 0.698513 0.673179 0.648581 0.624656 0.601352 0.578620 0.556419 0.534710 0.513460 0.492640 0.472222 0.452181 0.432495 
0.432196 0.451867 0.471892 0.492293 0.513095 0.534324 0.556010 0.578187 0.600891 0.624164 0.648054 0.672614 0.697904 0.723992 0.750960 0.778899 0.807915 0.838134 0.869705 0.902802 0.937639 0.974470 1.013608 1.055439 1.100443 1.149223 1.202541 1.261353 1.326841 1.400366 1.483163 1.575205 1.671668 1.754958 1.790267 1.754958 1.671668 1.575205 1.483163 1.400366 1.326841 1.261353 1.202541 1.149223 1.100443 1.055439 1.013608 0.974470 0.937639 0.902802 0.869705 0.838134 0.807915 0.778899 0.750960 0.723992 0.697904 0.672614 0.648054 0.624164 0.600891 0.578187 0.556010 0.534324 0.513095 0.492293 0.471892 0.451867 0.432196 
0.431324 0.450953 0.470932 0.491284 0.512031 0.533200 0.554820 0.576925 0.599548 0.622733 0.646523 0.670970 0.696132 0.722077 0.748880 0.776628 0.805423 0.835384 0.866649 0.899381 0.933776 0.970066 1.008532 1.049513 1.093421 1.140759 1.192131 1.248244 1.309876 1.377716 1.451917 1.530891 1.608616 1.670656 1.695346 1.670656 1.608616 1.530891 1.451917 1.377716 1.309876 1.248244 1.192131 1.140759 1.093421 1.049513 1.008532 0.970066 0.933776 0.899381 0.866649 0.835384 0.805423 0.776628 0.748880 0.722077 0.696132 0.670970 0.646523 0.622733 0.599548 0.576925 0.554820 0.533200 0.512031 0.491284 0.470932 0.450953 0.431324 
0.429883 0.449443 0.469347 0.489616 0.510274 0.531345 0.552857 0.574842 0.597335 0.620372 0.643999 0.668262 0.693218 0.718927 0.745461 0.772900 0.801338 0.830881 0.861653 0.893799 0.927489 0.962920 1.000324 1.039974 1.082187 1.127322 1.175775 1.227938 1.284109 1.344269 1.407601 1.471547 1.530319 1.573837 1.590247 1.573837 1.530319 1.471547 1.407601 1.344269 1.284109 1.227938 1.175775 1.127322 1.082187 1.039974 1.000324 0.962920 0.927489 0.893799 0.861653 0.830881 0.801338 0.772900 0.745461 0.718927 0.693218 0.668262 0.643999 0.620372 0.597335 0.574842 0.552857 0.531345 0.510274 0.489616 0.469347 0.449443 0.429883 
0.427879 0.447343 0.467143 0.487299 0.507833 0.528768 0.550133 0.571954 0.594265 0.617102 0.640504 0.664516 0.689189 0.714578 0.740746 0.767767 0.795721 0.824702 0.854814 0.886180 0.918935 0.953237 0.989260 1.027199 1.067263 1.109659 1.154571 1.202091 1.252110 1.304094 1.356711 1.407256 1.451090 1.481755 1.492898 1.481755 1.451090 1.407256 1.356711 1.304094 1.252110 1.202091 1.154571 1.109659 1.067263 1.027199 0.989260 0.953237 0.918935 0.886180 0.854814 0.824702 0.795721 0.767767 0.740746 0.714578 0.689189 0.664516 0.640504 0.617102 0.594265 0.571954 0.550133 0.528768 0.507833 0.487299 0.467143 0.447343 0.427879 
0.425320 0.444662 0.464330 0.484343 0.504721 0.525486 0.546662 0.568278 0.590361 0.612946 0.636067 0.659765 0.684085 0.709075 0.734792 0.761296 0.788656 0.816948 0.846258 0.876679 0.908315 0.941277 0.975681 1.011642 1.049265 1.088619 1.129706 1.172387 1.216282 1.260594 1.303868 1.343736 1.376801 1.399028 1.406912 1.399028 1.376801 1.343736 1.303868 1.260594 1.216282 1.172387 1.129706 1.088619 1.049265 1.011642 0.975681 0.941277 0.908315 0.876679 0.846258 0.816948 0.788656 0.761296 0.734792 0.709075 0.684085 0.659765 0.636067 0.612946 0.590361 0.568278 0.546662 0.525486 0.504721 0.484343 0.464330 0.444662 0.425320 
0.422216 0.441412 0.460922 0.480762 0.500953 0.521514 0.542467 0.563837 0.585650 0.607935 0.630724 0.654051 0.677955 0.702478 0.727665 0.753567 0.780238 0.807738 0.836130 0.865480 0.895858 0.927330 0.959957 0.993783 1.028823 1.065035 1.102286 1.140289 1.178525 1.216124 1.251743 1.283484 1.308951 1.325604 1.331416 1.325604 1.308951 1.283484 1.251743 1.216124 1.178525 1.140289 1.102286 1.065035 1.028823 0.993783 0.959957 0.927330 0.895858 0.865480 0.836130 0.807738 0.780238 0.753567 0.727665 0.702478 0.677955 0.654051 0.630724 0.607935 0.585650 0.563837 0.542467 0.521514 0.500953 0.480762 0.460922 0.441412 0.422216 
0.418579 0.437605 0.456932 0.476574 0.496549 0.516875 0.537571 0.558659 0.580162 0.602105 0.624514 0.647420 0.670854 0.694849 0.719442 0.744672 0.770578 0.797204 0.824590 0.852778 0.881803 0.911695 0.942463 0.974094 1.006532 1.039655 1.073244 1.106937 1.140172 1.172121 1.201642 1.227274 1.247344 1.260215 1.264658 1.260215 1.247344 1.227274 1.201642 1.172121 1.140172 1.106937 1.073244 1.039655 1.006532 0.974094 0.942463 0.911695 0.881803 0.852778 0.824590 0.797204 0.770578 0.744672 0.719442 0.694849 0.670854 0.647420 0.624514 0.602105 0.580162 0.558659 0.537571 0.516875 0.496549 0.476574 0.456932 0.437605 0.418579 
0.414422 0.433258 0.452378 0.471797 0.491530 0.511592 0.532000 0.552774 0.573932 0.595495 0.617485 0.639926 0.662842 0.686260 0.710206 0.734708 0.759791 0.785482 0.811802 0.838769 0.866391 0.894661 0.923552 0.953004 0.982912 1.013102 1.043311 1.073154 1.102083 1.129368 1.154075 1.175101 1.191268 1.201492 1.204995 1.201492 1.191268 1.175101 1.154075 1.129368 1.102083 1.073154 1.043311 1.013102 0.982912 0.953004 0.923552 0.894661 0.866391 0.838769 0.811802 0.785482 0.759791 0.734708 0.710206 0.686260 0.662842 0.639926 0.617485 0.595495 0.573932 0.552774 0.532000 0.511592 0.491530 0.471797 0.452378 0.433258 0.414422 
0.409762 0.428386 0.447279 0.466452 0.485918 0.505691 0.525785 0.546215 0.566997 0.588147 0.609684 0.631623 0.653985 0.676786 0.700044 0.723775 0.747994 0.772711 0.797930 0.823649 0.849850 0.876502 0.903545 0.930890 0.958399 0.985871 1.013030 1.039495 1.064772 1.088235 1.109139 1.126653 1.139937 1.148253 1.151086 1.148253 1.139937 1.126653 1.109139 1.088235 1.064772 1.039495 1.013030 0.985871 0.958399 0.930890 0.903545 0.876502 0.849850 0.823649 0.797930 0.772711 0.747994 0.723775 0.700044 0.676786 0.653985 0.631623 0.609684 0.588147 0.566997 0.546215 0.525785 0.505691 0.485918 0.466452 0.447279 0.428386 0.409762 
0.404613 0.423009 0.441655 0.460562 0.479740 0.499201 0.518956 0.539018 0.559397 0.580108 0.601162 0.622571 0.644347 0.666501 0.689042 0.711976 0.735305 0.759026 0.783131 0.807597 0.832391 0.857458 0.882721 0.908068 0.933343 0.958339 0.982782 1.006320 1.028517 1.048851 1.066732 1.081531 1.092640 1.099540 1.101881 1.099540 1.092640 1.081531 1.066732 1.048851 1.028517 1.006320 0.982782 0.958339 0.933343 0.908068 0.882721 0.857458 0.832391 0.807597 0.783131 0.759026 0.735305 0.711976 0.689042 0.666501 0.644347 0.622571 0.601162 0.580108 0.559397 0.539018 0.518956 0.499201 0.479740 0.460562 0.441655 0.423009 0.404613 
0.398996 0.417145 0.435527 0.454149 0.473021 0.492151 0.511547 0.531219 0.551174 0.571423 0.591972 0.612828 0.633997 0.655483 0.677287 0.699407 0.721834 0.744556 0.767550 0.790781 0.814202 0.837744 0.861316 0.884794 0.908018 0.930783 0.952830 0.973844 0.993447 1.011211 1.026667 1.039336 1.048769 1.054594 1.056564 1.054594 1.048769 1.039336 1.026667 1.011211 0.993447 0.973844 0.952830 0.930783 0.908018 0.884794 0.861316 0.837744 0.814202 0.790781 0.767550 0.744556 0.721834 0.699407 0.677287 0.655483 0.633997 0.612828 0.591972 0.571423 0.551174 0.531219 0.511547 0.492151 0.473021 0.454149 0.435527 0.417145 0.398996 
0.392927 0.410816 0.428918 0.447241 0.465789 0.484571 0.503591 0.522855 0.542370 0.562139 0.582166 0.602453 0.623000 0.643806 0.664863 0.686163 0.707690 0.729420 0.751322 0.773351 0.795450 0.817540 0.839524 0.861273 0.882630 0.903399 0.923343 0.942184 0.959600 0.975240 0.988731 0.999704 1.007823 1.012813 1.014497 1.012813 1.007823 0.999704 0.988731 0.975240 0.959600 0.942184 0.923343 0.903399 0.882630 0.861273 0.839524 0.817540 0.795450 0.773351 0.751322 0.729420 0.707690 0.686163 0.664863 0.643806 0.623000 0.602453 0.582166 0.562139 0.542370 0.522855 0.503591 0.484571 0.465789 0.447241 0.428918 0.410816 0.392927 
0.386426 0.404042 0.421852 0.439861 0.458073 0.476492 0.495122 0.513966 0.533026 0.552303 0.571796 0.591504 0.611421 0.631541 0.651851 0.672335 0.692970 0.713728 0.734568 0.755439 0.776276 0.796999 0.817504 0.837666 0.857333 0.876324 0.894425 0.911394 0.926959 0.940832 0.952714 0.962319 0.969388 0.973719 0.975177 0.973719 0.969388 0.962319 0.952714 0.940832 0.926959 0.911394 0.894425 0.876324 0.857333 0.837666 0.817504 0.796999 0.776276 0.755439 0.734568 0.713728 0.692970 0.672335 0.651851 0.631541 0.611421 0.591504 0.571796 0.552303 0.533026 0.513966 0.495122 0.476492 0.458073 0.439861 0.421852 0.404042 0.386426 
0.379513 0.396845 0.414351 0.432035 0.449900 0.467946 0.486175 0.504588 0.523184 0.541960 0.560913 0.580036 0.599321 0.618756 0.638324 0.658003 0.677766 0.697578 0.717393 0.737158 0.756803 0.776245 0.795382 0.814094 0.832237 0.849647 0.866134 0.881487 0.895479 0.907870 0.918421 0.926907 0.933127 0.936926 0.938203 0.936926 0.933127 0.926907 0.918421 0.907870 0.895479 0.881487 0.866134 0.849647 0.832237 0.814094 0.795382 0.776245 0.756803 0.737158 0.717393 0.697578 0.677766 0.658003 0.638324 0.618756 0.599321 0.580036 0.560913 0.541960 0.523184 0.504588 0.486175 0.467946 0.449900 0.432035 0.414351 0.396845 0.379513 
0.372209 0.389247 0.406441 0.423791 0.441298 0.458963 0.476784 0.494759 0.512884 0.531155 0.549565 0.568104 0.586759 0.605516 0.624352 0.643244 0.662158 0.681057 0.699892 0.718607 0.737130 0.755379 0.773256 0.790647 0.807420 0.823425 0.838496 0.852450 0.865096 0.876235 0.885675 0.893235 0.898758 0.902123 0.903253 0.902123 0.898758 0.893235 0.885675 0.876235 0.865096 0.852450 0.838496 0.823425 0.807420 0.790647 0.773256 0.755379 0.737130 0.718607 0.699892 0.681057 0.662158 0.643244 0.624352 0.605516 0.586759 0.568104 0.549565 0.531155 0.512884 0.494759 0.476784 0.458963 0.441298 0.423791 0.406441 0.389247 0.372209 
0.364533 0.381270 0.398144 0.415153 0.432297 0.449575 0.466982 0.484515 0.502167 0.519932 0.537800 0.555758 0.573790 0.591879 0.610000 0.628126 0.646220 0.664243 0.682145 0.699867 0.717340 0.734484 0.751204 0.767394 0.782935 0.797691 0.811516 0.824254 0.835742 0.845817 0.854320 0.861105 0.866048 0.869054 0.870063 0.869054 0.866048 0.861105 0.854320 0.845817 0.835742 0.824254 0.811516 0.797691 0.782935 0.767394 0.751204 0.734484 0.717340 0.699867 0.682145 0.664243 0.646220 0.628126 0.610000 0.591879 0.573790 0.555758 0.537800 0.519932 0.502167 0.484515 0.466982 0.449575 0.432297 0.415153 0.398144 0.381270 0.364533 
0.356506 0.372936 0.389484 0.406148 0.422924 0.439810 0.456801 0.473890 0.491070 0.508331 0.525661 0.543045 0.560465 0.577901 0.595326 0.612710 0.630017 0.647204 0.664221 0.681009 0.697502 0.713623 0.729282 0.744383 0.758815 0.772459 0.785186 0.796862 0.807350 0.816511 0.824217 0.830348 0.834804 0.837510 0.838418 0.837510 0.834804 0.830348 0.824217 0.816511 0.807350 0.796862 0.785186 0.772459 0.758815 0.744383 0.729282 0.713623 0.697502 0.681009 0.664221 0.647204 0.630017 0.612710 0.595326 0.577901 0.560465 0.543045 0.525661 0.508331 0.491070 0.473890 0.456801 0.439810 0.422924 0.406148 0.389484 0.372936 0.356506 
0.348149 0.364267 0.380485 0.396800 0.413206 0.429699 0.446273 0.462920 0.479629 0.496390 0.513189 0.530009 0.546831 0.563631 0.580382 0.597053 0.613605 0.629996 0.646177 0.662090 0.677671 0.692847 0.707535 0.721646 0.735080 0.747731 0.759488 0.770234 0.779851 0.788224 0.795246 0.800820 0.804863 0.807315 0.808136 0.807315 0.804863 0.800820 0.795246 0.788224 0.779851 0.770234 0.759488 0.747731 0.735080 0.721646 0.707535 0.692847 0.677671 0.662090 0.646177 0.629996 0.613605 0.597053 0.580382 0.563631 0.546831 0.530009 0.513189 0.496390 0.479629 0.462920 0.446273 0.429699 0.413206 0.396800 0.380485 0.364267 0.348149 
0.339479 0.355284 0.371170 0.387133 0.403168 0.419269 0.435428 0.451634 0.467878 0.484147 0.500424 0.516692 0.532931 0.549114 0.565215 0.581201 0.597034 0.612671 0.628064 0.643158 0.657891 0.672195 0.685994 0.699205 0.711740 0.723504 0.734399 0.744325 0.753181 0.760870 0.767301 0.772395 0.776085 0.778320 0.779068 0.778320 0.776085 0.772395 0.767301 0.760870 0.753181 0.744325 0.734399 0.723504 0.711740 0.699205 0.685994 0.672195 0.657891 0.643158 0.628064 0.612671 0.597034 0.581201 0.565215 0.549114 0.532931 0.516692 0.500424 0.484147 0.467878 0.451634 0.435428 0.419269 0.403168 0.387133 0.371170 0.355284 0.339479 
0.330518 0.346007 0.361560 0.377172 0.392837 0.408547 0.424293 0.440065 0.455850 0.471634 0.487401 0.503132 0.518803 0.534392 0.549867 0.565198 0.580346 0.595270 0.609922 0.624251 0.638197 0.651697 0.664681 0.677075 0.688798 0.699766 0.709894 0.719094 0.727281 0.734371 0.740290 0.744969 0.748353 0.750400 0.751086 0.750400 0.748353 0.744969 0.740290 0.734371 0.727281 0.719094 0.709894 0.699766 0.688798 0.677075 0.664681 0.651697 0.638197 0.624251 0.609922 0.595270 0.580346 0.565198 0.549867 0.534392 0.518803 0.503132 0.487401 0.471634 0.455850 0.440065 0.424293 0.408547 0.392837 0.377172 0.361560 0.346007 0.330518 
0.321284 0.336456 0.351676 0.366938 0.382235 0.397558 0.412896 0.428240 0.443574 0.458884 0.474153 0.489361 0.504485 0.519499 0.534376 0.549081 0.563579 0.577830 0.591786 0.605400 0.618616 0.631375 0.643613 0.655262 0.666250 0.676503 0.685945 0.694501 0.702096 0.708661 0.714130 0.718446 0.721565 0.723450 0.724081 0.723450 0.721565 0.718446 0.714130 0.708661 0.702096 0.694501 0.685945 0.676503 0.666250 0.655262 0.643613 0.631375 0.618616 0.605400 0.591786 0.577830 0.563579 0.549081 0.534376 0.519499 0.504485 0.489361 0.474153 0.458884 0.443574 0.428240 0.412896 0.397558 0.382235 0.366938 0.351676 0.336456 0.321284 
0.311796 0.326652 0.341540 0.356455 0.371386 0.386326 0.401263 0.416185 0.431078 0.445926 0.460710 0.475412 0.490007 0.504470 0.518773 0.532883 0.546765 0.560380 0.573685 0.586632 0.599170 0.611245 0.622798 0.633768 0.644090 0.653698 0.662526 0.670507 0.677577 0.683676 0.688749 0.692748 0.695634 0.697377 0.697960 0.697377 0.695634 0.692748 0.688749 0.683676 0.677577 0.670507 0.662526 0.653698 0.644090 0.633768 0.622798 0.611245 0.599170 0.586632 0.573685 0.560380 0.546765 0.532883 0.518773 0.504470 0.490007 0.475412 0.460710 0.445926 0.431078 0.416185 0.401263 0.386326 0.371386 0.356455 0.341540 0.326652 0.311796 
0.302070 0.316612 0.331171 0.345741 0.360312 0.374875 0.389417 0.403926 0.418388 0.432785 0.447100 0.461312 0.475398 0.489333 0.503088 0.516632 0.529931 0.542947 0.555640 0.567965 0.579875 0.591319 0.602243 0.612592 0.622309 0.631334 0.639608 0.647074 0.653676 0.659362 0.664084 0.667803 0.670484 0.672102 0.672643 0.672102 0.670484 0.667803 0.664084 0.659362 0.653676 0.647074 0.639608 0.631334 0.622309 0.612592 0.602243 0.591319 0.579875 0.567965 0.555640 0.542947 0.529931 0.516632 0.503088 0.489333 0.475398 0.461312 0.447100 0.432785 0.418388 0.403926 0.389417 0.374875 0.360312 0.345741 0.331171 0.316612 0.302070 
0.292125 0.306354 0.320588 0.334818 0.349034 0.363225 0.377381 0.391486 0.405528 0.419487 0.433348 0.447087 0.460684 0.474112 0.487345 0.500351 0.513099 0.525552 0.537671 0.549416 0.560742 0.571603 0.581949 0.591731 0.600896 0.609392 0.617167 0.624170 0.630352 0.635669 0.640080 0.643549 0.646048 0.647556 0.648060 0.647556 0.646048 0.643549 0.640080 0.635669 0.630352 0.624170 0.617167 0.609392 0.600896 0.591731 0.581949 0.571603 0.560742 0.549416 0.537671 0.525552 0.513099 0.500351 0.487345 0.474112 0.460684 0.447087 0.433348 0.419487 0.405528 0.391486 0.377381 0.363225 0.349034 0.334818 0.320588 0.306354 0.292125 
0.281976 0.295896 0.309808 0.323703 0.337569 0.351397 0.365174 0.378887 0.392519 0.406055 0.419476 0.432760 0.445887 0.458832 0.471567 0.484063 0.496289 0.508212 0.519794 0.530998 0.541782 0.552103 0.561917 0.571177 0.579839 0.587854 0.595176 0.601762 0.607567 0.612553 0.616685 0.619931 0.622269 0.623678 0.624149 0.623678 0.622269 0.619931 0.616685 0.612553 0.607567 0.601762 0.595176 0.587854 0.579839 0.571177 0.561917 0.552103 0.541782 0.530998 0.519794 0.508212 0.496289 0.484063 0.471567 0.458832 0.445887 0.432760 0.419476 0.406055 0.392519 0.378887 0.365174 0.351397 0.337569 0.323703 0.309808 0.295896 0.281976 
0.271639 0.285254 0.298849 0.312413 0.325937 0.339410 0.352817 0.366147 0.379383 0.392508 0.405504 0.418352 0.431029 0.443511 0.455772 0.467784 0.479519 0.490942 0.502021 0.512719 0.522998 0.532820 0.542143 0.550925 0.559126 0.566702 0.573614 0.579821 0.585286 0.589974 0.593855 0.596902 0.599094 0.600416 0.600858 0.600416 0.599094 0.596902 0.593855 0.589974 0.585286 0.579821 0.573614 0.566702 0.559126 0.550925 0.542143 0.532820 0.522998 0.512719 0.502021 0.490942 0.479519 0.467784 0.455772 0.443511 0.431029 0.418352 0.405504 0.392508 0.379383 0.366147 0.352817 0.339410 0.325937 0.312413 0.298849 0.285254 0.271639 
0.261128 0.274443 0.287726 0.300967 0.314155 0.327280 0.340328 0.353285 0.366136 0.378865 0.391453 0.403880 0.416126 0.428166 0.439977 0.451531 0.462800 0.473754 0.484361 0.494586 0.504397 0.513755 0.522624 0.530966 0.538744 0.545920 0.552457 0.558320 0.563476 0.567895 0.571550 0.574418 0.576480 0.577723 0.578138 0.577723 0.576480 0.574418 0.571550 0.567895 0.563476 0.558320 0.552457 0.545920 0.538744 0.530966 0.522624 0.513755 0.504397 0.494586 0.484361 0.473754 0.462800 0.451531 0.439977 0.428166 0.416126 0.403880 0.391453 0.378865 0.366136 0.353285 0.340328 0.327280 0.314155 0.300967 0.287726 0.274443 0.261128 
0.250458 0.263477 0.276454 0.289378 0.302238 0.315024 0.327722 0.340318 0.352797 0.365143 0.377337 0.389361 0.401194 0.412814 0.424196 0.435316 0.446146 0.456657 0.466821 0.476605 0.485978 0.494906 0.503356 0.511292 0.518681 0.525490 0.531684 0.537234 0.542110 0.546285 0.549735 0.552440 0.554385 0.555556 0.555947 0.555556 0.554385 0.552440 0.549735 0.546285 0.542110 0.537234 0.531684 0.525490 0.518681 0.511292 0.503356 0.494906 0.485978 0.476605 0.466821 0.456657 0.446146 0.435316 0.424196 0.412814 0.401194 0.389361 0.377337 0.365143 0.352797 0.340318 0.327722 0.315024 0.302238 0.289378 0.276454 0.263477 0.250458 
0.239642 0.252371 0.265047 0.277661 0.290201 0.302657 0.315014 0.327260 0.339380 0.351356 0.363173 0.374810 0.386249 0.397467 0.408442 0.419150 0.429564 0.439660 0.449408 0.458779 0.467744 0.476272 0.484333 0.491894 0.498925 0.505396 0.511277 0.516541 0.521160 0.525113 0.528377 0.530935 0.532772 0.533879 0.534249 0.533879 0.532772 0.530935 0.528377 0.525113 0.521160 0.516541 0.511277 0.505396 0.498925 0.491894 0.484333 0.476272 0.467744 0.458779 0.449408 0.439660 0.429564 0.419150 0.408442 0.397467 0.386249 0.374810 0.363173 0.351356 0.339380 0.327260 0.315014 0.302657 0.290201 0.277661 0.265047 0.252371 0.239642 
0.228693 0.241137 0.253519 0.265830 0.278058 0.290192 0.302220 0.314127 0.325899 0.337520 0.348973 0.360239 0.371301 0.382136 0.392724 0.403042 0.413064 0.422768 0.432125 0.441109 0.449694 0.457850 0.465549 0.472763 0.479463 0.485623 0.491216 0.496217 0.500603 0.504352 0.507447 0.509870 0.511611 0.512659 0.513009 0.512659 0.511611 0.509870 0.507447 0.504352 0.500603 0.496217 0.491216 0.485623 0.479463 0.472763 0.465549 0.457850 0.449694 0.441109 0.432125 0.422768 0.413064 0.403042 0.392724 0.382136 0.371301 0.360239 0.348973 0.337520 0.325899 0.314127 0.302220 0.290192 0.278058 0.265830 0.253519 0.241137 0.228693 
0.217622 0.229787 0.241881 0.253897 0.265821 0.277643 0.289351 0.300930 0.312366 0.323645 0.334749 0.345660 0.356362 0.366833 0.377053 0.387000 0.396652 0.405985 0.414976 0.423598 0.431826 0.439635 0.446998 0.453890 0.460284 0.466158 0.471485 0.476245 0.480416 0.483979 0.486918 0.489219 0.490871 0.491865 0.492197 0.491865 0.490871 0.489219 0.486918 0.483979 0.480416 0.476245 0.471485 0.466158 0.460284 0.453890 0.446998 0.439635 0.431826 0.423598 0.414976 0.405985 0.396652 0.387000 0.377053 0.366833 0.356362 0.345660 0.334749 0.323645 0.312366 0.300930 0.289351 0.277643 0.265821 0.253897 0.241881 0.229787 0.217622 
0.206440 0.218332 0.230146 0.241873 0.253502 0.265022 0.276419 0.287681 0.298794 0.309743 0.320512 0.331083 0.341440 0.351564 0.361434 0.371031 0.380332 0.389317 0.397962 0.406243 0.414139 0.421623 0.428674 0.435266 0.441377 0.446985 0.452068 0.456605 0.460578 0.463971 0.466767 0.468956 0.470526 0.471472 0.471787 0.471472 0.470526 0.468956 0.466767 0.463971 0.460578 0.456605 0.452068 0.446985 0.441377 0.435266 0.428674 0.421623 0.414139 0.406243 0.397962 0.389317 0.380332 0.371031 0.361434 0.351564 0.341440 0.331083 0.320512 0.309743 0.298794 0.287681 0.276419 0.265022 0.253502 0.241873 0.230146 0.218332 0.206440 
0.195159 0.206784 0.218324 0.229771 0.241112 0.252338 0.263435 0.274391 0.285192 0.295824 0.306271 0.316517 0.326545 0.336337 0.345875 0.355139 0.364109 0.372765 0.381084 0.389046 0.396629 0.403811 0.410570 0.416883 0.422731 0.428093 0.432949 0.437281 0.441072 0.444307 0.446972 0.449057 0.450553 0.451454 0.451754 0.451454 0.450553 0.449057 0.446972 0.444307 0.441072 0.437281 0.432949 0.428093 0.422731 0.416883 0.410570 0.403811 0.396629 0.389046 0.381084 0.372765 0.364109 0.355139 0.345875 0.336337 0.326545 0.316517 0.306271 0.295824 0.285192 0.274391 0.263435 0.252338 0.241112 0.229771 0.218324 0.206784 0.195159 
