59 59
1.517777e+00 0 5
-0.280967 -0.267443 -0.254045 -0.240789 -0.227691 -0.214771 -0.202048 -0.189544 -0.177281 -0.165284 -0.153579 -0.142192 -0.131154 -0.120494 -0.110244 -0.100436 -0.091104 -0.082281 -0.074003 -0.066302 -0.059213 -0.052768 -0.046998 -0.041933 -0.037598 -0.034018 -0.031212 -0.029195 -0.027981 -0.027575 -0.027981 -0.029195 -0.031212 -0.034018 -0.037598 -0.041933 -0.046998 -0.052768 -0.059213 -0.066302 -0.074003 -0.082281 -0.091104 -0.100436 -0.110244 -0.120494 -0.131154 -0.142192 -0.153579 -0.165284 -0.177281 -0.189544 -0.202048 -0.214771 -0.227691 -0.240789 -0.254045 -0.267443 -0.280967 
-0.267683 -0.253798 -0.240028 -0.226388 -0.212897 -0.199573 -0.186437 -0.173510 -0.160817 -0.148382 -0.136234 -0.124400 -0.112912 -0.101802 -0.091104 -0.080853 -0.071085 -0.061838 -0.053150 -0.045057 -0.037598 -0.030809 -0.024725 -0.019377 -0.014798 -0.011012 -0.008043 -0.005909 -0.004623 -0.004193 -0.004623 -0.005909 -0.008043 -0.011012 -0.014798 -0.019377 -0.024725 -0.030809 -0.037598 -0.045057 -0.053150 -0.061838 -0.071085 -0.080853 -0.091104 -0.101802 -0.112912 -0.124400 -0.136234 -0.148382 -0.160817 -0.173510 -0.186437 -0.199573 -0.212897 -0.226388 -0.240028 -0.253798 -0.267683 
-0.254538 -0.240281 -0.226127 -0.212092 -0.198193 -0.184449 -0.170882 -0.157513 -0.144368 -0.131473 -0.118857 -0.106549 -0.094583 -0.082994 -0.071816 -0.061090 -0.050854 -0.041148 -0.032015 -0.023497 -0.015634 -0.008468 -0.002038 0.003619 0.008468 0.012481 0.015630 0.017895 0.019260 0.019716 0.019260 0.017895 0.015630 0.012481 0.008468 0.003619 -0.002038 -0.008468 -0.015634 -0.023497 -0.032015 -0.041148 -0.050854 -0.061090 -0.071816 -0.082994 -0.094583 -0.106549 -0.118857 -0.131473 -0.144368 -0.157513 -0.170882 -0.184449 -0.198193 -0.212092 -0.226127 -0.240281 -0.254538 
-0.241548 -0.226910 -0.212361 -0.197916 -0.183595 -0.169415 -0.155399 -0.141569 -0.127950 -0.114571 -0.101461 -0.088651 -0.076178 -0.064076 -0.052386 -0.041148 -0.030406 -0.020205 -0.010589 -0.001606 0.006698 0.014277 0.021087 0.027086 0.032234 0.036498 0.039846 0.042256 0.043709 0.044195 0.043709 0.042256 0.039846 0.036498 0.032234 0.027086 0.021087 0.014277 0.006698 -0.001606 -0.010589 -0.020205 -0.030406 -0.041148 -0.052386 -0.064076 -0.076178 -0.088651 -0.101461 -0.114571 -0.127950 -0.141569 -0.155399 -0.169415 -0.183595 -0.197916 -0.212361 -0.226910 -0.241548 
-0.228731 -0.213701 -0.198746 -0.183880 -0.169121 -0.154490 -0.140006 -0.125694 -0.111580 -0.097692 -0.084060 -0.070719 -0.057705 -0.045057 -0.032818 -0.021030 -0.009742 0.000998 0.011139 0.020629 0.029418 0.037451 0.044681 0.051058 0.056538 0.061080 0.064652 0.067223 0.068775 0.069293 0.068775 0.067223 0.064652 0.061080 0.056538 0.051058 0.044681 0.037451 0.029418 0.020629 0.011139 0.000998 -0.009742 -0.021030 -0.032818 -0.045057 -0.057705 -0.070719 -0.084060 -0.097692 -0.111580 -0.125694 -0.140006 -0.154490 -0.169121 -0.183880 -0.198746 -0.213701 -0.228731 
-0.216105 -0.200675 -0.185302 -0.170002 -0.154793 -0.139693 -0.124724 -0.109909 -0.095276 -0.080853 -0.066672 -0.052768 -0.039180 -0.025949 -0.013119 -0.000740 0.011139 0.022463 0.033178 0.043224 0.052545 0.061080 0.068775 0.075572 0.081421 0.086276 0.090097 0.092850 0.094512 0.095067 0.094512 0.092850 0.090097 0.086276 0.081421 0.075572 0.068775 0.061080 0.052545 0.043224 0.033178 0.022463 0.011139 -0.000740 -0.013119 -0.025949 -0.039180 -0.052768 -0.066672 -0.080853 -0.095276 -0.109909 -0.124724 -0.139693 -0.154793 -0.170002 -0.185302 -0.200675 -0.216105 
-0.203691 -0.187852 -0.172052 -0.156306 -0.140632 -0.125047 -0.109574 -0.094237 -0.079061 -0.064076 -0.049316 -0.034816 -0.020618 -0.006764 0.006698 0.019716 0.032234 0.044195 0.055535 0.066192 0.076100 0.085192 0.093403 0.100670 0.106933 0.112138 0.116239 0.119197 0.120984 0.121581 0.120984 0.119197 0.116239 0.112138 0.106933 0.100670 0.093403 0.085192 0.076100 0.066192 0.055535 0.044195 0.032234 0.019716 0.006698 -0.006764 -0.020618 -0.034816 -0.049316 -0.064076 -0.079061 -0.094237 -0.109574 -0.125047 -0.140632 -0.156306 -0.172052 -0.187852 -0.203691 
-0.191511 -0.175254 -0.159018 -0.142815 -0.126663 -0.110578 -0.094583 -0.078701 -0.062959 -0.047385 -0.032015 -0.016886 -0.002038 0.012481 0.026621 0.040327 0.053539 0.066192 0.078220 0.089549 0.100106 0.109816 0.118604 0.126397 0.133125 0.138727 0.143145 0.146335 0.148263 0.148908 0.148263 0.146335 0.143145 0.138727 0.133125 0.126397 0.118604 0.109816 0.100106 0.089549 0.078220 0.066192 0.053539 0.040327 0.026621 0.012481 -0.002038 -0.016886 -0.032015 -0.047385 -0.062959 -0.078701 -0.094583 -0.110578 -0.126663 -0.142815 -0.159018 -0.175254 -0.191511 
-0.179587 -0.162907 -0.146225 -0.129555 -0.112912 -0.096313 -0.079778 -0.063331 -0.046998 -0.030809 -0.014798 0.000998 0.016534 0.031763 0.046632 0.061080 0.075045 0.088455 0.101235 0.113305 0.124583 0.134983 0.144418 0.152803 0.160058 0.166109 0.170889 0.174344 0.176434 0.177133 0.176434 0.174344 0.170889 0.166109 0.160058 0.152803 0.144418 0.134983 0.124583 0.113305 0.101235 0.088455 0.075045 0.061080 0.046632 0.031763 0.016534 0.000998 -0.014798 -0.030809 -0.046998 -0.063331 -0.079778 -0.096313 -0.112912 -0.129555 -0.146225 -0.162907 -0.179587 
-0.167944 -0.150835 -0.133701 -0.116554 -0.099409 -0.082281 -0.065190 -0.048159 -0.031212 -0.014379 0.002306 0.018804 0.035071 0.051058 0.066707 0.081958 0.096739 0.110975 0.124583 0.137474 0.149554 0.160726 0.170889 0.179945 0.187799 0.194363 0.199557 0.203316 0.205592 0.206355 0.205592 0.203316 0.199557 0.194363 0.187799 0.179945 0.170889 0.160726 0.149554 0.137474 0.124583 0.110975 0.096739 0.081958 0.066707 0.051058 0.035071 0.018804 0.002306 -0.014379 -0.031212 -0.048159 -0.065190 -0.082281 -0.099409 -0.116554 -0.133701 -0.150835 -0.167944 
-0.156608 -0.139066 -0.121474 -0.103843 -0.086185 -0.068516 -0.050854 -0.033218 -0.015634 0.001870 0.019260 0.036498 0.053539 0.070332 0.086820 0.102935 0.118604 0.133743 0.148263 0.162064 0.175039 0.187078 0.198065 0.207884 0.216423 0.223576 0.229249 0.233361 0.235853 0.236688 0.235853 0.233361 0.229249 0.223576 0.216423 0.207884 0.198065 0.187078 0.175039 0.162064 0.148263 0.133743 0.118604 0.102935 0.086820 0.070332 0.053539 0.036498 0.019260 0.001870 -0.015634 -0.033218 -0.050854 -0.068516 -0.086185 -0.103843 -0.121474 -0.139066 -0.156608 
-0.145607 -0.127629 -0.109574 -0.091453 -0.073275 -0.055054 -0.036805 -0.018549 -0.000306 0.017895 0.036022 0.054037 0.071897 0.089549 0.106933 0.123981 0.140613 0.156742 0.172267 0.187078 0.201056 0.214073 0.225995 0.236688 0.246015 0.253851 0.260079 0.264603 0.267348 0.268268 0.267348 0.264603 0.260079 0.253851 0.246015 0.236688 0.225995 0.214073 0.201056 0.187078 0.172267 0.156742 0.140613 0.123981 0.106933 0.089549 0.071897 0.054037 0.036022 0.017895 -0.000306 -0.018549 -0.036805 -0.055054 -0.073275 -0.091453 -0.109574 -0.127629 -0.145607 
-0.134969 -0.116554 -0.098036 -0.079420 -0.060715 -0.041933 -0.023087 -0.004193 0.014728 0.033650 0.052545 0.071375 0.090097 0.108660 0.127003 0.145056 0.162735 0.179945 0.196579 0.212515 0.227618 0.241743 0.254733 0.266430 0.276672 0.285303 0.292183 0.297191 0.300235 0.301256 0.300235 0.297191 0.292183 0.285303 0.276672 0.266430 0.254733 0.241743 0.227618 0.212515 0.196579 0.179945 0.162735 0.145056 0.127003 0.108660 0.090097 0.071375 0.052545 0.033650 0.014728 -0.004193 -0.023087 -0.041933 -0.060715 -0.079420 -0.098036 -0.116554 -0.134969 
-0.124724 -0.105874 -0.086891 -0.067779 -0.048545 -0.029195 -0.009742 0.009801 0.029418 0.049084 0.068775 0.088455 0.108083 0.127611 0.146977 0.166109 0.184922 0.203316 0.221175 0.238364 0.254733 0.270116 0.284332 0.297191 0.308499 0.318066 0.325718 0.331302 0.334702 0.335844 0.334702 0.331302 0.325718 0.318066 0.308499 0.297191 0.284332 0.270116 0.254733 0.238364 0.221175 0.203316 0.184922 0.166109 0.146977 0.127611 0.108083 0.088455 0.068775 0.049084 0.029418 0.009801 -0.009742 -0.029195 -0.048545 -0.067779 -0.086891 -0.105874 -0.124724 
-0.114902 -0.095622 -0.076178 -0.056571 -0.036805 -0.016886 0.003181 0.023383 0.043709 0.064139 0.084651 0.105214 0.125791 0.146335 0.166788 0.187078 0.207118 0.226806 0.246015 0.264603 0.282400 0.299217 0.314844 0.329056 0.341617 0.352295 0.360868 0.367145 0.370975 0.372263 0.370975 0.367145 0.360868 0.352295 0.341617 0.329056 0.314844 0.299217 0.282400 0.264603 0.246015 0.226806 0.207118 0.187078 0.166788 0.146335 0.125791 0.105214 0.084651 0.064139 0.043709 0.023383 0.003181 -0.016886 -0.036805 -0.056571 -0.076178 -0.095622 -0.114902 
-0.105536 -0.085832 -0.065932 -0.045835 -0.025541 -0.005052 0.015630 0.036498 0.057543 0.078751 0.100106 0.121581 0.143145 0.164755 0.186358 0.207884 0.229249 0.250345 0.271045 0.291191 0.310600 0.329056 0.346317 0.362113 0.376159 0.388166 0.397853 0.404972 0.409328 0.410795 0.409328 0.404972 0.397853 0.388166 0.376159 0.362113 0.346317 0.329056 0.310600 0.291191 0.271045 0.250345 0.229249 0.207884 0.186358 0.164755 0.143145 0.121581 0.100106 0.078751 0.057543 0.036498 0.015630 -0.005052 -0.025541 -0.045835 -0.065932 -0.085832 -0.105536 
-0.096658 -0.076539 -0.056192 -0.035613 -0.014798 0.006257 0.027551 0.049084 0.070853 0.092850 0.115063 0.137474 0.160058 0.182780 0.205592 0.228432 0.251218 0.273846 0.296183 0.318066 0.339295 0.359628 0.378786 0.396449 0.412269 0.425882 0.436930 0.445089 0.450098 0.451788 0.450098 0.445089 0.436930 0.425882 0.412269 0.396449 0.378786 0.359628 0.339295 0.318066 0.296183 0.273846 0.251218 0.228432 0.205592 0.182780 0.160058 0.137474 0.115063 0.092850 0.070853 0.049084 0.027551 0.006257 -0.014798 -0.035613 -0.056192 -0.076539 -0.096658 
-0.088300 -0.067779 -0.046998 -0.025949 -0.004623 0.016987 0.038887 0.061080 0.083571 0.106359 0.129440 0.152803 0.176434 0.200305 0.224381 0.248606 0.272909 0.297191 0.321322 0.345135 0.368416 0.390901 0.412269 0.432144 0.450098 0.465675 0.478408 0.487868 0.493700 0.495672 0.493700 0.487868 0.478408 0.465675 0.450098 0.432144 0.412269 0.390901 0.368416 0.345135 0.321322 0.297191 0.272909 0.248606 0.224381 0.200305 0.176434 0.152803 0.129440 0.106359 0.083571 0.061080 0.038887 0.016987 -0.004623 -0.025949 -0.046998 -0.067779 -0.088300 
-0.080495 -0.059589 -0.038390 -0.016886 0.004935 0.027086 0.049577 0.072420 0.095624 0.119197 0.143145 0.167468 0.192161 0.217210 0.242593 0.268268 0.294177 0.320233 0.346317 0.372263 0.397853 0.422801 0.446749 0.469255 0.489799 0.507800 0.522649 0.533764 0.540654 0.542989 0.540654 0.533764 0.522649 0.507800 0.489799 0.469255 0.446749 0.422801 0.397853 0.372263 0.346317 0.320233 0.294177 0.268268 0.242593 0.217210 0.192161 0.167468 0.143145 0.119197 0.095624 0.072420 0.049577 0.027086 0.004935 -0.016886 -0.038390 -0.059589 -0.080495 
-0.073275 -0.052003 -0.030406 -0.008468 0.013827 0.036498 0.059560 0.083033 0.106933 0.131278 0.156082 0.181360 0.207118 0.233361 0.260079 0.287254 0.314844 0.342785 0.370975 0.399263 0.427435 0.455197 0.482154 0.507800 0.531505 0.552534 0.570079 0.583338 0.591615 0.594431 0.591615 0.583338 0.570079 0.552534 0.531505 0.507800 0.482154 0.455197 0.427435 0.399263 0.370975 0.342785 0.314844 0.287254 0.260079 0.233361 0.207118 0.181360 0.156082 0.131278 0.106933 0.083033 0.059560 0.036498 0.013827 -0.008468 -0.030406 -0.052003 -0.073275 
-0.066672 -0.045057 -0.023087 -0.000740 0.022004 0.045168 0.068775 0.092850 0.117420 0.142510 0.168149 0.194363 0.221175 0.248606 0.276672 0.305374 0.334702 0.364618 0.395052 0.425882 0.456916 0.487868 0.518325 0.547720 0.575305 0.600152 0.621183 0.637277 0.647416 0.650883 0.647416 0.637277 0.621183 0.600152 0.575305 0.547720 0.518325 0.487868 0.456916 0.425882 0.395052 0.364618 0.334702 0.305374 0.276672 0.248606 0.221175 0.194363 0.168149 0.142510 0.117420 0.092850 0.068775 0.045168 0.022004 -0.000740 -0.023087 -0.045057 -0.066672 
-0.060715 -0.038785 -0.016469 0.006257 0.029418 0.053041 0.077158 0.101801 0.127003 0.152803 0.179240 0.206355 0.234189 0.262786 0.292183 0.322415 0.353505 0.385455 0.418241 0.451788 0.485950 0.520479 0.554972 0.588828 0.621183 0.650883 0.676493 0.696414 0.709122 0.713497 0.709122 0.696414 0.676493 0.650883 0.621183 0.588828 0.554972 0.520479 0.485950 0.451788 0.418241 0.385455 0.353505 0.322415 0.292183 0.262786 0.234189 0.206355 0.179240 0.152803 0.127003 0.101801 0.077158 0.053041 0.029418 0.006257 -0.016469 -0.038785 -0.060715 
-0.055434 -0.033218 -0.010589 0.012481 0.036022 0.060066 0.084651 0.109816 0.135604 0.162064 0.189247 0.217210 0.246015 0.275727 0.306412 0.338140 0.370975 0.404972 0.440166 0.476554 0.514067 0.552534 0.591615 0.630724 0.668922 0.704819 0.736518 0.761723 0.778081 0.783765 0.778081 0.761723 0.736518 0.704819 0.668922 0.630724 0.591615 0.552534 0.514067 0.476554 0.440166 0.404972 0.370975 0.338140 0.306412 0.275727 0.246015 0.217210 0.189247 0.162064 0.135604 0.109816 0.084651 0.060066 0.036022 0.012481 -0.010589 -0.033218 -0.055434 
-0.050854 -0.028386 -0.005480 0.017895 0.041773 0.066192 0.091196 0.116829 0.143145 0.170202 0.198065 0.226806 0.256506 0.287254 0.319148 0.352295 0.386807 0.422801 0.460387 0.499656 0.540654 0.583338 0.627506 0.672681 0.717944 0.761723 0.801588 0.834239 0.855946 0.863594 0.855946 0.834239 0.801588 0.761723 0.717944 0.672681 0.627506 0.583338 0.540654 0.499656 0.460387 0.422801 0.386807 0.352295 0.319148 0.287254 0.256506 0.226806 0.198065 0.170202 0.143145 0.116829 0.091196 0.066192 0.041773 0.017895 -0.005480 -0.028386 -0.050854 
-0.046998 -0.024316 -0.001173 0.022463 0.046632 0.071375 0.096739 0.122779 0.149554 0.177133 0.205592 0.235020 0.265515 0.297191 0.330177 0.364618 0.400680 0.438544 0.478408 0.520479 0.564950 0.611969 0.661560 0.713497 0.767064 0.820693 0.871468 0.914755 0.944545 0.955258 0.944545 0.914755 0.871468 0.820693 0.767064 0.713497 0.661560 0.611969 0.564950 0.520479 0.478408 0.438544 0.400680 0.364618 0.330177 0.297191 0.265515 0.235020 0.205592 0.177133 0.149554 0.122779 0.096739 0.071375 0.046632 0.022463 -0.001173 -0.024316 -0.046998 
-0.043888 -0.021030 0.002306 0.026157 0.050563 0.075572 0.101235 0.127611 0.154767 0.182780 0.211738 0.241743 0.272909 0.305374 0.339295 0.374855 0.412269 0.451788 0.493700 0.538338 0.586069 0.637277 0.692309 0.751352 0.814171 0.879582 0.944545 1.002951 1.045186 1.060854 1.045186 1.002951 0.944545 0.879582 0.814171 0.751352 0.692309 0.637277 0.586069 0.538338 0.493700 0.451788 0.412269 0.374855 0.339295 0.305374 0.272909 0.241743 0.211738 0.182780 0.154767 0.127611 0.101235 0.075572 0.050563 0.026157 0.002306 -0.021030 -0.043888 
-0.041541 -0.018549 0.004935 0.028950 0.053539 0.078751 0.104643 0.131278 0.158728 0.187078 0.216423 0.246877 0.278570 0.311655 0.346317 0.382770 0.421273 0.462139 0.505742 0.552534 0.603058 0.657954 0.717944 0.783765 0.855946 0.934243 1.016314 1.095157 1.156206 1.179935 1.156206 1.095157 1.016314 0.934243 0.855946 0.783765 0.717944 0.657954 0.603058 0.552534 0.505742 0.462139 0.421273 0.382770 0.346317 0.311655 0.278570 0.246877 0.216423 0.187078 0.158728 0.131278 0.104643 0.078751 0.053539 0.028950 0.004935 -0.018549 -0.041541 
-0.039968 -0.016886 0.006698 0.030823 0.055535 0.080886 0.106933 0.133743 0.161394 0.189973 0.219583 0.250345 0.282400 0.315915 0.351090 0.388166 0.427435 0.469255 0.514067 0.562422 0.615006 0.672681 0.736518 0.807805 0.887951 0.978053 1.077471 1.179935 1.266083 1.301725 1.266083 1.179935 1.077471 0.978053 0.887951 0.807805 0.736518 0.672681 0.615006 0.562422 0.514067 0.469255 0.427435 0.388166 0.351090 0.315915 0.282400 0.250345 0.219583 0.189973 0.161394 0.133743 0.106933 0.080886 0.055535 0.030823 0.006698 -0.016886 -0.039968 
-0.039180 -0.016052 0.007582 0.031763 0.056538 0.081958 0.108083 0.134983 0.162735 0.191430 0.221175 0.252093 0.284332 0.318066 0.353505 0.390901 0.430565 0.472881 0.518325 0.567503 0.621183 0.680360 0.746315 0.820693 0.905519 1.002951 1.114054 1.234378 1.342375 1.389596 1.342375 1.234378 1.114054 1.002951 0.905519 0.820693 0.746315 0.680360 0.621183 0.567503 0.518325 0.472881 0.430565 0.390901 0.353505 0.318066 0.284332 0.252093 0.221175 0.191430 0.162735 0.134983 0.108083 0.081958 0.056538 0.031763 0.007582 -0.016052 -0.039180 
-0.039081 -0.015947 0.007693 0.031881 0.056663 0.082092 0.108227 0.135138 0.162903 0.191612 0.221374 0.252313 0.284575 0.318336 0.353808 0.391245 0.430959 0.473337 0.518862 0.568144 0.621966 0.681335 0.747565 0.822349 0.907798 1.006231 1.118986 1.241980 1.353487 1.402683 1.353487 1.241980 1.118986 1.006231 0.907798 0.822349 0.747565 0.681335 0.621966 0.568144 0.518862 0.473337 0.430959 0.391245 0.353808 0.318336 0.284575 0.252313 0.221374 0.191612 0.162903 0.135138 0.108227 0.082092 0.056663 0.031881 0.007693 -0.015947 -0.039081 
-0.039184 -0.016056 0.007577 0.031758 0.056532 0.081952 0.108077 0.134976 0.162727 0.191422 0.221166 0.252084 0.284322 0.318055 0.353492 0.390886 0.430548 0.472861 0.518302 0.567475 0.621149 0.680318 0.746261 0.820621 0.905420 1.002810 1.113841 1.234053 1.341902 1.389041 1.341902 1.234053 1.113841 1.002810 0.905420 0.820621 0.746261 0.680318 0.621149 0.567475 0.518302 0.472861 0.430548 0.390886 0.353492 0.318055 0.284322 0.252084 0.221166 0.191422 0.162727 0.134976 0.108077 0.081952 0.056532 0.031758 0.007577 -0.016056 -0.039184 
-0.039981 -0.016899 0.006684 0.030808 0.055519 0.080869 0.106914 0.133723 0.161372 0.189950 0.219558 0.250317 0.282369 0.315880 0.351051 0.388122 0.427384 0.469196 0.513999 0.562340 0.614907 0.672558 0.736362 0.807601 0.887676 0.977669 1.076917 1.179135 1.265000 1.300500 1.265000 1.179135 1.076917 0.977669 0.887676 0.807601 0.736362 0.672558 0.614907 0.562340 0.513999 0.469196 0.427384 0.388122 0.351051 0.315880 0.282369 0.250317 0.219558 0.189950 0.161372 0.133723 0.106914 0.080869 0.055519 0.030808 0.006684 -0.016899 -0.039981 
-0.041562 -0.018571 0.004912 0.028925 0.053512 0.078723 0.104612 0.131245 0.158692 0.187039 0.216381 0.246830 0.278518 0.311598 0.346253 0.382698 0.421191 0.462044 0.505631 0.552403 0.602901 0.657761 0.717703 0.783456 0.855541 0.933700 1.015578 1.094175 1.154984 1.178605 1.154984 1.094175 1.015578 0.933700 0.855541 0.783456 0.717703 0.657761 0.602901 0.552403 0.505631 0.462044 0.421191 0.382698 0.346253 0.311598 0.278518 0.246830 0.216381 0.187039 0.158692 0.131245 0.104612 0.078723 0.053512 0.028925 0.004912 -0.018571 -0.041562 
-0.043918 -0.021061 0.002273 0.026122 0.050526 0.075532 0.101192 0.127565 0.154718 0.182727 0.211680 0.241679 0.272839 0.305296 0.339208 0.374757 0.412158 0.451660 0.493552 0.538165 0.585862 0.637027 0.692002 0.750969 0.813686 0.878962 0.943755 1.001971 1.044041 1.059641 1.044041 1.001971 0.943755 0.878962 0.813686 0.750969 0.692002 0.637027 0.585862 0.538165 0.493552 0.451660 0.412158 0.374757 0.339208 0.305296 0.272839 0.241679 0.211680 0.182727 0.154718 0.127565 0.101192 0.075532 0.050526 0.026122 0.002273 -0.021061 -0.043918 
-0.047036 -0.024355 -0.001215 0.022419 0.046584 0.071324 0.096685 0.122721 0.149492 0.177065 0.205519 0.234939 0.265427 0.297093 0.330068 0.364497 0.400542 0.438387 0.478228 0.520270 0.564704 0.611677 0.661209 0.713070 0.766543 0.820054 0.870696 0.913847 0.943530 0.954202 0.943530 0.913847 0.870696 0.820054 0.766543 0.713070 0.661209 0.611677 0.564704 0.520270 0.478228 0.438387 0.400542 0.364497 0.330068 0.297093 0.265427 0.234939 0.205519 0.177065 0.149492 0.122721 0.096685 0.071324 0.046584 0.022419 -0.001215 -0.024355 -0.047036 
-0.050899 -0.028434 -0.005531 0.017841 0.041716 0.066132 0.091130 0.116759 0.143070 0.170121 0.197977 0.226710 0.256400 0.287138 0.319020 0.352152 0.386647 0.422620 0.460181 0.499419 0.540379 0.583017 0.627128 0.672233 0.717414 0.761098 0.800862 0.833418 0.855056 0.862678 0.855056 0.833418 0.800862 0.761098 0.717414 0.672233 0.627128 0.583017 0.540379 0.499419 0.460181 0.422620 0.386647 0.352152 0.319020 0.287138 0.256400 0.226710 0.197977 0.170121 0.143070 0.116759 0.091130 0.066132 0.041716 0.017841 -0.005531 -0.028434 -0.050899 
-0.055487 -0.033274 -0.010648 0.012418 0.035955 0.059995 0.084575 0.109735 0.135517 0.161970 0.189145 0.217100 0.245895 0.275595 0.306267 0.337979 0.370795 0.404771 0.439939 0.476295 0.513772 0.552194 0.591223 0.630271 0.668401 0.704222 0.735846 0.760985 0.777296 0.782963 0.777296 0.760985 0.735846 0.704222 0.668401 0.630271 0.591223 0.552194 0.513772 0.476295 0.439939 0.404771 0.370795 0.337979 0.306267 0.275595 0.245895 0.217100 0.189145 0.161970 0.135517 0.109735 0.084575 0.059995 0.035955 0.012418 -0.010648 -0.033274 -0.055487 
-0.060776 -0.038849 -0.016536 0.006186 0.029342 0.052961 0.077073 0.101709 0.126905 0.152698 0.179126 0.206232 0.234055 0.262640 0.292023 0.322239 0.353309 0.385238 0.417998 0.451514 0.485642 0.520130 0.554578 0.588381 0.620680 0.650321 0.675874 0.695748 0.708423 0.712786 0.708423 0.695748 0.675874 0.650321 0.620680 0.588381 0.554578 0.520130 0.485642 0.451514 0.417998 0.385238 0.353309 0.322239 0.292023 0.262640 0.234055 0.206232 0.179126 0.152698 0.126905 0.101709 0.077073 0.052961 0.029342 0.006186 -0.016536 -0.038849 -0.060776 
-0.066739 -0.045129 -0.023162 -0.000819 0.021920 0.045079 0.068680 0.092749 0.117312 0.142395 0.168025 0.194228 0.221029 0.248448 0.276499 0.305185 0.334494 0.364388 0.394798 0.425599 0.456601 0.487517 0.517933 0.547284 0.574824 0.599624 0.620613 0.636671 0.646787 0.650246 0.646787 0.636671 0.620613 0.599624 0.574824 0.547284 0.517933 0.487517 0.456601 0.425599 0.394798 0.364388 0.334494 0.305185 0.276499 0.248448 0.221029 0.194228 0.168025 0.142395 0.117312 0.092749 0.068680 0.045079 0.021920 -0.000819 -0.023162 -0.045129 -0.066739 
-0.073349 -0.052081 -0.030489 -0.008555 0.013736 0.036400 0.059457 0.082923 0.106816 0.131152 0.155948 0.181215 0.206962 0.233192 0.259896 0.287054 0.314626 0.342546 0.370713 0.398974 0.427117 0.454846 0.481769 0.507378 0.531046 0.552038 0.569551 0.582783 0.591043 0.593853 0.591043 0.582783 0.569551 0.552038 0.531046 0.507378 0.481769 0.454846 0.427117 0.398974 0.370713 0.342546 0.314626 0.287054 0.259896 0.233192 0.206962 0.181215 0.155948 0.131152 0.106816 0.082923 0.059457 0.036400 0.013736 -0.008555 -0.030489 -0.052081 -0.073349 
-0.080576 -0.059674 -0.038479 -0.016980 0.004836 0.026981 0.049466 0.072301 0.095498 0.119063 0.143002 0.167314 0.191996 0.217033 0.242401 0.268060 0.293951 0.319988 0.346049 0.371971 0.397535 0.422456 0.446374 0.468848 0.489362 0.507334 0.522158 0.533253 0.540129 0.542460 0.540129 0.533253 0.522158 0.507334 0.489362 0.468848 0.446374 0.422456 0.397535 0.371971 0.346049 0.319988 0.293951 0.268060 0.242401 0.217033 0.191996 0.167314 0.143002 0.119063 0.095498 0.072301 0.049466 0.026981 0.004836 -0.016980 -0.038479 -0.059674 -0.080576 
-0.088387 -0.067871 -0.047094 -0.026049 -0.004729 0.016875 0.038768 0.060955 0.083438 0.106217 0.129288 0.152642 0.176261 0.200120 0.224182 0.248392 0.272678 0.296942 0.321053 0.344843 0.368101 0.390561 0.411904 0.431752 0.449682 0.465235 0.477948 0.487393 0.493215 0.495183 0.493215 0.487393 0.477948 0.465235 0.449682 0.431752 0.411904 0.390561 0.368101 0.344843 0.321053 0.296942 0.272678 0.248392 0.224182 0.200120 0.176261 0.152642 0.129288 0.106217 0.083438 0.060955 0.038768 0.016875 -0.004729 -0.026049 -0.047094 -0.067871 -0.088387 
-0.096751 -0.076636 -0.056294 -0.035720 -0.014910 0.006138 0.027426 0.048952 0.070713 0.092701 0.114905 0.137306 0.159879 0.182589 0.205388 0.228213 0.250983 0.273594 0.295913 0.317776 0.338984 0.359296 0.378432 0.396073 0.411872 0.425466 0.436498 0.444645 0.449646 0.451333 0.449646 0.444645 0.436498 0.425466 0.411872 0.396073 0.378432 0.359296 0.338984 0.317776 0.295913 0.273594 0.250983 0.228213 0.205388 0.182589 0.159879 0.137306 0.114905 0.092701 0.070713 0.048952 0.027426 0.006138 -0.014910 -0.035720 -0.056294 -0.076636 -0.096751 
-0.105634 -0.085934 -0.066039 -0.045948 -0.025659 -0.005176 0.015499 0.036359 0.057397 0.078597 0.099942 0.121408 0.142961 0.164559 0.186149 0.207662 0.229011 0.250092 0.270775 0.290904 0.310294 0.328731 0.345973 0.361751 0.375780 0.387771 0.397444 0.404554 0.408904 0.410369 0.408904 0.404554 0.397444 0.387771 0.375780 0.361751 0.345973 0.328731 0.310294 0.290904 0.270775 0.250092 0.229011 0.207662 0.186149 0.164559 0.142961 0.121408 0.099942 0.078597 0.057397 0.036359 0.015499 -0.005176 -0.025659 -0.045948 -0.066039 -0.085934 -0.105634 
-0.115005 -0.095730 -0.076290 -0.056689 -0.036929 -0.017016 0.003044 0.023240 0.043558 0.063980 0.084483 0.105036 0.125603 0.146135 0.166576 0.186853 0.206880 0.226553 0.245747 0.264319 0.282100 0.298900 0.314511 0.328707 0.341254 0.351919 0.360481 0.366750 0.370575 0.371861 0.370575 0.366750 0.360481 0.351919 0.341254 0.328707 0.314511 0.298900 0.282100 0.264319 0.245747 0.226553 0.206880 0.186853 0.166576 0.146135 0.125603 0.105036 0.084483 0.063980 0.043558 0.023240 0.003044 -0.017016 -0.036929 -0.056689 -0.076290 -0.095730 -0.115005 
-0.124832 -0.105987 -0.087009 -0.067902 -0.048673 -0.029330 -0.009883 0.009653 0.029262 0.048920 0.068602 0.088273 0.107891 0.127408 0.146763 0.165883 0.184684 0.203065 0.220909 0.238084 0.254439 0.269808 0.284010 0.296855 0.308150 0.317707 0.325349 0.330927 0.334322 0.335463 0.334322 0.330927 0.325349 0.317707 0.308150 0.296855 0.284010 0.269808 0.254439 0.238084 0.220909 0.203065 0.184684 0.165883 0.146763 0.127408 0.107891 0.088273 0.068602 0.048920 0.029262 0.009653 -0.009883 -0.029330 -0.048673 -0.067902 -0.087009 -0.105987 -0.124832 
-0.135081 -0.116671 -0.098158 -0.079547 -0.060848 -0.042072 -0.023232 -0.004345 0.014568 0.033482 0.052368 0.071189 0.089902 0.108455 0.126788 0.144829 0.162496 0.179695 0.196316 0.212239 0.227330 0.241442 0.254420 0.266105 0.276336 0.284958 0.291831 0.296833 0.299873 0.300893 0.299873 0.296833 0.291831 0.284958 0.276336 0.266105 0.254420 0.241442 0.227330 0.212239 0.196316 0.179695 0.162496 0.144829 0.126788 0.108455 0.089902 0.071189 0.052368 0.033482 0.014568 -0.004345 -0.023232 -0.042072 -0.060848 -0.079547 -0.098158 -0.116671 -0.135081 
-0.145723 -0.127750 -0.109701 -0.091584 -0.073412 -0.055197 -0.036955 -0.018705 -0.000469 0.017724 0.035843 0.053850 0.071700 0.089343 0.106717 0.123754 0.140376 0.156494 0.172007 0.186807 0.200773 0.213779 0.225691 0.236373 0.245692 0.253520 0.259741 0.264260 0.267002 0.267921 0.267002 0.264260 0.259741 0.253520 0.245692 0.236373 0.225691 0.213779 0.200773 0.186807 0.172007 0.156494 0.140376 0.123754 0.106717 0.089343 0.071700 0.053850 0.035843 0.017724 -0.000469 -0.018705 -0.036955 -0.055197 -0.073412 -0.091584 -0.109701 -0.127750 -0.145723 
-0.156728 -0.139191 -0.121604 -0.103978 -0.086326 -0.068663 -0.051006 -0.033377 -0.015800 0.001696 0.019078 0.036308 0.053341 0.070125 0.086604 0.102709 0.118368 0.133497 0.148007 0.161797 0.174762 0.186791 0.197769 0.207579 0.216111 0.223257 0.228924 0.233032 0.235521 0.236355 0.235521 0.233032 0.228924 0.223257 0.216111 0.207579 0.197769 0.186791 0.174762 0.161797 0.148007 0.133497 0.118368 0.102709 0.086604 0.070125 0.053341 0.036308 0.019078 0.001696 -0.015800 -0.033377 -0.051006 -0.068663 -0.086326 -0.103978 -0.121604 -0.139191 -0.156728 
-0.168068 -0.150963 -0.133834 -0.116692 -0.099553 -0.082431 -0.065346 -0.048321 -0.031380 -0.014554 0.002123 0.018613 0.034872 0.050850 0.066492 0.081733 0.096505 0.110732 0.124331 0.137212 0.149283 0.160446 0.170601 0.179649 0.187497 0.194054 0.199243 0.203000 0.205273 0.206035 0.205273 0.203000 0.199243 0.194054 0.187497 0.179649 0.170601 0.160446 0.149283 0.137212 0.124331 0.110732 0.096505 0.081733 0.066492 0.050850 0.034872 0.018613 0.002123 -0.014554 -0.031380 -0.048321 -0.065346 -0.082431 -0.099553 -0.116692 -0.133834 -0.150963 -0.168068 
-0.179713 -0.163038 -0.146361 -0.129696 -0.113058 -0.096465 -0.079936 -0.063496 -0.047169 -0.030987 -0.014982 0.000806 0.016335 0.031556 0.046416 0.060857 0.074813 0.088214 0.100986 0.113048 0.124318 0.134709 0.144137 0.152516 0.159765 0.165810 0.170586 0.174038 0.176126 0.176825 0.176126 0.174038 0.170586 0.165810 0.159765 0.152516 0.144137 0.134709 0.124318 0.113048 0.100986 0.088214 0.074813 0.060857 0.046416 0.031556 0.016335 0.000806 -0.014982 -0.030987 -0.047169 -0.063496 -0.079936 -0.096465 -0.113058 -0.129696 -0.146361 -0.163038 -0.179713 
-0.191640 -0.175389 -0.159157 -0.142959 -0.126812 -0.110733 -0.094744 -0.078867 -0.063131 -0.047564 -0.032201 -0.017078 -0.002238 0.012274 0.026406 0.040105 0.053309 0.065955 0.077974 0.089295 0.099845 0.109548 0.118330 0.126117 0.132840 0.138437 0.142852 0.146039 0.147965 0.148610 0.147965 0.146039 0.142852 0.138437 0.132840 0.126117 0.118330 0.109548 0.099845 0.089295 0.077974 0.065955 0.053309 0.040105 0.026406 0.012274 -0.002238 -0.017078 -0.032201 -0.047564 -0.063131 -0.078867 -0.094744 -0.110733 -0.126812 -0.142959 -0.159157 -0.175389 -0.191640 
-0.203823 -0.187988 -0.172193 -0.156452 -0.140783 -0.125204 -0.109736 -0.094404 -0.079234 -0.064256 -0.049502 -0.035009 -0.020817 -0.006970 0.006485 0.019495 0.032006 0.043960 0.055293 0.065944 0.075845 0.084930 0.093135 0.100397 0.106655 0.111857 0.115954 0.118910 0.120695 0.121292 0.120695 0.118910 0.115954 0.111857 0.106655 0.100397 0.093135 0.084930 0.075845 0.065944 0.055293 0.043960 0.032006 0.019495 0.006485 -0.006970 -0.020817 -0.035009 -0.049502 -0.064256 -0.079234 -0.094404 -0.109736 -0.125204 -0.140783 -0.156452 -0.172193 -0.187988 -0.203823 
-0.216240 -0.200814 -0.185446 -0.170151 -0.154946 -0.139851 -0.124887 -0.110078 -0.095451 -0.081033 -0.066858 -0.052961 -0.039379 -0.026154 -0.013332 -0.000959 0.010913 0.022231 0.032939 0.042979 0.052294 0.060824 0.068513 0.075306 0.081151 0.086002 0.089820 0.092571 0.094231 0.094786 0.094231 0.092571 0.089820 0.086002 0.081151 0.075306 0.068513 0.060824 0.052294 0.042979 0.032939 0.022231 0.010913 -0.000959 -0.013332 -0.026154 -0.039379 -0.052961 -0.066858 -0.081033 -0.095451 -0.110078 -0.124887 -0.139851 -0.154946 -0.170151 -0.185446 -0.200814 -0.216240 
-0.228868 -0.213842 -0.198891 -0.184030 -0.169276 -0.154649 -0.140171 -0.125864 -0.111756 -0.097873 -0.084247 -0.070912 -0.057904 -0.045262 -0.033029 -0.021247 -0.009965 0.000769 0.010904 0.020389 0.029171 0.037200 0.044425 0.050797 0.056273 0.060813 0.064382 0.066952 0.068502 0.069020 0.068502 0.066952 0.064382 0.060813 0.056273 0.050797 0.044425 0.037200 0.029171 0.020389 0.010904 0.000769 -0.009965 -0.021247 -0.033029 -0.045262 -0.057904 -0.070912 -0.084247 -0.097873 -0.111756 -0.125864 -0.140171 -0.154649 -0.169276 -0.184030 -0.198891 -0.213842 -0.228868 
-0.241687 -0.227053 -0.212508 -0.198068 -0.183751 -0.169576 -0.155565 -0.141740 -0.128127 -0.114753 -0.101648 -0.088844 -0.076376 -0.064280 -0.052595 -0.041363 -0.030627 -0.020431 -0.010821 -0.001843 0.006456 0.014031 0.020836 0.026831 0.031976 0.036237 0.039583 0.041991 0.043443 0.043928 0.043443 0.041991 0.039583 0.036237 0.031976 0.026831 0.020836 0.014031 0.006456 -0.001843 -0.010821 -0.020431 -0.030627 -0.041363 -0.052595 -0.064280 -0.076376 -0.088844 -0.101648 -0.114753 -0.128127 -0.141740 -0.155565 -0.169576 -0.183751 -0.198068 -0.212508 -0.227053 -0.241687 
-0.254679 -0.240426 -0.226276 -0.212245 -0.198350 -0.184611 -0.171049 -0.157685 -0.144545 -0.131655 -0.119044 -0.106741 -0.094781 -0.083196 -0.072024 -0.061303 -0.051072 -0.041372 -0.032244 -0.023730 -0.015872 -0.008710 -0.002284 0.003369 0.008216 0.012226 0.015373 0.017636 0.019000 0.019456 0.019000 0.017636 0.015373 0.012226 0.008216 0.003369 -0.002284 -0.008710 -0.015872 -0.023730 -0.032244 -0.041372 -0.051072 -0.061303 -0.072024 -0.083196 -0.094781 -0.106741 -0.119044 -0.131655 -0.144545 -0.157685 -0.171049 -0.184611 -0.198350 -0.212245 -0.226276 -0.240426 -0.254679 
-0.267825 -0.253944 -0.240178 -0.226543 -0.213056 -0.199736 -0.186605 -0.173682 -0.160994 -0.148564 -0.136420 -0.124591 -0.113108 -0.102003 -0.091310 -0.081064 -0.071302 -0.062059 -0.053375 -0.045287 -0.037832 -0.031047 -0.024966 -0.019622 -0.015045 -0.011262 -0.008294 -0.006161 -0.004876 -0.004447 -0.004876 -0.006161 -0.008294 -0.011262 -0.015045 -0.019622 -0.024966 -0.031047 -0.037832 -0.045287 -0.053375 -0.062059 -0.071302 -0.081064 -0.091310 -0.102003 -0.113108 -0.124591 -0.136420 -0.148564 -0.160994 -0.173682 -0.186605 -0.199736 -0.213056 -0.226543 -0.240178 -0.253944 -0.267825 
-0.281110 -0.267590 -0.254196 -0.240944 -0.227851 -0.214935 -0.202216 -0.189716 -0.177458 -0.165466 -0.153765 -0.142383 -0.131350 -0.120694 -0.110449 -0.100645 -0.091318 -0.082500 -0.074225 -0.066529 -0.059443 -0.053002 -0.047236 -0.042173 -0.037841 -0.034263 -0.031458 -0.029443 -0.028229 -0.027824 -0.028229 -0.029443 -0.031458 -0.034263 -0.037841 -0.042173 -0.047236 -0.053002 -0.059443 -0.066529 -0.074225 -0.082500 -0.091318 -0.100645 -0.110449 -0.120694 -0.131350 -0.142383 -0.153765 -0.165466 -0.177458 -0.189716 -0.202216 -0.214935 -0.227851 -0.240944 -0.254196 -0.267590 -0.281110 
