41 41
9.400574e-02 0 5
-1.940159 -1.920978 -1.902042 -1.883398 -1.865102 -1.847217 -1.829812 -1.812963 -1.796755 -1.781279 -1.766635 -1.752924 -1.740256 -1.728741 -1.718486 -1.709598 -1.702174 -1.696301 -1.692052 -1.689479 -1.688618 -1.689479 -1.692052 -1.696301 -1.702174 -1.709598 -1.718486 -1.728741 -1.740256 -1.752924 -1.766635 -1.781279 -1.796755 -1.812963 -1.829812 -1.847217 -1.865102 -1.883398 -1.902042 -1.920978 -1.940159 
-1.921480 -1.901519 -1.881765 -1.862265 -1.843078 -1.824267 -1.805906 -1.788077 -1.770872 -1.754389 -1.738740 -1.724040 -1.710414 -1.697988 -1.686890 -1.677245 -1.669169 -1.662767 -1.658128 -1.655317 -1.654375 -1.655317 -1.658128 -1.662767 -1.669169 -1.677245 -1.686890 -1.697988 -1.710414 -1.724040 -1.738740 -1.754389 -1.770872 -1.788077 -1.805906 -1.824267 -1.843078 -1.862265 -1.881765 -1.901519 -1.921480 
-1.903085 -1.882310 -1.861696 -1.841292 -1.821157 -1.801355 -1.781964 -1.763071 -1.744773 -1.727180 -1.710414 -1.694607 -1.679899 -1.666439 -1.654375 -1.643857 -1.635026 -1.628009 -1.622915 -1.619823 -1.618787 -1.619823 -1.622915 -1.628009 -1.635026 -1.643857 -1.654375 -1.666439 -1.679899 -1.694607 -1.710414 -1.727180 -1.744773 -1.763071 -1.781964 -1.801355 -1.821157 -1.841292 -1.861696 -1.882310 -1.903085 
-1.885026 -1.863402 -1.841888 -1.820532 -1.799390 -1.778529 -1.758029 -1.737979 -1.718486 -1.699668 -1.681659 -1.664607 -1.648675 -1.634032 -1.620857 -1.609327 -1.599614 -1.591875 -1.586243 -1.582821 -1.581673 -1.582821 -1.586243 -1.591875 -1.599614 -1.609327 -1.620857 -1.634032 -1.648675 -1.664607 -1.681659 -1.699668 -1.718486 -1.737979 -1.758029 -1.778529 -1.799390 -1.820532 -1.841888 -1.863402 -1.885026 
-1.867360 -1.844857 -1.822404 -1.800046 -1.777839 -1.755849 -1.734156 -1.712853 -1.692052 -1.671880 -1.652484 -1.634032 -1.616706 -1.600706 -1.586243 -1.573531 -1.562780 -1.554185 -1.547914 -1.544096 -1.542814 -1.544096 -1.547914 -1.554185 -1.562780 -1.573531 -1.586243 -1.600706 -1.616706 -1.634032 -1.652484 -1.671880 -1.692052 -1.712853 -1.734156 -1.755849 -1.777839 -1.800046 -1.822404 -1.844857 -1.867360 
-1.850151 -1.826740 -1.803312 -1.779907 -1.756577 -1.733386 -1.710414 -1.687755 -1.665524 -1.643857 -1.622915 -1.602881 -1.583965 -1.566400 -1.550436 -1.536332 -1.524347 -1.514727 -1.507686 -1.503389 -1.501945 -1.503389 -1.507686 -1.514727 -1.524347 -1.536332 -1.550436 -1.566400 -1.583965 -1.602881 -1.622915 -1.643857 -1.665524 -1.687755 -1.710414 -1.733386 -1.756577 -1.779907 -1.803312 -1.826740 -1.850151 
-1.833469 -1.809128 -1.784692 -1.760197 -1.735689 -1.711229 -1.686890 -1.662767 -1.638977 -1.615661 -1.592991 -1.571170 -1.550436 -1.531057 -1.513331 -1.497574 -1.484110 -1.473250 -1.465269 -1.460385 -1.458742 -1.460385 -1.465269 -1.473250 -1.484110 -1.497574 -1.513331 -1.531057 -1.550436 -1.571170 -1.592991 -1.615661 -1.638977 -1.662767 -1.686890 -1.711229 -1.735689 -1.760197 -1.784692 -1.809128 -1.833469 
-1.817394 -1.792104 -1.766635 -1.741013 -1.715277 -1.689479 -1.663688 -1.637993 -1.612508 -1.587377 -1.562780 -1.538939 -1.516118 -1.494629 -1.474823 -1.457089 -1.441832 -1.429451 -1.420309 -1.414696 -1.412803 -1.414696 -1.420309 -1.429451 -1.441832 -1.457089 -1.474823 -1.494629 -1.516118 -1.538939 -1.562780 -1.587377 -1.612508 -1.637993 -1.663688 -1.689479 -1.715277 -1.741013 -1.766635 -1.792104 -1.817394 
-1.802008 -1.775761 -1.749239 -1.722461 -1.695455 -1.668261 -1.640937 -1.613562 -1.586243 -1.559122 -1.532383 -1.506260 -1.481043 -1.457089 -1.434815 -1.414696 -1.397242 -1.382973 -1.372372 -1.365836 -1.363626 -1.365836 -1.372372 -1.382973 -1.397242 -1.414696 -1.434815 -1.457089 -1.481043 -1.506260 -1.532383 -1.559122 -1.586243 -1.613562 -1.640937 -1.668261 -1.695455 -1.722461 -1.749239 -1.775761 -1.802008 
-1.787403 -1.760197 -1.732616 -1.704664 -1.676356 -1.647716 -1.618787 -1.589633 -1.560346 -1.531057 -1.501945 -1.473250 -1.445285 -1.418448 -1.393230 -1.370208 -1.350033 -1.333386 -1.320923 -1.313197 -1.310578 -1.313197 -1.320923 -1.333386 -1.350033 -1.370208 -1.393230 -1.418448 -1.445285 -1.473250 -1.501945 -1.531057 -1.560346 -1.589633 -1.618787 -1.647716 -1.676356 -1.704664 -1.732616 -1.760197 -1.787403 
-1.773672 -1.745520 -1.716885 -1.687755 -1.658128 -1.628009 -1.597420 -1.566400 -1.535020 -1.503389 -1.471669 -1.440092 -1.408983 -1.378775 -1.350033 -1.323457 -1.299872 -1.280185 -1.265300 -1.256006 -1.252844 -1.256006 -1.265300 -1.280185 -1.299872 -1.323457 -1.350033 -1.378775 -1.408983 -1.440092 -1.471669 -1.503389 -1.535020 -1.566400 -1.597420 -1.628009 -1.658128 -1.687755 -1.716885 -1.745520 -1.773672 
-1.760917 -1.731844 -1.702174 -1.671880 -1.640937 -1.609327 -1.577043 -1.544096 -1.510520 -1.476389 -1.441832 -1.407056 -1.372372 -1.338234 -1.305271 -1.274318 -1.246418 -1.222782 -1.204683 -1.193274 -1.189372 -1.193274 -1.204683 -1.222782 -1.246418 -1.274318 -1.305271 -1.338234 -1.372372 -1.407056 -1.441832 -1.476389 -1.510520 -1.544096 -1.577043 -1.609327 -1.640937 -1.671880 -1.702174 -1.731844 -1.760917 
-1.749239 -1.719284 -1.688618 -1.657193 -1.624961 -1.591875 -1.557895 -1.522990 -1.487150 -1.450396 -1.412803 -1.374521 -1.335820 -1.297136 -1.259136 -1.222782 -1.189372 -1.160529 -1.138069 -1.123728 -1.118790 -1.123728 -1.138069 -1.160529 -1.189372 -1.222782 -1.259136 -1.297136 -1.335820 -1.374521 -1.412803 -1.450396 -1.487150 -1.522990 -1.557895 -1.591875 -1.624961 -1.657193 -1.688618 -1.719284 -1.749239 
-1.738740 -1.707960 -1.676356 -1.643857 -1.610390 -1.575876 -1.540236 -1.503389 -1.465269 -1.425825 -1.385051 -1.343007 -1.299872 -1.256006 -1.212054 -1.169059 -1.128586 -1.092783 -1.064269 -1.045742 -1.039300 -1.045742 -1.064269 -1.092783 -1.128586 -1.169059 -1.212054 -1.256006 -1.299872 -1.343007 -1.385051 -1.425825 -1.465269 -1.503389 -1.540236 -1.575876 -1.610390 -1.643857 -1.676356 -1.707960 -1.738740 
-1.729519 -1.697988 -1.665524 -1.632035 -1.597420 -1.561565 -1.524347 -1.485633 -1.445285 -1.403166 -1.359161 -1.313197 -1.265300 -1.215673 -1.164825 -1.113768 -1.064269 -1.019086 -0.981997 -0.957296 -0.948586 -0.957296 -0.981997 -1.019086 -1.064269 -1.113768 -1.164825 -1.215673 -1.265300 -1.313197 -1.359161 -1.403166 -1.445285 -1.485633 -1.524347 -1.561565 -1.597420 -1.632035 -1.665524 -1.697988 -1.729519 
-1.721669 -1.689479 -1.656256 -1.621887 -1.586243 -1.549177 -1.510520 -1.470080 -1.427643 -1.382973 -1.335820 -1.285940 -1.233140 -1.177351 -1.118790 -1.058221 -0.997393 -0.939613 -0.890204 -0.856119 -0.843846 -0.856119 -0.890204 -0.939613 -0.997393 -1.058221 -1.118790 -1.177351 -1.233140 -1.285940 -1.335820 -1.382973 -1.427643 -1.470080 -1.510520 -1.549177 -1.586243 -1.621887 -1.656256 -1.689479 -1.721669 
-1.715277 -1.682536 -1.648675 -1.613562 -1.577043 -1.538939 -1.499037 -1.457089 -1.412803 -1.365836 -1.315794 -1.262234 -1.204683 -1.142699 -1.076006 -1.004802 -0.930362 -0.856119 -0.789100 -0.740478 -0.722408 -0.740478 -0.789100 -0.856119 -0.930362 -1.004802 -1.076006 -1.142699 -1.204683 -1.262234 -1.315794 -1.365836 -1.412803 -1.457089 -1.499037 -1.538939 -1.577043 -1.613562 -1.648675 -1.682536 -1.715277 
-1.710414 -1.677245 -1.642886 -1.607191 -1.569984 -1.531057 -1.490161 -1.446998 -1.401204 -1.352340 -1.299872 -1.243153 -1.181412 -1.113768 -1.039300 -0.957296 -0.867914 -0.773730 -0.682783 -0.612060 -0.584504 -0.612060 -0.682783 -0.773730 -0.867914 -0.957296 -1.039300 -1.113768 -1.181412 -1.243153 -1.299872 -1.352340 -1.401204 -1.446998 -1.490161 -1.531057 -1.569984 -1.607191 -1.642886 -1.677245 -1.710414 
-1.707139 -1.673676 -1.638977 -1.602881 -1.565198 -1.525700 -1.484110 -1.440092 -1.393230 -1.343007 -1.288778 -1.229727 -1.164825 -1.092783 -1.012030 -0.920815 -0.817701 -0.703224 -0.584504 -0.484164 -0.442522 -0.484164 -0.584504 -0.703224 -0.817701 -0.920815 -1.012030 -1.092783 -1.164825 -1.229727 -1.288778 -1.343007 -1.393230 -1.440092 -1.484110 -1.525700 -1.565198 -1.602881 -1.638977 -1.673676 -1.707139 
-1.705491 -1.671880 -1.637007 -1.600706 -1.562780 -1.522990 -1.481043 -1.436584 -1.389167 -1.338234 -1.283076 -1.222782 -1.156171 -1.081705 -0.997393 -0.900758 -0.789100 -0.660920 -0.521143 -0.394947 -0.339578 -0.394947 -0.521143 -0.660920 -0.789100 -0.900758 -0.997393 -1.081705 -1.156171 -1.222782 -1.283076 -1.338234 -1.389167 -1.436584 -1.481043 -1.522990 -1.562780 -1.600706 -1.637007 -1.671880 -1.705491 
-1.705284 -1.671655 -1.636760 -1.600434 -1.562477 -1.522649 -1.480658 -1.436143 -1.388655 -1.337632 -1.282356 -1.221903 -1.155071 -1.080290 -0.995512 -0.898155 -0.785329 -0.655209 -0.512282 -0.381927 -0.324215 -0.381927 -0.512282 -0.655209 -0.785329 -0.898155 -0.995512 -1.080290 -1.155071 -1.221903 -1.282356 -1.337632 -1.388655 -1.436143 -1.480658 -1.522649 -1.562477 -1.600434 -1.636760 -1.671655 -1.705284 
-1.705500 -1.671890 -1.637018 -1.600718 -1.562793 -1.523004 -1.481060 -1.436603 -1.389189 -1.338260 -1.283107 -1.222820 -1.156219 -1.081766 -0.997475 -0.900871 -0.789262 -0.661166 -0.521523 -0.395501 -0.340231 -0.395501 -0.521523 -0.661166 -0.789262 -0.900871 -0.997475 -1.081766 -1.156219 -1.222820 -1.283107 -1.338260 -1.389189 -1.436603 -1.481060 -1.523004 -1.562793 -1.600718 -1.637018 -1.671890 -1.705500 
-1.707165 -1.673705 -1.639009 -1.602916 -1.565237 -1.525743 -1.484160 -1.440149 -1.393295 -1.343084 -1.288869 -1.229838 -1.164963 -1.092958 -1.012261 -0.921129 -0.818142 -0.703863 -0.585434 -0.485427 -0.443954 -0.485427 -0.585434 -0.703863 -0.818142 -0.921129 -1.012261 -1.092958 -1.164963 -1.229838 -1.288869 -1.343084 -1.393295 -1.440149 -1.484160 -1.525743 -1.565237 -1.602916 -1.639009 -1.673705 -1.707165 
-1.710458 -1.677292 -1.642939 -1.607249 -1.570048 -1.531128 -1.490242 -1.447090 -1.401310 -1.352464 -1.300018 -1.243329 -1.181630 -1.114041 -1.039650 -0.957758 -0.868536 -0.774578 -0.683919 -0.613479 -0.586050 -0.613479 -0.683919 -0.774578 -0.868536 -0.957758 -1.039650 -1.114041 -1.181630 -1.243329 -1.300018 -1.352464 -1.401310 -1.447090 -1.490242 -1.531128 -1.570048 -1.607249 -1.642939 -1.677292 -1.710458 
-1.715338 -1.682602 -1.648747 -1.613641 -1.577131 -1.539037 -1.499147 -1.457214 -1.412946 -1.366002 -1.315989 -1.262466 -1.204964 -1.143045 -1.076439 -1.005352 -0.931069 -0.857024 -0.790227 -0.741798 -0.723807 -0.741798 -0.790227 -0.857024 -0.931069 -1.005352 -1.076439 -1.143045 -1.204964 -1.262466 -1.315989 -1.366002 -1.412946 -1.457214 -1.499147 -1.539037 -1.577131 -1.613641 -1.648747 -1.682602 -1.715338 
-1.721746 -1.689563 -1.656347 -1.621987 -1.586353 -1.549299 -1.510657 -1.470234 -1.427819 -1.383175 -1.336054 -1.286216 -1.233468 -1.177747 -1.119272 -1.058812 -0.998119 -0.940493 -0.891242 -0.857282 -0.845056 -0.857282 -0.891242 -0.940493 -0.998119 -1.058812 -1.119272 -1.177747 -1.233468 -1.286216 -1.336054 -1.383175 -1.427819 -1.470234 -1.510657 -1.549299 -1.586353 -1.621987 -1.656347 -1.689563 -1.721746 
-1.729611 -1.698088 -1.665632 -1.632154 -1.597550 -1.561709 -1.524508 -1.485813 -1.445488 -1.403398 -1.359427 -1.313505 -1.265661 -1.216098 -1.165329 -1.114367 -1.064977 -1.019910 -0.982930 -0.958310 -0.949630 -0.958310 -0.982930 -1.019910 -1.064977 -1.114367 -1.165329 -1.216098 -1.265661 -1.313505 -1.359427 -1.403398 -1.445488 -1.485813 -1.524508 -1.561709 -1.597550 -1.632154 -1.665632 -1.698088 -1.729611 
-1.738846 -1.708075 -1.676480 -1.643993 -1.610539 -1.576040 -1.540416 -1.503591 -1.465494 -1.426080 -1.385341 -1.343338 -1.300252 -1.256446 -1.212563 -1.169646 -1.129259 -1.093542 -1.065105 -1.046632 -1.040209 -1.046632 -1.065105 -1.093542 -1.129259 -1.169646 -1.212563 -1.256446 -1.300252 -1.343338 -1.385341 -1.426080 -1.465494 -1.503591 -1.540416 -1.576040 -1.610539 -1.643993 -1.676480 -1.708075 -1.738846 
-1.749359 -1.719413 -1.688757 -1.657344 -1.625125 -1.592055 -1.558093 -1.523209 -1.487393 -1.450669 -1.413109 -1.374866 -1.336210 -1.297579 -1.259638 -1.223348 -1.190005 -1.161226 -1.138820 -1.124517 -1.119592 -1.124517 -1.138820 -1.161226 -1.190005 -1.223348 -1.259638 -1.297579 -1.336210 -1.374866 -1.413109 -1.450669 -1.487393 -1.523209 -1.558093 -1.592055 -1.625125 -1.657344 -1.688757 -1.719413 -1.749359 
-1.761049 -1.731985 -1.702326 -1.672044 -1.641115 -1.609522 -1.577256 -1.544330 -1.510778 -1.476675 -1.442150 -1.407409 -1.372766 -1.338673 -1.305760 -1.274859 -1.247011 -1.223423 -1.205364 -1.193982 -1.190090 -1.193982 -1.205364 -1.223423 -1.247011 -1.274859 -1.305760 -1.338673 -1.372766 -1.407409 -1.442150 -1.476675 -1.510778 -1.544330 -1.577256 -1.609522 -1.641115 -1.672044 -1.702326 -1.731985 -1.761049 
-1.773815 -1.745673 -1.717049 -1.687932 -1.658319 -1.628216 -1.597645 -1.566646 -1.535289 -1.503684 -1.471992 -1.440449 -1.409375 -1.379207 -1.350506 -1.323972 -1.300428 -1.280778 -1.265923 -1.256648 -1.253493 -1.256648 -1.265923 -1.280778 -1.300428 -1.323972 -1.350506 -1.379207 -1.409375 -1.440449 -1.471992 -1.503684 -1.535289 -1.566646 -1.597645 -1.628216 -1.658319 -1.687932 -1.717049 -1.745673 -1.773815 
-1.787555 -1.760360 -1.732790 -1.704851 -1.676557 -1.647933 -1.619021 -1.589887 -1.560622 -1.531357 -1.502271 -1.473606 -1.445672 -1.418869 -1.393686 -1.370698 -1.350555 -1.333937 -1.321497 -1.313785 -1.311171 -1.313785 -1.321497 -1.333937 -1.350555 -1.370698 -1.393686 -1.418869 -1.445672 -1.473606 -1.502271 -1.531357 -1.560622 -1.589887 -1.619021 -1.647933 -1.676557 -1.704851 -1.732790 -1.760360 -1.787555 
-1.802170 -1.775932 -1.749422 -1.722657 -1.695664 -1.668486 -1.641178 -1.613822 -1.586524 -1.559425 -1.532710 -1.506613 -1.481424 -1.457499 -1.435254 -1.415162 -1.397734 -1.383488 -1.372905 -1.366380 -1.364174 -1.366380 -1.372905 -1.383488 -1.397734 -1.415162 -1.435254 -1.457499 -1.481424 -1.506613 -1.532710 -1.559425 -1.586524 -1.613822 -1.641178 -1.668486 -1.695664 -1.722657 -1.749422 -1.775932 -1.802170 
-1.817563 -1.792284 -1.766825 -1.741216 -1.715493 -1.689711 -1.663936 -1.638258 -1.612791 -1.587681 -1.563106 -1.539288 -1.516491 -1.495026 -1.475245 -1.457534 -1.442299 -1.429936 -1.420807 -1.415203 -1.413313 -1.415203 -1.420807 -1.429936 -1.442299 -1.457534 -1.475245 -1.495026 -1.516491 -1.539288 -1.563106 -1.587681 -1.612791 -1.638258 -1.663936 -1.689711 -1.715493 -1.741216 -1.766825 -1.792284 -1.817563 
-1.833646 -1.809315 -1.784889 -1.760406 -1.735912 -1.711465 -1.687141 -1.663035 -1.639262 -1.615965 -1.593314 -1.571514 -1.550800 -1.531442 -1.513737 -1.498000 -1.484553 -1.473707 -1.465737 -1.460861 -1.459220 -1.460861 -1.465737 -1.473707 -1.484553 -1.498000 -1.513737 -1.531442 -1.550800 -1.571514 -1.593314 -1.615965 -1.639262 -1.663035 -1.687141 -1.711465 -1.735912 -1.760406 -1.784889 -1.809315 -1.833646 
-1.850333 -1.826932 -1.803514 -1.780121 -1.756803 -1.733626 -1.710668 -1.688024 -1.665809 -1.644159 -1.623234 -1.603219 -1.584321 -1.566774 -1.550827 -1.536739 -1.524770 -1.515162 -1.508129 -1.503838 -1.502396 -1.503838 -1.508129 -1.515162 -1.524770 -1.536739 -1.550827 -1.566774 -1.584321 -1.603219 -1.623234 -1.644159 -1.665809 -1.688024 -1.710668 -1.733626 -1.756803 -1.780121 -1.803514 -1.826932 -1.850333 
-1.867547 -1.845054 -1.822611 -1.800264 -1.778069 -1.756092 -1.734412 -1.713123 -1.692336 -1.672180 -1.652800 -1.634363 -1.617054 -1.601070 -1.586621 -1.573923 -1.563184 -1.554599 -1.548335 -1.544522 -1.543242 -1.544522 -1.548335 -1.554599 -1.563184 -1.573923 -1.586621 -1.601070 -1.617054 -1.634363 -1.652800 -1.672180 -1.692336 -1.713123 -1.734412 -1.756092 -1.778069 -1.800264 -1.822611 -1.845054 -1.867547 
-1.885218 -1.863604 -1.842099 -1.820753 -1.799623 -1.778774 -1.758286 -1.738249 -1.718769 -1.699965 -1.681970 -1.664933 -1.649014 -1.634385 -1.621222 -1.609705 -1.600002 -1.592271 -1.586646 -1.583227 -1.582081 -1.583227 -1.586646 -1.592271 -1.600002 -1.609705 -1.621222 -1.634385 -1.649014 -1.664933 -1.681970 -1.699965 -1.718769 -1.738249 -1.758286 -1.778774 -1.799623 -1.820753 -1.842099 -1.863604 -1.885218 
-1.903281 -1.882515 -1.861910 -1.841517 -1.821391 -1.801601 -1.782221 -1.763340 -1.745054 -1.727474 -1.710721 -1.694926 -1.680231 -1.666782 -1.654730 -1.644222 -1.635400 -1.628390 -1.623300 -1.620212 -1.619177 -1.620212 -1.623300 -1.628390 -1.635400 -1.644222 -1.654730 -1.666782 -1.680231 -1.694926 -1.710721 -1.727474 -1.745054 -1.763340 -1.782221 -1.801601 -1.821391 -1.841517 -1.861910 -1.882515 -1.903281 
-1.921679 -1.901727 -1.881982 -1.862492 -1.843314 -1.824514 -1.806164 -1.788346 -1.771151 -1.754680 -1.739042 -1.724354 -1.710738 -1.698323 -1.687234 -1.677598 -1.669529 -1.663134 -1.658499 -1.655691 -1.654750 -1.655691 -1.658499 -1.663134 -1.669529 -1.677598 -1.687234 -1.698323 -1.710738 -1.724354 -1.739042 -1.754680 -1.771151 -1.788346 -1.806164 -1.824514 -1.843314 -1.862492 -1.881982 -1.901727 -1.921679 
-1.940361 -1.921189 -1.902261 -1.883626 -1.865340 -1.847464 -1.830068 -1.813229 -1.797032 -1.781567 -1.766932 -1.753232 -1.740574 -1.729067 -1.718821 -1.709940 -1.702523 -1.696655 -1.692410 -1.689840 -1.688980 -1.689840 -1.692410 -1.696655 -1.702523 -1.709940 -1.718821 -1.729067 -1.740574 -1.753232 -1.766932 -1.781567 -1.797032 -1.813229 -1.830068 -1.847464 -1.865340 -1.883626 -1.902261 -1.921189 -1.940361 
