41 41
8.054531e-02 0 5
-2.058009 -2.038664 -2.019565 -2.000763 -1.982313 -1.964277 -1.946727 -1.929739 -1.913398 -1.897796 -1.883033 -1.869213 -1.856444 -1.844837 -1.834501 -1.825543 -1.818061 -1.812143 -1.807860 -1.805268 -1.804400 -1.805268 -1.807860 -1.812143 -1.818061 -1.825543 -1.834501 -1.844837 -1.856444 -1.869213 -1.883033 -1.897796 -1.913398 -1.929739 -1.946727 -1.964277 -1.982313 -2.000763 -2.019565 -2.038664 -2.058009 
-2.039169 -2.019038 -1.999115 -1.979452 -1.960104 -1.941137 -1.922624 -1.904650 -1.887304 -1.870689 -1.854915 -1.840099 -1.826366 -1.813843 -1.802659 -1.792939 -1.784801 -1.778351 -1.773676 -1.770844 -1.769895 -1.770844 -1.773676 -1.778351 -1.784801 -1.792939 -1.802659 -1.813843 -1.826366 -1.840099 -1.854915 -1.870689 -1.887304 -1.904650 -1.922624 -1.941137 -1.960104 -1.979452 -1.999115 -2.019038 -2.039169 
-2.020617 -1.999665 -1.978877 -1.958303 -1.938000 -1.918036 -1.898487 -1.879440 -1.860996 -1.843264 -1.826366 -1.810436 -1.795614 -1.782050 -1.769895 -1.759298 -1.750400 -1.743331 -1.738198 -1.735084 -1.734040 -1.735084 -1.738198 -1.743331 -1.750400 -1.759298 -1.769895 -1.782050 -1.795614 -1.810436 -1.826366 -1.843264 -1.860996 -1.879440 -1.898487 -1.918036 -1.938000 -1.958303 -1.978877 -1.999665 -2.020617 
-2.002404 -1.980598 -1.958904 -1.937370 -1.916054 -1.895024 -1.874358 -1.854149 -1.834501 -1.815536 -1.797387 -1.780205 -1.764151 -1.749399 -1.736125 -1.724510 -1.714726 -1.706930 -1.701258 -1.697811 -1.696654 -1.697811 -1.701258 -1.706930 -1.714726 -1.724510 -1.736125 -1.749399 -1.764151 -1.780205 -1.797387 -1.815536 -1.834501 -1.854149 -1.874358 -1.895024 -1.916054 -1.937370 -1.958904 -1.980598 -2.002404 
-1.984589 -1.961897 -1.939257 -1.916716 -1.894328 -1.872161 -1.850295 -1.828824 -1.807860 -1.787533 -1.767990 -1.749399 -1.731944 -1.715826 -1.701258 -1.688454 -1.677626 -1.668970 -1.662654 -1.658809 -1.657518 -1.658809 -1.662654 -1.668970 -1.677626 -1.688454 -1.701258 -1.715826 -1.731944 -1.749399 -1.767990 -1.787533 -1.807860 -1.828824 -1.850295 -1.872161 -1.894328 -1.916716 -1.939257 -1.961897 -1.984589 
-1.967235 -1.943630 -1.920008 -1.896412 -1.872894 -1.849519 -1.826366 -1.803531 -1.781129 -1.759298 -1.738198 -1.718017 -1.698963 -1.681272 -1.665194 -1.650990 -1.638923 -1.629236 -1.622146 -1.617820 -1.616366 -1.617820 -1.622146 -1.629236 -1.638923 -1.650990 -1.665194 -1.681272 -1.698963 -1.718017 -1.738198 -1.759298 -1.781129 -1.803531 -1.826366 -1.849519 -1.872894 -1.896412 -1.920008 -1.943630 -1.967235 
-1.950415 -1.925873 -1.901237 -1.876544 -1.851841 -1.827187 -1.802659 -1.778351 -1.754381 -1.730891 -1.708054 -1.686076 -1.665194 -1.645679 -1.627830 -1.611965 -1.598411 -1.587477 -1.579443 -1.574527 -1.572873 -1.574527 -1.579443 -1.587477 -1.598411 -1.611965 -1.627830 -1.645679 -1.665194 -1.686076 -1.708054 -1.730891 -1.754381 -1.778351 -1.802659 -1.827187 -1.851841 -1.876544 -1.901237 -1.925873 -1.950415 
-1.934207 -1.908710 -1.883033 -1.857206 -1.831267 -1.805268 -1.779279 -1.753390 -1.727714 -1.702399 -1.677626 -1.653616 -1.630637 -1.609000 -1.589061 -1.571210 -1.555853 -1.543392 -1.534190 -1.528541 -1.526636 -1.528541 -1.534190 -1.543392 -1.555853 -1.571210 -1.589061 -1.609000 -1.630637 -1.653616 -1.677626 -1.702399 -1.727714 -1.753390 -1.779279 -1.805268 -1.831267 -1.857206 -1.883033 -1.908710 -1.934207 
-1.918694 -1.892233 -1.865498 -1.838508 -1.811290 -1.783887 -1.756355 -1.728776 -1.701258 -1.673942 -1.647014 -1.620710 -1.595323 -1.571210 -1.548790 -1.528541 -1.510977 -1.496620 -1.485953 -1.479377 -1.477155 -1.479377 -1.485953 -1.496620 -1.510977 -1.528541 -1.548790 -1.571210 -1.595323 -1.620710 -1.647014 -1.673942 -1.701258 -1.728776 -1.756355 -1.783887 -1.811290 -1.838508 -1.865498 -1.892233 -1.918694 
-1.903969 -1.876544 -1.848743 -1.820571 -1.792043 -1.763186 -1.734040 -1.704672 -1.675174 -1.645679 -1.616366 -1.587477 -1.559328 -1.532318 -1.506941 -1.483777 -1.463479 -1.446733 -1.434197 -1.426425 -1.423791 -1.426425 -1.434197 -1.446733 -1.463479 -1.483777 -1.506941 -1.532318 -1.559328 -1.587477 -1.616366 -1.645679 -1.675174 -1.704672 -1.734040 -1.763186 -1.792043 -1.820571 -1.848743 -1.876544 -1.903969 
-1.890128 -1.861750 -1.832887 -1.803531 -1.773676 -1.743331 -1.712516 -1.681272 -1.649670 -1.617820 -1.585886 -1.554101 -1.522792 -1.492396 -1.463479 -1.436745 -1.413023 -1.393224 -1.378256 -1.368911 -1.365731 -1.368911 -1.378256 -1.393224 -1.413023 -1.436745 -1.463479 -1.492396 -1.522792 -1.554101 -1.585886 -1.617820 -1.649670 -1.681272 -1.712516 -1.743331 -1.773676 -1.803531 -1.832887 -1.861750 -1.890128 
-1.877270 -1.847964 -1.818061 -1.787533 -1.756355 -1.724510 -1.691991 -1.658809 -1.625000 -1.590638 -1.555853 -1.520853 -1.485953 -1.451609 -1.418454 -1.387324 -1.359269 -1.335506 -1.317311 -1.305843 -1.301921 -1.305843 -1.317311 -1.335506 -1.359269 -1.387324 -1.418454 -1.451609 -1.485953 -1.520853 -1.555853 -1.590638 -1.625000 -1.658809 -1.691991 -1.724510 -1.756355 -1.787533 -1.818061 -1.847964 -1.877270 
-1.865498 -1.835306 -1.804400 -1.772735 -1.740260 -1.706930 -1.672705 -1.637555 -1.601470 -1.564472 -1.526636 -1.488116 -1.449181 -1.410271 -1.372058 -1.335506 -1.301921 -1.272930 -1.250358 -1.235948 -1.230985 -1.235948 -1.250358 -1.272930 -1.301921 -1.335506 -1.372058 -1.410271 -1.449181 -1.488116 -1.526636 -1.564472 -1.601470 -1.637555 -1.672705 -1.706930 -1.740260 -1.772735 -1.804400 -1.835306 -1.865498 
-1.854915 -1.823893 -1.792043 -1.759298 -1.725581 -1.690816 -1.654922 -1.617820 -1.579443 -1.539742 -1.498711 -1.456411 -1.413023 -1.368911 -1.324721 -1.281503 -1.240829 -1.204854 -1.176208 -1.157597 -1.151125 -1.157597 -1.176208 -1.204854 -1.240829 -1.281503 -1.324721 -1.368911 -1.413023 -1.456411 -1.498711 -1.539742 -1.579443 -1.617820 -1.654922 -1.690816 -1.725581 -1.759298 -1.792043 -1.823893 -1.854915 
-1.845621 -1.813843 -1.781129 -1.747387 -1.712516 -1.676402 -1.638923 -1.599944 -1.559328 -1.516939 -1.472662 -1.426425 -1.378256 -1.328359 -1.277248 -1.225939 -1.176208 -1.130823 -1.093574 -1.068770 -1.060023 -1.068770 -1.093574 -1.130823 -1.176208 -1.225939 -1.277248 -1.328359 -1.378256 -1.426425 -1.472662 -1.516939 -1.559328 -1.599944 -1.638923 -1.676402 -1.712516 -1.747387 -1.781129 -1.813843 -1.845621 
-1.837710 -1.805268 -1.771790 -1.737163 -1.701258 -1.663926 -1.625000 -1.584287 -1.541572 -1.496620 -1.449181 -1.399012 -1.345919 -1.289838 -1.230985 -1.170133 -1.109035 -1.051014 -1.001409 -0.967195 -0.954876 -0.967195 -1.001409 -1.051014 -1.109035 -1.170133 -1.230985 -1.289838 -1.345919 -1.399012 -1.449181 -1.496620 -1.541572 -1.584287 -1.625000 -1.663926 -1.701258 -1.737163 -1.771790 -1.805268 -1.837710 
-1.831267 -1.798271 -1.764151 -1.728776 -1.691991 -1.653616 -1.613439 -1.571210 -1.526636 -1.479377 -1.429037 -1.375173 -1.317311 -1.255011 -1.187999 -1.116476 -1.041726 -0.967195 -0.899933 -0.851145 -0.833014 -0.851145 -0.899933 -0.967195 -1.041726 -1.116476 -1.187999 -1.255011 -1.317311 -1.375173 -1.429037 -1.479377 -1.526636 -1.571210 -1.613439 -1.653616 -1.691991 -1.728776 -1.764151 -1.798271 -1.831267 
-1.826366 -1.792939 -1.758319 -1.722358 -1.684881 -1.645679 -1.604502 -1.561052 -1.514964 -1.465800 -1.413023 -1.355986 -1.293920 -1.225939 -1.151125 -1.068770 -0.979034 -0.884510 -0.793261 -0.722321 -0.694684 -0.722321 -0.793261 -0.884510 -0.979034 -1.068770 -1.151125 -1.225939 -1.293920 -1.355986 -1.413023 -1.465800 -1.514964 -1.561052 -1.604502 -1.645679 -1.684881 -1.722358 -1.758319 -1.792939 -1.826366 
-1.823065 -1.789344 -1.754381 -1.718017 -1.680061 -1.640284 -1.598411 -1.554101 -1.506941 -1.456411 -1.401865 -1.342488 -1.277248 -1.204854 -1.123736 -1.032141 -0.928635 -0.813767 -0.694684 -0.594068 -0.552319 -0.594068 -0.694684 -0.813767 -0.928635 -1.032141 -1.123736 -1.204854 -1.277248 -1.342488 -1.401865 -1.456411 -1.506941 -1.554101 -1.598411 -1.640284 -1.680061 -1.718017 -1.754381 -1.789344 -1.823065 
-1.821404 -1.787533 -1.752396 -1.715826 -1.677626 -1.637555 -1.595323 -1.550570 -1.502852 -1.451609 -1.396131 -1.335506 -1.268550 -1.193724 -1.109035 -1.012005 -0.899933 -0.771329 -0.631146 -0.504628 -0.449131 -0.504628 -0.631146 -0.771329 -0.899933 -1.012005 -1.109035 -1.193724 -1.268550 -1.335506 -1.396131 -1.451609 -1.502852 -1.550570 -1.595323 -1.637555 -1.677626 -1.715826 -1.752396 -1.787533 -1.821404 
-1.821196 -1.787306 -1.752147 -1.715552 -1.677320 -1.637213 -1.594935 -1.550126 -1.502337 -1.451004 -1.395407 -1.334622 -1.267445 -1.192303 -1.107146 -1.009391 -0.896149 -0.765600 -0.622261 -0.491577 -0.433734 -0.491577 -0.622261 -0.765600 -0.896149 -1.009391 -1.107146 -1.192303 -1.267445 -1.334622 -1.395407 -1.451004 -1.502337 -1.550126 -1.594935 -1.637213 -1.677320 -1.715552 -1.752147 -1.787306 -1.821196 
-1.821413 -1.787543 -1.752407 -1.715838 -1.677639 -1.637570 -1.595340 -1.550590 -1.502875 -1.451636 -1.396163 -1.335544 -1.268598 -1.193785 -1.109117 -1.012118 -0.900096 -0.771575 -0.631527 -0.505183 -0.449785 -0.505183 -0.631527 -0.771575 -0.900096 -1.012118 -1.109117 -1.193785 -1.268598 -1.335544 -1.396163 -1.451636 -1.502875 -1.550590 -1.595340 -1.637570 -1.677639 -1.715838 -1.752407 -1.787543 -1.821413 
-1.823092 -1.789373 -1.754413 -1.718052 -1.680100 -1.640328 -1.598460 -1.554158 -1.507006 -1.456488 -1.401957 -1.342599 -1.277386 -1.205031 -1.123968 -1.032456 -0.929078 -0.814409 -0.695617 -0.595335 -0.553755 -0.595335 -0.695617 -0.814409 -0.929078 -1.032456 -1.123968 -1.205031 -1.277386 -1.342599 -1.401957 -1.456488 -1.507006 -1.554158 -1.598460 -1.640328 -1.680100 -1.718052 -1.754413 -1.789373 -1.823092 
-1.826410 -1.792987 -1.758372 -1.722417 -1.684945 -1.645751 -1.604583 -1.561144 -1.515071 -1.465924 -1.413170 -1.356164 -1.294138 -1.226213 -1.151478 -1.069234 -0.979659 -0.885360 -0.794400 -0.723744 -0.696234 -0.723744 -0.794400 -0.885360 -0.979659 -1.069234 -1.151478 -1.226213 -1.294138 -1.356164 -1.413170 -1.465924 -1.515071 -1.561144 -1.604583 -1.645751 -1.684945 -1.722417 -1.758372 -1.792987 -1.826410 
-1.831328 -1.798337 -1.764224 -1.728856 -1.692080 -1.653715 -1.613549 -1.571335 -1.526780 -1.479544 -1.429233 -1.375406 -1.317594 -1.255358 -1.188434 -1.117029 -1.042436 -0.968103 -0.901064 -0.852469 -0.834418 -0.852469 -0.901064 -0.968103 -1.042436 -1.117029 -1.188434 -1.255358 -1.317594 -1.375406 -1.429233 -1.479544 -1.526780 -1.571335 -1.613549 -1.653715 -1.692080 -1.728856 -1.764224 -1.798337 -1.831328 
-1.837787 -1.805352 -1.771882 -1.737264 -1.701368 -1.664049 -1.625137 -1.584442 -1.541749 -1.496823 -1.449417 -1.399289 -1.346249 -1.290235 -1.231470 -1.170726 -1.109764 -1.051898 -1.002452 -0.968362 -0.956091 -0.968362 -1.002452 -1.051898 -1.109764 -1.170726 -1.231470 -1.290235 -1.346249 -1.399289 -1.449417 -1.496823 -1.541749 -1.584442 -1.625137 -1.664049 -1.701368 -1.737264 -1.771882 -1.805352 -1.837787 
-1.845714 -1.813943 -1.781238 -1.747506 -1.712647 -1.676547 -1.639084 -1.600125 -1.559532 -1.517172 -1.472929 -1.426735 -1.378619 -1.328787 -1.277754 -1.226541 -1.176919 -1.131650 -1.094511 -1.069788 -1.061072 -1.069788 -1.094511 -1.131650 -1.176919 -1.226541 -1.277754 -1.328787 -1.378619 -1.426735 -1.472929 -1.517172 -1.559532 -1.600125 -1.639084 -1.676547 -1.712647 -1.747506 -1.781238 -1.813943 -1.845714 
-1.855022 -1.824008 -1.792169 -1.759434 -1.725731 -1.690981 -1.655104 -1.618023 -1.579670 -1.539999 -1.499002 -1.456744 -1.413406 -1.369353 -1.325232 -1.282094 -1.241505 -1.205617 -1.177048 -1.158491 -1.152039 -1.158491 -1.177048 -1.205617 -1.241505 -1.282094 -1.325232 -1.369353 -1.413406 -1.456744 -1.499002 -1.539999 -1.579670 -1.618023 -1.655104 -1.690981 -1.725731 -1.759434 -1.792169 -1.824008 -1.855022 
-1.865618 -1.835435 -1.804541 -1.772887 -1.740426 -1.707112 -1.672905 -1.637776 -1.601716 -1.564747 -1.526945 -1.488463 -1.449574 -1.410717 -1.372562 -1.336075 -1.302557 -1.273631 -1.251113 -1.236741 -1.231791 -1.236741 -1.251113 -1.273631 -1.302557 -1.336075 -1.372562 -1.410717 -1.449574 -1.488463 -1.526945 -1.564747 -1.601716 -1.637776 -1.672905 -1.707112 -1.740426 -1.772887 -1.804541 -1.835435 -1.865618 
-1.877402 -1.848107 -1.818215 -1.787699 -1.756535 -1.724706 -1.692206 -1.659045 -1.625259 -1.590925 -1.556172 -1.521209 -1.486350 -1.452051 -1.418945 -1.387868 -1.359866 -1.336151 -1.317996 -1.306554 -1.302642 -1.306554 -1.317996 -1.336151 -1.359866 -1.387868 -1.418945 -1.452051 -1.486350 -1.521209 -1.556172 -1.590925 -1.625259 -1.659045 -1.692206 -1.724706 -1.756535 -1.787699 -1.818215 -1.848107 -1.877402 
-1.890271 -1.861904 -1.833052 -1.803709 -1.773869 -1.743539 -1.712742 -1.681519 -1.649940 -1.618116 -1.586211 -1.554460 -1.523187 -1.492830 -1.463954 -1.437263 -1.413582 -1.393820 -1.378882 -1.369556 -1.366383 -1.369556 -1.378882 -1.393820 -1.413582 -1.437263 -1.463954 -1.492830 -1.523187 -1.554460 -1.586211 -1.618116 -1.649940 -1.681519 -1.712742 -1.743539 -1.773869 -1.803709 -1.833052 -1.861904 -1.890271 
-1.904123 -1.876708 -1.848918 -1.820759 -1.792246 -1.763404 -1.734276 -1.704928 -1.675452 -1.645981 -1.616695 -1.587835 -1.559718 -1.532742 -1.507399 -1.484269 -1.464004 -1.447287 -1.434774 -1.427017 -1.424387 -1.427017 -1.434774 -1.447287 -1.464004 -1.484269 -1.507399 -1.532742 -1.559718 -1.587835 -1.616695 -1.645981 -1.675452 -1.704928 -1.734276 -1.763404 -1.792246 -1.820759 -1.848918 -1.876708 -1.904123 
-1.918857 -1.892406 -1.865683 -1.838705 -1.811501 -1.784113 -1.756599 -1.729038 -1.701540 -1.674247 -1.647344 -1.621066 -1.595706 -1.571622 -1.549231 -1.529011 -1.511473 -1.497138 -1.486489 -1.479925 -1.477706 -1.479925 -1.486489 -1.497138 -1.511473 -1.529011 -1.549231 -1.571622 -1.595706 -1.621066 -1.647344 -1.674247 -1.701540 -1.729038 -1.756599 -1.784113 -1.811501 -1.838705 -1.865683 -1.892406 -1.918857 
-1.934377 -1.908890 -1.883225 -1.857411 -1.831485 -1.805501 -1.779528 -1.753656 -1.728000 -1.702706 -1.677954 -1.653967 -1.631012 -1.609400 -1.589485 -1.571657 -1.556322 -1.543879 -1.534691 -1.529052 -1.527150 -1.529052 -1.534691 -1.543879 -1.556322 -1.571657 -1.589485 -1.609400 -1.631012 -1.653967 -1.677954 -1.702706 -1.728000 -1.753656 -1.779528 -1.805501 -1.831485 -1.857411 -1.883225 -1.908890 -1.934377 
-1.950593 -1.926061 -1.901436 -1.876755 -1.852064 -1.827425 -1.802912 -1.778621 -1.754668 -1.731197 -1.708380 -1.686422 -1.665561 -1.646067 -1.628238 -1.612394 -1.598856 -1.587938 -1.579915 -1.575006 -1.573354 -1.575006 -1.579915 -1.587938 -1.598856 -1.612394 -1.628238 -1.646067 -1.665561 -1.686422 -1.708380 -1.731197 -1.754668 -1.778621 -1.802912 -1.827425 -1.852064 -1.876755 -1.901436 -1.926061 -1.950593 
-1.967419 -1.943824 -1.920213 -1.896628 -1.873123 -1.849761 -1.826622 -1.803802 -1.781416 -1.759602 -1.738520 -1.718357 -1.699322 -1.681649 -1.665588 -1.651401 -1.639348 -1.629673 -1.622592 -1.618272 -1.616820 -1.618272 -1.622592 -1.629673 -1.639348 -1.651401 -1.665588 -1.681649 -1.699322 -1.718357 -1.738520 -1.759602 -1.781416 -1.803802 -1.826622 -1.849761 -1.873123 -1.896628 -1.920213 -1.943824 -1.967419 
-1.984778 -1.962096 -1.939467 -1.916936 -1.894560 -1.872405 -1.850553 -1.829096 -1.808147 -1.787835 -1.768308 -1.749733 -1.732294 -1.716192 -1.701639 -1.688849 -1.678033 -1.669387 -1.663078 -1.659238 -1.657949 -1.659238 -1.663078 -1.669387 -1.678033 -1.688849 -1.701639 -1.716192 -1.732294 -1.749733 -1.768308 -1.787835 -1.808147 -1.829096 -1.850553 -1.872405 -1.894560 -1.916936 -1.939467 -1.962096 -1.984778 
-2.002598 -1.980801 -1.959117 -1.937594 -1.916289 -1.895270 -1.874617 -1.854421 -1.834787 -1.815835 -1.797701 -1.780533 -1.764493 -1.749754 -1.736494 -1.724891 -1.715117 -1.707330 -1.701663 -1.698220 -1.697065 -1.698220 -1.701663 -1.707330 -1.715117 -1.724891 -1.736494 -1.749754 -1.764493 -1.780533 -1.797701 -1.815835 -1.834787 -1.854421 -1.874617 -1.895270 -1.916289 -1.937594 -1.959117 -1.980801 -2.002598 
-2.020815 -1.999872 -1.979093 -1.958529 -1.938237 -1.918284 -1.898746 -1.879712 -1.861280 -1.843560 -1.826675 -1.810757 -1.795948 -1.782396 -1.770252 -1.759665 -1.750777 -1.743715 -1.738587 -1.735476 -1.734433 -1.735476 -1.738587 -1.743715 -1.750777 -1.759665 -1.770252 -1.782396 -1.795948 -1.810757 -1.826675 -1.843560 -1.861280 -1.879712 -1.898746 -1.918284 -1.938237 -1.958529 -1.979093 -1.999872 -2.020815 
-2.039370 -2.019248 -1.999334 -1.979680 -1.960342 -1.941385 -1.922884 -1.904920 -1.887586 -1.870982 -1.855220 -1.840415 -1.826693 -1.814180 -1.803006 -1.793295 -1.785165 -1.778721 -1.774050 -1.771221 -1.770273 -1.771221 -1.774050 -1.778721 -1.785165 -1.793295 -1.803006 -1.814180 -1.826693 -1.840415 -1.855220 -1.870982 -1.887586 -1.904920 -1.922884 -1.941385 -1.960342 -1.979680 -1.999334 -2.019248 -2.039370 
-2.058213 -2.038876 -2.019786 -2.000992 -1.982552 -1.964526 -1.946986 -1.930008 -1.913677 -1.898086 -1.883333 -1.869523 -1.856763 -1.845166 -1.834839 -1.825888 -1.818413 -1.812500 -1.808221 -1.805632 -1.804765 -1.805632 -1.808221 -1.812500 -1.818413 -1.825888 -1.834839 -1.845166 -1.856763 -1.869523 -1.883333 -1.898086 -1.913677 -1.930008 -1.946986 -1.964526 -1.982552 -2.000992 -2.019786 -2.038876 -2.058213 
