57 57
9.546975e-01 0 5
-0.518706 -0.504569 -0.490571 -0.476729 -0.463062 -0.449591 -0.436339 -0.423329 -0.410588 -0.398143 -0.386024 -0.374261 -0.362888 -0.351938 -0.341449 -0.331456 -0.321997 -0.313111 -0.304836 -0.297209 -0.290268 -0.284049 -0.278583 -0.273903 -0.270034 -0.267000 -0.264819 -0.263505 -0.263066 -0.263505 -0.264819 -0.267000 -0.270034 -0.273903 -0.278583 -0.284049 -0.290268 -0.297209 -0.304836 -0.313111 -0.321997 -0.331456 -0.341449 -0.351938 -0.362888 -0.374261 -0.386024 -0.398143 -0.410588 -0.423329 -0.436339 -0.449591 -0.463062 -0.476729 -0.490571 -0.504569 -0.518706 
-0.504829 -0.490303 -0.475902 -0.461646 -0.447553 -0.433645 -0.419944 -0.406476 -0.393268 -0.380348 -0.367747 -0.355499 -0.343639 -0.332204 -0.321232 -0.310763 -0.300839 -0.291502 -0.282794 -0.274758 -0.267434 -0.260864 -0.255084 -0.250130 -0.246031 -0.242814 -0.240500 -0.239106 -0.238640 -0.239106 -0.240500 -0.242814 -0.246031 -0.250130 -0.255084 -0.260864 -0.267434 -0.274758 -0.282794 -0.291502 -0.300839 -0.310763 -0.321232 -0.332204 -0.343639 -0.355499 -0.367747 -0.380348 -0.393268 -0.406476 -0.419944 -0.433645 -0.447553 -0.461646 -0.475902 -0.490303 -0.504829 
-0.491106 -0.476178 -0.461362 -0.446677 -0.432141 -0.417777 -0.403608 -0.389660 -0.375960 -0.362539 -0.349429 -0.336665 -0.324286 -0.312330 -0.300839 -0.289857 -0.279429 -0.269602 -0.260422 -0.251938 -0.244196 -0.237239 -0.231113 -0.225855 -0.221501 -0.218081 -0.215621 -0.214137 -0.213641 -0.214137 -0.215621 -0.218081 -0.221501 -0.225855 -0.231113 -0.237239 -0.244196 -0.251938 -0.260422 -0.269602 -0.279429 -0.289857 -0.300839 -0.312330 -0.324286 -0.336665 -0.349429 -0.362539 -0.375960 -0.389660 -0.403608 -0.417777 -0.432141 -0.446677 -0.461362 -0.476178 -0.491106 
-0.477553 -0.462213 -0.446969 -0.431840 -0.416846 -0.402007 -0.387349 -0.372897 -0.358681 -0.344731 -0.331081 -0.317770 -0.304836 -0.292322 -0.280273 -0.268736 -0.257762 -0.247401 -0.237707 -0.228731 -0.220527 -0.213145 -0.206634 -0.201039 -0.196402 -0.192756 -0.190131 -0.188548 -0.188019 -0.188548 -0.190131 -0.192756 -0.196402 -0.201039 -0.206634 -0.213145 -0.220527 -0.228731 -0.237707 -0.247401 -0.257762 -0.268736 -0.280273 -0.292322 -0.304836 -0.317770 -0.331081 -0.344731 -0.358681 -0.372897 -0.387349 -0.402007 -0.416846 -0.431840 -0.446969 -0.462213 -0.477553 
-0.464192 -0.448428 -0.432743 -0.417156 -0.401687 -0.386355 -0.371187 -0.356208 -0.341449 -0.326941 -0.312720 -0.298826 -0.285300 -0.272188 -0.259538 -0.247401 -0.235834 -0.224891 -0.214632 -0.205116 -0.196402 -0.188548 -0.181610 -0.175640 -0.170685 -0.166787 -0.163977 -0.162282 -0.161715 -0.162282 -0.163977 -0.166787 -0.170685 -0.175640 -0.181610 -0.188548 -0.196402 -0.205116 -0.214632 -0.224891 -0.235834 -0.247401 -0.259538 -0.272188 -0.285300 -0.298826 -0.312720 -0.326941 -0.341449 -0.356208 -0.371187 -0.386355 -0.401687 -0.417156 -0.432743 -0.448428 -0.464192 
-0.451042 -0.434844 -0.418707 -0.402648 -0.386687 -0.370844 -0.355145 -0.339615 -0.324286 -0.309190 -0.294365 -0.279851 -0.265693 -0.251938 -0.238640 -0.225855 -0.213641 -0.202063 -0.191184 -0.181071 -0.171792 -0.163413 -0.155998 -0.149608 -0.144297 -0.140113 -0.137096 -0.135273 -0.134664 -0.135273 -0.137096 -0.140113 -0.144297 -0.149608 -0.155998 -0.163413 -0.171792 -0.181071 -0.191184 -0.202063 -0.213641 -0.225855 -0.238640 -0.251938 -0.265693 -0.279851 -0.294365 -0.309190 -0.324286 -0.339615 -0.355145 -0.370844 -0.386687 -0.402648 -0.418707 -0.434844 -0.451042 
-0.438127 -0.421486 -0.404885 -0.388341 -0.371872 -0.355499 -0.339247 -0.323143 -0.307216 -0.291502 -0.276037 -0.260864 -0.246031 -0.231587 -0.217590 -0.204101 -0.191184 -0.178908 -0.167346 -0.156574 -0.146667 -0.137701 -0.129752 -0.122888 -0.117175 -0.112669 -0.109415 -0.107449 -0.106791 -0.107449 -0.109415 -0.112669 -0.117175 -0.122888 -0.129752 -0.137701 -0.146667 -0.156574 -0.167346 -0.178908 -0.191184 -0.204101 -0.217590 -0.231587 -0.246031 -0.260864 -0.276037 -0.291502 -0.307216 -0.323143 -0.339247 -0.355499 -0.371872 -0.388341 -0.404885 -0.421486 -0.438127 
-0.425471 -0.408378 -0.391303 -0.374261 -0.357269 -0.340349 -0.323524 -0.306820 -0.290268 -0.273903 -0.257762 -0.241890 -0.226336 -0.211153 -0.196402 -0.182148 -0.168462 -0.155422 -0.143106 -0.131601 -0.120994 -0.111371 -0.102818 -0.095420 -0.089250 -0.084376 -0.080852 -0.078722 -0.078008 -0.078722 -0.080852 -0.084376 -0.089250 -0.095420 -0.102818 -0.111371 -0.120994 -0.131601 -0.143106 -0.155422 -0.168462 -0.182148 -0.196402 -0.211153 -0.226336 -0.241890 -0.257762 -0.273903 -0.290268 -0.306820 -0.323524 -0.340349 -0.357269 -0.374261 -0.391303 -0.408378 -0.425471 
-0.413101 -0.395549 -0.377990 -0.360438 -0.342910 -0.325426 -0.308007 -0.290680 -0.273475 -0.256425 -0.239571 -0.222957 -0.206634 -0.190658 -0.175093 -0.160009 -0.145484 -0.131601 -0.118452 -0.106132 -0.094739 -0.084376 -0.075141 -0.067133 -0.060441 -0.055146 -0.051313 -0.048992 -0.048215 -0.048992 -0.051313 -0.055146 -0.060441 -0.067133 -0.075141 -0.084376 -0.094739 -0.106132 -0.118452 -0.131601 -0.145484 -0.160009 -0.175093 -0.190658 -0.206634 -0.222957 -0.239571 -0.256425 -0.273475 -0.290680 -0.308007 -0.325426 -0.342910 -0.360438 -0.377990 -0.395549 -0.413101 
-0.401044 -0.383027 -0.364977 -0.346905 -0.328828 -0.310763 -0.292731 -0.274758 -0.256871 -0.239106 -0.221501 -0.204101 -0.186958 -0.170131 -0.153687 -0.137701 -0.122258 -0.107449 -0.093375 -0.080144 -0.067869 -0.056667 -0.046656 -0.037951 -0.030658 -0.024876 -0.020684 -0.018144 -0.017293 -0.018144 -0.020684 -0.024876 -0.030658 -0.037951 -0.046656 -0.056667 -0.067869 -0.080144 -0.093375 -0.107449 -0.122258 -0.137701 -0.153687 -0.170131 -0.186958 -0.204101 -0.221501 -0.239106 -0.256871 -0.274758 -0.292731 -0.310763 -0.328828 -0.346905 -0.364977 -0.383027 -0.401044 
-0.389330 -0.370844 -0.352296 -0.333696 -0.315058 -0.296398 -0.277736 -0.259094 -0.240500 -0.221987 -0.203592 -0.185361 -0.167346 -0.149608 -0.132216 -0.115250 -0.098802 -0.082971 -0.067869 -0.053618 -0.040347 -0.028192 -0.017293 -0.007784 0.000203 0.006552 0.011163 0.013961 0.014899 0.013961 0.011163 0.006552 0.000203 -0.007784 -0.017293 -0.028192 -0.040347 -0.053618 -0.067869 -0.082971 -0.098802 -0.115250 -0.132216 -0.149608 -0.167346 -0.185361 -0.203592 -0.221987 -0.240500 -0.259094 -0.277736 -0.296398 -0.315058 -0.333696 -0.352296 -0.370844 -0.389330 
-0.377990 -0.359033 -0.339982 -0.320848 -0.301641 -0.282375 -0.263066 -0.243735 -0.224409 -0.205116 -0.185894 -0.166787 -0.147846 -0.129133 -0.110720 -0.092691 -0.075141 -0.058182 -0.041935 -0.026538 -0.012140 0.001103 0.013026 0.023466 0.032265 0.039278 0.044383 0.047486 0.048527 0.047486 0.044383 0.039278 0.032265 0.023466 0.013026 0.001103 -0.012140 -0.026538 -0.041935 -0.058182 -0.075141 -0.092691 -0.110720 -0.129133 -0.147846 -0.166787 -0.185894 -0.205116 -0.224409 -0.243735 -0.263066 -0.282375 -0.301641 -0.320848 -0.339982 -0.359033 -0.377990 
-0.367056 -0.347628 -0.328074 -0.308402 -0.288619 -0.268736 -0.248768 -0.228731 -0.208649 -0.188548 -0.168462 -0.148434 -0.128513 -0.108761 -0.089250 -0.070066 -0.051313 -0.033107 -0.015584 0.001103 0.016784 0.031275 0.044383 0.055911 0.065664 0.073465 0.079158 0.082625 0.083789 0.082625 0.079158 0.073465 0.065664 0.055911 0.044383 0.031275 0.016784 0.001103 -0.015584 -0.033107 -0.051313 -0.070066 -0.089250 -0.108761 -0.128513 -0.148434 -0.168462 -0.188548 -0.208649 -0.228731 -0.248768 -0.268736 -0.288619 -0.308402 -0.328074 -0.347628 -0.367056 
-0.356562 -0.336665 -0.316610 -0.296398 -0.276037 -0.255532 -0.234894 -0.214137 -0.193279 -0.172344 -0.151361 -0.130369 -0.109415 -0.088557 -0.067869 -0.047436 -0.027366 -0.007784 0.011163 0.029305 0.046448 0.062380 0.076868 0.089676 0.100563 0.109305 0.115706 0.119612 0.120925 0.119612 0.115706 0.109305 0.100563 0.089676 0.076868 0.062380 0.046448 0.029305 0.011163 -0.007784 -0.027366 -0.047436 -0.067869 -0.088557 -0.109415 -0.130369 -0.151361 -0.172344 -0.193279 -0.214137 -0.234894 -0.255532 -0.276037 -0.296398 -0.316610 -0.336665 -0.356562 
-0.346543 -0.326184 -0.305631 -0.284883 -0.263943 -0.242814 -0.221501 -0.200014 -0.178365 -0.156574 -0.134664 -0.112669 -0.090630 -0.068603 -0.046656 -0.024876 -0.003370 0.017730 0.038267 0.058052 0.076868 0.094467 0.110574 0.124899 0.137145 0.147026 0.154289 0.158733 0.160229 0.158733 0.154289 0.147026 0.137145 0.124899 0.110574 0.094467 0.076868 0.058052 0.038267 0.017730 -0.003370 -0.024876 -0.046656 -0.068603 -0.090630 -0.112669 -0.134664 -0.156574 -0.178365 -0.200014 -0.221501 -0.242814 -0.263943 -0.284883 -0.305631 -0.326184 -0.346543 
-0.337035 -0.316222 -0.295179 -0.273903 -0.252389 -0.230638 -0.208649 -0.186426 -0.163977 -0.141313 -0.118452 -0.095420 -0.072250 -0.048992 -0.025708 -0.002481 0.020585 0.043356 0.065664 0.087307 0.108041 0.127578 0.145594 0.161733 0.175623 0.186898 0.195225 0.200338 0.202062 0.200338 0.195225 0.186898 0.175623 0.161733 0.145594 0.127578 0.108041 0.087307 0.065664 0.043356 0.020585 -0.002481 -0.025708 -0.048992 -0.072250 -0.095420 -0.118452 -0.141313 -0.163977 -0.186426 -0.208649 -0.230638 -0.252389 -0.273903 -0.295179 -0.316222 -0.337035 
-0.328074 -0.306820 -0.285300 -0.263505 -0.241427 -0.219061 -0.196402 -0.173446 -0.150193 -0.126648 -0.102818 -0.078722 -0.054382 -0.029838 -0.005143 0.019631 0.044383 0.068984 0.093262 0.117002 0.139935 0.161733 0.182013 0.200338 0.216239 0.229241 0.238903 0.244860 0.246873 0.244860 0.238903 0.229241 0.216239 0.200338 0.182013 0.161733 0.139935 0.117002 0.093262 0.068984 0.044383 0.019631 -0.005143 -0.029838 -0.054382 -0.078722 -0.102818 -0.126648 -0.150193 -0.173446 -0.196402 -0.219061 -0.241427 -0.263505 -0.285300 -0.306820 -0.328074 
-0.319696 -0.298018 -0.276037 -0.253739 -0.231113 -0.208146 -0.184827 -0.161147 -0.137096 -0.112669 -0.087864 -0.062686 -0.037148 -0.011273 0.014899 0.041310 0.067873 0.094467 0.120925 0.147026 0.172479 0.196919 0.219895 0.240875 0.259264 0.274438 0.285799 0.292842 0.295230 0.292842 0.285799 0.274438 0.259264 0.240875 0.219895 0.196919 0.172479 0.147026 0.120925 0.094467 0.067873 0.041310 0.014899 -0.011273 -0.037148 -0.062686 -0.087864 -0.112669 -0.137096 -0.161147 -0.184827 -0.208146 -0.231113 -0.253739 -0.276037 -0.298018 -0.319696 
-0.311938 -0.289857 -0.267434 -0.244655 -0.221501 -0.197954 -0.173996 -0.149608 -0.124773 -0.099474 -0.073699 -0.047436 -0.020684 0.006552 0.034253 0.062380 0.090867 0.119612 0.148464 0.177207 0.205542 0.233067 0.259264 0.283490 0.304990 0.322935 0.336502 0.344972 0.347854 0.344972 0.336502 0.322935 0.304990 0.283490 0.259264 0.233067 0.205542 0.177207 0.148464 0.119612 0.090867 0.062380 0.034253 0.006552 -0.020684 -0.047436 -0.073699 -0.099474 -0.124773 -0.149608 -0.173996 -0.197954 -0.221501 -0.244655 -0.267434 -0.289857 -0.311938 
-0.304836 -0.282375 -0.259538 -0.236303 -0.212648 -0.188548 -0.163977 -0.138909 -0.113316 -0.087169 -0.060441 -0.033107 -0.005143 0.023466 0.052725 0.082625 0.113129 0.144169 0.175623 0.207298 0.238903 0.270019 0.300067 0.328282 0.353710 0.375246 0.391733 0.402124 0.405677 0.402124 0.391733 0.375246 0.353710 0.328282 0.300067 0.270019 0.238903 0.207298 0.175623 0.144169 0.113129 0.082625 0.052725 0.023466 -0.005143 -0.033107 -0.060441 -0.087169 -0.113316 -0.138909 -0.163977 -0.188548 -0.212648 -0.236303 -0.259538 -0.282375 -0.304836 
-0.298422 -0.275611 -0.252389 -0.228731 -0.204609 -0.179991 -0.154844 -0.129133 -0.102818 -0.075860 -0.048215 -0.019839 0.009311 0.039278 0.070098 0.101796 0.134380 0.167826 0.202062 0.236944 0.272220 0.307484 0.342120 0.375246 0.405677 0.431935 0.452373 0.465417 0.469907 0.465417 0.452373 0.431935 0.405677 0.375246 0.342120 0.307484 0.272220 0.236944 0.202062 0.167826 0.134380 0.101796 0.070098 0.039278 0.009311 -0.019839 -0.048215 -0.075860 -0.102818 -0.129133 -0.154844 -0.179991 -0.204609 -0.228731 -0.252389 -0.275611 -0.298422 
-0.292731 -0.269602 -0.246031 -0.221987 -0.197437 -0.172344 -0.146667 -0.120360 -0.093375 -0.065657 -0.037148 -0.007784 0.022503 0.053783 0.086130 0.119612 0.154289 0.190200 0.227348 0.265668 0.304990 0.344972 0.385019 0.424171 0.460999 0.493550 0.519453 0.536274 0.542121 0.536274 0.519453 0.493550 0.460999 0.424171 0.385019 0.344972 0.304990 0.265668 0.227348 0.190200 0.154289 0.119612 0.086130 0.053783 0.022503 -0.007784 -0.037148 -0.065657 -0.093375 -0.120360 -0.146667 -0.172344 -0.197437 -0.221987 -0.246031 -0.269602 -0.292731 
-0.287791 -0.264381 -0.240500 -0.216114 -0.191184 -0.165665 -0.139512 -0.112669 -0.085076 -0.056667 -0.027366 0.002909 0.034253 0.066767 0.100563 0.135759 0.172479 0.210841 0.250944 0.292842 0.336502 0.381723 0.428025 0.474474 0.519453 0.560459 0.594079 0.616448 0.624332 0.616448 0.594079 0.560459 0.519453 0.474474 0.428025 0.381723 0.336502 0.292842 0.250944 0.210841 0.172479 0.135759 0.100563 0.066767 0.034253 0.002909 -0.027366 -0.056667 -0.085076 -0.112669 -0.139512 -0.165665 -0.191184 -0.216114 -0.240500 -0.264381 -0.287791 
-0.283631 -0.259980 -0.235834 -0.211153 -0.185894 -0.160009 -0.133442 -0.106132 -0.078008 -0.048992 -0.018993 0.012093 0.044383 0.078011 0.113129 0.149910 0.188544 0.229241 0.272220 0.317689 0.365810 0.416622 0.469907 0.524945 0.580127 0.632451 0.677118 0.707889 0.718961 0.707889 0.677118 0.632451 0.580127 0.524945 0.469907 0.416622 0.365810 0.317689 0.272220 0.229241 0.188544 0.149910 0.113129 0.078011 0.044383 0.012093 -0.018993 -0.048992 -0.078008 -0.106132 -0.133442 -0.160009 -0.185894 -0.211153 -0.235834 -0.259980 -0.283631 
-0.280273 -0.256425 -0.232061 -0.207139 -0.181610 -0.155422 -0.128513 -0.100816 -0.072250 -0.042726 -0.012140 0.019631 0.052725 0.087307 0.123569 0.161733 0.202062 0.244860 0.290475 0.339296 0.391733 0.448161 0.508793 0.573411 0.640820 0.707889 0.768291 0.812028 0.828265 0.812028 0.768291 0.707889 0.640820 0.573411 0.508793 0.448161 0.391733 0.339296 0.290475 0.244860 0.202062 0.161733 0.123569 0.087307 0.052725 0.019631 -0.012140 -0.042726 -0.072250 -0.100816 -0.128513 -0.155422 -0.181610 -0.207139 -0.232061 -0.256425 -0.280273 
-0.277736 -0.253739 -0.229209 -0.204101 -0.178365 -0.151944 -0.124773 -0.096776 -0.067869 -0.037951 -0.006906 0.025401 0.059129 0.094467 0.131641 0.170920 0.212629 0.257161 0.304990 0.356686 0.412925 0.474474 0.542121 0.616448 0.697245 0.782124 0.863838 0.927220 0.951880 0.927220 0.863838 0.782124 0.697245 0.616448 0.542121 0.474474 0.412925 0.356686 0.304990 0.257161 0.212629 0.170920 0.131641 0.094467 0.059129 0.025401 -0.006906 -0.037951 -0.067869 -0.096776 -0.124773 -0.151944 -0.178365 -0.204101 -0.229209 -0.253739 -0.277736 
-0.276037 -0.251938 -0.227296 -0.202063 -0.176186 -0.149608 -0.122258 -0.094058 -0.064917 -0.034729 -0.003370 0.029305 0.063471 0.099334 0.137145 0.177207 0.219895 0.265668 0.315102 0.368919 0.428025 0.493550 0.566858 0.649453 0.742531 0.845493 0.951880 1.041517 1.078649 1.041517 0.951880 0.845493 0.742531 0.649453 0.566858 0.493550 0.428025 0.368919 0.315102 0.265668 0.219895 0.177207 0.137145 0.099334 0.063471 0.029305 -0.003370 -0.034729 -0.064917 -0.094058 -0.122258 -0.149608 -0.176186 -0.202063 -0.227296 -0.251938 -0.276037 
-0.275184 -0.251035 -0.226336 -0.201039 -0.175093 -0.148434 -0.120994 -0.092691 -0.063431 -0.033107 -0.001588 0.031275 0.065664 0.101796 0.139935 0.180402 0.223597 0.270019 0.320300 0.375246 0.435902 0.503616 0.580127 0.667582 0.768291 0.883447 1.008509 1.121030 1.170301 1.121030 1.008509 0.883447 0.768291 0.667582 0.580127 0.503616 0.435902 0.375246 0.320300 0.270019 0.223597 0.180402 0.139935 0.101796 0.065664 0.031275 -0.001588 -0.033107 -0.063431 -0.092691 -0.120994 -0.148434 -0.175093 -0.201039 -0.226336 -0.251035 -0.275184 
-0.275078 -0.250922 -0.226215 -0.200911 -0.174956 -0.148287 -0.120835 -0.092519 -0.063245 -0.032903 -0.001365 0.031522 0.065940 0.102106 0.140285 0.180804 0.224063 0.270568 0.320956 0.376047 0.436902 0.504901 0.581832 0.669935 0.771685 0.888566 1.016421 1.132620 1.183963 1.132620 1.016421 0.888566 0.771685 0.669935 0.581832 0.504901 0.436902 0.376047 0.320956 0.270568 0.224063 0.180804 0.140285 0.102106 0.065940 0.031522 -0.001365 -0.032903 -0.063245 -0.092519 -0.120835 -0.148287 -0.174956 -0.200911 -0.226215 -0.250922 -0.275078 
-0.275189 -0.251040 -0.226341 -0.201045 -0.175099 -0.148440 -0.121000 -0.092698 -0.063439 -0.033115 -0.001598 0.031264 0.065652 0.101783 0.139920 0.180385 0.223577 0.269995 0.320271 0.375212 0.435858 0.503561 0.580053 0.667481 0.768145 0.883226 1.008170 1.120536 1.169721 1.120536 1.008170 0.883226 0.768145 0.667481 0.580053 0.503561 0.435858 0.375212 0.320271 0.269995 0.223577 0.180385 0.139920 0.101783 0.065652 0.031264 -0.001598 -0.033115 -0.063439 -0.092698 -0.121000 -0.148440 -0.175099 -0.201045 -0.226341 -0.251040 -0.275189 
-0.276050 -0.251953 -0.227311 -0.202079 -0.176204 -0.149627 -0.122278 -0.094080 -0.064941 -0.034755 -0.003399 0.029273 0.063435 0.099294 0.137100 0.177156 0.219835 0.265598 0.315019 0.368818 0.427900 0.493390 0.566648 0.649169 0.742133 0.844919 0.951048 1.040389 1.077373 1.040389 0.951048 0.844919 0.742133 0.649169 0.566648 0.493390 0.427900 0.368818 0.315019 0.265598 0.219835 0.177156 0.137100 0.099294 0.063435 0.029273 -0.003399 -0.034755 -0.064941 -0.094080 -0.122278 -0.149627 -0.176204 -0.202079 -0.227311 -0.251953 -0.276050 
-0.277759 -0.253763 -0.229234 -0.204128 -0.178394 -0.151975 -0.124806 -0.096813 -0.067908 -0.037994 -0.006953 0.025348 0.059071 0.094402 0.131568 0.170836 0.212533 0.257048 0.304856 0.356525 0.412727 0.474226 0.541802 0.616030 0.696683 0.781361 0.862819 0.925950 0.950497 0.925950 0.862819 0.781361 0.696683 0.616030 0.541802 0.474226 0.412727 0.356525 0.304856 0.257048 0.212533 0.170836 0.131568 0.094402 0.059071 0.025348 -0.006953 -0.037994 -0.067908 -0.096813 -0.124806 -0.151975 -0.178394 -0.204128 -0.229234 -0.253763 -0.277759 
-0.280304 -0.256459 -0.232097 -0.207177 -0.181650 -0.155465 -0.128560 -0.100866 -0.072305 -0.042786 -0.012205 0.019559 0.052646 0.087219 0.123469 0.161620 0.201932 0.244709 0.290297 0.339085 0.391477 0.447846 0.508400 0.572912 0.640180 0.707072 0.767276 0.810842 0.827009 0.810842 0.767276 0.707072 0.640180 0.572912 0.508400 0.447846 0.391477 0.339085 0.290297 0.244709 0.201932 0.161620 0.123469 0.087219 0.052646 0.019559 -0.012205 -0.042786 -0.072305 -0.100866 -0.128560 -0.155465 -0.181650 -0.207177 -0.232097 -0.256459 -0.280304 
-0.283671 -0.260023 -0.235879 -0.211201 -0.185946 -0.160064 -0.133501 -0.106196 -0.078078 -0.049067 -0.019075 0.012003 0.044284 0.077900 0.113005 0.149770 0.188384 0.229058 0.272006 0.317437 0.365510 0.416262 0.469469 0.524408 0.579470 0.631655 0.676180 0.706840 0.717869 0.706840 0.676180 0.631655 0.579470 0.524408 0.469469 0.416262 0.365510 0.317437 0.272006 0.229058 0.188384 0.149770 0.113005 0.077900 0.044284 0.012003 -0.019075 -0.049067 -0.078078 -0.106196 -0.133501 -0.160064 -0.185946 -0.211201 -0.235879 -0.260023 -0.283671 
-0.287840 -0.264433 -0.240555 -0.216172 -0.191246 -0.165732 -0.139583 -0.112745 -0.085159 -0.056757 -0.027464 0.002802 0.034135 0.066636 0.100417 0.135596 0.172294 0.210630 0.250702 0.292561 0.336173 0.381335 0.427566 0.473930 0.518811 0.559712 0.593233 0.615530 0.623387 0.615530 0.593233 0.559712 0.518811 0.473930 0.427566 0.381335 0.336173 0.292561 0.250702 0.210630 0.172294 0.135596 0.100417 0.066636 0.034135 0.002802 -0.027464 -0.056757 -0.085159 -0.112745 -0.139583 -0.165732 -0.191246 -0.216172 -0.240555 -0.264433 -0.287840 
-0.292788 -0.269662 -0.246095 -0.222055 -0.197509 -0.172421 -0.146749 -0.120449 -0.093470 -0.065760 -0.037260 -0.007907 0.022368 0.053635 0.085966 0.119429 0.154083 0.189968 0.227084 0.265366 0.304643 0.344571 0.384556 0.423637 0.460387 0.492860 0.518694 0.535466 0.541295 0.535466 0.518694 0.492860 0.460387 0.423637 0.384556 0.344571 0.304643 0.265366 0.227084 0.189968 0.154083 0.119429 0.085966 0.053635 0.022368 -0.007907 -0.037260 -0.065760 -0.093470 -0.120449 -0.146749 -0.172421 -0.197509 -0.222055 -0.246095 -0.269662 -0.292788 
-0.298488 -0.275680 -0.252462 -0.228808 -0.204691 -0.180078 -0.154937 -0.129233 -0.102926 -0.075976 -0.048341 -0.019976 0.009162 0.039115 0.069918 0.101597 0.134158 0.167578 0.201783 0.236630 0.271864 0.307080 0.341662 0.374731 0.405101 0.431301 0.451689 0.464699 0.469178 0.464699 0.451689 0.431301 0.405101 0.374731 0.341662 0.307080 0.271864 0.236630 0.201783 0.167578 0.134158 0.101597 0.069918 0.039115 0.009162 -0.019976 -0.048341 -0.075976 -0.102926 -0.129233 -0.154937 -0.180078 -0.204691 -0.228808 -0.252462 -0.275680 -0.298488 
-0.304908 -0.282451 -0.259618 -0.236389 -0.212739 -0.188645 -0.164080 -0.139019 -0.113434 -0.087296 -0.060578 -0.033255 -0.005304 0.023290 0.052532 0.082412 0.112895 0.143910 0.175334 0.206976 0.238544 0.269619 0.299622 0.327789 0.353170 0.374662 0.391113 0.401479 0.405024 0.401479 0.391113 0.374662 0.353170 0.327789 0.299622 0.269619 0.238544 0.206976 0.175334 0.143910 0.112895 0.082412 0.052532 0.023290 -0.005304 -0.033255 -0.060578 -0.087296 -0.113434 -0.139019 -0.164080 -0.188645 -0.212739 -0.236389 -0.259618 -0.282451 -0.304908 
-0.312018 -0.289941 -0.267523 -0.244749 -0.221600 -0.198059 -0.174108 -0.149727 -0.124901 -0.099612 -0.073846 -0.047596 -0.020856 0.006365 0.034049 0.062157 0.090623 0.119344 0.148170 0.176883 0.205185 0.232674 0.258833 0.283020 0.304483 0.322395 0.335934 0.344387 0.347263 0.344387 0.335934 0.322395 0.304483 0.283020 0.258833 0.232674 0.205185 0.176883 0.148170 0.119344 0.090623 0.062157 0.034049 0.006365 -0.020856 -0.047596 -0.073846 -0.099612 -0.124901 -0.149727 -0.174108 -0.198059 -0.221600 -0.244749 -0.267523 -0.289941 -0.312018 
-0.319783 -0.298110 -0.276133 -0.253840 -0.231220 -0.208260 -0.184948 -0.161275 -0.137232 -0.112815 -0.088021 -0.062855 -0.037329 -0.011469 0.014687 0.041080 0.067623 0.094195 0.120628 0.146702 0.172127 0.196536 0.219480 0.240428 0.258788 0.273936 0.285276 0.292306 0.294689 0.292306 0.285276 0.273936 0.258788 0.240428 0.219480 0.196536 0.172127 0.146702 0.120628 0.094195 0.067623 0.041080 0.014687 -0.011469 -0.037329 -0.062855 -0.088021 -0.112815 -0.137232 -0.161275 -0.184948 -0.208260 -0.231220 -0.253840 -0.276133 -0.298110 -0.319783 
-0.328167 -0.306918 -0.285403 -0.263613 -0.241542 -0.219182 -0.196530 -0.173582 -0.150338 -0.126802 -0.102983 -0.078898 -0.054571 -0.030041 -0.005361 0.019395 0.044129 0.068709 0.092965 0.116681 0.139589 0.161361 0.181613 0.199913 0.215790 0.228772 0.238417 0.244364 0.246374 0.244364 0.238417 0.228772 0.215790 0.199913 0.181613 0.161361 0.139589 0.116681 0.092965 0.068709 0.044129 0.019395 -0.005361 -0.030041 -0.054571 -0.078898 -0.102983 -0.126802 -0.150338 -0.173582 -0.196530 -0.219182 -0.241542 -0.263613 -0.285403 -0.306918 -0.328167 
-0.337135 -0.316327 -0.295289 -0.274018 -0.252510 -0.230765 -0.208784 -0.186569 -0.164129 -0.141474 -0.118624 -0.095602 -0.072445 -0.049201 -0.025932 -0.002720 0.020328 0.043080 0.065369 0.086991 0.107702 0.127217 0.145210 0.161328 0.175199 0.186457 0.194771 0.199876 0.201598 0.199876 0.194771 0.186457 0.175199 0.161328 0.145210 0.127217 0.107702 0.086991 0.065369 0.043080 0.020328 -0.002720 -0.025932 -0.049201 -0.072445 -0.095602 -0.118624 -0.141474 -0.164129 -0.186569 -0.208784 -0.230765 -0.252510 -0.274018 -0.295289 -0.316327 -0.337135 
-0.346648 -0.326294 -0.305746 -0.285004 -0.264070 -0.242948 -0.221642 -0.200163 -0.178523 -0.156740 -0.134841 -0.112856 -0.090830 -0.068816 -0.046883 -0.025118 -0.003628 0.017455 0.037974 0.057741 0.076537 0.094117 0.110205 0.124512 0.136742 0.146609 0.153862 0.158300 0.159794 0.158300 0.153862 0.146609 0.136742 0.124512 0.110205 0.094117 0.076537 0.057741 0.037974 0.017455 -0.003628 -0.025118 -0.046883 -0.068816 -0.090830 -0.112856 -0.134841 -0.156740 -0.178523 -0.200163 -0.221642 -0.242948 -0.264070 -0.285004 -0.305746 -0.326294 -0.346648 
-0.356673 -0.336781 -0.316730 -0.296525 -0.276169 -0.255671 -0.235041 -0.214292 -0.193442 -0.172516 -0.151543 -0.130562 -0.109619 -0.088773 -0.068098 -0.047679 -0.027624 -0.008057 0.010874 0.028999 0.046126 0.062040 0.076513 0.089305 0.100179 0.108910 0.115303 0.119204 0.120515 0.119204 0.115303 0.108910 0.100179 0.089305 0.076513 0.062040 0.046126 0.028999 0.010874 -0.008057 -0.027624 -0.047679 -0.068098 -0.088773 -0.109619 -0.130562 -0.151543 -0.172516 -0.193442 -0.214292 -0.235041 -0.255671 -0.276169 -0.296525 -0.316730 -0.336781 -0.356673 
-0.367171 -0.347748 -0.328200 -0.308533 -0.288756 -0.268880 -0.248919 -0.228890 -0.208816 -0.188724 -0.168648 -0.148630 -0.128720 -0.108979 -0.089480 -0.070310 -0.051569 -0.033377 -0.015869 0.000803 0.016469 0.030946 0.044040 0.055555 0.065298 0.073089 0.078775 0.082238 0.083400 0.082238 0.078775 0.073089 0.065298 0.055555 0.044040 0.030946 0.016469 0.000803 -0.015869 -0.033377 -0.051569 -0.070310 -0.089480 -0.108979 -0.128720 -0.148630 -0.168648 -0.188724 -0.208816 -0.228890 -0.248919 -0.268880 -0.288756 -0.308533 -0.328200 -0.347748 -0.367171 
-0.378110 -0.359157 -0.340113 -0.320984 -0.301783 -0.282523 -0.263222 -0.243899 -0.224580 -0.205296 -0.186083 -0.166985 -0.148055 -0.129352 -0.110951 -0.092933 -0.075396 -0.058450 -0.042216 -0.026832 -0.012447 0.000783 0.012695 0.023124 0.031913 0.038919 0.044018 0.047117 0.048157 0.047117 0.044018 0.038919 0.031913 0.023124 0.012695 0.000783 -0.012447 -0.026832 -0.042216 -0.058450 -0.075396 -0.092933 -0.110951 -0.129352 -0.148055 -0.166985 -0.186083 -0.205296 -0.224580 -0.243899 -0.263222 -0.282523 -0.301783 -0.320984 -0.340113 -0.359157 -0.378110 
-0.389454 -0.370973 -0.352430 -0.333836 -0.315204 -0.296551 -0.277896 -0.259261 -0.240675 -0.222170 -0.203784 -0.185562 -0.167556 -0.149828 -0.132447 -0.115492 -0.099055 -0.083235 -0.068145 -0.053906 -0.040646 -0.028503 -0.017613 -0.008114 -0.000134 0.006208 0.010814 0.013609 0.014546 0.013609 0.010814 0.006208 -0.000134 -0.008114 -0.017613 -0.028503 -0.040646 -0.053906 -0.068145 -0.083235 -0.099055 -0.115492 -0.132447 -0.149828 -0.167556 -0.185562 -0.203784 -0.222170 -0.240675 -0.259261 -0.277896 -0.296551 -0.315204 -0.333836 -0.352430 -0.370973 -0.389454 
-0.401172 -0.383160 -0.365115 -0.347049 -0.328977 -0.310919 -0.292894 -0.274927 -0.257049 -0.239291 -0.221694 -0.204303 -0.187169 -0.170351 -0.153917 -0.137942 -0.122508 -0.107710 -0.093647 -0.080426 -0.068161 -0.056969 -0.046967 -0.038269 -0.030984 -0.025207 -0.021020 -0.018482 -0.017631 -0.018482 -0.021020 -0.025207 -0.030984 -0.038269 -0.046967 -0.056969 -0.068161 -0.080426 -0.093647 -0.107710 -0.122508 -0.137942 -0.153917 -0.170351 -0.187169 -0.204303 -0.221694 -0.239291 -0.257049 -0.274927 -0.292894 -0.310919 -0.328977 -0.347049 -0.365115 -0.383160 -0.401172 
-0.413232 -0.395685 -0.378132 -0.360585 -0.343063 -0.325585 -0.308172 -0.290852 -0.273654 -0.256612 -0.239766 -0.223161 -0.206846 -0.190878 -0.175322 -0.160248 -0.145732 -0.131859 -0.118719 -0.106408 -0.095025 -0.084669 -0.075443 -0.067442 -0.060756 -0.055465 -0.051636 -0.049317 -0.048541 -0.049317 -0.051636 -0.055465 -0.060756 -0.067442 -0.075443 -0.084669 -0.095025 -0.106408 -0.118719 -0.131859 -0.145732 -0.160248 -0.175322 -0.190878 -0.206846 -0.223161 -0.239766 -0.256612 -0.273654 -0.290852 -0.308172 -0.325585 -0.343063 -0.360585 -0.378132 -0.395685 -0.413232 
-0.425606 -0.408518 -0.391448 -0.374411 -0.357425 -0.340511 -0.323692 -0.306995 -0.290450 -0.274091 -0.257958 -0.242094 -0.226547 -0.211373 -0.196630 -0.182385 -0.168708 -0.155676 -0.143369 -0.131872 -0.121273 -0.111657 -0.103112 -0.095719 -0.089554 -0.084684 -0.081164 -0.079035 -0.078323 -0.079035 -0.081164 -0.084684 -0.089554 -0.095719 -0.103112 -0.111657 -0.121273 -0.131872 -0.143369 -0.155676 -0.168708 -0.182385 -0.196630 -0.211373 -0.226547 -0.242094 -0.257958 -0.274091 -0.290450 -0.306995 -0.323692 -0.340511 -0.357425 -0.374411 -0.391448 -0.408518 -0.425606 
-0.438264 -0.421628 -0.405032 -0.388493 -0.372030 -0.355663 -0.339417 -0.323319 -0.307399 -0.291691 -0.276233 -0.261068 -0.246242 -0.231806 -0.217817 -0.204336 -0.191426 -0.179158 -0.167604 -0.156839 -0.146939 -0.137981 -0.130037 -0.123179 -0.117471 -0.112968 -0.109717 -0.107752 -0.107095 -0.107752 -0.109717 -0.112968 -0.117471 -0.123179 -0.130037 -0.137981 -0.146939 -0.156839 -0.167604 -0.179158 -0.191426 -0.204336 -0.217817 -0.231806 -0.246242 -0.261068 -0.276233 -0.291691 -0.307399 -0.323319 -0.339417 -0.355663 -0.372030 -0.388493 -0.405032 -0.421628 -0.438264 
-0.451182 -0.434989 -0.418857 -0.402803 -0.386847 -0.371010 -0.355316 -0.339793 -0.324470 -0.309381 -0.294562 -0.280055 -0.265904 -0.252156 -0.238866 -0.226087 -0.213881 -0.202310 -0.191438 -0.181332 -0.172059 -0.163686 -0.156276 -0.149891 -0.144584 -0.140404 -0.137389 -0.135568 -0.134959 -0.135568 -0.137389 -0.140404 -0.144584 -0.149891 -0.156276 -0.163686 -0.172059 -0.181332 -0.191438 -0.202310 -0.213881 -0.226087 -0.238866 -0.252156 -0.265904 -0.280055 -0.294562 -0.309381 -0.324470 -0.339793 -0.355316 -0.371010 -0.386847 -0.402803 -0.418857 -0.434989 -0.451182 
-0.464334 -0.448575 -0.432895 -0.417313 -0.401849 -0.386523 -0.371360 -0.356387 -0.341634 -0.327132 -0.312918 -0.299030 -0.285510 -0.272405 -0.259761 -0.247632 -0.236071 -0.225135 -0.214882 -0.205372 -0.196664 -0.188815 -0.181882 -0.175916 -0.170965 -0.167069 -0.164262 -0.162568 -0.162001 -0.162568 -0.164262 -0.167069 -0.170965 -0.175916 -0.181882 -0.188815 -0.196664 -0.205372 -0.214882 -0.225135 -0.236071 -0.247632 -0.259761 -0.272405 -0.285510 -0.299030 -0.312918 -0.327132 -0.341634 -0.356387 -0.371360 -0.386523 -0.401849 -0.417313 -0.432895 -0.448575 -0.464334 
-0.477698 -0.462362 -0.447123 -0.431999 -0.417009 -0.402176 -0.387523 -0.373077 -0.358866 -0.344922 -0.331279 -0.317973 -0.305045 -0.292537 -0.280494 -0.268964 -0.257996 -0.247642 -0.237953 -0.228983 -0.220784 -0.213406 -0.206900 -0.201309 -0.196675 -0.193032 -0.190409 -0.188826 -0.188297 -0.188826 -0.190409 -0.193032 -0.196675 -0.201309 -0.206900 -0.213406 -0.220784 -0.228983 -0.237953 -0.247642 -0.257996 -0.268964 -0.280494 -0.292537 -0.305045 -0.317973 -0.331279 -0.344922 -0.358866 -0.373077 -0.387523 -0.402176 -0.417009 -0.431999 -0.447123 -0.462362 -0.477698 
-0.491252 -0.476329 -0.461518 -0.446837 -0.432307 -0.417947 -0.403783 -0.389840 -0.376146 -0.362730 -0.349626 -0.336868 -0.324494 -0.312544 -0.301059 -0.290082 -0.279660 -0.269839 -0.260665 -0.252185 -0.244447 -0.237496 -0.231373 -0.226118 -0.221767 -0.218350 -0.215891 -0.214409 -0.213913 -0.214409 -0.215891 -0.218350 -0.221767 -0.226118 -0.231373 -0.237496 -0.244447 -0.252185 -0.260665 -0.269839 -0.279660 -0.290082 -0.301059 -0.312544 -0.324494 -0.336868 -0.349626 -0.362730 -0.376146 -0.389840 -0.403783 -0.417947 -0.432307 -0.446837 -0.461518 -0.476329 -0.491252 
-0.504978 -0.490455 -0.476059 -0.461808 -0.447719 -0.433816 -0.420120 -0.406657 -0.393454 -0.380539 -0.367944 -0.355701 -0.343847 -0.332417 -0.321450 -0.310986 -0.301067 -0.291735 -0.283032 -0.275001 -0.267682 -0.261116 -0.255339 -0.250388 -0.246291 -0.243077 -0.240765 -0.239371 -0.238906 -0.239371 -0.240765 -0.243077 -0.246291 -0.250388 -0.255339 -0.261116 -0.267682 -0.275001 -0.283032 -0.291735 -0.301067 -0.310986 -0.321450 -0.332417 -0.343847 -0.355701 -0.367944 -0.380539 -0.393454 -0.406657 -0.420120 -0.433816 -0.447719 -0.461808 -0.476059 -0.490455 -0.504978 
-0.518855 -0.504723 -0.490729 -0.476891 -0.463229 -0.449763 -0.436515 -0.423511 -0.410774 -0.398334 -0.386220 -0.374462 -0.363094 -0.352150 -0.341665 -0.331677 -0.322223 -0.313342 -0.305071 -0.297449 -0.290512 -0.284296 -0.278833 -0.274156 -0.270289 -0.267257 -0.265077 -0.263764 -0.263325 -0.263764 -0.265077 -0.267257 -0.270289 -0.274156 -0.278833 -0.284296 -0.290512 -0.297449 -0.305071 -0.313342 -0.322223 -0.331677 -0.341665 -0.352150 -0.363094 -0.374462 -0.386220 -0.398334 -0.410774 -0.423511 -0.436515 -0.449763 -0.463229 -0.476891 -0.490729 -0.504723 -0.518855 
