53 53
5.145285e-01 0 5
-0.864481 -0.849284 -0.834247 -0.819393 -0.804746 -0.790332 -0.776180 -0.762321 -0.748787 -0.735616 -0.722844 -0.710513 -0.698665 -0.687345 -0.676598 -0.666473 -0.657018 -0.648280 -0.640307 -0.633146 -0.626839 -0.621427 -0.616946 -0.613427 -0.610895 -0.609369 -0.608858 -0.609369 -0.610895 -0.613427 -0.616946 -0.621427 -0.626839 -0.633146 -0.640307 -0.648280 -0.657018 -0.666473 -0.676598 -0.687345 -0.698665 -0.710513 -0.722844 -0.735616 -0.748787 -0.762321 -0.776180 -0.790332 -0.804746 -0.819393 -0.834247 -0.849284 -0.864481 
-0.849586 -0.833935 -0.818430 -0.803091 -0.787945 -0.773017 -0.758338 -0.743939 -0.729855 -0.716123 -0.702786 -0.689885 -0.677468 -0.665582 -0.654278 -0.643608 -0.633627 -0.624388 -0.615944 -0.608348 -0.601649 -0.595893 -0.591123 -0.587373 -0.584674 -0.583045 -0.582501 -0.583045 -0.584674 -0.587373 -0.591123 -0.595893 -0.601649 -0.608348 -0.615944 -0.624388 -0.633627 -0.643608 -0.654278 -0.665582 -0.677468 -0.689885 -0.702786 -0.716123 -0.729855 -0.743939 -0.758338 -0.773017 -0.787945 -0.803091 -0.818430 -0.833935 -0.849586 
-0.834869 -0.818751 -0.802760 -0.786918 -0.771251 -0.755785 -0.740552 -0.725583 -0.710916 -0.696590 -0.682649 -0.669137 -0.656106 -0.643608 -0.631699 -0.620436 -0.609878 -0.600087 -0.591123 -0.583045 -0.575910 -0.569772 -0.564678 -0.560670 -0.557781 -0.556038 -0.555456 -0.556038 -0.557781 -0.560670 -0.564678 -0.569772 -0.575910 -0.583045 -0.591123 -0.600087 -0.609878 -0.620436 -0.631699 -0.643608 -0.656106 -0.669137 -0.682649 -0.696590 -0.710916 -0.725583 -0.740552 -0.755785 -0.771251 -0.786918 -0.802760 -0.818751 -0.834869 
-0.820354 -0.803754 -0.787261 -0.770897 -0.754687 -0.738660 -0.722844 -0.707276 -0.691992 -0.677033 -0.662446 -0.648280 -0.634588 -0.621427 -0.608858 -0.596946 -0.585756 -0.575356 -0.565815 -0.557201 -0.549580 -0.543012 -0.537554 -0.533255 -0.530155 -0.528282 -0.527656 -0.528282 -0.530155 -0.533255 -0.537554 -0.543012 -0.549580 -0.557201 -0.565815 -0.575356 -0.585756 -0.596946 -0.608858 -0.621427 -0.634588 -0.648280 -0.662446 -0.677033 -0.691992 -0.707276 -0.722844 -0.738660 -0.754687 -0.770897 -0.787261 -0.803754 -0.820354 
-0.806066 -0.788970 -0.771958 -0.755054 -0.738280 -0.721665 -0.705240 -0.689040 -0.673103 -0.657473 -0.642197 -0.627327 -0.612922 -0.599043 -0.585756 -0.573132 -0.561245 -0.550171 -0.539989 -0.530777 -0.522609 -0.515558 -0.509690 -0.505061 -0.501720 -0.499700 -0.499025 -0.499700 -0.501720 -0.505061 -0.509690 -0.515558 -0.522609 -0.530777 -0.539989 -0.550171 -0.561245 -0.573132 -0.585756 -0.599043 -0.612922 -0.627327 -0.642197 -0.657473 -0.673103 -0.689040 -0.705240 -0.721665 -0.738280 -0.755054 -0.771958 -0.788970 -0.806066 
-0.792030 -0.774426 -0.756881 -0.739417 -0.722059 -0.704832 -0.687769 -0.670904 -0.654278 -0.637934 -0.621922 -0.606298 -0.591123 -0.576463 -0.562392 -0.548987 -0.536331 -0.524510 -0.513612 -0.503728 -0.494945 -0.487347 -0.481012 -0.476008 -0.472391 -0.470203 -0.469471 -0.470203 -0.472391 -0.476008 -0.481012 -0.487347 -0.494945 -0.503728 -0.513612 -0.524510 -0.536331 -0.548987 -0.562392 -0.576463 -0.591123 -0.606298 -0.621922 -0.637934 -0.654278 -0.670904 -0.687769 -0.704832 -0.722059 -0.739417 -0.756881 -0.774426 -0.792030 
-0.778277 -0.760152 -0.742060 -0.724020 -0.706056 -0.688193 -0.670463 -0.652901 -0.635547 -0.618445 -0.601649 -0.585215 -0.569209 -0.553702 -0.538774 -0.524510 -0.511002 -0.498348 -0.486649 -0.476008 -0.466528 -0.458308 -0.451439 -0.446004 -0.442070 -0.439689 -0.438892 -0.439689 -0.442070 -0.446004 -0.451439 -0.458308 -0.466528 -0.476008 -0.486649 -0.498348 -0.511002 -0.524510 -0.538774 -0.553702 -0.569209 -0.585215 -0.601649 -0.618445 -0.635547 -0.652901 -0.670463 -0.688193 -0.706056 -0.724020 -0.742060 -0.760152 -0.778277 
-0.764838 -0.746183 -0.727530 -0.708897 -0.690307 -0.671785 -0.653360 -0.635067 -0.616946 -0.599043 -0.581410 -0.564107 -0.547204 -0.530777 -0.514911 -0.499700 -0.485248 -0.471663 -0.459063 -0.447565 -0.437292 -0.428359 -0.420876 -0.414944 -0.410643 -0.408037 -0.407163 -0.408037 -0.410643 -0.414944 -0.420876 -0.428359 -0.437292 -0.447565 -0.459063 -0.471663 -0.485248 -0.499700 -0.514911 -0.530777 -0.547204 -0.564107 -0.581410 -0.599043 -0.616946 -0.635067 -0.653360 -0.671785 -0.690307 -0.708897 -0.727530 -0.746183 -0.764838 
-0.751747 -0.732552 -0.713327 -0.694088 -0.674854 -0.655650 -0.636503 -0.617446 -0.598519 -0.579768 -0.561245 -0.543012 -0.525141 -0.507713 -0.490820 -0.474566 -0.459063 -0.444436 -0.430817 -0.418346 -0.407163 -0.397409 -0.389215 -0.382703 -0.377974 -0.375104 -0.374141 -0.375104 -0.377974 -0.382703 -0.389215 -0.397409 -0.407163 -0.418346 -0.430817 -0.444436 -0.459063 -0.474566 -0.490820 -0.507713 -0.525141 -0.543012 -0.561245 -0.579768 -0.598519 -0.617446 -0.636503 -0.655650 -0.674854 -0.694088 -0.713327 -0.732552 -0.751747 
-0.739039 -0.719299 -0.699492 -0.679634 -0.659741 -0.639834 -0.619939 -0.600087 -0.580316 -0.560670 -0.541201 -0.521974 -0.503060 -0.484545 -0.466528 -0.449120 -0.432447 -0.416649 -0.401877 -0.388293 -0.376063 -0.365355 -0.356331 -0.349139 -0.343903 -0.340721 -0.339654 -0.340721 -0.343903 -0.349139 -0.356331 -0.365355 -0.376063 -0.388293 -0.401877 -0.416649 -0.432447 -0.449120 -0.466528 -0.484545 -0.503060 -0.521974 -0.541201 -0.560670 -0.580316 -0.600087 -0.619939 -0.639834 -0.659741 -0.679634 -0.699492 -0.719299 -0.739039 
-0.726752 -0.706463 -0.686069 -0.665582 -0.645015 -0.624388 -0.603722 -0.583045 -0.562392 -0.541806 -0.521337 -0.501048 -0.481012 -0.461319 -0.442070 -0.423388 -0.405410 -0.388293 -0.372209 -0.357346 -0.343903 -0.332082 -0.322080 -0.314080 -0.308242 -0.304688 -0.303494 -0.304688 -0.308242 -0.314080 -0.322080 -0.332082 -0.343903 -0.357346 -0.372209 -0.388293 -0.405410 -0.423388 -0.442070 -0.461319 -0.481012 -0.501048 -0.521337 -0.541806 -0.562392 -0.583045 -0.603722 -0.624388 -0.645015 -0.665582 -0.686069 -0.706463 -0.726752 
-0.714927 -0.694088 -0.673103 -0.651981 -0.630731 -0.609369 -0.587911 -0.566383 -0.544814 -0.523244 -0.501720 -0.480301 -0.459063 -0.438093 -0.417499 -0.397409 -0.377974 -0.359367 -0.341785 -0.325448 -0.310590 -0.297457 -0.286293 -0.277328 -0.270764 -0.266759 -0.265412 -0.266759 -0.270764 -0.277328 -0.286293 -0.297457 -0.310590 -0.325448 -0.341785 -0.359367 -0.377974 -0.397409 -0.417499 -0.438093 -0.459063 -0.480301 -0.501720 -0.523244 -0.544814 -0.566383 -0.587911 -0.609369 -0.630731 -0.651981 -0.673103 -0.694088 -0.714927 
-0.703606 -0.682219 -0.660644 -0.638885 -0.616946 -0.594838 -0.572574 -0.550171 -0.527656 -0.505061 -0.482429 -0.459816 -0.437292 -0.414944 -0.392881 -0.371238 -0.350176 -0.329886 -0.310590 -0.292544 -0.276026 -0.261336 -0.248778 -0.238645 -0.231196 -0.226637 -0.225103 -0.226637 -0.231196 -0.238645 -0.248778 -0.261336 -0.276026 -0.292544 -0.310590 -0.329886 -0.350176 -0.371238 -0.392881 -0.414944 -0.437292 -0.459816 -0.482429 -0.505061 -0.527656 -0.550171 -0.572574 -0.594838 -0.616946 -0.638885 -0.660644 -0.682219 -0.703606 
-0.692831 -0.670904 -0.648744 -0.626350 -0.603722 -0.580863 -0.557781 -0.534488 -0.511002 -0.487347 -0.463560 -0.439689 -0.415797 -0.391969 -0.368310 -0.344957 -0.322080 -0.299886 -0.278625 -0.258589 -0.240113 -0.223560 -0.209313 -0.197747 -0.189204 -0.183958 -0.182189 -0.183958 -0.189204 -0.197747 -0.209313 -0.223560 -0.240113 -0.258589 -0.278625 -0.299886 -0.322080 -0.344957 -0.368310 -0.391969 -0.415797 -0.439689 -0.463560 -0.487347 -0.511002 -0.534488 -0.557781 -0.580863 -0.603722 -0.626350 -0.648744 -0.670904 -0.692831 
-0.682649 -0.660193 -0.637457 -0.614436 -0.591123 -0.567516 -0.543614 -0.519421 -0.494945 -0.470203 -0.445221 -0.420035 -0.394700 -0.369289 -0.343903 -0.318676 -0.293779 -0.269435 -0.245917 -0.223560 -0.202758 -0.183958 -0.167642 -0.154298 -0.144382 -0.138268 -0.136200 -0.138268 -0.144382 -0.154298 -0.167642 -0.183958 -0.202758 -0.223560 -0.245917 -0.269435 -0.293779 -0.318676 -0.343903 -0.369289 -0.394700 -0.420035 -0.445221 -0.470203 -0.494945 -0.519421 -0.543614 -0.567516 -0.591123 -0.614436 -0.637457 -0.660193 -0.682649 
-0.673103 -0.650134 -0.626839 -0.603204 -0.579219 -0.554872 -0.530155 -0.505061 -0.479589 -0.453743 -0.427535 -0.400988 -0.374141 -0.347054 -0.319814 -0.292544 -0.265412 -0.238645 -0.212537 -0.187466 -0.163891 -0.142358 -0.123480 -0.107899 -0.096231 -0.088996 -0.086543 -0.088996 -0.096231 -0.107899 -0.123480 -0.142358 -0.163891 -0.187466 -0.212537 -0.238645 -0.265412 -0.292544 -0.319814 -0.347054 -0.374141 -0.400988 -0.427535 -0.453743 -0.479589 -0.505061 -0.530155 -0.554872 -0.579219 -0.603204 -0.626839 -0.650134 -0.673103 
-0.664241 -0.640781 -0.616946 -0.592719 -0.568081 -0.543012 -0.517494 -0.491511 -0.465047 -0.438093 -0.410643 -0.382703 -0.354292 -0.325448 -0.296236 -0.266759 -0.237169 -0.207688 -0.178618 -0.150372 -0.123480 -0.098603 -0.076517 -0.058076 -0.044131 -0.035423 -0.032459 -0.035423 -0.044131 -0.058076 -0.076517 -0.098603 -0.123480 -0.150372 -0.178618 -0.207688 -0.237169 -0.266759 -0.296236 -0.325448 -0.354292 -0.382703 -0.410643 -0.438093 -0.465047 -0.491511 -0.517494 -0.543012 -0.568081 -0.592719 -0.616946 -0.640781 -0.664241 
-0.656106 -0.632182 -0.607836 -0.583045 -0.557781 -0.532018 -0.505726 -0.478876 -0.451439 -0.423388 -0.394700 -0.365355 -0.335348 -0.304688 -0.273406 -0.241574 -0.209313 -0.176817 -0.144382 -0.112437 -0.081574 -0.052580 -0.026437 -0.004285 0.012679 0.023374 0.027032 0.023374 0.012679 -0.004285 -0.026437 -0.052580 -0.081574 -0.112437 -0.144382 -0.176817 -0.209313 -0.241574 -0.273406 -0.304688 -0.335348 -0.365355 -0.394700 -0.423388 -0.451439 -0.478876 -0.505726 -0.532018 -0.557781 -0.583045 -0.607836 -0.632182 -0.656106 
-0.648744 -0.624388 -0.599565 -0.574245 -0.548394 -0.521974 -0.494945 -0.467266 -0.438892 -0.409776 -0.379873 -0.349139 -0.317533 -0.285028 -0.251613 -0.217311 -0.182189 -0.146393 -0.110177 -0.073954 -0.038355 -0.004285 0.027032 0.054073 0.075131 0.088576 0.093206 0.088576 0.075131 0.054073 0.027032 -0.004285 -0.038355 -0.073954 -0.110177 -0.146393 -0.182189 -0.217311 -0.251613 -0.285028 -0.317533 -0.349139 -0.379873 -0.409776 -0.438892 -0.467266 -0.494945 -0.521974 -0.548394 -0.574245 -0.599565 -0.624388 -0.648744 
-0.642197 -0.617446 -0.592188 -0.566383 -0.539989 -0.512961 -0.485248 -0.456793 -0.427535 -0.397409 -0.366343 -0.334263 -0.301093 -0.266759 -0.231196 -0.194359 -0.156242 -0.116905 -0.076517 -0.035423 0.005770 0.046076 0.084022 0.117590 0.144322 0.161690 0.167729 0.161690 0.144322 0.117590 0.084022 0.046076 0.005770 -0.035423 -0.076517 -0.116905 -0.156242 -0.194359 -0.231196 -0.266759 -0.301093 -0.334263 -0.366343 -0.397409 -0.427535 -0.456793 -0.485248 -0.512961 -0.539989 -0.566383 -0.592188 -0.617446 -0.642197 
-0.636503 -0.611403 -0.585756 -0.559517 -0.532637 -0.505061 -0.476727 -0.447565 -0.417499 -0.386440 -0.354292 -0.320949 -0.286293 -0.250199 -0.212537 -0.173181 -0.132022 -0.088996 -0.044131 0.002378 0.050046 0.097915 0.144322 0.186676 0.221435 0.244579 0.252740 0.244579 0.221435 0.186676 0.144322 0.097915 0.050046 0.002378 -0.044131 -0.088996 -0.132022 -0.173181 -0.212537 -0.250199 -0.286293 -0.320949 -0.354292 -0.386440 -0.417499 -0.447565 -0.476727 -0.505061 -0.532637 -0.559517 -0.585756 -0.611403 -0.636503 
-0.631699 -0.606298 -0.580316 -0.553702 -0.526401 -0.498348 -0.469471 -0.439689 -0.408908 -0.377020 -0.343903 -0.309418 -0.273406 -0.235687 -0.196058 -0.154298 -0.110177 -0.063468 -0.013993 0.038302 0.093206 0.149992 0.207007 0.261146 0.307421 0.339332 0.350820 0.339332 0.307421 0.261146 0.207007 0.149992 0.093206 0.038302 -0.013993 -0.063468 -0.110177 -0.154298 -0.196058 -0.235687 -0.273406 -0.309418 -0.343903 -0.377020 -0.408908 -0.439689 -0.469471 -0.498348 -0.526401 -0.553702 -0.580316 -0.606298 -0.631699 
-0.627815 -0.602168 -0.575910 -0.548987 -0.521337 -0.492888 -0.463560 -0.433259 -0.401877 -0.369289 -0.335348 -0.299886 -0.262701 -0.223560 -0.182189 -0.138268 -0.091428 -0.041258 0.012679 0.070790 0.133319 0.200064 0.269812 0.339332 0.402046 0.447516 0.464409 0.447516 0.402046 0.339332 0.269812 0.200064 0.133319 0.070790 0.012679 -0.041258 -0.091428 -0.138268 -0.182189 -0.223560 -0.262701 -0.299886 -0.335348 -0.369289 -0.401877 -0.433259 -0.463560 -0.492888 -0.521337 -0.548987 -0.575910 -0.602168 -0.627815 
-0.624879 -0.599043 -0.572574 -0.545413 -0.517494 -0.488740 -0.459063 -0.428359 -0.396508 -0.363371 -0.328782 -0.292544 -0.254423 -0.214137 -0.171346 -0.125639 -0.076517 -0.023377 0.034495 0.097915 0.167729 0.244579 0.328291 0.416421 0.501443 0.567503 0.593231 0.567503 0.501443 0.416421 0.328291 0.244579 0.167729 0.097915 0.034495 -0.023377 -0.076517 -0.125639 -0.171346 -0.214137 -0.254423 -0.292544 -0.328782 -0.363371 -0.396508 -0.428359 -0.459063 -0.488740 -0.517494 -0.545413 -0.572574 -0.599043 -0.624879 
-0.622910 -0.596946 -0.570334 -0.543012 -0.514911 -0.485949 -0.456033 -0.425053 -0.392881 -0.359367 -0.324329 -0.287553 -0.248778 -0.207688 -0.163891 -0.116905 -0.066126 -0.010794 0.050046 0.117590 0.193289 0.278753 0.375287 0.482341 0.593231 0.686859 0.725693 0.686859 0.593231 0.482341 0.375287 0.278753 0.193289 0.117590 0.050046 -0.010794 -0.066126 -0.116905 -0.163891 -0.207688 -0.248778 -0.287553 -0.324329 -0.359367 -0.392881 -0.425053 -0.456033 -0.485949 -0.514911 -0.543012 -0.570334 -0.596946 -0.622910 
-0.621922 -0.595893 -0.569209 -0.541806 -0.513612 -0.484545 -0.454508 -0.423388 -0.391053 -0.357346 -0.322080 -0.285028 -0.245917 -0.204410 -0.160091 -0.112437 -0.060785 -0.004285 0.058159 0.127976 0.207007 0.297538 0.402046 0.521870 0.652362 0.770048 0.821654 0.770048 0.652362 0.521870 0.402046 0.297538 0.207007 0.127976 0.058159 -0.004285 -0.060785 -0.112437 -0.160091 -0.204410 -0.245917 -0.285028 -0.322080 -0.357346 -0.391053 -0.423388 -0.454508 -0.484545 -0.513612 -0.541806 -0.569209 -0.595893 -0.621922 
-0.621798 -0.595762 -0.569068 -0.541655 -0.513450 -0.484369 -0.454317 -0.423180 -0.390824 -0.357093 -0.321797 -0.284711 -0.245557 -0.203998 -0.159613 -0.111874 -0.060110 -0.003461 0.059190 0.129302 0.208770 0.299976 0.405572 0.527205 0.660629 0.782184 0.835971 0.782184 0.660629 0.527205 0.405572 0.299976 0.208770 0.129302 0.059190 -0.003461 -0.060110 -0.111874 -0.159613 -0.203998 -0.245557 -0.284711 -0.321797 -0.357093 -0.390824 -0.423180 -0.454317 -0.484369 -0.513450 -0.541655 -0.569068 -0.595762 -0.621798 
-0.621927 -0.595899 -0.569215 -0.541812 -0.513619 -0.484553 -0.454516 -0.423397 -0.391063 -0.357357 -0.322092 -0.285042 -0.245933 -0.204428 -0.160112 -0.112461 -0.060814 -0.004321 0.058114 0.127919 0.206931 0.297432 0.401893 0.521640 0.652008 0.769531 0.821046 0.769531 0.652008 0.521640 0.401893 0.297432 0.206931 0.127919 0.058114 -0.004321 -0.060814 -0.112461 -0.160112 -0.204428 -0.245933 -0.285042 -0.322092 -0.357357 -0.391063 -0.423397 -0.454516 -0.484553 -0.513619 -0.541812 -0.569215 -0.595899 -0.621927 
-0.622926 -0.596963 -0.570352 -0.543031 -0.514932 -0.485972 -0.456057 -0.425080 -0.392911 -0.359399 -0.324365 -0.287594 -0.248824 -0.207740 -0.163952 -0.116977 -0.066211 -0.010898 0.049916 0.117425 0.193073 0.278459 0.374874 0.481744 0.592363 0.685680 0.724358 0.685680 0.592363 0.481744 0.374874 0.278459 0.193073 0.117425 0.049916 -0.010898 -0.066211 -0.116977 -0.163952 -0.207740 -0.248824 -0.287594 -0.324365 -0.359399 -0.392911 -0.425080 -0.456057 -0.485972 -0.514932 -0.543031 -0.570352 -0.596963 -0.622926 
-0.624906 -0.599071 -0.572604 -0.545445 -0.517529 -0.488778 -0.459103 -0.428403 -0.396557 -0.363425 -0.328841 -0.292611 -0.254498 -0.214223 -0.171445 -0.125755 -0.076654 -0.023543 0.034291 0.097659 0.167401 0.244147 0.327708 0.415629 0.500382 0.566179 0.591788 0.566179 0.500382 0.415629 0.327708 0.244147 0.167401 0.097659 0.034291 -0.023543 -0.076654 -0.125755 -0.171445 -0.214223 -0.254498 -0.292611 -0.328841 -0.363425 -0.396557 -0.428403 -0.459103 -0.488778 -0.517529 -0.545445 -0.572604 -0.599071 -0.624906 
-0.627852 -0.602207 -0.575952 -0.549032 -0.521385 -0.492940 -0.463616 -0.433320 -0.401944 -0.369362 -0.335430 -0.299977 -0.262803 -0.223677 -0.182323 -0.138423 -0.091610 -0.041475 0.012416 0.070466 0.132913 0.199548 0.269149 0.338485 0.400991 0.446282 0.463102 0.446282 0.400991 0.338485 0.269149 0.199548 0.132913 0.070466 0.012416 -0.041475 -0.091610 -0.138423 -0.182323 -0.223677 -0.262803 -0.299977 -0.335430 -0.369362 -0.401944 -0.433320 -0.463616 -0.492940 -0.521385 -0.549032 -0.575952 -0.602207 -0.627852 
-0.631746 -0.606348 -0.580369 -0.553759 -0.526462 -0.498413 -0.469542 -0.439766 -0.408992 -0.377112 -0.344005 -0.309532 -0.273534 -0.235831 -0.196222 -0.154487 -0.110396 -0.063726 -0.014301 0.037931 0.092755 0.149437 0.206327 0.260321 0.306449 0.338244 0.349687 0.338244 0.306449 0.260321 0.206327 0.149437 0.092755 0.037931 -0.014301 -0.063726 -0.110396 -0.154487 -0.196222 -0.235831 -0.273534 -0.309532 -0.344005 -0.377112 -0.408992 -0.439766 -0.469542 -0.498413 -0.526462 -0.553759 -0.580369 -0.606348 -0.631746 
-0.636560 -0.611463 -0.585820 -0.559585 -0.532710 -0.505140 -0.476812 -0.447658 -0.417599 -0.386550 -0.354413 -0.321083 -0.286442 -0.250367 -0.212727 -0.173397 -0.132271 -0.089285 -0.044469 0.001979 0.049573 0.097354 0.143659 0.185904 0.220560 0.243629 0.251762 0.243629 0.220560 0.185904 0.143659 0.097354 0.049573 0.001979 -0.044469 -0.089285 -0.132271 -0.173397 -0.212727 -0.250367 -0.286442 -0.321083 -0.354413 -0.386550 -0.417599 -0.447658 -0.476812 -0.505140 -0.532710 -0.559585 -0.585820 -0.611463 -0.636560 
-0.642263 -0.617516 -0.592262 -0.566462 -0.540074 -0.513052 -0.485346 -0.456899 -0.427650 -0.397535 -0.366481 -0.334415 -0.301261 -0.266947 -0.231406 -0.194597 -0.156513 -0.117215 -0.076873 -0.035834 0.005293 0.045525 0.083391 0.116878 0.143538 0.160856 0.166877 0.160856 0.143538 0.116878 0.083391 0.045525 0.005293 -0.035834 -0.076873 -0.117215 -0.156513 -0.194597 -0.231406 -0.266947 -0.301261 -0.334415 -0.366481 -0.397535 -0.427650 -0.456899 -0.485346 -0.513052 -0.540074 -0.566462 -0.592262 -0.617516 -0.642263 
-0.648819 -0.624467 -0.599649 -0.574335 -0.548490 -0.522076 -0.495055 -0.467385 -0.439021 -0.409916 -0.380026 -0.349306 -0.317718 -0.285232 -0.251841 -0.217565 -0.182475 -0.146716 -0.110542 -0.074369 -0.038826 -0.004816 0.026439 0.053419 0.074426 0.087837 0.092454 0.087837 0.074426 0.053419 0.026439 -0.004816 -0.038826 -0.074369 -0.110542 -0.146716 -0.182475 -0.217565 -0.251841 -0.285232 -0.317718 -0.349306 -0.380026 -0.409916 -0.439021 -0.467385 -0.495055 -0.522076 -0.548490 -0.574335 -0.599649 -0.624467 -0.648819 
-0.656190 -0.632270 -0.607930 -0.583144 -0.557887 -0.532131 -0.505847 -0.479006 -0.451580 -0.423541 -0.394865 -0.365536 -0.335546 -0.304905 -0.273647 -0.241841 -0.209609 -0.177147 -0.144751 -0.112848 -0.082032 -0.053087 -0.026993 -0.004887 0.012041 0.022711 0.026360 0.022711 0.012041 -0.004887 -0.026993 -0.053087 -0.082032 -0.112848 -0.144751 -0.177147 -0.209609 -0.241841 -0.273647 -0.304905 -0.335546 -0.365536 -0.394865 -0.423541 -0.451580 -0.479006 -0.505847 -0.532131 -0.557887 -0.583144 -0.607930 -0.632270 -0.656190 
-0.664332 -0.640877 -0.617048 -0.592828 -0.568196 -0.543135 -0.517626 -0.491652 -0.465199 -0.438256 -0.410820 -0.382895 -0.354501 -0.325676 -0.296486 -0.267033 -0.237471 -0.208020 -0.178985 -0.150776 -0.123923 -0.099085 -0.077038 -0.058631 -0.044715 -0.036024 -0.033067 -0.036024 -0.044715 -0.058631 -0.077038 -0.099085 -0.123923 -0.150776 -0.178985 -0.208020 -0.237471 -0.267033 -0.296486 -0.325676 -0.354501 -0.382895 -0.410820 -0.438256 -0.465199 -0.491652 -0.517626 -0.543135 -0.568196 -0.592828 -0.617048 -0.640877 -0.664332 
-0.673202 -0.650239 -0.626949 -0.603321 -0.579343 -0.555004 -0.530295 -0.505211 -0.479750 -0.453916 -0.427721 -0.401189 -0.374359 -0.347290 -0.320071 -0.292823 -0.265717 -0.238977 -0.212899 -0.187859 -0.164317 -0.142817 -0.123969 -0.108415 -0.096768 -0.089547 -0.087099 -0.089547 -0.096768 -0.108415 -0.123969 -0.142817 -0.164317 -0.187859 -0.212899 -0.238977 -0.265717 -0.292823 -0.320071 -0.347290 -0.374359 -0.401189 -0.427721 -0.453916 -0.479750 -0.505211 -0.530295 -0.555004 -0.579343 -0.603321 -0.626949 -0.650239 -0.673202 
-0.682755 -0.660304 -0.637575 -0.614560 -0.591255 -0.567655 -0.543762 -0.519579 -0.495114 -0.470384 -0.445415 -0.420243 -0.394924 -0.369530 -0.344164 -0.318958 -0.294084 -0.269764 -0.246272 -0.223942 -0.203168 -0.184394 -0.168102 -0.154780 -0.144881 -0.138776 -0.136713 -0.138776 -0.144881 -0.154780 -0.168102 -0.184394 -0.203168 -0.223942 -0.246272 -0.269764 -0.294084 -0.318958 -0.344164 -0.369530 -0.394924 -0.420243 -0.445415 -0.470384 -0.495114 -0.519579 -0.543762 -0.567655 -0.591255 -0.614560 -0.637575 -0.660304 -0.682755 
-0.692944 -0.671023 -0.648869 -0.626481 -0.603861 -0.581010 -0.557937 -0.534654 -0.511178 -0.487535 -0.463761 -0.439903 -0.416027 -0.392214 -0.368573 -0.345240 -0.322383 -0.300211 -0.278972 -0.258960 -0.240506 -0.223975 -0.209748 -0.198199 -0.189669 -0.184432 -0.182665 -0.184432 -0.189669 -0.198199 -0.209748 -0.223975 -0.240506 -0.258960 -0.278972 -0.300211 -0.322383 -0.345240 -0.368573 -0.392214 -0.416027 -0.439903 -0.463761 -0.487535 -0.511178 -0.534654 -0.557937 -0.581010 -0.603861 -0.626481 -0.648869 -0.671023 -0.692944 
-0.703724 -0.682344 -0.660775 -0.639023 -0.617091 -0.594991 -0.572736 -0.550343 -0.527838 -0.505254 -0.482635 -0.460035 -0.437524 -0.415192 -0.393146 -0.371520 -0.350476 -0.330205 -0.310930 -0.292903 -0.276405 -0.261733 -0.249191 -0.239072 -0.231633 -0.227081 -0.225549 -0.227081 -0.231633 -0.239072 -0.249191 -0.261733 -0.276405 -0.292903 -0.310930 -0.330205 -0.350476 -0.371520 -0.393146 -0.415192 -0.437524 -0.460035 -0.482635 -0.505254 -0.527838 -0.550343 -0.572736 -0.594991 -0.617091 -0.639023 -0.660775 -0.682344 -0.703724 
-0.715052 -0.694218 -0.673240 -0.652124 -0.630882 -0.609528 -0.588079 -0.566560 -0.545001 -0.523441 -0.501929 -0.480523 -0.459298 -0.438342 -0.417763 -0.397689 -0.378270 -0.359681 -0.342116 -0.325796 -0.310955 -0.297837 -0.286686 -0.277733 -0.271178 -0.267177 -0.265832 -0.267177 -0.271178 -0.277733 -0.286686 -0.297837 -0.310955 -0.325796 -0.342116 -0.359681 -0.378270 -0.397689 -0.417763 -0.438342 -0.459298 -0.480523 -0.501929 -0.523441 -0.545001 -0.566560 -0.588079 -0.609528 -0.630882 -0.652124 -0.673240 -0.694218 -0.715052 
-0.726882 -0.706598 -0.686211 -0.665730 -0.645171 -0.624552 -0.603894 -0.583226 -0.562583 -0.542007 -0.521549 -0.501272 -0.481249 -0.461568 -0.442334 -0.423666 -0.405703 -0.388601 -0.372532 -0.357684 -0.344255 -0.332446 -0.322456 -0.314466 -0.308635 -0.305084 -0.303892 -0.305084 -0.308635 -0.314466 -0.322456 -0.332446 -0.344255 -0.357684 -0.372532 -0.388601 -0.405703 -0.423666 -0.442334 -0.461568 -0.481249 -0.501272 -0.521549 -0.542007 -0.562583 -0.583226 -0.603894 -0.624552 -0.645171 -0.665730 -0.686211 -0.706598 -0.726882 
-0.739173 -0.719439 -0.699639 -0.679787 -0.659901 -0.640002 -0.620115 -0.600272 -0.580510 -0.560874 -0.541416 -0.522199 -0.503297 -0.484795 -0.466790 -0.449395 -0.432735 -0.416951 -0.402192 -0.388620 -0.376403 -0.365706 -0.356692 -0.349507 -0.344277 -0.341099 -0.340033 -0.341099 -0.344277 -0.349507 -0.356692 -0.365706 -0.376403 -0.388620 -0.402192 -0.416951 -0.432735 -0.449395 -0.466790 -0.484795 -0.503297 -0.522199 -0.541416 -0.560874 -0.580510 -0.600272 -0.620115 -0.640002 -0.659901 -0.679787 -0.699639 -0.719439 -0.739173 
-0.751885 -0.732697 -0.713478 -0.694245 -0.675019 -0.655822 -0.636683 -0.617635 -0.598716 -0.579974 -0.561461 -0.543238 -0.525378 -0.507962 -0.491080 -0.474837 -0.459346 -0.444731 -0.431125 -0.418664 -0.407492 -0.397747 -0.389562 -0.383056 -0.378332 -0.375465 -0.374504 -0.375465 -0.378332 -0.383056 -0.389562 -0.397747 -0.407492 -0.418664 -0.431125 -0.444731 -0.459346 -0.474837 -0.491080 -0.507962 -0.525378 -0.543238 -0.561461 -0.579974 -0.598716 -0.617635 -0.636683 -0.655822 -0.675019 -0.694245 -0.713478 -0.732697 -0.751885 
-0.764981 -0.746331 -0.727684 -0.709058 -0.690475 -0.671960 -0.653543 -0.635258 -0.617145 -0.599251 -0.581627 -0.564334 -0.547441 -0.531024 -0.515168 -0.499969 -0.485527 -0.471953 -0.459363 -0.447875 -0.437610 -0.428686 -0.421210 -0.415283 -0.410987 -0.408383 -0.407511 -0.408383 -0.410987 -0.415283 -0.421210 -0.428686 -0.437610 -0.447875 -0.459363 -0.471953 -0.485527 -0.499969 -0.515168 -0.531024 -0.547441 -0.564334 -0.581627 -0.599251 -0.617145 -0.635258 -0.653543 -0.671960 -0.690475 -0.709058 -0.727684 -0.746331 -0.764981 
-0.778423 -0.760304 -0.742218 -0.724184 -0.706226 -0.688371 -0.670648 -0.653094 -0.635747 -0.618654 -0.601866 -0.585442 -0.569445 -0.553948 -0.539029 -0.524774 -0.511276 -0.498632 -0.486942 -0.476310 -0.466838 -0.458624 -0.451762 -0.446332 -0.442402 -0.440023 -0.439226 -0.440023 -0.442402 -0.446332 -0.451762 -0.458624 -0.466838 -0.476310 -0.486942 -0.498632 -0.511276 -0.524774 -0.539029 -0.553948 -0.569445 -0.585442 -0.601866 -0.618654 -0.635747 -0.653094 -0.670648 -0.688371 -0.706226 -0.724184 -0.742218 -0.760304 -0.778423 
-0.792180 -0.774580 -0.757042 -0.739584 -0.722232 -0.705012 -0.687956 -0.671099 -0.654480 -0.638143 -0.622140 -0.606524 -0.591358 -0.576707 -0.562645 -0.549248 -0.536601 -0.524788 -0.513899 -0.504022 -0.495246 -0.487655 -0.481325 -0.476325 -0.472711 -0.470526 -0.469794 -0.470526 -0.472711 -0.476325 -0.481325 -0.487655 -0.495246 -0.504022 -0.513899 -0.524788 -0.536601 -0.549248 -0.562645 -0.576707 -0.591358 -0.606524 -0.622140 -0.638143 -0.654480 -0.671099 -0.687956 -0.705012 -0.722232 -0.739584 -0.757042 -0.774580 -0.792180 
-0.806218 -0.789127 -0.772122 -0.755223 -0.738456 -0.721847 -0.705429 -0.689236 -0.673306 -0.657683 -0.642415 -0.627553 -0.613156 -0.599284 -0.586005 -0.573389 -0.561510 -0.550444 -0.540270 -0.531064 -0.522903 -0.515857 -0.509993 -0.505369 -0.502030 -0.500012 -0.499337 -0.500012 -0.502030 -0.505369 -0.509993 -0.515857 -0.522903 -0.531064 -0.540270 -0.550444 -0.561510 -0.573389 -0.586005 -0.599284 -0.613156 -0.627553 -0.642415 -0.657683 -0.673306 -0.689236 -0.705429 -0.721847 -0.738456 -0.755223 -0.772122 -0.789127 -0.806218 
-0.820509 -0.803914 -0.787426 -0.771068 -0.754865 -0.738843 -0.723034 -0.707472 -0.692195 -0.677243 -0.662664 -0.648505 -0.634820 -0.621667 -0.609105 -0.597200 -0.586017 -0.575624 -0.566090 -0.557482 -0.549866 -0.543303 -0.537850 -0.533554 -0.530456 -0.528585 -0.527959 -0.528585 -0.530456 -0.533554 -0.537850 -0.543303 -0.549866 -0.557482 -0.566090 -0.575624 -0.586017 -0.597200 -0.609105 -0.621667 -0.634820 -0.648505 -0.662664 -0.677243 -0.692195 -0.707472 -0.723034 -0.738843 -0.754865 -0.771068 -0.787426 -0.803914 -0.820509 
-0.835026 -0.818913 -0.802927 -0.787091 -0.771430 -0.755970 -0.740743 -0.725780 -0.711120 -0.696800 -0.682865 -0.669361 -0.656337 -0.643846 -0.631943 -0.620686 -0.610135 -0.600350 -0.591392 -0.583320 -0.576190 -0.570056 -0.564965 -0.560960 -0.558074 -0.556332 -0.555750 -0.556332 -0.558074 -0.560960 -0.564965 -0.570056 -0.576190 -0.583320 -0.591392 -0.600350 -0.610135 -0.620686 -0.631943 -0.643846 -0.656337 -0.669361 -0.682865 -0.696800 -0.711120 -0.725780 -0.740743 -0.755970 -0.771430 -0.787091 -0.802927 -0.818913 -0.835026 
-0.849745 -0.834099 -0.818599 -0.803266 -0.788125 -0.773203 -0.758529 -0.744136 -0.730058 -0.716333 -0.703002 -0.690108 -0.677696 -0.665817 -0.654519 -0.643856 -0.633880 -0.624647 -0.616208 -0.608617 -0.601922 -0.596171 -0.591404 -0.587657 -0.584959 -0.583331 -0.582787 -0.583331 -0.584959 -0.587657 -0.591404 -0.596171 -0.601922 -0.608617 -0.616208 -0.624647 -0.633880 -0.643856 -0.654519 -0.665817 -0.677696 -0.690108 -0.703002 -0.716333 -0.730058 -0.744136 -0.758529 -0.773203 -0.788125 -0.803266 -0.818599 -0.834099 -0.849745 
-0.864642 -0.849449 -0.834418 -0.819569 -0.804927 -0.790519 -0.776372 -0.762518 -0.748991 -0.735825 -0.723059 -0.710734 -0.698892 -0.687577 -0.676837 -0.666717 -0.657267 -0.648535 -0.640567 -0.633410 -0.627107 -0.621698 -0.617221 -0.613704 -0.611174 -0.609648 -0.609138 -0.609648 -0.611174 -0.613704 -0.617221 -0.621698 -0.627107 -0.633410 -0.640567 -0.648535 -0.657267 -0.666717 -0.676837 -0.687577 -0.698892 -0.710734 -0.723059 -0.735825 -0.748991 -0.762518 -0.776372 -0.790519 -0.804927 -0.819569 -0.834418 -0.849449 -0.864642 
