65 65
3.286840e+00 0 5
0.007181 0.019479 0.031674 0.043756 0.055712 0.067527 0.079188 0.090679 0.101983 0.113083 0.123960 0.134595 0.144967 0.155054 0.164834 0.174285 0.183381 0.192098 0.200411 0.208295 0.215725 0.222674 0.229118 0.235033 0.240396 0.245185 0.249380 0.252962 0.255916 0.258228 0.259888 0.260886 0.261220 0.260886 0.259888 0.258228 0.255916 0.252962 0.249380 0.245185 0.240396 0.235033 0.229118 0.222674 0.215725 0.208295 0.200411 0.192098 0.183381 0.174285 0.164834 0.155054 0.144967 0.134595 0.123960 0.113083 0.101983 0.090679 0.079188 0.067527 0.055712 0.043756 0.031674 0.019479 0.007181 
0.019281 0.031877 0.044379 0.056774 0.069052 0.081196 0.093193 0.105027 0.116681 0.128135 0.139372 0.150371 0.161109 0.171564 0.181713 0.191531 0.200991 0.210067 0.218732 0.226959 0.234720 0.241986 0.248732 0.254929 0.260553 0.265579 0.269985 0.273750 0.276856 0.279288 0.281034 0.282086 0.282437 0.282086 0.281034 0.279288 0.276856 0.273750 0.269985 0.265579 0.260553 0.254929 0.248732 0.241986 0.234720 0.226959 0.218732 0.210067 0.200991 0.191531 0.181713 0.171564 0.161109 0.150371 0.139372 0.128135 0.116681 0.105027 0.093193 0.081196 0.069052 0.056774 0.044379 0.031877 0.019281 
0.031270 0.044171 0.056987 0.069706 0.082315 0.094801 0.107146 0.119337 0.131354 0.143179 0.154793 0.166172 0.177296 0.188140 0.198678 0.208885 0.218732 0.228191 0.237233 0.245828 0.253945 0.261554 0.268624 0.275127 0.281034 0.286318 0.290953 0.294917 0.298190 0.300753 0.302595 0.303703 0.304074 0.303703 0.302595 0.300753 0.298190 0.294917 0.290953 0.286318 0.281034 0.275127 0.268624 0.261554 0.253945 0.245828 0.237233 0.228191 0.218732 0.208885 0.198678 0.188140 0.177296 0.166172 0.154793 0.143179 0.131354 0.119337 0.107146 0.094801 0.082315 0.069706 0.056987 0.044171 0.031270 
0.043135 0.056349 0.069488 0.082540 0.095491 0.108328 0.121035 0.133595 0.145991 0.158203 0.170210 0.181991 0.193520 0.204774 0.215725 0.226344 0.236603 0.246471 0.255916 0.264906 0.273406 0.281385 0.288807 0.295642 0.301857 0.307422 0.312308 0.316489 0.319944 0.322651 0.324597 0.325769 0.326160 0.325769 0.324597 0.322651 0.319944 0.316489 0.312308 0.307422 0.301857 0.295642 0.288807 0.281385 0.273406 0.264906 0.255916 0.246471 0.236603 0.226344 0.215725 0.204774 0.193520 0.181991 0.170210 0.158203 0.145991 0.133595 0.121035 0.108328 0.095491 0.082540 0.069488 0.056349 0.043135 
0.054863 0.068398 0.081867 0.095261 0.108564 0.121764 0.134845 0.147789 0.160579 0.173195 0.185614 0.197815 0.209771 0.221457 0.232844 0.243903 0.254601 0.264906 0.274783 0.284196 0.293111 0.301489 0.309294 0.316489 0.323040 0.328911 0.334072 0.338492 0.342147 0.345013 0.347073 0.348315 0.348730 0.348315 0.347073 0.345013 0.342147 0.338492 0.334072 0.328911 0.323040 0.316489 0.309294 0.301489 0.293111 0.284196 0.274783 0.264906 0.254601 0.243903 0.232844 0.221457 0.209771 0.197815 0.185614 0.173195 0.160579 0.147789 0.134845 0.121764 0.108564 0.095261 0.081867 0.068398 0.054863 
0.066441 0.080303 0.094111 0.107855 0.121521 0.135095 0.148562 0.161905 0.175104 0.188140 0.200991 0.213632 0.226037 0.238180 0.250029 0.261554 0.272720 0.283492 0.293832 0.303703 0.313065 0.321876 0.330096 0.337685 0.344602 0.350810 0.356272 0.360956 0.364831 0.367873 0.370060 0.371379 0.371819 0.371379 0.370060 0.367873 0.364831 0.360956 0.356272 0.350810 0.344602 0.337685 0.330096 0.321876 0.313065 0.303703 0.293832 0.283492 0.272720 0.261554 0.250029 0.238180 0.226037 0.213632 0.200991 0.188140 0.175104 0.161905 0.148562 0.135095 0.121521 0.107855 0.094111 0.080303 0.066441 
0.077854 0.092049 0.106203 0.120306 0.134345 0.148304 0.162170 0.175925 0.189550 0.203024 0.216324 0.229427 0.242305 0.254929 0.267268 0.279288 0.290953 0.302226 0.313065 0.323428 0.333273 0.342555 0.351228 0.359246 0.366566 0.373144 0.378939 0.383913 0.388033 0.391269 0.393597 0.395002 0.395471 0.395002 0.393597 0.391269 0.388033 0.383913 0.378939 0.373144 0.366566 0.359246 0.351228 0.342555 0.333273 0.323428 0.313065 0.302226 0.290953 0.279288 0.267268 0.254929 0.242305 0.229427 0.216324 0.203024 0.189550 0.175925 0.162170 0.148304 0.134345 0.120306 0.106203 0.092049 0.077854 
0.089085 0.103620 0.118128 0.132598 0.147018 0.161374 0.175651 0.189832 0.203898 0.217828 0.231598 0.245185 0.258560 0.271692 0.284549 0.297096 0.309294 0.321102 0.332477 0.343372 0.353742 0.363535 0.372702 0.381192 0.388955 0.395941 0.402104 0.407401 0.411792 0.415244 0.417730 0.419230 0.419731 0.419230 0.417730 0.415244 0.411792 0.407401 0.402104 0.395941 0.388955 0.381192 0.372702 0.363535 0.353742 0.343372 0.332477 0.321102 0.309294 0.297096 0.284549 0.271692 0.258560 0.245185 0.231598 0.217828 0.203898 0.189832 0.175651 0.161374 0.147018 0.132598 0.118128 0.103620 0.089085 
0.100119 0.114998 0.129866 0.144711 0.159522 0.174285 0.188985 0.203606 0.218129 0.232532 0.246794 0.260886 0.274783 0.288451 0.301857 0.314963 0.327730 0.340112 0.352064 0.363535 0.374474 0.384825 0.394533 0.403541 0.411792 0.419230 0.425802 0.431458 0.436153 0.439847 0.442510 0.444117 0.444654 0.444117 0.442510 0.439847 0.436153 0.431458 0.425802 0.419230 0.411792 0.403541 0.394533 0.384825 0.374474 0.363535 0.352064 0.340112 0.327730 0.314963 0.301857 0.288451 0.274783 0.260886 0.246794 0.232532 0.218129 0.203606 0.188985 0.174285 0.159522 0.144711 0.129866 0.114998 0.100119 
0.110937 0.126166 0.141399 0.156626 0.171836 0.187016 0.202151 0.217226 0.232221 0.247116 0.261888 0.276510 0.290953 0.305186 0.319173 0.332875 0.346248 0.359246 0.371819 0.383913 0.395471 0.406432 0.416734 0.426313 0.435104 0.443045 0.450073 0.456131 0.461166 0.465133 0.467994 0.469722 0.470300 0.469722 0.467994 0.465133 0.461166 0.456131 0.450073 0.443045 0.435104 0.426313 0.416734 0.406432 0.395471 0.383913 0.371819 0.359246 0.346248 0.332875 0.319173 0.305186 0.290953 0.276510 0.261888 0.247116 0.232221 0.217226 0.202151 0.187016 0.171836 0.156626 0.141399 0.126166 0.110937 
0.121521 0.137103 0.152706 0.168322 0.183938 0.199544 0.215125 0.230667 0.246149 0.261554 0.276856 0.292031 0.307048 0.321876 0.336477 0.350810 0.364831 0.378490 0.391733 0.404502 0.416734 0.428362 0.439317 0.449527 0.458919 0.467420 0.474959 0.481468 0.486887 0.491162 0.494249 0.496114 0.496738 0.496114 0.494249 0.491162 0.486887 0.481468 0.474959 0.467420 0.458919 0.449527 0.439317 0.428362 0.416734 0.404502 0.391733 0.378490 0.364831 0.350810 0.336477 0.321876 0.307048 0.292031 0.276856 0.261554 0.246149 0.230667 0.215125 0.199544 0.183938 0.168322 0.152706 0.137103 0.121521 
0.131851 0.147789 0.163767 0.179775 0.195805 0.211846 0.227883 0.243903 0.259888 0.275818 0.291671 0.307422 0.323040 0.338492 0.353742 0.368746 0.383458 0.397826 0.411792 0.425292 0.438259 0.450619 0.462295 0.473204 0.483265 0.492394 0.500507 0.507527 0.513382 0.518007 0.521350 0.523373 0.524049 0.523373 0.521350 0.518007 0.513382 0.507527 0.500507 0.492394 0.483265 0.473204 0.462295 0.450619 0.438259 0.425292 0.411792 0.397826 0.383458 0.368746 0.353742 0.338492 0.323040 0.307422 0.291671 0.275818 0.259888 0.243903 0.227883 0.211846 0.195805 0.179775 0.163767 0.147789 0.131851 
0.141907 0.158203 0.174558 0.190964 0.207412 0.223894 0.240396 0.256906 0.273406 0.289879 0.306302 0.322651 0.338896 0.355005 0.370939 0.386655 0.402104 0.417232 0.431977 0.446271 0.460041 0.473204 0.485676 0.497364 0.508173 0.518007 0.526770 0.534370 0.540722 0.545748 0.549386 0.551588 0.552325 0.551588 0.549386 0.545748 0.540722 0.534370 0.526770 0.518007 0.508173 0.497364 0.485676 0.473204 0.460041 0.446271 0.431977 0.417232 0.402104 0.386655 0.370939 0.355005 0.338896 0.322651 0.306302 0.289879 0.273406 0.256906 0.240396 0.223894 0.207412 0.190964 0.174558 0.158203 0.141907 
0.151667 0.168322 0.185055 0.201861 0.218732 0.235660 0.252635 0.269644 0.286673 0.303703 0.320715 0.337685 0.354583 0.371379 0.388033 0.404502 0.420736 0.436678 0.452264 0.467420 0.482066 0.496114 0.509468 0.522023 0.533672 0.544304 0.553805 0.562068 0.568989 0.574477 0.578456 0.580867 0.581674 0.580867 0.578456 0.574477 0.568989 0.562068 0.553805 0.544304 0.533672 0.522023 0.509468 0.496114 0.482066 0.467420 0.452264 0.436678 0.420736 0.404502 0.388033 0.371379 0.354583 0.337685 0.320715 0.303703 0.286673 0.269644 0.252635 0.235660 0.218732 0.201861 0.185055 0.168322 0.151667 
0.161109 0.178121 0.195233 0.212440 0.229737 0.247116 0.264569 0.282086 0.299653 0.317254 0.334872 0.352483 0.370060 0.387573 0.404983 0.422248 0.439317 0.456131 0.472621 0.488713 0.504318 0.519340 0.533672 0.547198 0.559793 0.571329 0.581674 0.590698 0.598278 0.604303 0.608678 0.611333 0.612223 0.611333 0.608678 0.604303 0.598278 0.590698 0.581674 0.571329 0.559793 0.547198 0.533672 0.519340 0.504318 0.488713 0.472621 0.456131 0.439317 0.422248 0.404983 0.387573 0.370060 0.352483 0.334872 0.317254 0.299653 0.282086 0.264569 0.247116 0.229737 0.212440 0.195233 0.178121 0.161109 
0.170210 0.187578 0.205066 0.222674 0.240396 0.258228 0.276164 0.294194 0.312308 0.330492 0.348730 0.367001 0.385281 0.403541 0.421744 0.439847 0.457801 0.475545 0.493011 0.510117 0.526770 0.542866 0.558286 0.572899 0.586565 0.599132 0.610446 0.620350 0.628697 0.635350 0.640191 0.643134 0.644121 0.643134 0.640191 0.635350 0.628697 0.620350 0.610446 0.599132 0.586565 0.572899 0.558286 0.542866 0.526770 0.510117 0.493011 0.475545 0.457801 0.439847 0.421744 0.403541 0.385281 0.367001 0.348730 0.330492 0.312308 0.294194 0.276164 0.258228 0.240396 0.222674 0.205066 0.187578 0.170210 
0.178948 0.196665 0.214527 0.232532 0.250679 0.268964 0.287383 0.305930 0.324597 0.343372 0.362243 0.381192 0.400197 0.419230 0.438259 0.457243 0.476133 0.494870 0.513382 0.531587 0.549386 0.566665 0.583296 0.599132 0.614011 0.627759 0.640191 0.651122 0.660369 0.667763 0.673159 0.676443 0.677546 0.676443 0.673159 0.667763 0.660369 0.651122 0.640191 0.627759 0.614011 0.599132 0.583296 0.566665 0.549386 0.531587 0.513382 0.494870 0.476133 0.457243 0.438259 0.419230 0.400197 0.381192 0.362243 0.343372 0.324597 0.305930 0.287383 0.268964 0.250679 0.232532 0.214527 0.196665 0.178948 
0.187297 0.205359 0.223588 0.241986 0.260553 0.279288 0.298190 0.317254 0.336477 0.355849 0.375362 0.395002 0.414749 0.434581 0.454468 0.474373 0.494249 0.514039 0.533672 0.553064 0.572113 0.590698 0.608678 0.625890 0.642150 0.657255 0.670989 0.683124 0.693436 0.701714 0.707773 0.711470 0.712713 0.711470 0.707773 0.701714 0.693436 0.683124 0.670989 0.657255 0.642150 0.625890 0.608678 0.590698 0.572113 0.553064 0.533672 0.514039 0.494249 0.474373 0.454468 0.434581 0.414749 0.395002 0.375362 0.355849 0.336477 0.317254 0.298190 0.279288 0.260553 0.241986 0.223588 0.205359 0.187297 
0.195233 0.213632 0.232221 0.251004 0.269985 0.289164 0.308544 0.328123 0.347901 0.367873 0.388033 0.408372 0.428876 0.449527 0.470300 0.491162 0.512072 0.532976 0.553805 0.574477 0.594887 0.614909 0.634390 0.653153 0.670989 0.687662 0.702916 0.716474 0.728059 0.737403 0.744268 0.748468 0.749882 0.748468 0.744268 0.737403 0.728059 0.716474 0.702916 0.687662 0.670989 0.653153 0.634390 0.614909 0.594887 0.574477 0.553805 0.532976 0.512072 0.491162 0.470300 0.449527 0.428876 0.408372 0.388033 0.367873 0.347901 0.328123 0.308544 0.289164 0.269985 0.251004 0.232221 0.213632 0.195233 
0.202733 0.221457 0.240396 0.259555 0.278940 0.298555 0.318405 0.338492 0.358820 0.379389 0.400197 0.421240 0.442510 0.463995 0.485676 0.507527 0.529514 0.551588 0.573687 0.595731 0.617618 0.639217 0.660369 0.680880 0.700517 0.719009 0.736049 0.751303 0.764423 0.775066 0.782923 0.787745 0.789371 0.787745 0.782923 0.775066 0.764423 0.751303 0.736049 0.719009 0.700517 0.680880 0.660369 0.639217 0.617618 0.595731 0.573687 0.551588 0.529514 0.507527 0.485676 0.463995 0.442510 0.421240 0.400197 0.379389 0.358820 0.338492 0.318405 0.298555 0.278940 0.259555 0.240396 0.221457 0.202733 
0.209771 0.228809 0.248085 0.267607 0.287383 0.307422 0.327730 0.348315 0.369184 0.390341 0.411792 0.433537 0.455575 0.477902 0.500507 0.523373 0.546472 0.569767 0.593205 0.616712 0.640191 0.663516 0.686521 0.709001 0.730698 0.751303 0.770455 0.787745 0.802735 0.814983 0.824077 0.829682 0.831576 0.829682 0.824077 0.814983 0.802735 0.787745 0.770455 0.751303 0.730698 0.709001 0.686521 0.663516 0.640191 0.616712 0.593205 0.569767 0.546472 0.523373 0.500507 0.477902 0.455575 0.433537 0.411792 0.390341 0.369184 0.348315 0.327730 0.307422 0.287383 0.267607 0.248085 0.228809 0.209771 
0.216324 0.235660 0.255258 0.275127 0.295280 0.315726 0.336477 0.357544 0.378939 0.400672 0.422754 0.445192 0.467994 0.491162 0.514697 0.538591 0.562830 0.587387 0.612223 0.637277 0.662463 0.687662 0.712713 0.737403 0.761454 0.784521 0.806179 0.825932 0.843226 0.857481 0.868144 0.874751 0.876990 0.874751 0.868144 0.857481 0.843226 0.825932 0.806179 0.784521 0.761454 0.737403 0.712713 0.687662 0.662463 0.637277 0.612223 0.587387 0.562830 0.538591 0.514697 0.491162 0.467994 0.445192 0.422754 0.400672 0.378939 0.357544 0.336477 0.315726 0.295280 0.275127 0.255258 0.235660 0.216324 
0.222369 0.241986 0.261888 0.282086 0.302595 0.323428 0.344602 0.366132 0.388033 0.410322 0.433016 0.456131 0.479681 0.503680 0.528139 0.553064 0.578456 0.604303 0.630583 0.657255 0.684252 0.711470 0.738763 0.765919 0.792653 0.818584 0.843226 0.865978 0.886138 0.902943 0.915632 0.923549 0.926241 0.923549 0.915632 0.902943 0.886138 0.865978 0.843226 0.818584 0.792653 0.765919 0.738763 0.711470 0.684252 0.657255 0.630583 0.604303 0.578456 0.553064 0.528139 0.503680 0.479681 0.456131 0.433016 0.410322 0.388033 0.366132 0.344602 0.323428 0.302595 0.282086 0.261888 0.241986 0.222369 
0.227883 0.247762 0.267946 0.288451 0.309294 0.330492 0.352064 0.374030 0.396411 0.419230 0.442510 0.466274 0.490548 0.515356 0.540722 0.566665 0.593205 0.620350 0.648102 0.676443 0.705335 0.734702 0.764423 0.794308 0.824077 0.853331 0.881525 0.907946 0.931710 0.951801 0.967159 0.976827 0.980132 0.976827 0.967159 0.951801 0.931710 0.907946 0.881525 0.853331 0.824077 0.794308 0.764423 0.734702 0.705335 0.676443 0.648102 0.620350 0.593205 0.566665 0.540722 0.515356 0.490548 0.466274 0.442510 0.419230 0.396411 0.374030 0.352064 0.330492 0.309294 0.288451 0.267946 0.247762 0.227883 
0.232844 0.252962 0.273406 0.294194 0.315344 0.336879 0.358820 0.381192 0.404021 0.427336 0.451166 0.475545 0.500507 0.526088 0.552325 0.579257 0.606921 0.635350 0.664572 0.694604 0.725444 0.757059 0.789371 0.822234 0.855398 0.888475 0.920884 0.951801 0.980132 1.004521 1.023468 1.035542 1.039697 1.035542 1.023468 1.004521 0.980132 0.951801 0.920884 0.888475 0.855398 0.822234 0.789371 0.757059 0.725444 0.694604 0.664572 0.635350 0.606921 0.579257 0.552325 0.526088 0.500507 0.475545 0.451166 0.427336 0.404021 0.381192 0.358820 0.336879 0.315344 0.294194 0.273406 0.252962 0.232844 
0.237233 0.257566 0.278244 0.299286 0.320715 0.342555 0.364831 0.387573 0.410811 0.434581 0.458919 0.483866 0.509468 0.535771 0.562830 0.590698 0.619437 0.649105 0.679765 0.711470 0.744268 0.778182 0.813199 0.849244 0.886138 0.923549 0.960907 0.997315 1.031454 1.061540 1.085420 1.100898 1.106273 1.100898 1.085420 1.061540 1.031454 0.997315 0.960907 0.923549 0.886138 0.849244 0.813199 0.778182 0.744268 0.711470 0.679765 0.649105 0.619437 0.590698 0.562830 0.535771 0.509468 0.483866 0.458919 0.434581 0.410811 0.387573 0.364831 0.342555 0.320715 0.299286 0.278244 0.257566 0.237233 
0.241031 0.261554 0.282437 0.303703 0.325378 0.347487 0.370060 0.393130 0.416734 0.440910 0.465703 0.491162 0.517342 0.544304 0.572113 0.600846 0.630583 0.661414 0.693436 0.726748 0.761454 0.797648 0.835404 0.874751 0.915632 0.957836 1.000893 1.043919 1.085420 1.123113 1.153915 1.174359 1.181555 1.174359 1.153915 1.123113 1.085420 1.043919 1.000893 0.957836 0.915632 0.874751 0.835404 0.797648 0.761454 0.726748 0.693436 0.661414 0.630583 0.600846 0.572113 0.544304 0.517342 0.491162 0.465703 0.440910 0.416734 0.393130 0.370060 0.347487 0.325378 0.303703 0.282437 0.261554 0.241031 
0.244223 0.264906 0.285964 0.307422 0.329306 0.351645 0.374474 0.397826 0.421744 0.446271 0.471459 0.497364 0.524049 0.551588 0.580061 0.609561 0.640191 0.672072 0.705335 0.740129 0.776620 0.814983 0.855398 0.898032 0.943002 0.990305 1.039697 1.090476 1.141144 1.188961 1.229607 1.257517 1.267542 1.257517 1.229607 1.188961 1.141144 1.090476 1.039697 0.990305 0.943002 0.898032 0.855398 0.814983 0.776620 0.740129 0.705335 0.672072 0.640191 0.609561 0.580061 0.551588 0.524049 0.497364 0.471459 0.446271 0.421744 0.397826 0.374474 0.351645 0.329306 0.307422 0.285964 0.264906 0.244223 
0.246794 0.267607 0.288807 0.310421 0.332477 0.355005 0.378042 0.401626 0.425802 0.450619 0.476133 0.502407 0.529514 0.557535 0.586565 0.616712 0.648102 0.680880 0.715215 0.751303 0.789371 0.829682 0.872531 0.918245 0.967159 1.019565 1.075599 1.134991 1.196588 1.257517 1.312094 1.351446 1.366020 1.351446 1.312094 1.257517 1.196588 1.134991 1.075599 1.019565 0.967159 0.918245 0.872531 0.829682 0.789371 0.751303 0.715215 0.680880 0.648102 0.616712 0.586565 0.557535 0.529514 0.502407 0.476133 0.450619 0.425802 0.401626 0.378042 0.355005 0.332477 0.310421 0.288807 0.267607 0.246794 
0.248732 0.269644 0.290953 0.312686 0.334872 0.357544 0.380740 0.404502 0.428876 0.453916 0.479681 0.506240 0.533672 0.562068 0.591532 0.622186 0.654173 0.687662 0.722853 0.759982 0.799334 0.841249 0.886138 0.934488 0.986869 1.043919 1.106273 1.174359 1.247871 1.324555 1.397886 1.454456 1.476396 1.454456 1.397886 1.324555 1.247871 1.174359 1.106273 1.043919 0.986869 0.934488 0.886138 0.841249 0.799334 0.759982 0.722853 0.687662 0.654173 0.622186 0.591532 0.562068 0.533672 0.506240 0.479681 0.453916 0.428876 0.404502 0.380740 0.357544 0.334872 0.312686 0.290953 0.269644 0.248732 
0.250029 0.271008 0.292390 0.314203 0.336477 0.359246 0.382550 0.406432 0.430940 0.456131 0.482066 0.508820 0.536474 0.565126 0.594887 0.625890 0.658290 0.692272 0.728059 0.765919 0.806179 0.849244 0.895611 0.945902 1.000893 1.061540 1.128983 1.204450 1.288851 1.381464 1.476396 1.555844 1.588626 1.555844 1.476396 1.381464 1.288851 1.204450 1.128983 1.061540 1.000893 0.945902 0.895611 0.849244 0.806179 0.765919 0.728059 0.692272 0.658290 0.625890 0.594887 0.565126 0.536474 0.508820 0.482066 0.456131 0.430940 0.406432 0.382550 0.359246 0.336477 0.314203 0.292390 0.271008 0.250029 
0.250679 0.271692 0.293111 0.314963 0.337282 0.360100 0.383458 0.407401 0.431977 0.457243 0.483265 0.510117 0.537884 0.566665 0.596578 0.627759 0.660369 0.694604 0.730698 0.768935 0.809667 0.853331 0.900476 0.951801 1.008201 1.070826 1.141144 1.220943 1.312094 1.415415 1.526642 1.625954 1.669243 1.625954 1.526642 1.415415 1.312094 1.220943 1.141144 1.070826 1.008201 0.951801 0.900476 0.853331 0.809667 0.768935 0.730698 0.694604 0.660369 0.627759 0.596578 0.566665 0.537884 0.510117 0.483265 0.457243 0.431977 0.407401 0.383458 0.360100 0.337282 0.314963 0.293111 0.271692 0.250679 
0.250760 0.271778 0.293201 0.315059 0.337382 0.360207 0.383572 0.407522 0.432106 0.457383 0.483415 0.510279 0.538060 0.566858 0.596790 0.627993 0.660630 0.694897 0.731029 0.769314 0.810106 0.853846 0.901091 0.952548 1.009129 1.072011 1.142706 1.223081 1.315153 1.419988 1.533648 1.636148 1.681227 1.636148 1.533648 1.419988 1.315153 1.223081 1.142706 1.072011 1.009129 0.952548 0.901091 0.853846 0.810106 0.769314 0.731029 0.694897 0.660630 0.627993 0.596790 0.566858 0.538060 0.510279 0.483415 0.457383 0.432106 0.407522 0.383572 0.360207 0.337382 0.315059 0.293201 0.271778 0.250760 
0.250676 0.271688 0.293107 0.314959 0.337277 0.360095 0.383453 0.407395 0.431971 0.457237 0.483259 0.510110 0.537876 0.566657 0.596569 0.627748 0.660358 0.694592 0.730683 0.768918 0.809648 0.853309 0.900450 0.951769 1.008161 1.070775 1.141077 1.220850 1.311962 1.415218 1.526342 1.625520 1.668734 1.625520 1.526342 1.415218 1.311962 1.220850 1.141077 1.070775 1.008161 0.951769 0.900450 0.853309 0.809648 0.768918 0.730683 0.694592 0.660358 0.627748 0.596569 0.566657 0.537876 0.510110 0.483259 0.457237 0.431971 0.407395 0.383453 0.360095 0.337277 0.314959 0.293107 0.271688 0.250676 
0.250018 0.270997 0.292379 0.314191 0.336464 0.359232 0.382535 0.406416 0.430923 0.456113 0.482047 0.508799 0.536451 0.565101 0.594860 0.625860 0.658256 0.692235 0.728016 0.765870 0.806123 0.849178 0.895533 0.945808 1.000777 1.061392 1.128791 1.204192 1.288492 1.380950 1.475657 1.554848 1.587500 1.554848 1.475657 1.380950 1.288492 1.204192 1.128791 1.061392 1.000777 0.945808 0.895533 0.849178 0.806123 0.765870 0.728016 0.692235 0.658256 0.625860 0.594860 0.565101 0.536451 0.508799 0.482047 0.456113 0.430923 0.406416 0.382535 0.359232 0.336464 0.314191 0.292379 0.270997 0.250018 
0.248714 0.269626 0.290934 0.312665 0.334850 0.357521 0.380716 0.404476 0.428848 0.453886 0.479649 0.506205 0.533635 0.562027 0.591487 0.622136 0.654118 0.687601 0.722783 0.759903 0.799242 0.841143 0.886013 0.934338 0.986685 1.043690 1.105981 1.173977 1.247362 1.323869 1.396975 1.453325 1.475167 1.453325 1.396975 1.323869 1.247362 1.173977 1.105981 1.043690 0.986685 0.934338 0.886013 0.841143 0.799242 0.759903 0.722783 0.687601 0.654118 0.622136 0.591487 0.562027 0.533635 0.506205 0.479649 0.453886 0.428848 0.404476 0.380716 0.357521 0.334850 0.312665 0.290934 0.269626 0.248714 
0.246769 0.267581 0.288781 0.310393 0.332447 0.354973 0.378008 0.401590 0.425764 0.450578 0.476089 0.502360 0.529462 0.557478 0.586503 0.616644 0.648027 0.680796 0.715121 0.751196 0.789249 0.829540 0.872364 0.918047 0.966921 1.019274 1.075236 1.134533 1.196005 1.256777 1.311180 1.350380 1.364893 1.350380 1.311180 1.256777 1.196005 1.134533 1.075236 1.019274 0.966921 0.918047 0.872364 0.829540 0.789249 0.751196 0.715121 0.680796 0.648027 0.616644 0.586503 0.557478 0.529462 0.502360 0.476089 0.450578 0.425764 0.401590 0.378008 0.354973 0.332447 0.310393 0.288781 0.267581 0.246769 
0.244192 0.264873 0.285929 0.307385 0.329267 0.351605 0.374431 0.397780 0.421695 0.446219 0.471403 0.497303 0.523984 0.551517 0.579983 0.609475 0.640097 0.671967 0.705217 0.739996 0.776469 0.814809 0.855197 0.897797 0.942723 0.989970 1.039291 1.089982 1.140542 1.188234 1.228755 1.256567 1.266554 1.256567 1.228755 1.188234 1.140542 1.089982 1.039291 0.989970 0.942723 0.897797 0.855197 0.814809 0.776469 0.739996 0.705217 0.671967 0.640097 0.609475 0.579983 0.551517 0.523984 0.497303 0.471403 0.446219 0.421695 0.397780 0.374431 0.351605 0.329267 0.307385 0.285929 0.264873 0.244192 
0.240994 0.261514 0.282395 0.303660 0.325331 0.347438 0.370008 0.393075 0.416675 0.440847 0.465635 0.491090 0.517264 0.544218 0.572021 0.600744 0.630471 0.661291 0.693298 0.726594 0.761280 0.797449 0.835176 0.874488 0.915325 0.957475 1.000467 1.043416 1.084829 1.122427 1.153142 1.173521 1.180693 1.173521 1.153142 1.122427 1.084829 1.043416 1.000467 0.957475 0.915325 0.874488 0.835176 0.797449 0.761280 0.726594 0.693298 0.661291 0.630471 0.600744 0.572021 0.544218 0.517264 0.491090 0.465635 0.440847 0.416675 0.393075 0.370008 0.347438 0.325331 0.303660 0.282395 0.261514 0.240994 
0.237189 0.257520 0.278195 0.299235 0.320661 0.342498 0.364771 0.387509 0.410743 0.434508 0.458841 0.483782 0.509377 0.535673 0.562723 0.590582 0.619309 0.648965 0.679609 0.711297 0.744074 0.777963 0.812951 0.848960 0.885813 0.923175 0.960476 0.996819 1.030888 1.060903 1.084721 1.100156 1.105515 1.100156 1.084721 1.060903 1.030888 0.996819 0.960476 0.923175 0.885813 0.848960 0.812951 0.777963 0.744074 0.711297 0.679609 0.648965 0.619309 0.590582 0.562723 0.535673 0.509377 0.483782 0.458841 0.434508 0.410743 0.387509 0.364771 0.342498 0.320661 0.299235 0.278195 0.257520 0.237189 
0.232794 0.252910 0.273351 0.294135 0.315283 0.336814 0.358751 0.381119 0.403944 0.427253 0.451078 0.475451 0.500405 0.525978 0.552206 0.579128 0.606779 0.635195 0.664401 0.694415 0.725234 0.756825 0.789109 0.821938 0.855064 0.888097 0.920456 0.951321 0.979596 1.003933 1.022834 1.034879 1.039022 1.034879 1.022834 1.003933 0.979596 0.951321 0.920456 0.888097 0.855064 0.821938 0.789109 0.756825 0.725234 0.694415 0.664401 0.635195 0.606779 0.579128 0.552206 0.525978 0.500405 0.475451 0.451078 0.427253 0.403944 0.381119 0.358751 0.336814 0.315283 0.294135 0.273351 0.252910 0.232794 
0.227827 0.247703 0.267884 0.288386 0.309225 0.330419 0.351987 0.373949 0.396325 0.419138 0.442412 0.466170 0.490436 0.515236 0.540591 0.566524 0.593052 0.620183 0.647919 0.676242 0.705113 0.734456 0.764150 0.794005 0.823739 0.852955 0.881108 0.907485 0.931206 0.951257 0.966581 0.976228 0.979524 0.976228 0.966581 0.951257 0.931206 0.907485 0.881108 0.852955 0.823739 0.794005 0.764150 0.734456 0.705113 0.676242 0.647919 0.620183 0.593052 0.566524 0.540591 0.515236 0.490436 0.466170 0.442412 0.419138 0.396325 0.373949 0.351987 0.330419 0.309225 0.288386 0.267884 0.247703 0.227827 
0.222307 0.241921 0.261819 0.282014 0.302519 0.323349 0.344518 0.366043 0.387939 0.410222 0.432910 0.456017 0.479559 0.503550 0.527999 0.552913 0.578292 0.604125 0.630390 0.657044 0.684021 0.711217 0.738484 0.765612 0.792316 0.818214 0.842821 0.865537 0.885663 0.902437 0.915102 0.923002 0.925689 0.923002 0.915102 0.902437 0.885663 0.865537 0.842821 0.818214 0.792316 0.765612 0.738484 0.711217 0.684021 0.657044 0.630390 0.604125 0.578292 0.552913 0.527999 0.503550 0.479559 0.456017 0.432910 0.410222 0.387939 0.366043 0.344518 0.323349 0.302519 0.282014 0.261819 0.241921 0.222307 
0.216257 0.235590 0.255184 0.275050 0.295198 0.315639 0.336386 0.357448 0.378838 0.400565 0.422640 0.445071 0.467864 0.491024 0.514548 0.538431 0.562657 0.587201 0.612022 0.637059 0.662226 0.687404 0.712432 0.737096 0.761121 0.784159 0.805788 0.825512 0.842778 0.857009 0.867654 0.874248 0.876483 0.874248 0.867654 0.857009 0.842778 0.825512 0.805788 0.784159 0.761121 0.737096 0.712432 0.687404 0.662226 0.637059 0.612022 0.587201 0.562657 0.538431 0.514548 0.491024 0.467864 0.445071 0.422640 0.400565 0.378838 0.357448 0.336386 0.315639 0.295198 0.275050 0.255184 0.235590 0.216257 
0.209698 0.228732 0.248005 0.267523 0.287295 0.307329 0.327633 0.348212 0.369075 0.390227 0.411670 0.433408 0.455438 0.477756 0.500351 0.523205 0.546293 0.569575 0.592997 0.616488 0.639950 0.663255 0.686240 0.708697 0.730370 0.750951 0.770078 0.787345 0.802312 0.814541 0.823620 0.829215 0.831106 0.829215 0.823620 0.814541 0.802312 0.787345 0.770078 0.750951 0.730370 0.708697 0.686240 0.663255 0.639950 0.616488 0.592997 0.569575 0.546293 0.523205 0.500351 0.477756 0.455438 0.433408 0.411670 0.390227 0.369075 0.348212 0.327633 0.307329 0.287295 0.267523 0.248005 0.228732 0.209698 
0.202654 0.221375 0.240311 0.259466 0.278846 0.298457 0.318301 0.338384 0.358705 0.379268 0.400069 0.421104 0.442366 0.463842 0.485513 0.507354 0.529329 0.551390 0.573475 0.595504 0.617374 0.638955 0.660089 0.680580 0.700196 0.718667 0.735686 0.750921 0.764022 0.774650 0.782495 0.787310 0.788933 0.787310 0.782495 0.774650 0.764022 0.750921 0.735686 0.718667 0.700196 0.680580 0.660089 0.638955 0.617374 0.595504 0.573475 0.551390 0.529329 0.507354 0.485513 0.463842 0.442366 0.421104 0.400069 0.379268 0.358705 0.338384 0.318301 0.298457 0.278846 0.259466 0.240311 0.221375 0.202654 
0.195150 0.213545 0.232131 0.250910 0.269886 0.289061 0.308435 0.328009 0.347780 0.367746 0.387899 0.408231 0.428727 0.449369 0.470132 0.490984 0.511882 0.532774 0.553590 0.574248 0.594642 0.614648 0.634112 0.652857 0.670675 0.687331 0.702566 0.716108 0.727678 0.737009 0.743865 0.748059 0.749471 0.748059 0.743865 0.737009 0.727678 0.716108 0.702566 0.687331 0.670675 0.652857 0.634112 0.614648 0.594642 0.574248 0.553590 0.532774 0.511882 0.490984 0.470132 0.449369 0.428727 0.408231 0.387899 0.367746 0.347780 0.328009 0.308435 0.289061 0.269886 0.250910 0.232131 0.213545 0.195150 
0.187209 0.205268 0.223493 0.241887 0.260449 0.279180 0.298076 0.317135 0.336351 0.355718 0.375224 0.394855 0.414595 0.434418 0.454296 0.474190 0.494056 0.513834 0.533455 0.552834 0.571869 0.590439 0.608403 0.625599 0.641844 0.656934 0.670652 0.682773 0.693073 0.701340 0.707392 0.711084 0.712325 0.711084 0.707392 0.701340 0.693073 0.682773 0.670652 0.656934 0.641844 0.625599 0.608403 0.590439 0.571869 0.552834 0.533455 0.513834 0.494056 0.474190 0.454296 0.434418 0.414595 0.394855 0.375224 0.355718 0.336351 0.317135 0.298076 0.279180 0.260449 0.241887 0.223493 0.205268 0.187209 
0.178856 0.196570 0.214428 0.232429 0.250571 0.268851 0.287265 0.305806 0.324467 0.343236 0.362100 0.381041 0.400038 0.419063 0.438083 0.457058 0.475937 0.494663 0.513163 0.531356 0.549142 0.566408 0.583025 0.598847 0.613712 0.627446 0.639866 0.650785 0.660022 0.667407 0.672796 0.676077 0.677178 0.676077 0.672796 0.667407 0.660022 0.650785 0.639866 0.627446 0.613712 0.598847 0.583025 0.566408 0.549142 0.531356 0.513163 0.494663 0.475937 0.457058 0.438083 0.419063 0.400038 0.381041 0.362100 0.343236 0.324467 0.305806 0.287265 0.268851 0.250571 0.232429 0.214428 0.196570 0.178856 
0.170114 0.187478 0.204962 0.222566 0.240283 0.258111 0.276041 0.294066 0.312173 0.330351 0.348582 0.366847 0.385119 0.403371 0.421565 0.439659 0.457603 0.475337 0.492792 0.509886 0.526528 0.542612 0.558019 0.572620 0.586273 0.598829 0.610131 0.620026 0.628364 0.635009 0.639845 0.642784 0.643770 0.642784 0.639845 0.635009 0.628364 0.620026 0.610131 0.598829 0.586273 0.572620 0.558019 0.542612 0.526528 0.509886 0.492792 0.475337 0.457603 0.439659 0.421565 0.403371 0.385119 0.366847 0.348582 0.330351 0.312173 0.294066 0.276041 0.258111 0.240283 0.222566 0.204962 0.187478 0.170114 
0.161009 0.178018 0.195125 0.212328 0.229620 0.246995 0.264443 0.281954 0.299515 0.317110 0.334721 0.352325 0.369895 0.387400 0.404802 0.422058 0.439118 0.455922 0.472402 0.488484 0.504078 0.519089 0.533410 0.546925 0.559509 0.571035 0.581370 0.590385 0.597958 0.603976 0.608347 0.610999 0.611888 0.610999 0.608347 0.603976 0.597958 0.590385 0.581370 0.571035 0.559509 0.546925 0.533410 0.519089 0.504078 0.488484 0.472402 0.455922 0.439118 0.422058 0.404802 0.387400 0.369895 0.352325 0.334721 0.317110 0.299515 0.281954 0.264443 0.246995 0.229620 0.212328 0.195125 0.178018 0.161009 
0.151564 0.168214 0.184944 0.201745 0.218612 0.235536 0.252505 0.269509 0.286532 0.303556 0.320562 0.337524 0.354416 0.371204 0.387850 0.404311 0.420536 0.436469 0.452045 0.467192 0.481828 0.495866 0.509210 0.521755 0.533395 0.544017 0.553510 0.561765 0.568680 0.574163 0.578137 0.580546 0.581353 0.580546 0.578137 0.574163 0.568680 0.561765 0.553510 0.544017 0.533395 0.521755 0.509210 0.495866 0.481828 0.467192 0.452045 0.436469 0.420536 0.404311 0.387850 0.371204 0.354416 0.337524 0.320562 0.303556 0.286532 0.269509 0.252505 0.235536 0.218612 0.201745 0.184944 0.168214 0.151564 
0.141800 0.158093 0.174443 0.190845 0.207289 0.223766 0.240263 0.256767 0.273262 0.289729 0.306146 0.322489 0.338727 0.354828 0.370754 0.386462 0.401903 0.417023 0.431759 0.446045 0.459805 0.472960 0.485422 0.497101 0.507902 0.517728 0.526484 0.534078 0.540423 0.545444 0.549079 0.551279 0.552016 0.551279 0.549079 0.545444 0.540423 0.534078 0.526484 0.517728 0.507902 0.497101 0.485422 0.472960 0.459805 0.446045 0.431759 0.417023 0.401903 0.386462 0.370754 0.354828 0.338727 0.322489 0.306146 0.289729 0.273262 0.256767 0.240263 0.223766 0.207289 0.190845 0.174443 0.158093 0.141800 
0.131741 0.147676 0.163649 0.179654 0.195679 0.211715 0.227747 0.243762 0.259741 0.275666 0.291513 0.307257 0.322868 0.338314 0.353556 0.368553 0.383258 0.397618 0.411576 0.425068 0.438026 0.450378 0.462045 0.472947 0.483001 0.492122 0.500229 0.507243 0.513093 0.517714 0.521054 0.523075 0.523751 0.523075 0.521054 0.517714 0.513093 0.507243 0.500229 0.492122 0.483001 0.472947 0.462045 0.450378 0.438026 0.425068 0.411576 0.397618 0.383258 0.368553 0.353556 0.338314 0.322868 0.307257 0.291513 0.275666 0.259741 0.243762 0.227747 0.211715 0.195679 0.179654 0.163649 0.147676 0.131741 
0.121409 0.136987 0.152586 0.168197 0.183809 0.199411 0.214987 0.230523 0.246001 0.261399 0.276696 0.291864 0.306876 0.321697 0.336291 0.350617 0.364631 0.378283 0.391518 0.404280 0.416504 0.428125 0.439072 0.449275 0.458660 0.467155 0.474688 0.481192 0.486607 0.490878 0.493962 0.495826 0.496450 0.495826 0.493962 0.490878 0.486607 0.481192 0.474688 0.467155 0.458660 0.449275 0.439072 0.428125 0.416504 0.404280 0.391518 0.378283 0.364631 0.350617 0.336291 0.321697 0.306876 0.291864 0.276696 0.261399 0.246001 0.230523 0.214987 0.199411 0.183809 0.168197 0.152586 0.136987 0.121409 
0.110822 0.126047 0.141276 0.156499 0.171704 0.186880 0.202011 0.217080 0.232070 0.246960 0.261726 0.276342 0.290780 0.305007 0.318987 0.332682 0.346048 0.359040 0.371606 0.383693 0.395244 0.406198 0.416493 0.426066 0.434851 0.442786 0.449809 0.455862 0.460893 0.464857 0.467716 0.469443 0.470020 0.469443 0.467716 0.464857 0.460893 0.455862 0.449809 0.442786 0.434851 0.426066 0.416493 0.406198 0.395244 0.383693 0.371606 0.359040 0.346048 0.332682 0.318987 0.305007 0.290780 0.276342 0.261726 0.246960 0.232070 0.217080 0.202011 0.186880 0.171704 0.156499 0.141276 0.126047 0.110822 
0.100002 0.114877 0.129741 0.144582 0.159388 0.174147 0.188843 0.203459 0.217977 0.232375 0.246631 0.260718 0.274609 0.288271 0.301671 0.314771 0.327531 0.339907 0.351852 0.363317 0.374249 0.384594 0.394296 0.403298 0.411544 0.418977 0.425544 0.431196 0.435888 0.439579 0.442240 0.443846 0.444383 0.443846 0.442240 0.439579 0.435888 0.431196 0.425544 0.418977 0.411544 0.403298 0.394296 0.384594 0.374249 0.363317 0.351852 0.339907 0.327531 0.314771 0.301671 0.288271 0.274609 0.260718 0.246631 0.232375 0.217977 0.203459 0.188843 0.174147 0.159388 0.144582 0.129741 0.114877 0.100002 
0.088966 0.103496 0.118000 0.132466 0.146882 0.161234 0.175507 0.189683 0.203744 0.217669 0.231435 0.245016 0.258385 0.271512 0.284363 0.296904 0.309096 0.320898 0.332267 0.343157 0.353520 0.363308 0.372469 0.380954 0.388712 0.395693 0.401852 0.407145 0.411533 0.414983 0.417467 0.418966 0.419467 0.418966 0.417467 0.414983 0.411533 0.407145 0.401852 0.395693 0.388712 0.380954 0.372469 0.363308 0.353520 0.343157 0.332267 0.320898 0.309096 0.296904 0.284363 0.271512 0.258385 0.245016 0.231435 0.217669 0.203744 0.189683 0.175507 0.161234 0.146882 0.132466 0.118000 0.103496 0.088966 
0.077732 0.091923 0.106074 0.120173 0.134208 0.148163 0.162025 0.175775 0.189395 0.202864 0.216160 0.229258 0.242130 0.254749 0.267083 0.279097 0.290757 0.302024 0.312857 0.323215 0.333055 0.342331 0.350999 0.359012 0.366328 0.372902 0.378693 0.383664 0.387781 0.391014 0.393341 0.394745 0.395214 0.394745 0.393341 0.391014 0.387781 0.383664 0.378693 0.372902 0.366328 0.359012 0.350999 0.342331 0.333055 0.323215 0.312857 0.302024 0.290757 0.279097 0.267083 0.254749 0.242130 0.229258 0.216160 0.202864 0.189395 0.175775 0.162025 0.148163 0.134208 0.120173 0.106074 0.091923 0.077732 
0.066318 0.080176 0.093980 0.107720 0.121382 0.134953 0.148415 0.161754 0.174948 0.187980 0.200825 0.213462 0.225862 0.238000 0.249844 0.261363 0.272524 0.283291 0.293627 0.303493 0.312849 0.321655 0.329871 0.337455 0.344368 0.350572 0.356031 0.360712 0.364585 0.367624 0.369810 0.371128 0.371568 0.371128 0.369810 0.367624 0.364585 0.360712 0.356031 0.350572 0.344368 0.337455 0.329871 0.321655 0.312849 0.303493 0.293627 0.283291 0.272524 0.261363 0.249844 0.238000 0.225862 0.213462 0.200825 0.187980 0.174948 0.161754 0.148415 0.134953 0.121382 0.107720 0.093980 0.080176 0.066318 
0.054738 0.068269 0.081735 0.095125 0.108424 0.121620 0.134697 0.147637 0.160423 0.173034 0.185449 0.197645 0.209596 0.221278 0.232660 0.243713 0.254407 0.264707 0.274579 0.283988 0.292898 0.301271 0.309072 0.316263 0.322810 0.328678 0.333835 0.338253 0.341905 0.344770 0.346829 0.348070 0.348484 0.348070 0.346829 0.344770 0.341905 0.338253 0.333835 0.328678 0.322810 0.316263 0.309072 0.301271 0.292898 0.283988 0.274579 0.264707 0.254407 0.243713 0.232660 0.221278 0.209596 0.197645 0.185449 0.173034 0.160423 0.147637 0.134697 0.121620 0.108424 0.095125 0.081735 0.068269 0.054738 
0.043008 0.056219 0.069354 0.082402 0.095350 0.108183 0.120886 0.133442 0.145834 0.158042 0.170045 0.181821 0.193346 0.204595 0.215541 0.226156 0.236411 0.246274 0.255715 0.264699 0.273196 0.281170 0.288589 0.295420 0.301631 0.307193 0.312076 0.316255 0.319707 0.322414 0.324358 0.325529 0.325920 0.325529 0.324358 0.322414 0.319707 0.316255 0.312076 0.307193 0.301631 0.295420 0.288589 0.281170 0.273196 0.264699 0.255715 0.246274 0.236411 0.226156 0.215541 0.204595 0.193346 0.181821 0.170045 0.158042 0.145834 0.133442 0.120886 0.108183 0.095350 0.082402 0.069354 0.056219 0.043008 
0.031142 0.044040 0.056852 0.069568 0.082173 0.094655 0.106997 0.119183 0.131196 0.143018 0.154627 0.166003 0.177122 0.187962 0.198496 0.208698 0.218541 0.227996 0.237033 0.245624 0.253737 0.261342 0.268409 0.274909 0.280813 0.286093 0.290726 0.294688 0.297958 0.300520 0.302361 0.303469 0.303839 0.303469 0.302361 0.300520 0.297958 0.294688 0.290726 0.286093 0.280813 0.274909 0.268409 0.261342 0.253737 0.245624 0.237033 0.227996 0.218541 0.208698 0.198496 0.187962 0.177122 0.166003 0.154627 0.143018 0.131196 0.119183 0.106997 0.094655 0.082173 0.069568 0.056852 0.044040 0.031142 
0.019152 0.031744 0.044242 0.056635 0.068909 0.081050 0.093043 0.104873 0.116523 0.127974 0.139207 0.150201 0.160935 0.171387 0.181531 0.191345 0.200801 0.209873 0.218534 0.226757 0.234514 0.241778 0.248520 0.254714 0.260335 0.265358 0.269762 0.273524 0.276629 0.279060 0.280805 0.281856 0.282207 0.281856 0.280805 0.279060 0.276629 0.273524 0.269762 0.265358 0.260335 0.254714 0.248520 0.241778 0.234514 0.226757 0.218534 0.209873 0.200801 0.191345 0.181531 0.171387 0.160935 0.150201 0.139207 0.127974 0.116523 0.104873 0.093043 0.081050 0.068909 0.056635 0.044242 0.031744 0.019152 
0.007051 0.019345 0.031537 0.043616 0.055568 0.067380 0.079037 0.090524 0.101825 0.112921 0.123794 0.134425 0.144793 0.154877 0.164654 0.174100 0.183192 0.191906 0.200215 0.208096 0.215522 0.222467 0.228909 0.234821 0.240181 0.244968 0.249160 0.252741 0.255693 0.258004 0.259663 0.260661 0.260994 0.260661 0.259663 0.258004 0.255693 0.252741 0.249160 0.244968 0.240181 0.234821 0.228909 0.222467 0.215522 0.208096 0.200215 0.191906 0.183192 0.174100 0.164654 0.154877 0.144793 0.134425 0.123794 0.112921 0.101825 0.090524 0.079037 0.067380 0.055568 0.043616 0.031537 0.019345 0.007051 
