81 81
3.895866e+01 0 5
0.626944 0.637249 0.647510 0.657721 0.667876 0.677968 0.687989 0.697931 0.707785 0.717544 0.727196 0.736732 0.746141 0.755413 0.764535 0.773495 0.782280 0.790877 0.799272 0.807450 0.815397 0.823096 0.830533 0.837692 0.844556 0.851109 0.857335 0.863217 0.868740 0.873889 0.878647 0.883001 0.886937 0.890442 0.893505 0.896115 0.898263 0.899942 0.901146 0.901869 0.902111 0.901869 0.901146 0.899942 0.898263 0.896115 0.893505 0.890442 0.886937 0.883001 0.878647 0.873889 0.868740 0.863217 0.857335 0.851109 0.844556 0.837692 0.830533 0.823096 0.815397 0.807450 0.799272 0.790877 0.782280 0.773495 0.764535 0.755413 0.746141 0.736732 0.727196 0.717544 0.707785 0.697931 0.687989 0.677968 0.667876 0.657721 0.647510 0.637249 0.626944 
0.636195 0.646702 0.657171 0.667595 0.677968 0.688283 0.698531 0.708706 0.718798 0.728798 0.738697 0.748483 0.758147 0.767677 0.777060 0.786283 0.795334 0.804198 0.812861 0.821307 0.829521 0.837486 0.845186 0.852603 0.859721 0.866522 0.872989 0.879103 0.884848 0.890207 0.895164 0.899702 0.903806 0.907464 0.910661 0.913386 0.915631 0.917385 0.918643 0.919400 0.919652 0.919400 0.918643 0.917385 0.915631 0.913386 0.910661 0.907464 0.903806 0.899702 0.895164 0.890207 0.884848 0.879103 0.872989 0.866522 0.859721 0.852603 0.845186 0.837486 0.829521 0.821307 0.812861 0.804198 0.795334 0.786283 0.777060 0.767677 0.758147 0.748483 0.738697 0.728798 0.718798 0.708706 0.698531 0.688283 0.677968 0.667595 0.657171 0.646702 0.636195 
0.645360 0.656073 0.666753 0.677394 0.687989 0.698531 0.709013 0.719426 0.729762 0.740011 0.750164 0.760209 0.770136 0.779932 0.789586 0.799084 0.808411 0.817554 0.826497 0.835224 0.843718 0.851962 0.859939 0.867630 0.875017 0.882081 0.888802 0.895164 0.901146 0.906729 0.911897 0.916632 0.920918 0.924738 0.928080 0.930930 0.933278 0.935113 0.936430 0.937222 0.937487 0.937222 0.936430 0.935113 0.933278 0.930930 0.928080 0.924738 0.920918 0.916632 0.911897 0.906729 0.901146 0.895164 0.888802 0.882081 0.875017 0.867630 0.859939 0.851962 0.843718 0.835224 0.826497 0.817554 0.808411 0.799084 0.789586 0.779932 0.770136 0.760209 0.750164 0.740011 0.729762 0.719426 0.709013 0.698531 0.687989 0.677394 0.666753 0.656073 0.645360 
0.654430 0.665352 0.676247 0.687109 0.697931 0.708706 0.719426 0.730084 0.740670 0.751175 0.761589 0.771901 0.782099 0.792173 0.802107 0.811890 0.821505 0.830939 0.840175 0.849196 0.857984 0.866522 0.874791 0.882771 0.890442 0.897785 0.904778 0.911402 0.917636 0.923461 0.928855 0.933801 0.938281 0.942277 0.945774 0.948759 0.951218 0.953141 0.954521 0.955352 0.955629 0.955352 0.954521 0.953141 0.951218 0.948759 0.945774 0.942277 0.938281 0.933801 0.928855 0.923461 0.917636 0.911402 0.904778 0.897785 0.890442 0.882771 0.874791 0.866522 0.857984 0.849196 0.840175 0.830939 0.821505 0.811890 0.802107 0.792173 0.782099 0.771901 0.761589 0.751175 0.740670 0.730084 0.719426 0.708706 0.697931 0.687109 0.676247 0.665352 0.654430 
0.663398 0.674532 0.685646 0.696732 0.707785 0.718798 0.729762 0.740670 0.751512 0.762280 0.772963 0.783550 0.794030 0.804389 0.814615 0.824693 0.834609 0.844346 0.853888 0.863217 0.872315 0.881162 0.889739 0.898024 0.905997 0.913635 0.920918 0.927822 0.934326 0.940407 0.946045 0.951218 0.955906 0.960092 0.963757 0.966886 0.969465 0.971484 0.972933 0.973804 0.974096 0.973804 0.972933 0.971484 0.969465 0.966886 0.963757 0.960092 0.955906 0.951218 0.946045 0.940407 0.934326 0.927822 0.920918 0.913635 0.905997 0.898024 0.889739 0.881162 0.872315 0.863217 0.853888 0.844346 0.834609 0.824693 0.814615 0.804389 0.794030 0.783550 0.772963 0.762280 0.751512 0.740670 0.729762 0.718798 0.707785 0.696732 0.685646 0.674532 0.663398 
0.672256 0.683605 0.694941 0.706255 0.717544 0.728798 0.740011 0.751175 0.762280 0.773318 0.784277 0.795148 0.805917 0.816572 0.827100 0.837486 0.847714 0.857768 0.867630 0.877282 0.886704 0.895877 0.904778 0.913386 0.921679 0.929632 0.937222 0.944425 0.951218 0.957575 0.963473 0.968891 0.973804 0.978194 0.982041 0.985327 0.988037 0.990159 0.991682 0.992599 0.992905 0.992599 0.991682 0.990159 0.988037 0.985327 0.982041 0.978194 0.973804 0.968891 0.963473 0.957575 0.951218 0.944425 0.937222 0.929632 0.921679 0.913386 0.904778 0.895877 0.886704 0.877282 0.867630 0.857768 0.847714 0.837486 0.827100 0.816572 0.805917 0.795148 0.784277 0.773318 0.762280 0.751175 0.740011 0.728798 0.717544 0.706255 0.694941 0.683605 0.672256 
0.680995 0.692562 0.704122 0.715669 0.727196 0.738697 0.750164 0.761589 0.772963 0.784277 0.795521 0.806683 0.817751 0.828712 0.839553 0.850258 0.860811 0.871195 0.881391 0.891382 0.901146 0.910661 0.919905 0.928855 0.937487 0.945774 0.953693 0.961216 0.968317 0.974970 0.981150 0.986830 0.991987 0.996598 1.000641 1.004098 1.006950 1.009184 1.010788 1.011754 1.012076 1.011754 1.010788 1.009184 1.006950 1.004098 1.000641 0.996598 0.991987 0.986830 0.981150 0.974970 0.968317 0.961216 0.953693 0.945774 0.937487 0.928855 0.919905 0.910661 0.901146 0.891382 0.881391 0.871195 0.860811 0.850258 0.839553 0.828712 0.817751 0.806683 0.795521 0.784277 0.772963 0.761589 0.750164 0.738697 0.727196 0.715669 0.704122 0.692562 0.680995 
0.689607 0.701394 0.713181 0.724962 0.736732 0.748483 0.760209 0.771901 0.783550 0.795148 0.806683 0.818145 0.829521 0.840798 0.851962 0.862998 0.873889 0.884617 0.895164 0.905509 0.915631 0.925507 0.935113 0.944425 0.953417 0.962061 0.970329 0.978194 0.985627 0.992599 0.999081 1.005046 1.010466 1.015317 1.019574 1.023216 1.026223 1.028579 1.030272 1.031291 1.031631 1.031291 1.030272 1.028579 1.026223 1.023216 1.019574 1.015317 1.010466 1.005046 0.999081 0.992599 0.985627 0.978194 0.970329 0.962061 0.953417 0.944425 0.935113 0.925507 0.915631 0.905509 0.895164 0.884617 0.873889 0.862998 0.851962 0.840798 0.829521 0.818145 0.806683 0.795148 0.783550 0.771901 0.760209 0.748483 0.736732 0.724962 0.713181 0.701394 0.689607 
0.698081 0.710090 0.722107 0.734126 0.746141 0.758147 0.770136 0.782099 0.794030 0.805917 0.817751 0.829521 0.841214 0.852817 0.864316 0.875695 0.886937 0.898024 0.908936 0.919652 0.930151 0.940407 0.950396 0.960092 0.969465 0.978489 0.987131 0.995363 1.003152 1.010466 1.017276 1.023549 1.029255 1.034367 1.038856 1.042700 1.045876 1.048366 1.050156 1.051234 1.051594 1.051234 1.050156 1.048366 1.045876 1.042700 1.038856 1.034367 1.029255 1.023549 1.017276 1.010466 1.003152 0.995363 0.987131 0.978489 0.969465 0.960092 0.950396 0.940407 0.930151 0.919652 0.908936 0.898024 0.886937 0.875695 0.864316 0.852817 0.841214 0.829521 0.817751 0.805917 0.794030 0.782099 0.770136 0.758147 0.746141 0.734126 0.722107 0.710090 0.698081 
0.706408 0.718641 0.730889 0.743149 0.755413 0.767677 0.779932 0.792173 0.804389 0.816572 0.828712 0.840798 0.852817 0.864756 0.876601 0.888335 0.899942 0.911402 0.922696 0.933801 0.944695 0.955352 0.965745 0.975847 0.985627 0.995055 1.004098 1.012722 1.020894 1.028579 1.035742 1.042349 1.048366 1.053762 1.058507 1.062572 1.065933 1.068570 1.070466 1.071609 1.071991 1.071609 1.070466 1.068570 1.065933 1.062572 1.058507 1.053762 1.048366 1.042349 1.035742 1.028579 1.020894 1.012722 1.004098 0.995055 0.985627 0.975847 0.965745 0.955352 0.944695 0.933801 0.922696 0.911402 0.899942 0.888335 0.876601 0.864756 0.852817 0.840798 0.828712 0.816572 0.804389 0.792173 0.779932 0.767677 0.755413 0.743149 0.730889 0.718641 0.706408 
0.714579 0.727036 0.739518 0.752019 0.764535 0.777060 0.789586 0.802107 0.814615 0.827100 0.839553 0.851962 0.864316 0.876601 0.888802 0.900905 0.912889 0.924738 0.936430 0.947942 0.959251 0.970329 0.981150 0.991682 1.001894 1.011754 1.021225 1.030272 1.038856 1.046941 1.054488 1.061458 1.067815 1.073522 1.078545 1.082853 1.086418 1.089217 1.091231 1.092444 1.092850 1.092444 1.091231 1.089217 1.086418 1.082853 1.078545 1.073522 1.067815 1.061458 1.054488 1.046941 1.038856 1.030272 1.021225 1.011754 1.001894 0.991682 0.981150 0.970329 0.959251 0.947942 0.936430 0.924738 0.912889 0.900905 0.888802 0.876601 0.864316 0.851962 0.839553 0.827100 0.814615 0.802107 0.789586 0.777060 0.764535 0.752019 0.739518 0.727036 0.714579 
0.722581 0.735264 0.747980 0.760726 0.773495 0.786283 0.799084 0.811890 0.824693 0.837486 0.850258 0.862998 0.875695 0.888335 0.900905 0.913386 0.925763 0.938016 0.950123 0.962061 0.973804 0.985327 0.996598 1.007587 1.018259 1.028579 1.038509 1.048010 1.057040 1.065558 1.073522 1.080888 1.087615 1.093662 1.098992 1.103568 1.107358 1.110336 1.112480 1.113772 1.114204 1.113772 1.112480 1.110336 1.107358 1.103568 1.098992 1.093662 1.087615 1.080888 1.073522 1.065558 1.057040 1.048010 1.038509 1.028579 1.018259 1.007587 0.996598 0.985327 0.973804 0.962061 0.950123 0.938016 0.925763 0.913386 0.900905 0.888335 0.875695 0.862998 0.850258 0.837486 0.824693 0.811890 0.799084 0.786283 0.773495 0.760726 0.747980 0.735264 0.722581 
0.730406 0.743314 0.756266 0.769256 0.782280 0.795334 0.808411 0.821505 0.834609 0.847714 0.860811 0.873889 0.886937 0.899942 0.912889 0.925763 0.938546 0.951218 0.963757 0.976139 0.988339 1.000329 1.012076 1.023549 1.034710 1.045522 1.055944 1.065933 1.075445 1.084433 1.092850 1.100649 1.107782 1.114204 1.119871 1.124743 1.128783 1.131960 1.134248 1.135628 1.136090 1.135628 1.134248 1.131960 1.128783 1.124743 1.119871 1.114204 1.107782 1.100649 1.092850 1.084433 1.075445 1.065933 1.055944 1.045522 1.034710 1.023549 1.012076 1.000329 0.988339 0.976139 0.963757 0.951218 0.938546 0.925763 0.912889 0.899942 0.886937 0.873889 0.860811 0.847714 0.834609 0.821505 0.808411 0.795334 0.782280 0.769256 0.756266 0.743314 0.730406 
0.738041 0.751175 0.764361 0.777597 0.790877 0.804198 0.817554 0.830939 0.844346 0.857768 0.871195 0.884617 0.898024 0.911402 0.924738 0.938016 0.951218 0.964324 0.977312 0.990159 1.002837 1.015317 1.027567 1.039552 1.051234 1.062572 1.073522 1.084037 1.094069 1.103568 1.112480 1.120752 1.128332 1.135167 1.141209 1.146409 1.150726 1.154124 1.156574 1.158052 1.158547 1.158052 1.156574 1.154124 1.150726 1.146409 1.141209 1.135167 1.128332 1.120752 1.112480 1.103568 1.094069 1.084037 1.073522 1.062572 1.051234 1.039552 1.027567 1.015317 1.002837 0.990159 0.977312 0.964324 0.951218 0.938016 0.924738 0.911402 0.898024 0.884617 0.871195 0.857768 0.844346 0.830939 0.817554 0.804198 0.790877 0.777597 0.764361 0.751175 0.738041 
0.745475 0.758833 0.772255 0.785735 0.799272 0.812861 0.826497 0.840175 0.853888 0.867630 0.881391 0.895164 0.908936 0.922696 0.936430 0.950123 0.963757 0.977312 0.990767 1.004098 1.017276 1.030272 1.043052 1.055579 1.067815 1.079714 1.091231 1.102314 1.112910 1.122963 1.132416 1.141209 1.149281 1.156574 1.163030 1.168597 1.173224 1.176870 1.179501 1.181089 1.181621 1.181089 1.179501 1.176870 1.173224 1.168597 1.163030 1.156574 1.149281 1.141209 1.132416 1.122963 1.112910 1.102314 1.091231 1.079714 1.067815 1.055579 1.043052 1.030272 1.017276 1.004098 0.990767 0.977312 0.963757 0.950123 0.936430 0.922696 0.908936 0.895164 0.881391 0.867630 0.853888 0.840175 0.826497 0.812861 0.799272 0.785735 0.772255 0.758833 0.745475 
0.752696 0.766278 0.779932 0.793657 0.807450 0.821307 0.835224 0.849196 0.863217 0.877282 0.891382 0.905509 0.919652 0.933801 0.947942 0.962061 0.976139 0.990159 1.004098 1.017931 1.031631 1.045168 1.058507 1.071609 1.084433 1.096932 1.109057 1.120752 1.131960 1.142619 1.152664 1.162028 1.170645 1.178446 1.185365 1.191341 1.196317 1.200243 1.203077 1.204790 1.205363 1.204790 1.203077 1.200243 1.196317 1.191341 1.185365 1.178446 1.170645 1.162028 1.152664 1.142619 1.131960 1.120752 1.109057 1.096932 1.084433 1.071609 1.058507 1.045168 1.031631 1.017931 1.004098 0.990159 0.976139 0.962061 0.947942 0.933801 0.919652 0.905509 0.891382 0.877282 0.863217 0.849196 0.835224 0.821307 0.807450 0.793657 0.779932 0.766278 0.752696 
0.759692 0.773495 0.787381 0.801349 0.815397 0.829521 0.843718 0.857984 0.872315 0.886704 0.901146 0.915631 0.930151 0.944695 0.959251 0.973804 0.988339 1.002837 1.017276 1.031631 1.045876 1.059979 1.073905 1.087615 1.101064 1.114204 1.126982 1.139338 1.151210 1.162529 1.173224 1.183220 1.192440 1.200807 1.208245 1.214682 1.220050 1.224292 1.227358 1.229213 1.229834 1.229213 1.227358 1.224292 1.220050 1.214682 1.208245 1.200807 1.192440 1.183220 1.173224 1.162529 1.151210 1.139338 1.126982 1.114204 1.101064 1.087615 1.073905 1.059979 1.045876 1.031631 1.017276 1.002837 0.988339 0.973804 0.959251 0.944695 0.930151 0.915631 0.901146 0.886704 0.872315 0.857984 0.843718 0.829521 0.815397 0.801349 0.787381 0.773495 0.759692 
0.766452 0.780473 0.794588 0.808796 0.823096 0.837486 0.851962 0.866522 0.881162 0.895877 0.910661 0.925507 0.940407 0.955352 0.970329 0.985327 1.000329 1.015317 1.030272 1.045168 1.059979 1.074674 1.089217 1.103568 1.117680 1.131504 1.144982 1.158052 1.170645 1.182686 1.194096 1.204790 1.214682 1.223682 1.231703 1.238660 1.244475 1.249076 1.252407 1.254423 1.255098 1.254423 1.252407 1.249076 1.244475 1.238660 1.231703 1.223682 1.214682 1.204790 1.194096 1.182686 1.170645 1.158052 1.144982 1.131504 1.117680 1.103568 1.089217 1.074674 1.059979 1.045168 1.030272 1.015317 1.000329 0.985327 0.970329 0.955352 0.940407 0.925507 0.910661 0.895877 0.881162 0.866522 0.851962 0.837486 0.823096 0.808796 0.794588 0.780473 0.766452 
0.772963 0.787198 0.801539 0.815984 0.830533 0.845186 0.859939 0.874791 0.889739 0.904778 0.919905 0.935113 0.950396 0.965745 0.981150 0.996598 1.012076 1.027567 1.043052 1.058507 1.073905 1.089217 1.104406 1.119432 1.134248 1.148800 1.163030 1.176870 1.190246 1.203077 1.215274 1.226742 1.237384 1.247095 1.255775 1.263323 1.269646 1.274659 1.278294 1.280497 1.281235 1.280497 1.278294 1.274659 1.269646 1.263323 1.255775 1.247095 1.237384 1.226742 1.215274 1.203077 1.190246 1.176870 1.163030 1.148800 1.134248 1.119432 1.104406 1.089217 1.073905 1.058507 1.043052 1.027567 1.012076 0.996598 0.981150 0.965745 0.950396 0.935113 0.919905 0.904778 0.889739 0.874791 0.859939 0.845186 0.830533 0.815984 0.801539 0.787198 0.772963 
0.779212 0.793657 0.808219 0.822897 0.837692 0.852603 0.867630 0.882771 0.898024 0.913386 0.928855 0.944425 0.960092 0.975847 0.991682 1.007587 1.023549 1.039552 1.055579 1.071609 1.087615 1.103568 1.119432 1.135167 1.150726 1.166054 1.181089 1.195760 1.209988 1.223682 1.236747 1.249076 1.260556 1.271069 1.280497 1.288720 1.295627 1.301116 1.305103 1.307522 1.308333 1.307522 1.305103 1.301116 1.295627 1.288720 1.280497 1.271069 1.260556 1.249076 1.236747 1.223682 1.209988 1.195760 1.181089 1.166054 1.150726 1.135167 1.119432 1.103568 1.087615 1.071609 1.055579 1.039552 1.023549 1.007587 0.991682 0.975847 0.960092 0.944425 0.928855 0.913386 0.898024 0.882771 0.867630 0.852603 0.837692 0.822897 0.808219 0.793657 0.779212 
0.785188 0.799838 0.814615 0.829521 0.844556 0.859721 0.875017 0.890442 0.905997 0.921679 0.937487 0.953417 0.969465 0.985627 1.001894 1.018259 1.034710 1.051234 1.067815 1.084433 1.101064 1.117680 1.134248 1.150726 1.167069 1.183220 1.199116 1.214682 1.229834 1.244475 1.258497 1.271784 1.284206 1.295627 1.305907 1.314906 1.322489 1.328531 1.332929 1.335602 1.336498 1.335602 1.332929 1.328531 1.322489 1.314906 1.305907 1.295627 1.284206 1.271784 1.258497 1.244475 1.229834 1.214682 1.199116 1.183220 1.167069 1.150726 1.134248 1.117680 1.101064 1.084433 1.067815 1.051234 1.034710 1.018259 1.001894 0.985627 0.969465 0.953417 0.937487 0.921679 0.905997 0.890442 0.875017 0.859721 0.844556 0.829521 0.814615 0.799838 0.785188 
0.790877 0.805726 0.820712 0.835839 0.851109 0.866522 0.882081 0.897785 0.913635 0.929632 0.945774 0.962061 0.978489 0.995055 1.011754 1.028579 1.045522 1.062572 1.079714 1.096932 1.114204 1.131504 1.148800 1.166054 1.183220 1.200243 1.217056 1.233585 1.249739 1.265415 1.280497 1.294851 1.308333 1.320786 1.332044 1.341940 1.350309 1.357001 1.361883 1.364856 1.365854 1.364856 1.361883 1.357001 1.350309 1.341940 1.332044 1.320786 1.308333 1.294851 1.280497 1.265415 1.249739 1.233585 1.217056 1.200243 1.183220 1.166054 1.148800 1.131504 1.114204 1.096932 1.079714 1.062572 1.045522 1.028579 1.011754 0.995055 0.978489 0.962061 0.945774 0.929632 0.913635 0.897785 0.882081 0.866522 0.851109 0.835839 0.820712 0.805726 0.790877 
0.796269 0.811308 0.826497 0.841838 0.857335 0.872989 0.888802 0.904778 0.920918 0.937222 0.953693 0.970329 0.987131 1.004098 1.021225 1.038509 1.055944 1.073522 1.091231 1.109057 1.126982 1.144982 1.163030 1.181089 1.199116 1.217056 1.234846 1.252407 1.269646 1.286454 1.302704 1.318251 1.332929 1.346558 1.358943 1.369883 1.379177 1.386636 1.392096 1.395427 1.396546 1.395427 1.392096 1.386636 1.379177 1.369883 1.358943 1.346558 1.332929 1.318251 1.302704 1.286454 1.269646 1.252407 1.234846 1.217056 1.199116 1.181089 1.163030 1.144982 1.126982 1.109057 1.091231 1.073522 1.055944 1.038509 1.021225 1.004098 0.987131 0.970329 0.953693 0.937222 0.920918 0.904778 0.888802 0.872989 0.857335 0.841838 0.826497 0.811308 0.796269 
0.801349 0.816572 0.831955 0.847503 0.863217 0.879103 0.895164 0.911402 0.927822 0.944425 0.961216 0.978194 0.995363 1.012722 1.030272 1.048010 1.065933 1.084037 1.102314 1.120752 1.139338 1.158052 1.176870 1.195760 1.214682 1.233585 1.252407 1.271069 1.289479 1.307522 1.325062 1.341940 1.357970 1.372946 1.386636 1.398800 1.409189 1.417566 1.423720 1.427485 1.428752 1.427485 1.423720 1.417566 1.409189 1.398800 1.386636 1.372946 1.357970 1.341940 1.325062 1.307522 1.289479 1.271069 1.252407 1.233585 1.214682 1.195760 1.176870 1.158052 1.139338 1.120752 1.102314 1.084037 1.065933 1.048010 1.030272 1.012722 0.995363 0.978194 0.961216 0.944425 0.927822 0.911402 0.895164 0.879103 0.863217 0.847503 0.831955 0.816572 0.801349 
0.806108 0.821505 0.837074 0.852817 0.868740 0.884848 0.901146 0.917636 0.934326 0.951218 0.968317 0.985627 1.003152 1.020894 1.038856 1.057040 1.075445 1.094069 1.112910 1.131960 1.151210 1.170645 1.190246 1.209988 1.229834 1.249739 1.269646 1.289479 1.309146 1.328531 1.347491 1.365854 1.383414 1.399934 1.415145 1.428752 1.440449 1.449936 1.456937 1.461234 1.462683 1.461234 1.456937 1.449936 1.440449 1.428752 1.415145 1.399934 1.383414 1.365854 1.347491 1.328531 1.309146 1.289479 1.269646 1.249739 1.229834 1.209988 1.190246 1.170645 1.151210 1.131960 1.112910 1.094069 1.075445 1.057040 1.038856 1.020894 1.003152 0.985627 0.968317 0.951218 0.934326 0.917636 0.901146 0.884848 0.868740 0.852817 0.837074 0.821505 0.806108 
0.810534 0.826096 0.841838 0.857768 0.873889 0.890207 0.906729 0.923461 0.940407 0.957575 0.974970 0.992599 1.010466 1.028579 1.046941 1.065558 1.084433 1.103568 1.122963 1.142619 1.162529 1.182686 1.203077 1.223682 1.244475 1.265415 1.286454 1.307522 1.328531 1.349367 1.369883 1.389899 1.409189 1.427485 1.444471 1.459794 1.473070 1.483913 1.491964 1.496925 1.498601 1.496925 1.491964 1.483913 1.473070 1.459794 1.444471 1.427485 1.409189 1.389899 1.369883 1.349367 1.328531 1.307522 1.286454 1.265415 1.244475 1.223682 1.203077 1.182686 1.162529 1.142619 1.122963 1.103568 1.084433 1.065558 1.046941 1.028579 1.010466 0.992599 0.974970 0.957575 0.940407 0.923461 0.906729 0.890207 0.873889 0.857768 0.841838 0.826096 0.810534 
0.814615 0.830331 0.846237 0.862340 0.878647 0.895164 0.911897 0.928855 0.946045 0.963473 0.981150 0.999081 1.017276 1.035742 1.054488 1.073522 1.092850 1.112480 1.132416 1.152664 1.173224 1.194096 1.215274 1.236747 1.258497 1.280497 1.302704 1.325062 1.347491 1.369883 1.392096 1.413942 1.435184 1.455521 1.474590 1.491964 1.507164 1.519688 1.529056 1.534860 1.536828 1.534860 1.529056 1.519688 1.507164 1.491964 1.474590 1.455521 1.435184 1.413942 1.392096 1.369883 1.347491 1.325062 1.302704 1.280497 1.258497 1.236747 1.215274 1.194096 1.173224 1.152664 1.132416 1.112480 1.092850 1.073522 1.054488 1.035742 1.017276 0.999081 0.981150 0.963473 0.946045 0.928855 0.911897 0.895164 0.878647 0.862340 0.846237 0.830331 0.814615 
0.818342 0.834200 0.850258 0.866522 0.883001 0.899702 0.916632 0.933801 0.951218 0.968891 0.986830 1.005046 1.023549 1.042349 1.061458 1.080888 1.100649 1.120752 1.141209 1.162028 1.183220 1.204790 1.226742 1.249076 1.271784 1.294851 1.318251 1.341940 1.365854 1.389899 1.413942 1.437803 1.461234 1.483913 1.505427 1.525264 1.542830 1.557467 1.568520 1.575417 1.577763 1.575417 1.568520 1.557467 1.542830 1.525264 1.505427 1.483913 1.461234 1.437803 1.413942 1.389899 1.365854 1.341940 1.318251 1.294851 1.271784 1.249076 1.226742 1.204790 1.183220 1.162028 1.141209 1.120752 1.100649 1.080888 1.061458 1.042349 1.023549 1.005046 0.986830 0.968891 0.951218 0.933801 0.916632 0.899702 0.883001 0.866522 0.850258 0.834200 0.818342 
0.821704 0.837692 0.853888 0.870300 0.886937 0.903806 0.920918 0.938281 0.955906 0.973804 0.991987 1.010466 1.029255 1.048366 1.067815 1.087615 1.107782 1.128332 1.149281 1.170645 1.192440 1.214682 1.237384 1.260556 1.284206 1.308333 1.332929 1.357970 1.383414 1.409189 1.435184 1.461234 1.487102 1.512451 1.536828 1.559635 1.580133 1.597461 1.610711 1.619057 1.621910 1.619057 1.610711 1.597461 1.580133 1.559635 1.536828 1.512451 1.487102 1.461234 1.435184 1.409189 1.383414 1.357970 1.332929 1.308333 1.284206 1.260556 1.237384 1.214682 1.192440 1.170645 1.149281 1.128332 1.107782 1.087615 1.067815 1.048366 1.029255 1.010466 0.991987 0.973804 0.955906 0.938281 0.920918 0.903806 0.886937 0.870300 0.853888 0.837692 0.821704 
0.824693 0.840798 0.857119 0.873664 0.890442 0.907464 0.924738 0.942277 0.960092 0.978194 0.996598 1.015317 1.034367 1.053762 1.073522 1.093662 1.114204 1.135167 1.156574 1.178446 1.200807 1.223682 1.247095 1.271069 1.295627 1.320786 1.346558 1.372946 1.399934 1.427485 1.455521 1.483913 1.512451 1.540812 1.568520 1.594902 1.619057 1.639856 1.656030 1.666350 1.669904 1.666350 1.656030 1.639856 1.619057 1.594902 1.568520 1.540812 1.512451 1.483913 1.455521 1.427485 1.399934 1.372946 1.346558 1.320786 1.295627 1.271069 1.247095 1.223682 1.200807 1.178446 1.156574 1.135167 1.114204 1.093662 1.073522 1.053762 1.034367 1.015317 0.996598 0.978194 0.960092 0.942277 0.924738 0.907464 0.890442 0.873664 0.857119 0.840798 0.824693 
0.827301 0.843509 0.859939 0.876601 0.893505 0.910661 0.928080 0.945774 0.963757 0.982041 1.000641 1.019574 1.038856 1.058507 1.078545 1.098992 1.119871 1.141209 1.163030 1.185365 1.208245 1.231703 1.255775 1.280497 1.305907 1.332044 1.358943 1.386636 1.415145 1.444471 1.474590 1.505427 1.536828 1.568520 1.600049 1.630700 1.659415 1.684742 1.704886 1.717974 1.722526 1.717974 1.704886 1.684742 1.659415 1.630700 1.600049 1.568520 1.536828 1.505427 1.474590 1.444471 1.415145 1.386636 1.358943 1.332044 1.305907 1.280497 1.255775 1.231703 1.208245 1.185365 1.163030 1.141209 1.119871 1.098992 1.078545 1.058507 1.038856 1.019574 1.000641 0.982041 0.963757 0.945774 0.928080 0.910661 0.893505 0.876601 0.859939 0.843509 0.827301 
0.829521 0.845816 0.862340 0.879103 0.896115 0.913386 0.930930 0.948759 0.966886 0.985327 1.004098 1.023216 1.042700 1.062572 1.082853 1.103568 1.124743 1.146409 1.168597 1.191341 1.214682 1.238660 1.263323 1.288720 1.314906 1.341940 1.369883 1.398800 1.428752 1.459794 1.491964 1.525264 1.559635 1.594902 1.630700 1.666350 1.700699 1.731944 1.757574 1.774663 1.780697 1.774663 1.757574 1.731944 1.700699 1.666350 1.630700 1.594902 1.559635 1.525264 1.491964 1.459794 1.428752 1.398800 1.369883 1.341940 1.314906 1.288720 1.263323 1.238660 1.214682 1.191341 1.168597 1.146409 1.124743 1.103568 1.082853 1.062572 1.042700 1.023216 1.004098 0.985327 0.966886 0.948759 0.930930 0.913386 0.896115 0.879103 0.862340 0.845816 0.829521 
0.831345 0.847714 0.864316 0.881162 0.898263 0.915631 0.933278 0.951218 0.969465 0.988037 1.006950 1.026223 1.045876 1.065933 1.086418 1.107358 1.128783 1.150726 1.173224 1.196317 1.220050 1.244475 1.269646 1.295627 1.322489 1.350309 1.379177 1.409189 1.440449 1.473070 1.507164 1.542830 1.580133 1.619057 1.659415 1.700699 1.741814 1.780697 1.813954 1.836977 1.845296 1.836977 1.813954 1.780697 1.741814 1.700699 1.659415 1.619057 1.580133 1.542830 1.507164 1.473070 1.440449 1.409189 1.379177 1.350309 1.322489 1.295627 1.269646 1.244475 1.220050 1.196317 1.173224 1.150726 1.128783 1.107358 1.086418 1.065933 1.045876 1.026223 1.006950 0.988037 0.969465 0.951218 0.933278 0.915631 0.898263 0.881162 0.864316 0.847714 0.831345 
0.832770 0.849196 0.865859 0.882771 0.899942 0.917385 0.935113 0.953141 0.971484 0.990159 1.009184 1.028579 1.048366 1.068570 1.089217 1.110336 1.131960 1.154124 1.176870 1.200243 1.224292 1.249076 1.274659 1.301116 1.328531 1.357001 1.386636 1.417566 1.449936 1.483913 1.519688 1.557467 1.597461 1.639856 1.684742 1.731944 1.780697 1.828999 1.872634 1.904514 1.916447 1.904514 1.872634 1.828999 1.780697 1.731944 1.684742 1.639856 1.597461 1.557467 1.519688 1.483913 1.449936 1.417566 1.386636 1.357001 1.328531 1.301116 1.274659 1.249076 1.224292 1.200243 1.176870 1.154124 1.131960 1.110336 1.089217 1.068570 1.048366 1.028579 1.009184 0.990159 0.971484 0.953141 0.935113 0.917385 0.899942 0.882771 0.865859 0.849196 0.832770 
0.833791 0.850258 0.866965 0.883924 0.901146 0.918643 0.936430 0.954521 0.972933 0.991682 1.010788 1.030272 1.050156 1.070466 1.091231 1.112480 1.134248 1.156574 1.179501 1.203077 1.227358 1.252407 1.278294 1.305103 1.332929 1.361883 1.392096 1.423720 1.456937 1.491964 1.529056 1.568520 1.610711 1.656030 1.704886 1.757574 1.813954 1.872634 1.929184 1.973572 1.991072 1.973572 1.929184 1.872634 1.813954 1.757574 1.704886 1.656030 1.610711 1.568520 1.529056 1.491964 1.456937 1.423720 1.392096 1.361883 1.332929 1.305103 1.278294 1.252407 1.227358 1.203077 1.179501 1.156574 1.134248 1.112480 1.091231 1.070466 1.050156 1.030272 1.010788 0.991682 0.972933 0.954521 0.936430 0.918643 0.901146 0.883924 0.866965 0.850258 0.833791 
0.834404 0.850896 0.867630 0.884617 0.901869 0.919400 0.937222 0.955352 0.973804 0.992599 1.011754 1.031291 1.051234 1.071609 1.092444 1.113772 1.135628 1.158052 1.181089 1.204790 1.229213 1.254423 1.280497 1.307522 1.335602 1.364856 1.395427 1.427485 1.461234 1.496925 1.534860 1.575417 1.619057 1.666350 1.717974 1.774663 1.836977 1.904514 1.973572 2.031996 2.056479 2.031996 1.973572 1.904514 1.836977 1.774663 1.717974 1.666350 1.619057 1.575417 1.534860 1.496925 1.461234 1.427485 1.395427 1.364856 1.335602 1.307522 1.280497 1.254423 1.229213 1.204790 1.181089 1.158052 1.135628 1.113772 1.092444 1.071609 1.051234 1.031291 1.011754 0.992599 0.973804 0.955352 0.937222 0.919400 0.901869 0.884617 0.867630 0.850896 0.834404 
0.834609 0.851109 0.867852 0.884848 0.902111 0.919652 0.937487 0.955629 0.974096 0.992905 1.012076 1.031631 1.051594 1.071991 1.092850 1.114204 1.136090 1.158547 1.181621 1.205363 1.229834 1.255098 1.281235 1.308333 1.336498 1.365854 1.396546 1.428752 1.462683 1.498601 1.536828 1.577763 1.621910 1.669904 1.722526 1.780697 1.845296 1.916447 1.991072 2.056479 2.084762 2.056479 1.991072 1.916447 1.845296 1.780697 1.722526 1.669904 1.621910 1.577763 1.536828 1.498601 1.462683 1.428752 1.396546 1.365854 1.336498 1.308333 1.281235 1.255098 1.229834 1.205363 1.181621 1.158547 1.136090 1.114204 1.092850 1.071991 1.051594 1.031631 1.012076 0.992905 0.974096 0.955629 0.937487 0.919652 0.902111 0.884848 0.867852 0.851109 0.834609 
0.834609 0.851109 0.867852 0.884848 0.902111 0.919652 0.937487 0.955629 0.974095 0.992905 1.012076 1.031631 1.051594 1.071991 1.092850 1.114204 1.136090 1.158547 1.181621 1.205363 1.229833 1.255098 1.281235 1.308333 1.336498 1.365854 1.396546 1.428752 1.462683 1.498601 1.536827 1.577762 1.621910 1.669903 1.722526 1.780696 1.845295 1.916446 1.991070 2.056476 2.084758 2.056476 1.991070 1.916446 1.845295 1.780696 1.722526 1.669903 1.621910 1.577762 1.536827 1.498601 1.462683 1.428752 1.396546 1.365854 1.336498 1.308333 1.281235 1.255098 1.229833 1.205363 1.181621 1.158547 1.136090 1.114204 1.092850 1.071991 1.051594 1.031631 1.012076 0.992905 0.974095 0.955629 0.937487 0.919652 0.902111 0.884848 0.867852 0.851109 0.834609 
0.834609 0.851109 0.867852 0.884848 0.902111 0.919652 0.937486 0.955629 0.974095 0.992905 1.012076 1.031631 1.051594 1.071990 1.092850 1.114204 1.136089 1.158546 1.181620 1.205363 1.229833 1.255098 1.281234 1.308333 1.336498 1.365853 1.396546 1.428751 1.462683 1.498601 1.536827 1.577762 1.621909 1.669902 1.722524 1.780694 1.845292 1.916442 1.991064 2.056467 2.084748 2.056467 1.991064 1.916442 1.845292 1.780694 1.722524 1.669902 1.621909 1.577762 1.536827 1.498601 1.462683 1.428751 1.396546 1.365853 1.336498 1.308333 1.281234 1.255098 1.229833 1.205363 1.181620 1.158546 1.136089 1.114204 1.092850 1.071990 1.051594 1.031631 1.012076 0.992905 0.974095 0.955629 0.937486 0.919652 0.902111 0.884848 0.867852 0.851109 0.834609 
0.834609 0.851109 0.867852 0.884848 0.902111 0.919652 0.937487 0.955629 0.974095 0.992905 1.012076 1.031631 1.051594 1.071990 1.092850 1.114204 1.136090 1.158547 1.181621 1.205363 1.229833 1.255098 1.281235 1.308333 1.336498 1.365854 1.396546 1.428752 1.462683 1.498601 1.536827 1.577762 1.621910 1.669903 1.722526 1.780696 1.845295 1.916446 1.991069 2.056474 2.084757 2.056474 1.991069 1.916446 1.845295 1.780696 1.722526 1.669903 1.621910 1.577762 1.536827 1.498601 1.462683 1.428752 1.396546 1.365854 1.336498 1.308333 1.281235 1.255098 1.229833 1.205363 1.181621 1.158547 1.136090 1.114204 1.092850 1.071990 1.051594 1.031631 1.012076 0.992905 0.974095 0.955629 0.937487 0.919652 0.902111 0.884848 0.867852 0.851109 0.834609 
0.834609 0.851109 0.867852 0.884848 0.902111 0.919652 0.937487 0.955629 0.974096 0.992905 1.012076 1.031631 1.051594 1.071991 1.092850 1.114204 1.136090 1.158547 1.181621 1.205363 1.229834 1.255098 1.281235 1.308333 1.336498 1.365854 1.396546 1.428752 1.462683 1.498601 1.536828 1.577763 1.621910 1.669904 1.722526 1.780697 1.845296 1.916447 1.991072 2.056479 2.084762 2.056479 1.991072 1.916447 1.845296 1.780697 1.722526 1.669904 1.621910 1.577763 1.536828 1.498601 1.462683 1.428752 1.396546 1.365854 1.336498 1.308333 1.281235 1.255098 1.229834 1.205363 1.181621 1.158547 1.136090 1.114204 1.092850 1.071991 1.051594 1.031631 1.012076 0.992905 0.974096 0.955629 0.937487 0.919652 0.902111 0.884848 0.867852 0.851109 0.834609 
0.834609 0.851109 0.867852 0.884848 0.902111 0.919652 0.937487 0.955629 0.974095 0.992905 1.012076 1.031631 1.051594 1.071991 1.092850 1.114204 1.136090 1.158547 1.181621 1.205363 1.229834 1.255098 1.281235 1.308333 1.336498 1.365854 1.396546 1.428752 1.462683 1.498601 1.536827 1.577762 1.621910 1.669903 1.722526 1.780697 1.845295 1.916447 1.991071 2.056477 2.084760 2.056477 1.991071 1.916447 1.845295 1.780697 1.722526 1.669903 1.621910 1.577762 1.536827 1.498601 1.462683 1.428752 1.396546 1.365854 1.336498 1.308333 1.281235 1.255098 1.229834 1.205363 1.181621 1.158547 1.136090 1.114204 1.092850 1.071991 1.051594 1.031631 1.012076 0.992905 0.974095 0.955629 0.937487 0.919652 0.902111 0.884848 0.867852 0.851109 0.834609 
0.834609 0.851109 0.867852 0.884848 0.902111 0.919652 0.937486 0.955629 0.974095 0.992905 1.012076 1.031631 1.051594 1.071990 1.092850 1.114204 1.136089 1.158546 1.181621 1.205363 1.229833 1.255098 1.281235 1.308333 1.336498 1.365853 1.396546 1.428751 1.462683 1.498601 1.536827 1.577762 1.621909 1.669902 1.722525 1.780695 1.845293 1.916443 1.991065 2.056469 2.084750 2.056469 1.991065 1.916443 1.845293 1.780695 1.722525 1.669902 1.621909 1.577762 1.536827 1.498601 1.462683 1.428751 1.396546 1.365853 1.336498 1.308333 1.281235 1.255098 1.229833 1.205363 1.181621 1.158546 1.136089 1.114204 1.092850 1.071990 1.051594 1.031631 1.012076 0.992905 0.974095 0.955629 0.937486 0.919652 0.902111 0.884848 0.867852 0.851109 0.834609 
0.834609 0.851109 0.867852 0.884848 0.902111 0.919652 0.937487 0.955629 0.974095 0.992905 1.012076 1.031631 1.051594 1.071990 1.092850 1.114204 1.136090 1.158547 1.181621 1.205363 1.229833 1.255098 1.281235 1.308333 1.336498 1.365853 1.396546 1.428751 1.462683 1.498601 1.536827 1.577762 1.621910 1.669903 1.722525 1.780696 1.845294 1.916445 1.991068 2.056473 2.084755 2.056473 1.991068 1.916445 1.845294 1.780696 1.722525 1.669903 1.621910 1.577762 1.536827 1.498601 1.462683 1.428751 1.396546 1.365853 1.336498 1.308333 1.281235 1.255098 1.229833 1.205363 1.181621 1.158547 1.136090 1.114204 1.092850 1.071990 1.051594 1.031631 1.012076 0.992905 0.974095 0.955629 0.937487 0.919652 0.902111 0.884848 0.867852 0.851109 0.834609 
0.834609 0.851109 0.867851 0.884848 0.902111 0.919652 0.937486 0.955628 0.974095 0.992904 1.012076 1.031631 1.051593 1.071990 1.092849 1.114203 1.136089 1.158546 1.181620 1.205363 1.229833 1.255097 1.281234 1.308332 1.336497 1.365852 1.396544 1.428750 1.462681 1.498599 1.536824 1.577759 1.621906 1.669898 1.722519 1.780687 1.845282 1.916427 1.991041 2.056435 2.084710 2.056435 1.991041 1.916427 1.845282 1.780687 1.722519 1.669898 1.621906 1.577759 1.536824 1.498599 1.462681 1.428750 1.396544 1.365852 1.336497 1.308332 1.281234 1.255097 1.229833 1.205363 1.181620 1.158546 1.136089 1.114203 1.092849 1.071990 1.051593 1.031631 1.012076 0.992904 0.974095 0.955628 0.937486 0.919652 0.902111 0.884848 0.867851 0.851109 0.834609 
0.834387 0.850878 0.867611 0.884598 0.901849 0.919379 0.937200 0.955328 0.973780 0.992573 1.011727 1.031262 1.051204 1.071577 1.092410 1.113736 1.135590 1.158011 1.181045 1.204742 1.229161 1.254367 1.280435 1.307454 1.335527 1.364772 1.395333 1.427379 1.461114 1.496785 1.534697 1.575221 1.618820 1.666056 1.717597 1.774166 1.836297 1.903549 1.972179 2.030089 2.054299 2.030089 1.972179 1.903549 1.836297 1.774166 1.717597 1.666056 1.618820 1.575221 1.534697 1.496785 1.461114 1.427379 1.395333 1.364772 1.335527 1.307454 1.280435 1.254367 1.229161 1.204742 1.181045 1.158011 1.135590 1.113736 1.092410 1.071577 1.051204 1.031262 1.011727 0.992573 0.973780 0.955328 0.937200 0.919379 0.901849 0.884598 0.867611 0.850878 0.834387 
0.833757 0.850222 0.866928 0.883885 0.901106 0.918601 0.936386 0.954475 0.972885 0.991631 1.010735 1.030215 1.050096 1.070403 1.091164 1.112408 1.134172 1.156492 1.179413 1.202983 1.227256 1.252296 1.278173 1.304970 1.332782 1.361720 1.391913 1.423514 1.456702 1.491693 1.528740 1.568145 1.610259 1.655474 1.704186 1.756671 1.812758 1.871019 1.927013 1.970825 1.988056 1.970825 1.927013 1.871019 1.812758 1.756671 1.704186 1.655474 1.610259 1.568145 1.528740 1.491693 1.456702 1.423514 1.391913 1.361720 1.332782 1.304970 1.278173 1.252296 1.227256 1.202983 1.179413 1.156492 1.134172 1.112408 1.091164 1.070403 1.050096 1.030215 1.010735 0.991631 0.972885 0.954475 0.936386 0.918601 0.901106 0.883885 0.866928 0.850222 0.833757 
0.832720 0.849143 0.865804 0.882714 0.899882 0.917323 0.935048 0.953073 0.971412 0.990083 1.009104 1.028495 1.048278 1.068477 1.089118 1.110230 1.131847 1.154004 1.176741 1.200103 1.224141 1.248912 1.274480 1.300920 1.328315 1.356761 1.386369 1.417265 1.449594 1.483521 1.519234 1.556933 1.596824 1.639086 1.683792 1.730754 1.779185 1.827072 1.870224 1.901670 1.913421 1.901670 1.870224 1.827072 1.779185 1.730754 1.683792 1.639086 1.596824 1.556933 1.519234 1.483521 1.449594 1.417265 1.386369 1.356761 1.328315 1.300920 1.274480 1.248912 1.224141 1.200103 1.176741 1.154004 1.131847 1.110230 1.089118 1.068477 1.048278 1.028495 1.009104 0.990083 0.971412 0.953073 0.935048 0.917323 0.899882 0.882714 0.865804 0.849143 0.832720 
0.831278 0.847644 0.864243 0.881086 0.898184 0.915548 0.933191 0.951127 0.969371 0.987937 1.006845 1.026112 1.045759 1.065810 1.086287 1.107219 1.128634 1.150567 1.173053 1.196133 1.219852 1.244260 1.269412 1.295371 1.322207 1.349998 1.378831 1.408801 1.440011 1.472571 1.506589 1.542162 1.579349 1.618124 1.658293 1.699337 1.740154 1.778687 1.811581 1.834311 1.842514 1.834311 1.811581 1.778687 1.740154 1.699337 1.658293 1.618124 1.579349 1.542162 1.506589 1.472571 1.440011 1.408801 1.378831 1.349998 1.322207 1.295371 1.269412 1.244260 1.219852 1.196133 1.173053 1.150567 1.128634 1.107219 1.086287 1.065810 1.045759 1.026112 1.006845 0.987937 0.969371 0.951127 0.933191 0.915548 0.898184 0.881086 0.864243 0.847644 0.831278 
0.829437 0.845730 0.862250 0.879009 0.896017 0.913284 0.930823 0.948646 0.966768 0.985203 1.003968 1.023079 1.042556 1.062419 1.082690 1.103395 1.124560 1.146213 1.168387 1.191116 1.214439 1.238397 1.263037 1.288408 1.314564 1.341563 1.369466 1.398334 1.428229 1.459203 1.491291 1.524491 1.558740 1.593857 1.629473 1.664904 1.699000 1.729970 1.755337 1.772230 1.778191 1.772230 1.755337 1.729970 1.699000 1.664904 1.629473 1.593857 1.558740 1.524491 1.491291 1.459203 1.428229 1.398334 1.369466 1.341563 1.314564 1.288408 1.263037 1.238397 1.214439 1.191116 1.168387 1.146213 1.124560 1.103395 1.082690 1.062419 1.042556 1.023079 1.003968 0.985203 0.966768 0.948646 0.930823 0.913284 0.896017 0.879009 0.862250 0.845730 0.829437 
0.827202 0.843405 0.859831 0.876489 0.893388 0.910539 0.927952 0.945641 0.963617 0.981894 1.000487 1.019412 1.038685 1.058325 1.078352 1.098788 1.119654 1.140977 1.162783 1.185100 1.207960 1.231395 1.255441 1.280133 1.305510 1.331608 1.358463 1.386103 1.414550 1.443805 1.473839 1.504574 1.535854 1.567404 1.598767 1.629229 1.657737 1.682853 1.702808 1.715762 1.720266 1.715762 1.702808 1.682853 1.657737 1.629229 1.598767 1.567404 1.535854 1.504574 1.473839 1.443805 1.414550 1.386103 1.358463 1.331608 1.305510 1.280133 1.255441 1.231395 1.207960 1.185100 1.162783 1.140977 1.119654 1.098788 1.078352 1.058325 1.038685 1.019412 1.000487 0.981894 0.963617 0.945641 0.927952 0.910539 0.893388 0.876489 0.859831 0.843405 0.827202 
0.824578 0.840678 0.856994 0.873534 0.890307 0.907323 0.924591 0.942123 0.959930 0.978025 0.996420 1.015130 1.034169 1.053554 1.073301 1.093428 1.113955 1.134902 1.156291 1.178143 1.200482 1.223332 1.246717 1.270659 1.295180 1.320298 1.346022 1.372355 1.399280 1.426758 1.454710 1.483003 1.511427 1.539658 1.567220 1.593442 1.617431 1.638069 1.654105 1.664331 1.667851 1.664331 1.654105 1.638069 1.617431 1.593442 1.567220 1.539658 1.511427 1.483003 1.454710 1.426758 1.399280 1.372355 1.346022 1.320298 1.295180 1.270659 1.246717 1.223332 1.200482 1.178143 1.156291 1.134902 1.113955 1.093428 1.073301 1.053554 1.034169 1.015130 0.996420 0.978025 0.959930 0.942123 0.924591 0.907323 0.890307 0.873534 0.856994 0.840678 0.824578 
0.821573 0.837556 0.853747 0.870154 0.886784 0.903647 0.920751 0.938107 0.955724 0.973613 0.991786 1.010255 1.029033 1.048132 1.067567 1.087352 1.107503 1.128035 1.148965 1.170307 1.192079 1.214293 1.236965 1.260103 1.283715 1.307800 1.332347 1.357332 1.382713 1.408415 1.434328 1.460286 1.486049 1.511282 1.535532 1.558207 1.578571 1.595775 1.608922 1.617200 1.620029 1.617200 1.608922 1.595775 1.578571 1.558207 1.535532 1.511282 1.486049 1.460286 1.434328 1.408415 1.382713 1.357332 1.332347 1.307800 1.283715 1.260103 1.236965 1.214293 1.192079 1.170307 1.148965 1.128035 1.107503 1.087352 1.067567 1.048132 1.029033 1.010255 0.991786 0.973613 0.955724 0.938107 0.920751 0.903647 0.886784 0.870154 0.853747 0.837556 0.821573 
0.818196 0.834048 0.850100 0.866359 0.882831 0.899524 0.916447 0.933608 0.951015 0.968678 0.986607 1.004812 1.023302 1.042089 1.061184 1.080598 1.100342 1.120426 1.140862 1.161659 1.182825 1.204367 1.226288 1.248586 1.271255 1.294279 1.317629 1.341263 1.365115 1.389090 1.413057 1.436831 1.460168 1.482745 1.504150 1.523877 1.541335 1.555875 1.566851 1.573696 1.576025 1.573696 1.566851 1.555875 1.541335 1.523877 1.504150 1.482745 1.460168 1.436831 1.413057 1.389090 1.365115 1.341263 1.317629 1.294279 1.271255 1.248586 1.226288 1.204367 1.182825 1.161659 1.140862 1.120426 1.100342 1.080598 1.061184 1.042089 1.023302 1.004812 0.986607 0.968678 0.951015 0.933608 0.916447 0.899524 0.882831 0.866359 0.850100 0.834048 0.818196 
0.814454 0.830164 0.846064 0.862161 0.878460 0.894969 0.911694 0.928643 0.945822 0.963241 0.980906 0.998825 1.017007 1.035459 1.054190 1.073206 1.092517 1.112126 1.132041 1.152265 1.172799 1.193642 1.214787 1.236225 1.257936 1.279892 1.302051 1.324355 1.346724 1.369051 1.391191 1.412959 1.434116 1.454364 1.473340 1.490622 1.505735 1.518183 1.527491 1.533256 1.535210 1.533256 1.527491 1.518183 1.505735 1.490622 1.473340 1.454364 1.434116 1.412959 1.391191 1.369051 1.346724 1.324355 1.302051 1.279892 1.257936 1.236225 1.214787 1.193642 1.172799 1.152265 1.132041 1.112126 1.092517 1.073206 1.054190 1.035459 1.017007 0.998825 0.980906 0.963241 0.945822 0.928643 0.911694 0.894969 0.878460 0.862161 0.846064 0.830164 0.814454 
0.810359 0.825914 0.841650 0.857572 0.873685 0.889995 0.906508 0.923230 0.940166 0.957323 0.974706 0.992322 1.010176 1.028274 1.046620 1.065219 1.084075 1.103189 1.122563 1.142193 1.162077 1.182204 1.202563 1.223133 1.243886 1.264784 1.285775 1.306791 1.327744 1.348518 1.368968 1.388912 1.408127 1.426345 1.443253 1.458499 1.471704 1.482486 1.490489 1.495420 1.497086 1.495420 1.490489 1.482486 1.471704 1.458499 1.443253 1.426345 1.408127 1.388912 1.368968 1.348518 1.327744 1.306791 1.285775 1.264784 1.243886 1.223133 1.202563 1.182204 1.162077 1.142193 1.122563 1.103189 1.084075 1.065219 1.046620 1.028274 1.010176 0.992322 0.974706 0.957323 0.940166 0.923230 0.906508 0.889995 0.873685 0.857572 0.841650 0.825914 0.810359 
0.805920 0.821310 0.836871 0.852606 0.868521 0.884620 0.900908 0.917389 0.934067 0.950948 0.968034 0.985331 1.002841 1.020568 1.038514 1.056679 1.075065 1.093668 1.112486 1.131511 1.150733 1.170139 1.189708 1.209414 1.229222 1.249085 1.268946 1.288731 1.308345 1.327672 1.346571 1.364870 1.382364 1.398816 1.413959 1.427503 1.439141 1.448578 1.455541 1.459814 1.461255 1.459814 1.455541 1.448578 1.439141 1.427503 1.413959 1.398816 1.382364 1.364870 1.346571 1.327672 1.308345 1.288731 1.268946 1.249085 1.229222 1.209414 1.189708 1.170139 1.150733 1.131511 1.112486 1.093668 1.075065 1.056679 1.038514 1.020568 1.002841 0.985331 0.968034 0.950948 0.934067 0.917389 0.900908 0.884620 0.868521 0.852606 0.836871 0.821310 0.805920 
0.801147 0.816363 0.831738 0.847277 0.862983 0.878860 0.894910 0.911138 0.927546 0.944138 0.960915 0.977880 0.995034 1.012377 1.029909 1.047629 1.065533 1.083615 1.101868 1.120282 1.138840 1.157525 1.176311 1.195167 1.214051 1.232914 1.251692 1.270308 1.288669 1.306659 1.324144 1.340964 1.356935 1.371852 1.385485 1.397594 1.407934 1.416270 1.422393 1.426138 1.427399 1.426138 1.422393 1.416270 1.407934 1.397594 1.385485 1.371852 1.356935 1.340964 1.324144 1.306659 1.288669 1.270308 1.251692 1.232914 1.214051 1.195167 1.176311 1.157525 1.138840 1.120282 1.101868 1.083615 1.065533 1.047629 1.029909 1.012377 0.995034 0.977880 0.960915 0.944138 0.927546 0.911138 0.894910 0.878860 0.862983 0.847277 0.831738 0.816363 0.801147 
0.796054 0.811085 0.826266 0.841599 0.857086 0.872730 0.888534 0.904499 0.920626 0.936918 0.953376 0.969998 0.986785 1.003735 1.020845 1.038110 1.055525 1.073081 1.090766 1.108568 1.126466 1.144437 1.162454 1.180480 1.198470 1.216372 1.234120 1.251637 1.268830 1.285590 1.301790 1.317285 1.331912 1.345489 1.357825 1.368719 1.377972 1.385397 1.390830 1.394145 1.395259 1.394145 1.390830 1.385397 1.377972 1.368719 1.357825 1.345489 1.331912 1.317285 1.301790 1.285590 1.268830 1.251637 1.234120 1.216372 1.198470 1.180480 1.162454 1.144437 1.126466 1.108568 1.090766 1.073081 1.055525 1.038110 1.020845 1.003735 0.986785 0.969998 0.953376 0.936918 0.920626 0.904499 0.888534 0.872730 0.857086 0.841599 0.826266 0.811085 0.796054 
0.790650 0.805490 0.820468 0.835587 0.850847 0.866250 0.881797 0.897490 0.913329 0.929313 0.945442 0.961713 0.978126 0.994675 1.011357 1.028163 1.045086 1.062114 1.079233 1.096427 1.113672 1.130944 1.148210 1.165431 1.182562 1.199548 1.216323 1.232811 1.248922 1.264554 1.279590 1.293899 1.307335 1.319742 1.330958 1.340814 1.349149 1.355811 1.360672 1.363631 1.364625 1.363631 1.360672 1.355811 1.349149 1.340814 1.330958 1.319742 1.307335 1.293899 1.279590 1.264554 1.248922 1.232811 1.216323 1.199548 1.182562 1.165431 1.148210 1.130944 1.113672 1.096427 1.079233 1.062114 1.045086 1.028163 1.011357 0.994675 0.978126 0.961713 0.945442 0.929313 0.913329 0.897490 0.881797 0.866250 0.850847 0.835587 0.820468 0.805490 0.790650 
0.784948 0.799590 0.814358 0.829255 0.844281 0.859435 0.874720 0.890134 0.905676 0.921345 0.937139 0.953055 0.969088 0.985233 1.001482 1.017828 1.034259 1.050761 1.067319 1.083913 1.100518 1.117107 1.133645 1.150093 1.166402 1.182519 1.198378 1.213906 1.229018 1.243619 1.257600 1.270846 1.283227 1.294608 1.304851 1.313816 1.321369 1.327387 1.331767 1.334428 1.335321 1.334428 1.331767 1.327387 1.321369 1.313816 1.304851 1.294608 1.283227 1.270846 1.257600 1.243619 1.229018 1.213906 1.198378 1.182519 1.166402 1.150093 1.133645 1.117107 1.100518 1.083913 1.067319 1.050761 1.034259 1.017828 1.001482 0.985233 0.969088 0.953055 0.937139 0.921345 0.905676 0.890134 0.874720 0.859435 0.844281 0.829255 0.814358 0.799590 0.784948 
0.778961 0.793398 0.807951 0.822619 0.837404 0.852305 0.867320 0.882449 0.897690 0.913040 0.928494 0.944050 0.959700 0.975439 0.991256 1.007142 1.023084 1.039066 1.055071 1.071077 1.087058 1.102984 1.118820 1.134525 1.150053 1.165348 1.180349 1.194985 1.209176 1.222834 1.235861 1.248153 1.259596 1.270075 1.279470 1.287663 1.294545 1.300013 1.303984 1.306394 1.307202 1.306394 1.303984 1.300013 1.294545 1.287663 1.279470 1.270075 1.259596 1.248153 1.235861 1.222834 1.209176 1.194985 1.180349 1.165348 1.150053 1.134525 1.118820 1.102984 1.087058 1.071077 1.055071 1.039066 1.023084 1.007142 0.991256 0.975439 0.959700 0.944050 0.928494 0.913040 0.897690 0.882449 0.867320 0.852305 0.837404 0.822619 0.807951 0.793398 0.778961 
0.772701 0.786928 0.801259 0.815695 0.830234 0.844875 0.859617 0.874457 0.889392 0.904419 0.919532 0.934725 0.949992 0.965324 0.980711 0.996141 1.011600 1.027070 1.042532 1.057964 1.073338 1.088624 1.103786 1.118784 1.133570 1.148092 1.162290 1.176097 1.189440 1.202237 1.214400 1.225835 1.236444 1.246124 1.254775 1.262298 1.268598 1.273594 1.277215 1.279410 1.280145 1.279410 1.277215 1.273594 1.268598 1.262298 1.254775 1.246124 1.236444 1.225835 1.214400 1.202237 1.189440 1.176097 1.162290 1.148092 1.133570 1.118784 1.103786 1.088624 1.073338 1.057964 1.042532 1.027070 1.011600 0.996141 0.980711 0.965324 0.949992 0.934725 0.919532 0.904419 0.889392 0.874457 0.859617 0.844875 0.830234 0.815695 0.801259 0.786928 0.772701 
0.766180 0.780192 0.794298 0.808496 0.822786 0.837164 0.851629 0.866177 0.880804 0.895506 0.910276 0.925107 0.939992 0.954920 0.969880 0.984859 0.999842 1.014810 1.029743 1.044617 1.059404 1.074074 1.088591 1.102915 1.117000 1.130795 1.144243 1.157283 1.169845 1.181855 1.193234 1.203898 1.213761 1.222734 1.230730 1.237664 1.243459 1.248044 1.251364 1.253373 1.254046 1.253373 1.251364 1.248044 1.243459 1.237664 1.230730 1.222734 1.213761 1.203898 1.193234 1.181855 1.169845 1.157283 1.144243 1.130795 1.117000 1.102915 1.088591 1.074074 1.059404 1.044617 1.029743 1.014810 0.999842 0.984859 0.969880 0.954920 0.939992 0.925107 0.910276 0.895506 0.880804 0.866177 0.851629 0.837164 0.822786 0.808496 0.794298 0.780192 0.766180 
0.759410 0.773204 0.787081 0.801039 0.815076 0.829189 0.843374 0.857629 0.871947 0.886323 0.900750 0.915220 0.929725 0.944253 0.958791 0.973327 0.987843 1.002321 1.016739 1.031073 1.045295 1.059374 1.073275 1.086959 1.100382 1.113495 1.126245 1.138573 1.150417 1.161708 1.172375 1.182344 1.191538 1.199881 1.207296 1.213713 1.219064 1.223292 1.226348 1.228196 1.228815 1.228196 1.226348 1.223292 1.219064 1.213713 1.207296 1.199881 1.191538 1.182344 1.172375 1.161708 1.150417 1.138573 1.126245 1.113495 1.100382 1.086959 1.073275 1.059374 1.045295 1.031073 1.016739 1.002321 0.987843 0.973327 0.958791 0.944253 0.929725 0.915220 0.900750 0.886323 0.871947 0.857629 0.843374 0.829189 0.815076 0.801039 0.787081 0.773204 0.759410 
0.752404 0.765977 0.779622 0.793337 0.807119 0.820965 0.834870 0.848830 0.862839 0.876890 0.890977 0.905089 0.919217 0.933350 0.947474 0.961575 0.975635 0.989635 1.003554 1.017366 1.031045 1.044559 1.057874 1.070952 1.083751 1.096225 1.108324 1.119993 1.131175 1.141808 1.151827 1.161168 1.169761 1.177540 1.184439 1.190397 1.195358 1.199271 1.202097 1.203805 1.204376 1.203805 1.202097 1.199271 1.195358 1.190397 1.184439 1.177540 1.169761 1.161168 1.151827 1.141808 1.131175 1.119993 1.108324 1.096225 1.083751 1.070952 1.057874 1.044559 1.031045 1.017366 1.003554 0.989635 0.975635 0.961575 0.947474 0.933350 0.919217 0.905089 0.890977 0.876890 0.862839 0.848830 0.834870 0.820965 0.807119 0.793337 0.779622 0.765977 0.752404 
0.745174 0.758523 0.771935 0.785406 0.798932 0.812510 0.826134 0.839800 0.853501 0.867229 0.880977 0.894735 0.908492 0.922236 0.935954 0.949630 0.963245 0.976782 0.990218 1.003528 1.016685 1.029659 1.042417 1.054922 1.067134 1.079010 1.090502 1.101561 1.112133 1.122163 1.131593 1.140363 1.148414 1.155687 1.162126 1.167676 1.172290 1.175926 1.178548 1.180132 1.180662 1.180132 1.178548 1.175926 1.172290 1.167676 1.162126 1.155687 1.148414 1.140363 1.131593 1.122163 1.112133 1.101561 1.090502 1.079010 1.067134 1.054922 1.042417 1.029659 1.016685 1.003528 0.990218 0.976782 0.963245 0.949630 0.935954 0.922236 0.908492 0.894735 0.880977 0.867229 0.853501 0.839800 0.826134 0.812510 0.798932 0.785406 0.771935 0.758523 0.745174 
0.737732 0.750856 0.764033 0.777259 0.790529 0.803839 0.817183 0.830556 0.843951 0.857359 0.870772 0.884181 0.897572 0.910935 0.924255 0.937516 0.950701 0.963788 0.976758 0.989585 1.002243 1.014703 1.026932 1.038895 1.050555 1.061871 1.072798 1.083291 1.093301 1.102778 1.111669 1.119921 1.127482 1.134299 1.140324 1.145511 1.149816 1.153205 1.155647 1.157121 1.157614 1.157121 1.155647 1.153205 1.149816 1.145511 1.140324 1.134299 1.127482 1.119921 1.111669 1.102778 1.093301 1.083291 1.072798 1.061871 1.050555 1.038895 1.026932 1.014703 1.002243 0.989585 0.976758 0.963788 0.950701 0.937516 0.924255 0.910935 0.897572 0.884181 0.870772 0.857359 0.843951 0.830556 0.817183 0.803839 0.790529 0.777259 0.764033 0.750856 0.737732 
0.730089 0.742988 0.755930 0.768910 0.781924 0.794967 0.808032 0.821115 0.834206 0.847298 0.860381 0.873445 0.886479 0.899469 0.912401 0.925258 0.938024 0.950678 0.963199 0.975563 0.987744 0.999714 1.011441 1.022893 1.034034 1.044825 1.055226 1.065195 1.074686 1.083654 1.092051 1.099832 1.106948 1.113354 1.119006 1.123866 1.127895 1.131063 1.133345 1.134721 1.135181 1.134721 1.133345 1.131063 1.127895 1.123866 1.119006 1.113354 1.106948 1.099832 1.092051 1.083654 1.074686 1.065195 1.055226 1.044825 1.034034 1.022893 1.011441 0.999714 0.987744 0.975563 0.963199 0.950678 0.938024 0.925258 0.912401 0.899469 0.886479 0.873445 0.860381 0.847298 0.834206 0.821115 0.808032 0.794967 0.781924 0.768910 0.755930 0.742988 0.730089 
0.722257 0.734930 0.747637 0.760372 0.773131 0.785908 0.798698 0.811492 0.824283 0.837063 0.849822 0.862548 0.875231 0.887857 0.900410 0.912877 0.925237 0.937473 0.949562 0.961482 0.973208 0.984712 0.995964 1.006933 1.017586 1.027887 1.037797 1.047279 1.056290 1.064790 1.072735 1.080085 1.086796 1.092829 1.098145 1.102709 1.106490 1.109460 1.111598 1.112888 1.113318 1.112888 1.111598 1.109460 1.106490 1.102709 1.098145 1.092829 1.086796 1.080085 1.072735 1.064790 1.056290 1.047279 1.037797 1.027887 1.017586 1.006933 0.995964 0.984712 0.973208 0.961482 0.949562 0.937473 0.925237 0.912877 0.900410 0.887857 0.875231 0.862548 0.849822 0.837063 0.824283 0.811492 0.798698 0.785908 0.773131 0.760372 0.747637 0.734930 0.722257 
0.714247 0.726695 0.739167 0.751659 0.764164 0.776678 0.789193 0.801703 0.814198 0.826671 0.839111 0.851507 0.863847 0.876117 0.888304 0.900391 0.912360 0.924192 0.935868 0.947363 0.958654 0.969715 0.980517 0.991031 1.001225 1.011066 1.020519 1.029548 1.038116 1.046183 1.053714 1.060669 1.067011 1.072704 1.077715 1.082013 1.085569 1.088361 1.090370 1.091580 1.091985 1.091580 1.090370 1.088361 1.085569 1.082013 1.077715 1.072704 1.067011 1.060669 1.053714 1.046183 1.038116 1.029548 1.020519 1.011066 1.001225 0.991031 0.980517 0.969715 0.958654 0.947363 0.935868 0.924192 0.912360 0.900391 0.888304 0.876117 0.863847 0.851507 0.839111 0.826671 0.814198 0.801703 0.789193 0.776678 0.764164 0.751659 0.739167 0.726695 0.714247 
0.706070 0.718293 0.730532 0.742782 0.755036 0.767289 0.779533 0.791762 0.803967 0.816138 0.828265 0.840338 0.852343 0.864268 0.876099 0.887818 0.899410 0.910854 0.922132 0.933221 0.944098 0.954738 0.965114 0.975199 0.984962 0.994373 1.003399 1.012007 1.020162 1.027831 1.034979 1.041572 1.047576 1.052960 1.057693 1.061749 1.065103 1.067733 1.069625 1.070765 1.071145 1.070765 1.069625 1.067733 1.065103 1.061749 1.057693 1.052960 1.047576 1.041572 1.034979 1.027831 1.020162 1.012007 1.003399 0.994373 0.984962 0.975199 0.965114 0.954738 0.944098 0.933221 0.922132 0.910854 0.899410 0.887818 0.876099 0.864268 0.852343 0.840338 0.828265 0.816138 0.803967 0.791762 0.779533 0.767289 0.755036 0.742782 0.730532 0.718293 0.706070 
0.697736 0.709736 0.721743 0.733753 0.745758 0.757753 0.769731 0.781684 0.793602 0.805477 0.817299 0.829056 0.840736 0.852326 0.863811 0.875175 0.886403 0.897475 0.908371 0.919072 0.929555 0.939795 0.949768 0.959447 0.968805 0.977812 0.986439 0.994655 1.002429 1.009729 1.016524 1.022784 1.028478 1.033579 1.038059 1.041894 1.045063 1.047547 1.049332 1.050408 1.050767 1.050408 1.049332 1.047547 1.045063 1.041894 1.038059 1.033579 1.028478 1.022784 1.016524 1.009729 1.002429 0.994655 0.986439 0.977812 0.968805 0.959447 0.949768 0.939795 0.929555 0.919072 0.908371 0.897475 0.886403 0.875175 0.863811 0.852326 0.840736 0.829056 0.817299 0.805477 0.793602 0.781684 0.769731 0.757753 0.745758 0.733753 0.721743 0.709736 0.697736 
0.689256 0.701034 0.712812 0.724584 0.736343 0.748084 0.759799 0.771480 0.783118 0.794704 0.806227 0.817676 0.829039 0.840304 0.851454 0.862476 0.873353 0.884067 0.894599 0.904929 0.915036 0.924897 0.934488 0.943785 0.952761 0.961390 0.969644 0.977494 0.984913 0.991871 0.998341 1.004293 1.009703 1.014543 1.018791 1.022425 1.025425 1.027776 1.029465 1.030482 1.030822 1.030482 1.029465 1.027776 1.025425 1.022425 1.018791 1.014543 1.009703 1.004293 0.998341 0.991871 0.984913 0.977494 0.969644 0.961390 0.952761 0.943785 0.934488 0.924897 0.915036 0.904929 0.894599 0.884067 0.873353 0.862476 0.851454 0.840304 0.829039 0.817676 0.806227 0.794704 0.783118 0.771480 0.759799 0.748084 0.736343 0.724584 0.712812 0.701034 0.689256 
0.680639 0.692197 0.703748 0.715285 0.726802 0.738293 0.749749 0.761164 0.772527 0.783830 0.795061 0.806211 0.817267 0.828215 0.839043 0.849734 0.860274 0.870644 0.880827 0.890803 0.900552 0.910053 0.919283 0.928219 0.936836 0.945110 0.953014 0.960523 0.967611 0.974252 0.980420 0.986089 0.991236 0.995837 0.999872 1.003321 1.006167 1.008396 1.009997 1.010961 1.011283 1.010961 1.009997 1.008396 1.006167 1.003321 0.999872 0.995837 0.991236 0.986089 0.980420 0.974252 0.967611 0.960523 0.953014 0.945110 0.936836 0.928219 0.919283 0.910053 0.900552 0.890803 0.880827 0.870644 0.860274 0.849734 0.839043 0.828215 0.817267 0.806211 0.795061 0.783830 0.772527 0.761164 0.749749 0.738293 0.726802 0.715285 0.703748 0.692197 0.680639 
0.671895 0.683236 0.694562 0.705867 0.717145 0.728390 0.739593 0.750746 0.761840 0.772867 0.783815 0.794673 0.805430 0.816073 0.826589 0.836962 0.847177 0.857217 0.867066 0.876704 0.886113 0.895272 0.904160 0.912754 0.921033 0.928973 0.936550 0.943741 0.950521 0.956866 0.962754 0.968161 0.973065 0.977446 0.981285 0.984564 0.987269 0.989386 0.990906 0.991821 0.992127 0.991821 0.990906 0.989386 0.987269 0.984564 0.981285 0.977446 0.973065 0.968161 0.962754 0.956866 0.950521 0.943741 0.936550 0.928973 0.921033 0.912754 0.904160 0.895272 0.886113 0.876704 0.867066 0.857217 0.847177 0.836962 0.826589 0.816073 0.805430 0.794673 0.783815 0.772867 0.761840 0.750746 0.739593 0.728390 0.717145 0.705867 0.694562 0.683236 0.671895 
0.663032 0.674158 0.685263 0.696340 0.707383 0.718386 0.729340 0.740237 0.751069 0.761826 0.772498 0.783073 0.793541 0.803889 0.814102 0.824168 0.834072 0.843796 0.853325 0.862641 0.871726 0.880560 0.889124 0.897396 0.905356 0.912982 0.920253 0.927145 0.933637 0.939708 0.945335 0.950499 0.955178 0.959356 0.963013 0.966136 0.968711 0.970726 0.972171 0.973041 0.973332 0.973041 0.972171 0.970726 0.968711 0.966136 0.963013 0.959356 0.955178 0.950499 0.945335 0.939708 0.933637 0.927145 0.920253 0.912982 0.905356 0.897396 0.889124 0.880560 0.871726 0.862641 0.853325 0.843796 0.834072 0.824168 0.814102 0.803889 0.793541 0.783073 0.772498 0.761826 0.751069 0.740237 0.729340 0.718386 0.707383 0.696340 0.685263 0.674158 0.663032 
0.654060 0.664973 0.675860 0.686712 0.697525 0.708290 0.719001 0.729648 0.740224 0.750718 0.761121 0.771422 0.781609 0.791671 0.801594 0.811365 0.820968 0.830390 0.839613 0.848622 0.857398 0.865924 0.874180 0.882148 0.889807 0.897138 0.904120 0.910733 0.916956 0.922770 0.928155 0.933092 0.937564 0.941553 0.945043 0.948022 0.950476 0.952396 0.953773 0.954602 0.954879 0.954602 0.953773 0.952396 0.950476 0.948022 0.945043 0.941553 0.937564 0.933092 0.928155 0.922770 0.916956 0.910733 0.904120 0.897138 0.889807 0.882148 0.874180 0.865924 0.857398 0.848622 0.839613 0.830390 0.820968 0.811365 0.801594 0.791671 0.781609 0.771422 0.761121 0.750718 0.740224 0.729648 0.719001 0.708290 0.697525 0.686712 0.675860 0.664973 0.654060 
0.644986 0.655690 0.666362 0.676994 0.687580 0.698112 0.708585 0.718988 0.729313 0.739552 0.749694 0.759729 0.769645 0.779430 0.789073 0.798559 0.807875 0.817006 0.825937 0.834652 0.843134 0.851367 0.859332 0.867011 0.874387 0.881440 0.888151 0.894502 0.900473 0.906048 0.911207 0.915933 0.920211 0.924025 0.927360 0.930205 0.932548 0.934381 0.935695 0.936485 0.936749 0.936485 0.935695 0.934381 0.932548 0.930205 0.927360 0.924025 0.920211 0.915933 0.911207 0.906048 0.900473 0.894502 0.888151 0.881440 0.874387 0.867011 0.859332 0.851367 0.843134 0.834652 0.825937 0.817006 0.807875 0.798559 0.789073 0.779430 0.769645 0.759729 0.749694 0.739552 0.729313 0.718988 0.708585 0.698112 0.687580 0.676994 0.666362 0.655690 0.644986 
0.635818 0.646316 0.656776 0.667192 0.677556 0.687861 0.698100 0.708265 0.718347 0.728337 0.738226 0.748002 0.757655 0.767174 0.776546 0.785759 0.794798 0.803651 0.812303 0.820738 0.828940 0.836894 0.844583 0.851989 0.859097 0.865887 0.872344 0.878448 0.884184 0.889534 0.894482 0.899012 0.903110 0.906761 0.909952 0.912673 0.914913 0.916664 0.917920 0.918675 0.918927 0.918675 0.917920 0.916664 0.914913 0.912673 0.909952 0.906761 0.903110 0.899012 0.894482 0.889534 0.884184 0.878448 0.872344 0.865887 0.859097 0.851989 0.844583 0.836894 0.828940 0.820738 0.812303 0.803651 0.794798 0.785759 0.776546 0.767174 0.757655 0.748002 0.738226 0.728337 0.718347 0.708265 0.698100 0.687861 0.677556 0.667192 0.656776 0.646316 0.635818 
0.626563 0.636860 0.647112 0.657315 0.667461 0.677544 0.687555 0.697488 0.707333 0.717081 0.726724 0.736250 0.745649 0.754910 0.764022 0.772971 0.781746 0.790332 0.798716 0.806883 0.814819 0.822508 0.829935 0.837083 0.843937 0.850480 0.856696 0.862570 0.868084 0.873224 0.877974 0.882321 0.886250 0.889749 0.892807 0.895412 0.897557 0.899233 0.900434 0.901157 0.901398 0.901157 0.900434 0.899233 0.897557 0.895412 0.892807 0.889749 0.886250 0.882321 0.877974 0.873224 0.868084 0.862570 0.856696 0.850480 0.843937 0.837083 0.829935 0.822508 0.814819 0.806883 0.798716 0.790332 0.781746 0.772971 0.764022 0.754910 0.745649 0.736250 0.726724 0.717081 0.707333 0.697488 0.687555 0.677544 0.667461 0.657315 0.647112 0.636860 0.626563 
