49 49
3.236437e-01 0 5
-1.135238 -1.118992 -1.102929 -1.087077 -1.071467 -1.056133 -1.041111 -1.026442 -1.012169 -0.998341 -0.985006 -0.972220 -0.960038 -0.948520 -0.937725 -0.927715 -0.918552 -0.910295 -0.903004 -0.896731 -0.891526 -0.887431 -0.884481 -0.882700 -0.882104 -0.882700 -0.884481 -0.887431 -0.891526 -0.896731 -0.903004 -0.910295 -0.918552 -0.927715 -0.937725 -0.948520 -0.960038 -0.972220 -0.985006 -0.998341 -1.012169 -1.026442 -1.041111 -1.056133 -1.071467 -1.087077 -1.102929 -1.118992 -1.135238 
-1.119343 -1.102566 -1.085952 -1.069529 -1.053327 -1.037383 -1.021733 -1.006422 -0.991494 -0.976999 -0.962993 -0.949534 -0.936682 -0.924504 -0.913066 -0.902437 -0.892689 -0.883888 -0.876102 -0.869393 -0.863819 -0.859428 -0.856262 -0.854349 -0.853710 -0.854349 -0.856262 -0.859428 -0.863819 -0.869393 -0.876102 -0.883888 -0.892689 -0.902437 -0.913066 -0.924504 -0.936682 -0.949534 -0.962993 -0.976999 -0.991494 -1.006422 -1.021733 -1.037383 -1.053327 -1.069529 -1.085952 -1.102566 -1.119343 
-1.103654 -1.086328 -1.069140 -1.052120 -1.035299 -1.018712 -1.002399 -0.986405 -0.970776 -0.955568 -0.940837 -0.926647 -0.913066 -0.900164 -0.888019 -0.876706 -0.866306 -0.856897 -0.848556 -0.841357 -0.835365 -0.830639 -0.827228 -0.825167 -0.824477 -0.825167 -0.827228 -0.830639 -0.835365 -0.841357 -0.848556 -0.856897 -0.866306 -0.876706 -0.888019 -0.900164 -0.913066 -0.926647 -0.940837 -0.955568 -0.970776 -0.986405 -1.002399 -1.018712 -1.035299 -1.052120 -1.069140 -1.086328 -1.103654 
-1.088200 -1.070305 -1.052523 -1.034881 -1.017411 -1.000149 -0.983135 -0.966415 -0.950040 -0.934064 -0.918552 -0.903569 -0.889191 -0.875497 -0.862569 -0.850497 -0.839370 -0.829279 -0.820313 -0.812557 -0.806092 -0.800985 -0.797294 -0.795061 -0.794314 -0.795061 -0.797294 -0.800985 -0.806092 -0.812557 -0.820313 -0.829279 -0.839370 -0.850497 -0.862569 -0.875497 -0.889191 -0.903569 -0.918552 -0.934064 -0.950040 -0.966415 -0.983135 -1.000149 -1.017411 -1.034881 -1.052523 -1.070305 -1.088200 
-1.073013 -1.054532 -1.036133 -1.017845 -0.999698 -0.981727 -0.963974 -0.946484 -0.929311 -0.912513 -0.896156 -0.880313 -0.865064 -0.850497 -0.836704 -0.823786 -0.811845 -0.800985 -0.791311 -0.782923 -0.775915 -0.770370 -0.766357 -0.763928 -0.763115 -0.763928 -0.766357 -0.770370 -0.775915 -0.782923 -0.791311 -0.800985 -0.811845 -0.823786 -0.836704 -0.850497 -0.865064 -0.880313 -0.896156 -0.912513 -0.929311 -0.946484 -0.963974 -0.981727 -0.999698 -1.017845 -1.036133 -1.054532 -1.073013 
-1.058127 -1.039043 -1.020009 -1.001051 -0.982197 -0.963484 -0.944952 -0.926647 -0.908624 -0.890944 -0.873675 -0.856897 -0.840695 -0.825167 -0.810415 -0.796551 -0.783693 -0.771963 -0.761483 -0.752371 -0.744739 -0.738689 -0.734303 -0.731645 -0.730754 -0.731645 -0.734303 -0.738689 -0.744739 -0.752371 -0.761483 -0.771963 -0.783693 -0.796551 -0.810415 -0.825167 -0.840695 -0.856897 -0.873675 -0.890944 -0.908624 -0.926647 -0.944952 -0.963484 -0.982197 -1.001051 -1.020009 -1.039043 -1.058127 
-1.043580 -1.023880 -1.004191 -0.984539 -0.964952 -0.945463 -0.926112 -0.906946 -0.888019 -0.869393 -0.851142 -0.833347 -0.816102 -0.799513 -0.783693 -0.768771 -0.754879 -0.742159 -0.730754 -0.720808 -0.712454 -0.705814 -0.700992 -0.698066 -0.697085 -0.698066 -0.700992 -0.705814 -0.712454 -0.720808 -0.730754 -0.742159 -0.754879 -0.768771 -0.783693 -0.799513 -0.816102 -0.833347 -0.851142 -0.869393 -0.888019 -0.906946 -0.926112 -0.945463 -0.964952 -0.984539 -1.004191 -1.023880 -1.043580 
-1.029413 -1.009083 -0.988725 -0.968359 -0.948012 -0.927715 -0.907506 -0.887431 -0.867544 -0.847907 -0.828596 -0.809698 -0.791311 -0.773549 -0.756541 -0.740428 -0.725364 -0.711513 -0.699044 -0.688129 -0.678930 -0.671599 -0.666263 -0.663020 -0.661932 -0.663020 -0.666263 -0.671599 -0.678930 -0.688129 -0.699044 -0.711513 -0.725364 -0.740428 -0.756541 -0.773549 -0.791311 -0.809698 -0.828596 -0.847907 -0.867544 -0.887431 -0.907506 -0.927715 -0.948012 -0.968359 -0.988725 -1.009083 -1.029413 
-1.015670 -0.994702 -0.973659 -0.952561 -0.931430 -0.910295 -0.889191 -0.868161 -0.847257 -0.826542 -0.806092 -0.785995 -0.766357 -0.747301 -0.728967 -0.711513 -0.695115 -0.679965 -0.666263 -0.654214 -0.644021 -0.635870 -0.629921 -0.626299 -0.625082 -0.626299 -0.629921 -0.635870 -0.644021 -0.654214 -0.666263 -0.679965 -0.695115 -0.711513 -0.728967 -0.747301 -0.766357 -0.785995 -0.806092 -0.826542 -0.847257 -0.868161 -0.889191 -0.910295 -0.931430 -0.952561 -0.973659 -0.994702 -1.015670 
-1.002399 -0.980785 -0.959049 -0.937204 -0.915269 -0.893269 -0.871234 -0.849204 -0.827228 -0.805366 -0.783693 -0.762300 -0.741294 -0.720808 -0.700992 -0.682024 -0.664104 -0.647454 -0.632313 -0.618931 -0.607556 -0.598422 -0.591734 -0.587654 -0.586282 -0.587654 -0.591734 -0.598422 -0.607556 -0.618931 -0.632313 -0.647454 -0.664104 -0.682024 -0.700992 -0.720808 -0.741294 -0.762300 -0.783693 -0.805366 -0.827228 -0.849204 -0.871234 -0.893269 -0.915269 -0.937204 -0.959049 -0.980785 -1.002399 
-0.989650 -0.967388 -0.944952 -0.922349 -0.899594 -0.876706 -0.853710 -0.830639 -0.807538 -0.784462 -0.761483 -0.738689 -0.716191 -0.694126 -0.672656 -0.651976 -0.632313 -0.613925 -0.597096 -0.582129 -0.569336 -0.559012 -0.551424 -0.546780 -0.545217 -0.546780 -0.551424 -0.559012 -0.569336 -0.582129 -0.597096 -0.613925 -0.632313 -0.651976 -0.672656 -0.694126 -0.716191 -0.738689 -0.761483 -0.784462 -0.807538 -0.830639 -0.853710 -0.876706 -0.899594 -0.922349 -0.944952 -0.967388 -0.989650 
-0.977474 -0.954568 -0.931430 -0.908065 -0.884481 -0.860687 -0.836704 -0.812557 -0.788282 -0.763928 -0.739559 -0.715261 -0.691140 -0.667337 -0.644021 -0.621406 -0.599743 -0.579331 -0.560508 -0.543646 -0.529132 -0.517350 -0.508648 -0.503304 -0.501502 -0.503304 -0.508648 -0.517350 -0.529132 -0.543646 -0.560508 -0.579331 -0.599743 -0.621406 -0.644021 -0.667337 -0.691140 -0.715261 -0.739559 -0.763928 -0.788282 -0.812557 -0.836704 -0.860687 -0.884481 -0.908065 -0.931430 -0.954568 -0.977474 
-0.965928 -0.942385 -0.918552 -0.894426 -0.870008 -0.845300 -0.820313 -0.795061 -0.769571 -0.743881 -0.718045 -0.692138 -0.666263 -0.640552 -0.615184 -0.590380 -0.566421 -0.543646 -0.522455 -0.503304 -0.486684 -0.473091 -0.462989 -0.456760 -0.454654 -0.456760 -0.462989 -0.473091 -0.486684 -0.503304 -0.522455 -0.543646 -0.566421 -0.590380 -0.615184 -0.640552 -0.666263 -0.692138 -0.718045 -0.743881 -0.769571 -0.795061 -0.820313 -0.845300 -0.870008 -0.894426 -0.918552 -0.942385 -0.965928 
-0.955068 -0.930901 -0.906385 -0.881508 -0.856262 -0.830639 -0.804640 -0.778266 -0.751531 -0.724457 -0.697085 -0.669474 -0.641713 -0.613925 -0.586282 -0.559012 -0.532417 -0.506877 -0.482862 -0.460927 -0.441695 -0.425821 -0.413933 -0.406562 -0.404063 -0.406562 -0.413933 -0.425821 -0.441695 -0.460927 -0.482862 -0.506877 -0.532417 -0.559012 -0.586282 -0.613925 -0.641713 -0.669474 -0.697085 -0.724457 -0.751531 -0.778266 -0.804640 -0.830639 -0.856262 -0.881508 -0.906385 -0.930901 -0.955068 
-0.944952 -0.920183 -0.895003 -0.869393 -0.843333 -0.816807 -0.789800 -0.762300 -0.734303 -0.705814 -0.676852 -0.647454 -0.617687 -0.587654 -0.557509 -0.527477 -0.497865 -0.469091 -0.441695 -0.416350 -0.393847 -0.375055 -0.360844 -0.351969 -0.348948 -0.351969 -0.360844 -0.375055 -0.393847 -0.416350 -0.441695 -0.469091 -0.497865 -0.527477 -0.557509 -0.587654 -0.617687 -0.647454 -0.676852 -0.705814 -0.734303 -0.762300 -0.789800 -0.816807 -0.843333 -0.869393 -0.895003 -0.920183 -0.944952 
-0.935637 -0.910295 -0.884481 -0.858165 -0.831318 -0.803911 -0.775915 -0.747301 -0.718045 -0.688129 -0.657544 -0.626299 -0.594426 -0.561997 -0.529132 -0.496030 -0.462989 -0.430445 -0.399000 -0.369455 -0.342811 -0.320231 -0.302935 -0.292031 -0.288301 -0.292031 -0.302935 -0.320231 -0.342811 -0.369455 -0.399000 -0.430445 -0.462989 -0.496030 -0.529132 -0.561997 -0.594426 -0.626299 -0.657544 -0.688129 -0.718045 -0.747301 -0.775915 -0.803911 -0.831318 -0.858165 -0.884481 -0.910295 -0.935637 
-0.927181 -0.901303 -0.874890 -0.847907 -0.820313 -0.792064 -0.763115 -0.733419 -0.702929 -0.671599 -0.639388 -0.606267 -0.572224 -0.537279 -0.501502 -0.465037 -0.428142 -0.391236 -0.354958 -0.320231 -0.288301 -0.260726 -0.239246 -0.225530 -0.220807 -0.225530 -0.239246 -0.260726 -0.288301 -0.320231 -0.354958 -0.391236 -0.428142 -0.465037 -0.501502 -0.537279 -0.572224 -0.606267 -0.639388 -0.671599 -0.702929 -0.733419 -0.763115 -0.792064 -0.820313 -0.847907 -0.874890 -0.901303 -0.927181 
-0.919640 -0.893269 -0.866306 -0.838705 -0.810415 -0.781377 -0.751531 -0.720808 -0.689135 -0.656438 -0.622636 -0.587654 -0.551424 -0.513899 -0.475071 -0.434997 -0.393847 -0.351969 -0.309980 -0.268882 -0.230177 -0.195925 -0.168641 -0.150910 -0.144744 -0.150910 -0.168641 -0.195925 -0.230177 -0.268882 -0.309980 -0.351969 -0.393847 -0.434997 -0.475071 -0.513899 -0.551424 -0.587654 -0.622636 -0.656438 -0.689135 -0.720808 -0.751531 -0.781377 -0.810415 -0.838705 -0.866306 -0.893269 -0.919640 
-0.913066 -0.886253 -0.858797 -0.830639 -0.801718 -0.771963 -0.741294 -0.709624 -0.676852 -0.642869 -0.607556 -0.570783 -0.532417 -0.492326 -0.450397 -0.406562 -0.360844 -0.313438 -0.264833 -0.216002 -0.168641 -0.125396 -0.089890 -0.066241 -0.057900 -0.066241 -0.089890 -0.125396 -0.168641 -0.216002 -0.264833 -0.313438 -0.360844 -0.406562 -0.450397 -0.492326 -0.532417 -0.570783 -0.607556 -0.642869 -0.676852 -0.709624 -0.741294 -0.771963 -0.801718 -0.830639 -0.858797 -0.886253 -0.913066 
-0.907506 -0.880313 -0.852428 -0.823786 -0.794314 -0.763928 -0.732533 -0.700020 -0.666263 -0.631119 -0.594426 -0.555999 -0.515630 -0.473091 -0.428142 -0.380550 -0.330127 -0.276810 -0.220807 -0.162853 -0.104629 -0.049308 -0.001995 0.030647 0.042401 0.030647 -0.001995 -0.049308 -0.104629 -0.162853 -0.220807 -0.276810 -0.330127 -0.380550 -0.428142 -0.473091 -0.515630 -0.555999 -0.594426 -0.631119 -0.666263 -0.700020 -0.732533 -0.763928 -0.794314 -0.823786 -0.852428 -0.880313 -0.907506 
-0.903004 -0.875497 -0.847257 -0.818213 -0.788282 -0.757369 -0.725364 -0.692138 -0.657544 -0.621406 -0.583520 -0.543646 -0.501502 -0.456760 -0.409040 -0.357916 -0.302935 -0.243675 -0.179873 -0.111722 -0.040450 0.030647 0.094832 0.141399 0.158706 0.141399 0.094832 0.030647 -0.040450 -0.111722 -0.179873 -0.243675 -0.302935 -0.357916 -0.409040 -0.456760 -0.501502 -0.543646 -0.583520 -0.621406 -0.657544 -0.692138 -0.725364 -0.757369 -0.788282 -0.818213 -0.847257 -0.875497 -0.903004 
-0.899594 -0.871846 -0.843333 -0.813979 -0.783693 -0.752371 -0.719889 -0.686106 -0.650851 -0.613925 -0.575086 -0.534046 -0.490457 -0.443895 -0.393847 -0.339692 -0.280692 -0.216002 -0.144744 -0.066241 0.019351 0.109552 0.196656 0.264391 0.290782 0.264391 0.196656 0.109552 0.019351 -0.066241 -0.144744 -0.216002 -0.280692 -0.339692 -0.393847 -0.443895 -0.490457 -0.534046 -0.575086 -0.613925 -0.650851 -0.686106 -0.719889 -0.752371 -0.783693 -0.813979 -0.843333 -0.871846 -0.899594 
-0.897305 -0.869393 -0.840695 -0.811130 -0.780602 -0.748999 -0.716191 -0.682024 -0.646314 -0.608840 -0.569336 -0.527477 -0.482862 -0.434997 -0.383258 -0.326866 -0.264833 -0.195925 -0.118641 -0.031309 0.067440 0.177080 0.290782 0.386882 0.426765 0.386882 0.290782 0.177080 0.067440 -0.031309 -0.118641 -0.195925 -0.264833 -0.326866 -0.383258 -0.434997 -0.482862 -0.527477 -0.569336 -0.608840 -0.646314 -0.682024 -0.716191 -0.748999 -0.780602 -0.811130 -0.840695 -0.869393 -0.897305 
-0.896156 -0.868161 -0.839370 -0.809698 -0.779046 -0.747301 -0.714327 -0.679965 -0.644021 -0.606267 -0.566421 -0.524138 -0.478992 -0.430445 -0.377816 -0.320231 -0.256558 -0.185326 -0.104629 -0.012102 0.094832 0.217596 0.351465 0.472333 0.525370 0.472333 0.351465 0.217596 0.094832 -0.012102 -0.104629 -0.185326 -0.256558 -0.320231 -0.377816 -0.430445 -0.478992 -0.524138 -0.566421 -0.606267 -0.644021 -0.679965 -0.714327 -0.747301 -0.779046 -0.809698 -0.839370 -0.868161 -0.896156 
-0.896012 -0.868007 -0.839204 -0.809518 -0.778851 -0.747088 -0.714094 -0.679706 -0.643734 -0.605944 -0.566054 -0.523718 -0.478505 -0.429871 -0.377128 -0.319391 -0.255507 -0.183972 -0.102829 -0.009609 0.098443 0.223066 0.359952 0.484804 0.540087 0.484804 0.359952 0.223066 0.098443 -0.009609 -0.102829 -0.183972 -0.255507 -0.319391 -0.377128 -0.429871 -0.478505 -0.523718 -0.566054 -0.605944 -0.643734 -0.679706 -0.714094 -0.747088 -0.778851 -0.809518 -0.839204 -0.868007 -0.896012 
-0.896162 -0.868168 -0.839377 -0.809705 -0.779055 -0.747311 -0.714338 -0.679976 -0.644034 -0.606281 -0.566437 -0.524156 -0.479013 -0.430470 -0.377845 -0.320267 -0.256604 -0.185384 -0.104707 -0.012210 0.094676 0.217361 0.351102 0.471802 0.524745 0.471802 0.351102 0.217361 0.094676 -0.012210 -0.104707 -0.185384 -0.256604 -0.320267 -0.377845 -0.430470 -0.479013 -0.524156 -0.566437 -0.606281 -0.644034 -0.679976 -0.714338 -0.747311 -0.779055 -0.809705 -0.839377 -0.868168 -0.896162 
-0.897324 -0.869413 -0.840717 -0.811153 -0.780627 -0.749026 -0.716221 -0.682057 -0.646351 -0.608881 -0.569383 -0.527530 -0.482924 -0.435070 -0.383346 -0.326972 -0.264965 -0.196094 -0.118862 -0.031609 0.067018 0.176467 0.289892 0.385672 0.425394 0.385672 0.289892 0.176467 0.067018 -0.031609 -0.118862 -0.196094 -0.264965 -0.326972 -0.383346 -0.435070 -0.482924 -0.527530 -0.569383 -0.608881 -0.646351 -0.682057 -0.716221 -0.749026 -0.780627 -0.811153 -0.840717 -0.869413 -0.897324 
-0.899625 -0.871879 -0.843369 -0.814018 -0.783735 -0.752416 -0.719939 -0.686161 -0.650912 -0.613993 -0.575163 -0.534134 -0.490558 -0.444013 -0.393987 -0.339861 -0.280900 -0.216263 -0.145079 -0.066683 0.018755 0.108741 0.195569 0.263032 0.289302 0.263032 0.195569 0.108741 0.018755 -0.066683 -0.145079 -0.216263 -0.280900 -0.339861 -0.393987 -0.444013 -0.490558 -0.534134 -0.575163 -0.613993 -0.650912 -0.686161 -0.719939 -0.752416 -0.783735 -0.814018 -0.843369 -0.871879 -0.899625 
-0.903046 -0.875542 -0.847306 -0.818266 -0.788340 -0.757432 -0.725432 -0.692213 -0.657627 -0.621498 -0.583624 -0.543764 -0.501638 -0.456918 -0.409226 -0.358138 -0.303204 -0.244005 -0.180287 -0.112249 -0.041127 0.029780 0.093753 0.140135 0.157366 0.140135 0.093753 0.029780 -0.041127 -0.112249 -0.180287 -0.244005 -0.303204 -0.358138 -0.409226 -0.456918 -0.501638 -0.543764 -0.583624 -0.621498 -0.657627 -0.692213 -0.725432 -0.757432 -0.788340 -0.818266 -0.847306 -0.875542 -0.903046 
-0.907560 -0.880371 -0.852490 -0.823853 -0.794386 -0.764007 -0.732619 -0.700114 -0.666367 -0.631235 -0.594556 -0.556146 -0.515797 -0.473283 -0.428366 -0.380813 -0.330440 -0.277188 -0.221267 -0.163419 -0.105324 -0.050152 -0.002989 0.029533 0.041241 0.029533 -0.002989 -0.050152 -0.105324 -0.163419 -0.221267 -0.277188 -0.330440 -0.380813 -0.428366 -0.473283 -0.515797 -0.556146 -0.594556 -0.631235 -0.666367 -0.700114 -0.732619 -0.764007 -0.794386 -0.823853 -0.852490 -0.880371 -0.907560 
-0.913131 -0.886323 -0.858872 -0.830720 -0.801805 -0.772057 -0.741397 -0.709736 -0.676975 -0.643006 -0.607708 -0.570954 -0.532610 -0.492546 -0.450651 -0.406856 -0.361189 -0.313844 -0.265315 -0.216575 -0.169318 -0.126185 -0.090783 -0.067211 -0.058900 -0.067211 -0.090783 -0.126185 -0.169318 -0.216575 -0.265315 -0.313844 -0.361189 -0.406856 -0.450651 -0.492546 -0.532610 -0.570954 -0.607708 -0.643006 -0.676975 -0.709736 -0.741397 -0.772057 -0.801805 -0.830720 -0.858872 -0.886323 -0.913131 
-0.919716 -0.893350 -0.866393 -0.838798 -0.810515 -0.781485 -0.751648 -0.720936 -0.689276 -0.656592 -0.622807 -0.587845 -0.551639 -0.514142 -0.475346 -0.435312 -0.394210 -0.352389 -0.310466 -0.269443 -0.230820 -0.196652 -0.169441 -0.151762 -0.145614 -0.151762 -0.169441 -0.196652 -0.230820 -0.269443 -0.310466 -0.352389 -0.394210 -0.435312 -0.475346 -0.514142 -0.551639 -0.587845 -0.622807 -0.656592 -0.689276 -0.720936 -0.751648 -0.781485 -0.810515 -0.838798 -0.866393 -0.893350 -0.919716 
-0.927267 -0.901394 -0.874988 -0.848012 -0.820425 -0.792185 -0.763246 -0.733562 -0.703085 -0.671769 -0.639576 -0.606475 -0.572456 -0.537539 -0.501794 -0.465366 -0.428515 -0.391658 -0.355437 -0.320772 -0.288906 -0.261393 -0.239965 -0.226285 -0.221574 -0.226285 -0.239965 -0.261393 -0.288906 -0.320772 -0.355437 -0.391658 -0.428515 -0.465366 -0.501794 -0.537539 -0.572456 -0.606475 -0.639576 -0.671769 -0.703085 -0.733562 -0.763246 -0.792185 -0.820425 -0.848012 -0.874988 -0.901394 -0.927267 
-0.935732 -0.910397 -0.884589 -0.858280 -0.831442 -0.804045 -0.776059 -0.747457 -0.718214 -0.688313 -0.657745 -0.626520 -0.594671 -0.562268 -0.529434 -0.496366 -0.463365 -0.430864 -0.399466 -0.369971 -0.343377 -0.320844 -0.303587 -0.292708 -0.288987 -0.292708 -0.303587 -0.320844 -0.343377 -0.369971 -0.399466 -0.430864 -0.463365 -0.496366 -0.529434 -0.562268 -0.594671 -0.626520 -0.657745 -0.688313 -0.718214 -0.747457 -0.776059 -0.804045 -0.831442 -0.858280 -0.884589 -0.910397 -0.935732 
-0.945056 -0.920294 -0.895121 -0.869519 -0.843468 -0.816951 -0.789954 -0.762466 -0.734483 -0.706010 -0.677065 -0.647686 -0.617941 -0.587933 -0.557817 -0.527816 -0.498239 -0.469502 -0.442146 -0.416841 -0.394377 -0.375621 -0.361439 -0.352582 -0.349568 -0.352582 -0.361439 -0.375621 -0.394377 -0.416841 -0.442146 -0.469502 -0.498239 -0.527816 -0.557817 -0.587933 -0.617941 -0.647686 -0.677065 -0.706010 -0.734483 -0.762466 -0.789954 -0.816951 -0.843468 -0.869519 -0.895121 -0.920294 -0.945056 
-0.955181 -0.931021 -0.906512 -0.881643 -0.856405 -0.830793 -0.804804 -0.778442 -0.751721 -0.724662 -0.697307 -0.669715 -0.641974 -0.614209 -0.586592 -0.559351 -0.532786 -0.507278 -0.483296 -0.461394 -0.442193 -0.426347 -0.414481 -0.407123 -0.404629 -0.407123 -0.414481 -0.426347 -0.442193 -0.461394 -0.483296 -0.507278 -0.532786 -0.559351 -0.586592 -0.614209 -0.641974 -0.669715 -0.697307 -0.724662 -0.751721 -0.778442 -0.804804 -0.830793 -0.856405 -0.881643 -0.906512 -0.931021 -0.955181 
-0.966049 -0.942512 -0.918686 -0.894569 -0.870159 -0.845462 -0.820485 -0.795246 -0.769769 -0.744094 -0.718274 -0.692385 -0.666528 -0.640840 -0.615494 -0.590715 -0.566783 -0.544035 -0.522872 -0.503748 -0.487153 -0.473582 -0.463497 -0.457278 -0.455176 -0.457278 -0.463497 -0.473582 -0.487153 -0.503748 -0.522872 -0.544035 -0.566783 -0.590715 -0.615494 -0.640840 -0.666528 -0.692385 -0.718274 -0.744094 -0.769769 -0.795246 -0.820485 -0.845462 -0.870159 -0.894569 -0.918686 -0.942512 -0.966049 
-0.977602 -0.954702 -0.931572 -0.908216 -0.884640 -0.860856 -0.836884 -0.812749 -0.788487 -0.764147 -0.739793 -0.715511 -0.691409 -0.667625 -0.644330 -0.621737 -0.600097 -0.579708 -0.560909 -0.544069 -0.529576 -0.517811 -0.509122 -0.503787 -0.501988 -0.503787 -0.509122 -0.517811 -0.529576 -0.544069 -0.560909 -0.579708 -0.600097 -0.621737 -0.644330 -0.667625 -0.691409 -0.715511 -0.739793 -0.764147 -0.788487 -0.812749 -0.836884 -0.860856 -0.884640 -0.908216 -0.931572 -0.954702 -0.977602 
-0.989784 -0.967529 -0.945100 -0.922506 -0.899760 -0.876881 -0.853896 -0.830837 -0.807748 -0.784685 -0.761720 -0.738942 -0.716461 -0.694413 -0.672962 -0.652302 -0.632659 -0.614291 -0.597481 -0.582534 -0.569757 -0.559447 -0.551869 -0.547233 -0.545672 -0.547233 -0.551869 -0.559447 -0.569757 -0.582534 -0.597481 -0.614291 -0.632659 -0.652302 -0.672962 -0.694413 -0.716461 -0.738942 -0.761720 -0.784685 -0.807748 -0.830837 -0.853896 -0.876881 -0.899760 -0.922506 -0.945100 -0.967529 -0.989784 
-1.002539 -0.980932 -0.959203 -0.937366 -0.915440 -0.893449 -0.871425 -0.849406 -0.827442 -0.805593 -0.783933 -0.762554 -0.741564 -0.721094 -0.701295 -0.682344 -0.664441 -0.647809 -0.632685 -0.619318 -0.607957 -0.598834 -0.592156 -0.588080 -0.586710 -0.588080 -0.592156 -0.598834 -0.607957 -0.619318 -0.632685 -0.647809 -0.664441 -0.682344 -0.701295 -0.721094 -0.741564 -0.762554 -0.783933 -0.805593 -0.827442 -0.849406 -0.871425 -0.893449 -0.915440 -0.937366 -0.959203 -0.980932 -1.002539 
-1.015816 -0.994854 -0.973819 -0.952729 -0.931606 -0.910480 -0.889386 -0.868367 -0.847474 -0.826771 -0.806333 -0.786250 -0.766626 -0.747585 -0.729265 -0.711827 -0.695444 -0.680309 -0.666621 -0.654586 -0.644404 -0.636262 -0.630321 -0.626703 -0.625488 -0.626703 -0.630321 -0.636262 -0.644404 -0.654586 -0.666621 -0.680309 -0.695444 -0.711827 -0.729265 -0.747585 -0.766626 -0.786250 -0.806333 -0.826771 -0.847474 -0.868367 -0.889386 -0.910480 -0.931606 -0.952729 -0.973819 -0.994854 -1.015816 
-1.029563 -1.009240 -0.988889 -0.968531 -0.948192 -0.927904 -0.907705 -0.887640 -0.867763 -0.848138 -0.828838 -0.809952 -0.791578 -0.773830 -0.756835 -0.740736 -0.725685 -0.711847 -0.699391 -0.688486 -0.679297 -0.671974 -0.666644 -0.663405 -0.662318 -0.663405 -0.666644 -0.671974 -0.679297 -0.688486 -0.699391 -0.711847 -0.725685 -0.740736 -0.756835 -0.773830 -0.791578 -0.809952 -0.828838 -0.848138 -0.867763 -0.887640 -0.907705 -0.927904 -0.948192 -0.968531 -0.988889 -1.009240 -1.029563 
-1.043734 -1.024041 -1.004360 -0.984715 -0.965136 -0.945655 -0.926314 -0.907157 -0.888239 -0.869624 -0.851384 -0.833601 -0.816368 -0.799790 -0.783983 -0.769072 -0.755192 -0.742483 -0.731090 -0.721153 -0.712807 -0.706174 -0.701357 -0.698434 -0.697455 -0.698434 -0.701357 -0.706174 -0.712807 -0.721153 -0.731090 -0.742483 -0.755192 -0.769072 -0.783983 -0.799790 -0.816368 -0.833601 -0.851384 -0.869624 -0.888239 -0.907157 -0.926314 -0.945655 -0.965136 -0.984715 -1.004360 -1.024041 -1.043734 
-1.058285 -1.039208 -1.020181 -1.001230 -0.982384 -0.963679 -0.945155 -0.926860 -0.908846 -0.891175 -0.873917 -0.857149 -0.840959 -0.825441 -0.810699 -0.796846 -0.783999 -0.772279 -0.761808 -0.752704 -0.745080 -0.739035 -0.734654 -0.731998 -0.731109 -0.731998 -0.734654 -0.739035 -0.745080 -0.752704 -0.761808 -0.772279 -0.783999 -0.796846 -0.810699 -0.825441 -0.840959 -0.857149 -0.873917 -0.891175 -0.908846 -0.926860 -0.945155 -0.963679 -0.982384 -1.001230 -1.020181 -1.039208 -1.058285 
-1.073174 -1.054700 -1.036308 -1.018027 -0.999887 -0.981924 -0.964179 -0.946698 -0.929534 -0.912745 -0.896397 -0.880564 -0.865325 -0.850767 -0.836985 -0.824076 -0.812144 -0.801292 -0.791626 -0.783246 -0.776245 -0.770705 -0.766696 -0.764269 -0.763456 -0.764269 -0.766696 -0.770705 -0.776245 -0.783246 -0.791626 -0.801292 -0.812144 -0.824076 -0.836985 -0.850767 -0.865325 -0.880564 -0.896397 -0.912745 -0.929534 -0.946698 -0.964179 -0.981924 -0.999887 -1.018027 -1.036308 -1.054700 -1.073174 
-1.088365 -1.070476 -1.052700 -1.035065 -1.017602 -1.000348 -0.983342 -0.966630 -0.950262 -0.934296 -0.918792 -0.903818 -0.889449 -0.875763 -0.862845 -0.850781 -0.839662 -0.829579 -0.820620 -0.812871 -0.806411 -0.801308 -0.797620 -0.795390 -0.794644 -0.795390 -0.797620 -0.801308 -0.806411 -0.812871 -0.820620 -0.829579 -0.839662 -0.850781 -0.862845 -0.875763 -0.889449 -0.903818 -0.918792 -0.934296 -0.950262 -0.966630 -0.983342 -1.000348 -1.017602 -1.035065 -1.052700 -1.070476 -1.088365 
-1.103822 -1.086501 -1.069320 -1.052306 -1.035492 -1.018912 -1.002607 -0.986620 -0.970999 -0.955798 -0.941076 -0.926894 -0.913321 -0.900428 -0.888290 -0.876985 -0.866592 -0.857190 -0.848856 -0.841662 -0.835675 -0.830953 -0.827545 -0.825485 -0.824796 -0.825485 -0.827545 -0.830953 -0.835675 -0.841662 -0.848856 -0.857190 -0.866592 -0.876985 -0.888290 -0.900428 -0.913321 -0.926894 -0.941076 -0.955798 -0.970999 -0.986620 -1.002607 -1.018912 -1.035492 -1.052306 -1.069320 -1.086501 -1.103822 
-1.119513 -1.102742 -1.086134 -1.069717 -1.053522 -1.037584 -1.021942 -1.006637 -0.991716 -0.977229 -0.963231 -0.949778 -0.936934 -0.924763 -0.913333 -0.902711 -0.892969 -0.884175 -0.876394 -0.869690 -0.864120 -0.859733 -0.856569 -0.854658 -0.854019 -0.854658 -0.856569 -0.859733 -0.864120 -0.869690 -0.876394 -0.884175 -0.892969 -0.902711 -0.913333 -0.924763 -0.936934 -0.949778 -0.963231 -0.977229 -0.991716 -1.006637 -1.021942 -1.037584 -1.053522 -1.069717 -1.086134 -1.102742 -1.119513 
-1.135409 -1.119169 -1.103113 -1.087267 -1.071663 -1.056335 -1.041319 -1.026657 -1.012391 -0.998569 -0.985242 -0.972463 -0.960288 -0.948776 -0.937987 -0.927984 -0.918827 -0.910576 -0.903290 -0.897021 -0.891820 -0.887728 -0.884780 -0.883000 -0.882405 -0.883000 -0.884780 -0.887728 -0.891820 -0.897021 -0.903290 -0.910576 -0.918827 -0.927984 -0.937987 -0.948776 -0.960288 -0.972463 -0.985242 -0.998569 -1.012391 -1.026657 -1.041319 -1.056335 -1.071663 -1.087267 -1.103113 -1.119169 -1.135409 
