49 49
2.773020e-01 0 5
-1.250557 -1.234173 -1.217974 -1.201990 -1.186250 -1.170789 -1.155645 -1.140857 -1.126470 -1.112532 -1.099093 -1.086207 -1.073931 -1.062324 -1.051447 -1.041361 -1.032129 -1.023811 -1.016465 -1.010146 -1.004903 -1.000778 -0.997806 -0.996012 -0.995412 -0.996012 -0.997806 -1.000778 -1.004903 -1.010146 -1.016465 -1.023811 -1.032129 -1.041361 -1.051447 -1.062324 -1.073931 -1.086207 -1.099093 -1.112532 -1.126470 -1.140857 -1.155645 -1.170789 -1.186250 -1.201990 -1.217974 -1.234173 -1.250557 
-1.234527 -1.217608 -1.200855 -1.184295 -1.167961 -1.151886 -1.136111 -1.120677 -1.105631 -1.091024 -1.076909 -1.063346 -1.050396 -1.038126 -1.026602 -1.015895 -1.006074 -0.997208 -0.989366 -0.982608 -0.976993 -0.972571 -0.969382 -0.967456 -0.966812 -0.967456 -0.969382 -0.972571 -0.976993 -0.982608 -0.989366 -0.997208 -1.006074 -1.015895 -1.026602 -1.038126 -1.050396 -1.063346 -1.076909 -1.091024 -1.105631 -1.120677 -1.136111 -1.151886 -1.167961 -1.184295 -1.200855 -1.217608 -1.234527 
-1.218705 -1.201233 -1.183903 -1.166743 -1.149785 -1.133065 -1.116623 -1.100502 -1.084752 -1.069426 -1.054583 -1.040286 -1.026602 -1.013605 -1.001370 -0.989974 -0.979498 -0.970022 -0.961621 -0.954370 -0.948335 -0.943576 -0.940141 -0.938065 -0.937370 -0.938065 -0.940141 -0.943576 -0.948335 -0.954370 -0.961621 -0.970022 -0.979498 -0.989974 -1.001370 -1.013605 -1.026602 -1.040286 -1.054583 -1.069426 -1.084752 -1.100502 -1.116623 -1.133065 -1.149785 -1.166743 -1.183903 -1.201233 -1.218705 
-1.203122 -1.185078 -1.167149 -1.149364 -1.131754 -1.114355 -1.097208 -1.080358 -1.063856 -1.047759 -1.032129 -1.017035 -1.002551 -0.988756 -0.975735 -0.963575 -0.952369 -0.942206 -0.933177 -0.925367 -0.918856 -0.913714 -0.909997 -0.907749 -0.906997 -0.907749 -0.909997 -0.913714 -0.918856 -0.925367 -0.933177 -0.942206 -0.952369 -0.963575 -0.975735 -0.988756 -1.002551 -1.017035 -1.032129 -1.047759 -1.063856 -1.080358 -1.097208 -1.114355 -1.131754 -1.149364 -1.167149 -1.185078 -1.203122 
-1.187808 -1.169175 -1.150627 -1.132192 -1.113900 -1.095788 -1.077897 -1.060273 -1.042970 -1.026046 -1.009567 -0.993608 -0.978248 -0.963575 -0.949685 -0.936675 -0.924649 -0.913714 -0.903972 -0.895527 -0.888471 -0.882888 -0.878848 -0.876402 -0.875583 -0.876402 -0.878848 -0.882888 -0.888471 -0.895527 -0.903972 -0.913714 -0.924649 -0.936675 -0.949685 -0.963575 -0.978248 -0.993608 -1.009567 -1.026046 -1.042970 -1.060273 -1.077897 -1.095788 -1.113900 -1.132192 -1.150627 -1.169175 -1.187808 
-1.172799 -1.153560 -1.134373 -1.115263 -1.096262 -1.077403 -1.058729 -1.040286 -1.022127 -1.004316 -0.986921 -0.970022 -0.953704 -0.938065 -0.923209 -0.909249 -0.896303 -0.884492 -0.873940 -0.864766 -0.857084 -0.850992 -0.846577 -0.843902 -0.843005 -0.843902 -0.846577 -0.850992 -0.857084 -0.864766 -0.873940 -0.884492 -0.896303 -0.909249 -0.923209 -0.938065 -0.953704 -0.970022 -0.986921 -1.004316 -1.022127 -1.040286 -1.058729 -1.077403 -1.096262 -1.115263 -1.134373 -1.153560 -1.172799 
-1.158134 -1.138274 -1.118429 -1.098623 -1.078883 -1.059244 -1.039747 -1.020437 -1.001370 -0.982608 -0.964225 -0.946303 -0.928937 -0.912231 -0.896303 -0.881278 -0.867291 -0.854486 -0.843005 -0.832992 -0.824583 -0.817899 -0.813046 -0.810101 -0.809113 -0.810101 -0.813046 -0.817899 -0.824583 -0.832992 -0.843005 -0.854486 -0.867291 -0.881278 -0.896303 -0.912231 -0.928937 -0.946303 -0.964225 -0.982608 -1.001370 -1.020437 -1.039747 -1.059244 -1.078883 -1.098623 -1.118429 -1.138274 -1.158134 
-1.143852 -1.123360 -1.102841 -1.082316 -1.061812 -1.041361 -1.021001 -1.000778 -0.980745 -0.960967 -0.941519 -0.922487 -0.903972 -0.886089 -0.868965 -0.852743 -0.837579 -0.823636 -0.811085 -0.800098 -0.790840 -0.783461 -0.778090 -0.774826 -0.773731 -0.774826 -0.778090 -0.783461 -0.790840 -0.800098 -0.811085 -0.823636 -0.837579 -0.852743 -0.868965 -0.886089 -0.903972 -0.922487 -0.941519 -0.960967 -0.980745 -1.000778 -1.021001 -1.041361 -1.061812 -1.082316 -1.102841 -1.123360 -1.143852 
-1.130000 -1.108865 -1.087658 -1.066397 -1.045105 -1.023811 -1.002551 -0.981367 -0.960312 -0.939450 -0.918856 -0.898620 -0.878848 -0.859663 -0.841206 -0.823636 -0.807130 -0.791881 -0.778090 -0.765964 -0.755706 -0.747502 -0.741516 -0.737870 -0.736646 -0.737870 -0.741516 -0.747502 -0.755706 -0.765964 -0.778090 -0.791881 -0.807130 -0.823636 -0.841206 -0.859663 -0.878848 -0.898620 -0.918856 -0.939450 -0.960312 -0.981367 -1.002551 -1.023811 -1.045105 -1.066397 -1.087658 -1.108865 -1.130000 
-1.116623 -1.094839 -1.072934 -1.050922 -1.028822 -1.006658 -0.984462 -0.962273 -0.940141 -0.918126 -0.896303 -0.874763 -0.853616 -0.832992 -0.813046 -0.793954 -0.775918 -0.759161 -0.743923 -0.730456 -0.719009 -0.709818 -0.703089 -0.698982 -0.697602 -0.698982 -0.703089 -0.709818 -0.719009 -0.730456 -0.743923 -0.759161 -0.775918 -0.793954 -0.813046 -0.832992 -0.853616 -0.874763 -0.896303 -0.918126 -0.940141 -0.962273 -0.984462 -1.006658 -1.028822 -1.050922 -1.072934 -1.094839 -1.116623 
-1.103773 -1.081338 -1.058729 -1.035955 -1.013031 -0.989974 -0.966812 -0.943576 -0.920313 -0.897077 -0.873940 -0.850992 -0.828345 -0.806134 -0.784525 -0.763712 -0.743923 -0.725419 -0.708484 -0.693424 -0.680550 -0.670163 -0.662527 -0.657855 -0.656282 -0.657855 -0.662527 -0.670163 -0.680550 -0.693424 -0.708484 -0.725419 -0.743923 -0.763712 -0.784525 -0.806134 -0.828345 -0.850992 -0.873940 -0.897077 -0.920313 -0.943576 -0.966812 -0.989974 -1.013031 -1.035955 -1.058729 -1.081338 -1.103773 
-1.091502 -1.068419 -1.045105 -1.021565 -0.997806 -0.973839 -0.949685 -0.925367 -0.900923 -0.876402 -0.851869 -0.827408 -0.803129 -0.779171 -0.755706 -0.732946 -0.711147 -0.690608 -0.671668 -0.654701 -0.640098 -0.628244 -0.619489 -0.614112 -0.612299 -0.614112 -0.619489 -0.628244 -0.640098 -0.654701 -0.671668 -0.690608 -0.711147 -0.732946 -0.755706 -0.779171 -0.803129 -0.827408 -0.851869 -0.876402 -0.900923 -0.925367 -0.949685 -0.973839 -0.997806 -1.021565 -1.045105 -1.068419 -1.091502 
-1.079867 -1.056142 -1.032129 -1.007824 -0.983227 -0.958342 -0.933177 -0.907749 -0.882084 -0.856220 -0.830211 -0.804134 -0.778090 -0.752215 -0.726685 -0.701726 -0.677617 -0.654701 -0.633381 -0.614112 -0.597390 -0.583714 -0.573552 -0.567284 -0.565166 -0.567284 -0.573552 -0.583714 -0.597390 -0.614112 -0.633381 -0.654701 -0.677617 -0.701726 -0.726685 -0.752215 -0.778090 -0.804134 -0.830211 -0.856220 -0.882084 -0.907749 -0.933177 -0.958342 -0.983227 -1.007824 -1.032129 -1.056142 -1.079867 
-1.068923 -1.044572 -1.019872 -0.994811 -0.969382 -0.943576 -0.917394 -0.890838 -0.863921 -0.836666 -0.809113 -0.781323 -0.753383 -0.725419 -0.697602 -0.670163 -0.643403 -0.617707 -0.593546 -0.571477 -0.552128 -0.536158 -0.524198 -0.516782 -0.514268 -0.516782 -0.524198 -0.536158 -0.552128 -0.571477 -0.593546 -0.617707 -0.643403 -0.670163 -0.697602 -0.725419 -0.753383 -0.781323 -0.809113 -0.836666 -0.863921 -0.890838 -0.917394 -0.943576 -0.969382 -0.994811 -1.019872 -1.044572 -1.068923 
-1.058729 -1.033773 -1.008406 -0.982608 -0.956361 -0.929647 -0.902451 -0.874763 -0.846577 -0.817899 -0.788748 -0.759161 -0.729204 -0.698982 -0.668651 -0.638433 -0.608640 -0.579690 -0.552128 -0.526629 -0.503990 -0.485084 -0.470787 -0.461857 -0.458819 -0.461857 -0.470787 -0.485084 -0.503990 -0.526629 -0.552128 -0.579690 -0.608640 -0.638433 -0.668651 -0.698982 -0.729204 -0.759161 -0.788748 -0.817899 -0.846577 -0.874763 -0.902451 -0.929647 -0.956361 -0.982608 -1.008406 -1.033773 -1.058729 
-1.049343 -1.023811 -0.997806 -0.971298 -0.944260 -0.916661 -0.888471 -0.859663 -0.830211 -0.800098 -0.769315 -0.737870 -0.705797 -0.673166 -0.640098 -0.606793 -0.573552 -0.540809 -0.509174 -0.479449 -0.452643 -0.429926 -0.412525 -0.401554 -0.397801 -0.401554 -0.412525 -0.429926 -0.452643 -0.479449 -0.509174 -0.540809 -0.573552 -0.606793 -0.640098 -0.673166 -0.705797 -0.737870 -0.769315 -0.800098 -0.830211 -0.859663 -0.888471 -0.916661 -0.944260 -0.971298 -0.997806 -1.023811 -1.049343 
-1.040824 -1.014752 -0.988145 -0.960967 -0.933177 -0.904731 -0.875583 -0.845688 -0.814995 -0.783461 -0.751043 -0.717712 -0.683457 -0.648296 -0.612299 -0.575612 -0.538493 -0.501363 -0.464865 -0.429926 -0.397801 -0.370056 -0.348443 -0.334642 -0.329889 -0.334642 -0.348443 -0.370056 -0.397801 -0.429926 -0.464865 -0.501363 -0.538493 -0.575612 -0.612299 -0.648296 -0.683457 -0.717712 -0.751043 -0.783461 -0.814995 -0.845688 -0.875583 -0.904731 -0.933177 -0.960967 -0.988145 -1.014752 -1.040824 
-1.033226 -1.006658 -0.979498 -0.951699 -0.923209 -0.893971 -0.863921 -0.832992 -0.801112 -0.768202 -0.734184 -0.698982 -0.662527 -0.624772 -0.585706 -0.545389 -0.503990 -0.461857 -0.419612 -0.378262 -0.339317 -0.304852 -0.277395 -0.259552 -0.253346 -0.259552 -0.277395 -0.304852 -0.339317 -0.378262 -0.419612 -0.461857 -0.503990 -0.545389 -0.585706 -0.624772 -0.662527 -0.698982 -0.734184 -0.768202 -0.801112 -0.832992 -0.863921 -0.893971 -0.923209 -0.951699 -0.979498 -1.006658 -1.033226 
-1.026602 -0.999592 -0.971935 -0.943576 -0.914452 -0.884492 -0.853616 -0.821734 -0.788748 -0.754546 -0.719009 -0.682007 -0.643403 -0.603067 -0.560883 -0.516782 -0.470787 -0.423092 -0.374188 -0.325055 -0.277395 -0.233874 -0.198139 -0.174335 -0.165940 -0.174335 -0.198139 -0.233874 -0.277395 -0.325055 -0.374188 -0.423092 -0.470787 -0.516782 -0.560883 -0.603067 -0.643403 -0.682007 -0.719009 -0.754546 -0.788748 -0.821734 -0.853616 -0.884492 -0.914452 -0.943576 -0.971935 -0.999592 -1.026602 
-1.021001 -0.993608 -0.965520 -0.936675 -0.906997 -0.876402 -0.844796 -0.812067 -0.778090 -0.742722 -0.705797 -0.667131 -0.626513 -0.583714 -0.538493 -0.490612 -0.439882 -0.386239 -0.329889 -0.271571 -0.212974 -0.157292 -0.109663 -0.076802 -0.064967 -0.076802 -0.109663 -0.157292 -0.212974 -0.271571 -0.329889 -0.386239 -0.439882 -0.490612 -0.538493 -0.583714 -0.626513 -0.667131 -0.705797 -0.742722 -0.778090 -0.812067 -0.844796 -0.876402 -0.906997 -0.936675 -0.965520 -0.993608 -1.021001 
-1.016465 -0.988756 -0.960312 -0.931063 -0.900923 -0.869799 -0.837579 -0.804134 -0.769315 -0.732946 -0.694822 -0.654701 -0.612299 -0.567284 -0.519275 -0.467841 -0.412525 -0.352899 -0.288698 -0.220112 -0.148375 -0.076802 -0.012175 0.034718 0.052147 0.034718 -0.012175 -0.076802 -0.148375 -0.220112 -0.288698 -0.352899 -0.412525 -0.467841 -0.519275 -0.567284 -0.612299 -0.654701 -0.694822 -0.732946 -0.769315 -0.804134 -0.837579 -0.869799 -0.900923 -0.931063 -0.960312 -0.988756 -1.016465 
-1.013031 -0.985078 -0.956361 -0.926799 -0.896303 -0.864766 -0.832068 -0.798062 -0.762580 -0.725419 -0.686336 -0.645043 -0.601186 -0.554341 -0.503990 -0.449506 -0.390145 -0.325055 -0.253346 -0.174335 -0.088174 0.002648 0.090369 0.158596 0.185182 0.158596 0.090369 0.002648 -0.088174 -0.174335 -0.253346 -0.325055 -0.390145 -0.449506 -0.503990 -0.554341 -0.601186 -0.645043 -0.686336 -0.725419 -0.762580 -0.798062 -0.832068 -0.864766 -0.896303 -0.926799 -0.956361 -0.985078 -1.013031 
-1.010725 -0.982608 -0.953704 -0.923930 -0.893190 -0.861372 -0.828345 -0.793954 -0.758013 -0.720301 -0.680550 -0.638433 -0.593546 -0.545389 -0.493337 -0.436602 -0.374188 -0.304852 -0.227076 -0.139173 -0.039756 0.070652 0.185182 0.282003 0.322190 0.282003 0.185182 0.070652 -0.039756 -0.139173 -0.227076 -0.304852 -0.374188 -0.436602 -0.493337 -0.545389 -0.593546 -0.638433 -0.680550 -0.720301 -0.758013 -0.793954 -0.828345 -0.861372 -0.893190 -0.923930 -0.953704 -0.982608 -1.010725 
-1.009567 -0.981367 -0.952369 -0.922487 -0.891624 -0.859663 -0.826469 -0.791881 -0.755706 -0.717712 -0.677617 -0.635074 -0.589651 -0.540809 -0.487861 -0.429926 -0.365863 -0.294185 -0.212974 -0.119839 -0.012175 0.111460 0.246318 0.368109 0.421558 0.368109 0.246318 0.111460 -0.012175 -0.119839 -0.212974 -0.294185 -0.365863 -0.429926 -0.487861 -0.540809 -0.589651 -0.635074 -0.677617 -0.717712 -0.755706 -0.791881 -0.826469 -0.859663 -0.891624 -0.922487 -0.952369 -0.981367 -1.009567 
-1.009422 -0.981212 -0.952202 -0.922306 -0.891427 -0.859449 -0.826234 -0.791621 -0.755417 -0.717387 -0.677249 -0.634651 -0.589161 -0.540232 -0.487169 -0.429081 -0.364805 -0.292824 -0.211162 -0.117329 -0.008539 0.116969 0.254868 0.380676 0.436390 0.380676 0.254868 0.116969 -0.008539 -0.117329 -0.211162 -0.292824 -0.364805 -0.429081 -0.487169 -0.540232 -0.589161 -0.634651 -0.677249 -0.717387 -0.755417 -0.791621 -0.826234 -0.859449 -0.891427 -0.922306 -0.952202 -0.981212 -1.009422 
-1.009573 -0.981374 -0.952376 -0.922495 -0.891632 -0.859672 -0.826479 -0.791892 -0.755719 -0.717726 -0.677633 -0.635092 -0.589673 -0.540834 -0.487891 -0.429963 -0.365908 -0.294244 -0.213053 -0.119947 -0.012332 0.111223 0.245951 0.367574 0.420928 0.367574 0.245951 0.111223 -0.012332 -0.119947 -0.213053 -0.294244 -0.365908 -0.429963 -0.487891 -0.540834 -0.589673 -0.635092 -0.677633 -0.717726 -0.755719 -0.791892 -0.826479 -0.859672 -0.891632 -0.922495 -0.952376 -0.981374 -1.009573 
-1.010743 -0.982628 -0.953726 -0.923953 -0.893215 -0.861400 -0.828375 -0.793987 -0.758050 -0.720343 -0.680598 -0.638487 -0.593608 -0.545462 -0.493425 -0.436708 -0.374321 -0.305021 -0.227299 -0.139476 -0.040182 0.070035 0.184285 0.280783 0.320808 0.280783 0.184285 0.070035 -0.040182 -0.139476 -0.227299 -0.305021 -0.374321 -0.436708 -0.493425 -0.545462 -0.593608 -0.638487 -0.680598 -0.720343 -0.758050 -0.793987 -0.828375 -0.861400 -0.893215 -0.923953 -0.953726 -0.982628 -1.010743 
-1.013062 -0.985112 -0.956396 -0.926838 -0.896344 -0.864812 -0.832118 -0.798117 -0.762641 -0.725487 -0.686414 -0.645131 -0.601288 -0.554460 -0.504130 -0.449676 -0.390354 -0.325317 -0.253684 -0.174780 -0.088774 0.001830 0.089274 0.157227 0.183691 0.157227 0.089274 0.001830 -0.088774 -0.174780 -0.253684 -0.325317 -0.390354 -0.449676 -0.504130 -0.554460 -0.601288 -0.645131 -0.686414 -0.725487 -0.762641 -0.798117 -0.832118 -0.864812 -0.896344 -0.926838 -0.956396 -0.985112 -1.013062 
-1.016508 -0.988802 -0.960362 -0.931116 -0.900981 -0.869862 -0.837647 -0.804210 -0.769399 -0.733040 -0.694928 -0.654821 -0.612436 -0.567443 -0.519462 -0.468064 -0.412795 -0.353232 -0.289115 -0.220643 -0.149057 -0.077674 -0.013262 0.033445 0.050798 0.033445 -0.013262 -0.077674 -0.149057 -0.220643 -0.289115 -0.353232 -0.412795 -0.468064 -0.519462 -0.567443 -0.612436 -0.654821 -0.694928 -0.733040 -0.769399 -0.804210 -0.837647 -0.869862 -0.900981 -0.931116 -0.960362 -0.988802 -1.016508 
-1.021056 -0.993666 -0.965583 -0.936742 -0.907070 -0.876482 -0.844882 -0.812162 -0.778195 -0.742838 -0.705928 -0.667278 -0.626681 -0.583908 -0.538718 -0.490877 -0.440198 -0.386619 -0.330352 -0.272140 -0.213673 -0.158141 -0.110665 -0.077922 -0.066135 -0.077922 -0.110665 -0.158141 -0.213673 -0.272140 -0.330352 -0.386619 -0.440198 -0.490877 -0.538718 -0.583908 -0.626681 -0.667278 -0.705928 -0.742838 -0.778195 -0.812162 -0.844882 -0.876482 -0.907070 -0.936742 -0.965583 -0.993666 -1.021056 
-1.026668 -0.999662 -0.972010 -0.943657 -0.914540 -0.884587 -0.853719 -0.821847 -0.788872 -0.754684 -0.719163 -0.682179 -0.643598 -0.603289 -0.561138 -0.517078 -0.471133 -0.423501 -0.374674 -0.325631 -0.278077 -0.234668 -0.199038 -0.175312 -0.166946 -0.175312 -0.199038 -0.234668 -0.278077 -0.325631 -0.374674 -0.423501 -0.471133 -0.517078 -0.561138 -0.603289 -0.643598 -0.682179 -0.719163 -0.754684 -0.788872 -0.821847 -0.853719 -0.884587 -0.914540 -0.943657 -0.972010 -0.999662 -1.026668 
-1.033302 -1.006740 -0.979586 -0.951793 -0.923310 -0.894080 -0.864039 -0.833121 -0.801253 -0.768358 -0.734357 -0.699175 -0.662744 -0.625016 -0.585984 -0.545706 -0.504355 -0.462280 -0.420101 -0.378827 -0.339965 -0.305583 -0.278200 -0.260409 -0.254222 -0.260409 -0.278200 -0.305583 -0.339965 -0.378827 -0.420101 -0.462280 -0.504355 -0.545706 -0.585984 -0.625016 -0.662744 -0.699175 -0.734357 -0.768358 -0.801253 -0.833121 -0.864039 -0.894080 -0.923310 -0.951793 -0.979586 -1.006740 -1.033302 
-1.040910 -1.014844 -0.988244 -0.961073 -0.933290 -0.904853 -0.875716 -0.845831 -0.815152 -0.783633 -0.751233 -0.717922 -0.683690 -0.648557 -0.612592 -0.575943 -0.538868 -0.501788 -0.465347 -0.430470 -0.398410 -0.370727 -0.349167 -0.335401 -0.330661 -0.335401 -0.349167 -0.370727 -0.398410 -0.430470 -0.465347 -0.501788 -0.538868 -0.575943 -0.612592 -0.648557 -0.683690 -0.717922 -0.751233 -0.783633 -0.815152 -0.845831 -0.875716 -0.904853 -0.933290 -0.961073 -0.988244 -1.014844 -1.040910 
-1.049440 -1.023914 -0.997915 -0.971415 -0.944385 -0.916795 -0.888616 -0.859819 -0.830381 -0.800284 -0.769518 -0.738094 -0.706044 -0.673439 -0.640402 -0.607132 -0.573929 -0.541231 -0.509643 -0.479969 -0.453213 -0.430543 -0.413180 -0.402234 -0.398491 -0.402234 -0.413180 -0.430543 -0.453213 -0.479969 -0.509643 -0.541231 -0.573929 -0.607132 -0.640402 -0.673439 -0.706044 -0.738094 -0.769518 -0.800284 -0.830381 -0.859819 -0.888616 -0.916795 -0.944385 -0.971415 -0.997915 -1.023914 -1.049440 
-1.058834 -1.033885 -1.008525 -0.982735 -0.956496 -0.929792 -0.902607 -0.874931 -0.846759 -0.818096 -0.788962 -0.759395 -0.729460 -0.699264 -0.668960 -0.638774 -0.609016 -0.580104 -0.552582 -0.527123 -0.504523 -0.485654 -0.471385 -0.462474 -0.459442 -0.462474 -0.471385 -0.485654 -0.504523 -0.527123 -0.552582 -0.580104 -0.609016 -0.638774 -0.668960 -0.699264 -0.729460 -0.759395 -0.788962 -0.818096 -0.846759 -0.874931 -0.902607 -0.929792 -0.956496 -0.982735 -1.008525 -1.033885 -1.058834 
-1.069036 -1.044692 -1.020000 -0.994947 -0.969526 -0.943731 -0.917559 -0.891016 -0.864112 -0.836872 -0.809336 -0.781565 -0.753646 -0.725705 -0.697914 -0.670503 -0.643774 -0.618110 -0.593982 -0.571947 -0.552629 -0.536687 -0.524749 -0.517347 -0.514837 -0.517347 -0.524749 -0.536687 -0.552629 -0.571947 -0.593982 -0.618110 -0.643774 -0.670503 -0.697914 -0.725705 -0.753646 -0.781565 -0.809336 -0.836872 -0.864112 -0.891016 -0.917559 -0.943731 -0.969526 -0.994947 -1.020000 -1.044692 -1.069036 
-1.079988 -1.056271 -1.032265 -1.007968 -0.983380 -0.958504 -0.933351 -0.907935 -0.882283 -0.856434 -0.830441 -0.804382 -0.778358 -0.752504 -0.726998 -0.702063 -0.677981 -0.655093 -0.633800 -0.614559 -0.597862 -0.584208 -0.574062 -0.567806 -0.565691 -0.567806 -0.574062 -0.584208 -0.597862 -0.614559 -0.633800 -0.655093 -0.677981 -0.702063 -0.726998 -0.752504 -0.778358 -0.804382 -0.830441 -0.856434 -0.882283 -0.907935 -0.933351 -0.958504 -0.983380 -1.007968 -1.032265 -1.056271 -1.079988 
-1.091631 -1.068554 -1.045248 -1.021716 -0.997966 -0.974010 -0.949866 -0.925560 -0.901129 -0.876622 -0.852104 -0.827660 -0.803400 -0.779461 -0.756017 -0.733280 -0.711504 -0.690988 -0.672071 -0.655127 -0.640545 -0.628708 -0.619966 -0.614598 -0.612787 -0.614598 -0.619966 -0.628708 -0.640545 -0.655127 -0.672071 -0.690988 -0.711504 -0.733280 -0.756017 -0.779461 -0.803400 -0.827660 -0.852104 -0.876622 -0.901129 -0.925560 -0.949866 -0.974010 -0.997966 -1.021716 -1.045248 -1.068554 -1.091631 
-1.103908 -1.081480 -1.058878 -1.036113 -1.013197 -0.990151 -0.966999 -0.943775 -0.920524 -0.897301 -0.874179 -0.851247 -0.828617 -0.806424 -0.784833 -0.764040 -0.744271 -0.725787 -0.708871 -0.693830 -0.680974 -0.670600 -0.662976 -0.658310 -0.656740 -0.658310 -0.662976 -0.670600 -0.680974 -0.693830 -0.708871 -0.725787 -0.744271 -0.764040 -0.784833 -0.806424 -0.828617 -0.851247 -0.874179 -0.897301 -0.920524 -0.943775 -0.966999 -0.990151 -1.013197 -1.036113 -1.058878 -1.081480 -1.103908 
-1.116764 -1.094987 -1.073090 -1.051086 -1.028994 -1.006840 -0.984654 -0.962477 -0.940356 -0.918354 -0.896544 -0.875019 -0.853887 -0.833280 -0.813350 -0.794276 -0.776257 -0.759518 -0.744297 -0.730846 -0.719413 -0.710233 -0.703512 -0.699411 -0.698033 -0.699411 -0.703512 -0.710233 -0.719413 -0.730846 -0.744297 -0.759518 -0.776257 -0.794276 -0.813350 -0.833280 -0.853887 -0.875019 -0.896544 -0.918354 -0.940356 -0.962477 -0.984654 -1.006840 -1.028994 -1.051086 -1.073090 -1.094987 -1.116764 
-1.130146 -1.109018 -1.087818 -1.066565 -1.045282 -1.023998 -1.002747 -0.981574 -0.960531 -0.939681 -0.919099 -0.898877 -0.879119 -0.859948 -0.841506 -0.823952 -0.807461 -0.792227 -0.778451 -0.766338 -0.756092 -0.747898 -0.741918 -0.738277 -0.737055 -0.738277 -0.741918 -0.747898 -0.756092 -0.766338 -0.778451 -0.792227 -0.807461 -0.823952 -0.841506 -0.859948 -0.879119 -0.898877 -0.919099 -0.939681 -0.960531 -0.981574 -1.002747 -1.023998 -1.045282 -1.066565 -1.087818 -1.109018 -1.130146 
-1.144003 -1.123518 -1.103006 -1.082489 -1.061994 -1.041552 -1.021201 -1.000988 -0.980966 -0.961199 -0.941763 -0.922743 -0.904242 -0.886371 -0.869261 -0.853053 -0.837902 -0.823972 -0.811434 -0.800458 -0.791209 -0.783839 -0.778474 -0.775214 -0.774120 -0.775214 -0.778474 -0.783839 -0.791209 -0.800458 -0.811434 -0.823972 -0.837902 -0.853053 -0.869261 -0.886371 -0.904242 -0.922743 -0.941763 -0.961199 -0.980966 -1.000988 -1.021201 -1.041552 -1.061994 -1.082489 -1.103006 -1.123518 -1.144003 
-1.158289 -1.138437 -1.118599 -1.098800 -1.079068 -1.059438 -1.039949 -1.020649 -1.001592 -0.982841 -0.964469 -0.946559 -0.929204 -0.912511 -0.896594 -0.881581 -0.867607 -0.854813 -0.843343 -0.833339 -0.824938 -0.818262 -0.813413 -0.810471 -0.809485 -0.810471 -0.813413 -0.818262 -0.824938 -0.833339 -0.843343 -0.854813 -0.867607 -0.881581 -0.896594 -0.912511 -0.929204 -0.946559 -0.964469 -0.982841 -1.001592 -1.020649 -1.039949 -1.059438 -1.079068 -1.098800 -1.118599 -1.138437 -1.158289 
-1.172959 -1.153727 -1.134546 -1.115444 -1.096450 -1.077600 -1.058934 -1.040500 -1.022351 -1.004550 -0.987165 -0.970276 -0.953969 -0.938341 -0.923496 -0.909547 -0.896611 -0.884810 -0.874268 -0.865102 -0.857427 -0.851341 -0.846930 -0.844257 -0.843362 -0.844257 -0.846930 -0.851341 -0.857427 -0.865102 -0.874268 -0.884810 -0.896611 -0.909547 -0.923496 -0.938341 -0.953969 -0.970276 -0.987165 -1.004550 -1.022351 -1.040500 -1.058934 -1.077600 -1.096450 -1.115444 -1.134546 -1.153727 -1.172959 
-1.187971 -1.169344 -1.150803 -1.132375 -1.114091 -1.095987 -1.078104 -1.060489 -1.043194 -1.026279 -1.009810 -0.993860 -0.978510 -0.963848 -0.949967 -0.936967 -0.924950 -0.914023 -0.904291 -0.895852 -0.888803 -0.883225 -0.879189 -0.876745 -0.875927 -0.876745 -0.879189 -0.883225 -0.888803 -0.895852 -0.904291 -0.914023 -0.924950 -0.936967 -0.949967 -0.963848 -0.978510 -0.993860 -1.009810 -1.026279 -1.043194 -1.060489 -1.078104 -1.095987 -1.114091 -1.132375 -1.150803 -1.169344 -1.187971 
-1.203288 -1.185250 -1.167328 -1.149550 -1.131947 -1.114555 -1.097416 -1.080574 -1.064080 -1.047992 -1.032371 -1.017286 -1.002811 -0.989025 -0.976012 -0.963862 -0.952663 -0.942508 -0.933486 -0.925683 -0.919178 -0.914039 -0.910326 -0.908080 -0.907328 -0.908080 -0.910326 -0.914039 -0.919178 -0.925683 -0.933486 -0.942508 -0.952663 -0.963862 -0.976012 -0.989025 -1.002811 -1.017286 -1.032371 -1.047992 -1.064080 -1.080574 -1.097416 -1.114555 -1.131947 -1.149550 -1.167328 -1.185250 -1.203288 
-1.218874 -1.201408 -1.184084 -1.166931 -1.149980 -1.133267 -1.116832 -1.100719 -1.084977 -1.069659 -1.054823 -1.040534 -1.026859 -1.013870 -1.001643 -0.990255 -0.979787 -0.970317 -0.961923 -0.954677 -0.948648 -0.943893 -0.940460 -0.938386 -0.937692 -0.938386 -0.940460 -0.943893 -0.948648 -0.954677 -0.961923 -0.970317 -0.979787 -0.990255 -1.001643 -1.013870 -1.026859 -1.040534 -1.054823 -1.069659 -1.084977 -1.100719 -1.116832 -1.133267 -1.149980 -1.166931 -1.184084 -1.201408 -1.218874 
-1.234698 -1.217785 -1.201038 -1.184485 -1.168157 -1.152089 -1.136321 -1.120894 -1.105855 -1.091255 -1.077148 -1.063593 -1.050651 -1.038388 -1.026871 -1.016171 -1.006357 -0.997497 -0.989660 -0.982908 -0.977297 -0.972878 -0.969691 -0.967767 -0.967123 -0.967767 -0.969691 -0.972878 -0.977297 -0.982908 -0.989660 -0.997497 -1.006357 -1.016171 -1.026871 -1.038388 -1.050651 -1.063593 -1.077148 -1.091255 -1.105855 -1.120894 -1.136321 -1.152089 -1.168157 -1.184485 -1.201038 -1.217785 -1.234698 
-1.250731 -1.234352 -1.218159 -1.202180 -1.186447 -1.170993 -1.155855 -1.141074 -1.126694 -1.112763 -1.099331 -1.086452 -1.074183 -1.062582 -1.051712 -1.041633 -1.032406 -1.024094 -1.016753 -1.010439 -1.005199 -1.001077 -0.998107 -0.996314 -0.995715 -0.996314 -0.998107 -1.001077 -1.005199 -1.010439 -1.016753 -1.024094 -1.032406 -1.041633 -1.051712 -1.062582 -1.074183 -1.086452 -1.099331 -1.112763 -1.126694 -1.141074 -1.155855 -1.170993 -1.186447 -1.202180 -1.218159 -1.234352 -1.250731 
