45 45
1.494502e-01 0 5
-1.656146 -1.638403 -1.620874 -1.603596 -1.586609 -1.569960 -1.553698 -1.537879 -1.522562 -1.507813 -1.493700 -1.480299 -1.467686 -1.455941 -1.445146 -1.435382 -1.426729 -1.419261 -1.413046 -1.408146 -1.404608 -1.402471 -1.401756 -1.402471 -1.404608 -1.408146 -1.413046 -1.419261 -1.426729 -1.435382 -1.445146 -1.455941 -1.467686 -1.480299 -1.493700 -1.507813 -1.522562 -1.537879 -1.553698 -1.569960 -1.586609 -1.603596 -1.620874 -1.638403 -1.656146 
-1.638823 -1.620438 -1.602241 -1.584267 -1.566558 -1.549162 -1.532131 -1.515522 -1.499400 -1.483835 -1.468903 -1.454685 -1.441268 -1.428742 -1.417200 -1.406735 -1.397438 -1.389399 -1.382697 -1.377404 -1.373580 -1.371266 -1.370492 -1.371266 -1.373580 -1.377404 -1.382697 -1.389399 -1.397438 -1.406735 -1.417200 -1.428742 -1.441268 -1.454685 -1.468903 -1.483835 -1.499400 -1.515522 -1.532131 -1.549162 -1.566558 -1.584267 -1.602241 -1.620438 -1.638823 
-1.621744 -1.602693 -1.583797 -1.565092 -1.546622 -1.528434 -1.510582 -1.493126 -1.476136 -1.459685 -1.443857 -1.428742 -1.414435 -1.401039 -1.388660 -1.377404 -1.367380 -1.358691 -1.351432 -1.345690 -1.341534 -1.339019 -1.338176 -1.339019 -1.341534 -1.345690 -1.351432 -1.358691 -1.367380 -1.377404 -1.388660 -1.401039 -1.414435 -1.428742 -1.443857 -1.459685 -1.476136 -1.493126 -1.510582 -1.528434 -1.546622 -1.565092 -1.583797 -1.602693 -1.621744 
-1.604947 -1.585205 -1.565581 -1.546112 -1.526840 -1.507813 -1.489086 -1.470723 -1.452795 -1.435382 -1.418575 -1.402471 -1.387178 -1.372810 -1.359489 -1.347339 -1.336486 -1.327053 -1.319153 -1.312891 -1.308352 -1.305602 -1.304680 -1.305602 -1.308352 -1.312891 -1.319153 -1.327053 -1.336486 -1.347339 -1.359489 -1.372810 -1.387178 -1.402471 -1.418575 -1.435382 -1.452795 -1.470723 -1.489086 -1.507813 -1.526840 -1.546112 -1.565581 -1.585205 -1.604947 
-1.588475 -1.568019 -1.547640 -1.527372 -1.507257 -1.487343 -1.467686 -1.448350 -1.429411 -1.410953 -1.393073 -1.375879 -1.359489 -1.344033 -1.329649 -1.316482 -1.304680 -1.294389 -1.285747 -1.278880 -1.273893 -1.270867 -1.269853 -1.270867 -1.273893 -1.278880 -1.285747 -1.294389 -1.304680 -1.316482 -1.329649 -1.344033 -1.359489 -1.375879 -1.393073 -1.410953 -1.429411 -1.448350 -1.467686 -1.487343 -1.507257 -1.527372 -1.547640 -1.568019 -1.588475 
-1.572375 -1.551184 -1.530022 -1.508922 -1.487925 -1.467075 -1.446431 -1.426056 -1.406027 -1.386434 -1.367380 -1.348982 -1.331370 -1.314691 -1.299103 -1.284774 -1.271879 -1.260592 -1.251083 -1.243505 -1.237990 -1.234638 -1.233514 -1.234638 -1.237990 -1.243505 -1.251083 -1.260592 -1.271879 -1.284774 -1.299103 -1.314691 -1.331370 -1.348982 -1.367380 -1.386434 -1.406027 -1.426056 -1.446431 -1.467075 -1.487925 -1.508922 -1.530022 -1.551184 -1.572375 
-1.556698 -1.534753 -1.512784 -1.490822 -1.468903 -1.447071 -1.425381 -1.403897 -1.382697 -1.361873 -1.341534 -1.321805 -1.302831 -1.284774 -1.267816 -1.252152 -1.237990 -1.225540 -1.215009 -1.206589 -1.200444 -1.196703 -1.195447 -1.196703 -1.200444 -1.206589 -1.215009 -1.225540 -1.237990 -1.252152 -1.267816 -1.284774 -1.302831 -1.321805 -1.341534 -1.361873 -1.382697 -1.403897 -1.425381 -1.447071 -1.468903 -1.490822 -1.512784 -1.534753 -1.556698 
-1.541500 -1.518785 -1.495989 -1.473137 -1.450261 -1.427401 -1.404608 -1.381945 -1.359489 -1.337332 -1.315588 -1.294389 -1.273893 -1.254281 -1.235759 -1.218555 -1.202915 -1.189095 -1.177350 -1.167921 -1.161018 -1.156806 -1.155390 -1.156806 -1.161018 -1.167921 -1.177350 -1.189095 -1.202915 -1.218555 -1.235759 -1.254281 -1.273893 -1.294389 -1.315588 -1.337332 -1.359489 -1.381945 -1.404608 -1.427401 -1.450261 -1.473137 -1.495989 -1.518785 -1.541500 
-1.526840 -1.503346 -1.479706 -1.455941 -1.432076 -1.408146 -1.384196 -1.360285 -1.336486 -1.312891 -1.289613 -1.266793 -1.244597 -1.223227 -1.202915 -1.183926 -1.166552 -1.151105 -1.137903 -1.127252 -1.119423 -1.114633 -1.113021 -1.114633 -1.119423 -1.127252 -1.137903 -1.151105 -1.166552 -1.183926 -1.202915 -1.223227 -1.244597 -1.266793 -1.289613 -1.312891 -1.336486 -1.360285 -1.384196 -1.408146 -1.432076 -1.455941 -1.479706 -1.503346 -1.526840 
-1.512784 -1.488506 -1.464012 -1.439315 -1.414435 -1.389399 -1.364243 -1.339019 -1.313792 -1.288651 -1.263706 -1.239100 -1.215009 -1.191650 -1.169284 -1.148217 -1.128795 -1.111400 -1.096431 -1.084282 -1.075309 -1.069800 -1.067942 -1.069800 -1.075309 -1.084282 -1.096431 -1.111400 -1.128795 -1.148217 -1.169284 -1.191650 -1.215009 -1.239100 -1.263706 -1.288651 -1.313792 -1.339019 -1.364243 -1.389399 -1.414435 -1.439315 -1.464012 -1.488506 -1.512784 
-1.499400 -1.474339 -1.448988 -1.423351 -1.397438 -1.371266 -1.344862 -1.318265 -1.291531 -1.264738 -1.237990 -1.211426 -1.185226 -1.159620 -1.134895 -1.111400 -1.089546 -1.069800 -1.052667 -1.038657 -1.028247 -1.021827 -1.019658 -1.021827 -1.028247 -1.038657 -1.052667 -1.069800 -1.089546 -1.111400 -1.134895 -1.159620 -1.185226 -1.211426 -1.237990 -1.264738 -1.291531 -1.318265 -1.344862 -1.371266 -1.397438 -1.423351 -1.448988 -1.474339 -1.499400 
-1.486760 -1.460926 -1.434723 -1.408146 -1.381192 -1.353867 -1.326183 -1.298165 -1.269853 -1.241309 -1.212624 -1.183926 -1.155390 -1.127252 -1.099819 -1.073484 -1.048728 -1.026122 -1.006305 -0.989951 -0.977705 -0.970112 -0.967537 -0.970112 -0.977705 -0.989951 -1.006305 -1.026122 -1.048728 -1.073484 -1.099819 -1.127252 -1.155390 -1.183926 -1.212624 -1.241309 -1.269853 -1.298165 -1.326183 -1.353867 -1.381192 -1.408146 -1.434723 -1.460926 -1.486760 
-1.474939 -1.448350 -1.421311 -1.393804 -1.365815 -1.337332 -1.308352 -1.278880 -1.248934 -1.218555 -1.187810 -1.156806 -1.125701 -1.094724 -1.064193 -1.034535 -1.006305 -0.980194 -0.957015 -0.937661 -0.923027 -0.913887 -0.910777 -0.913887 -0.923027 -0.937661 -0.957015 -0.980194 -1.006305 -1.034535 -1.064193 -1.094724 -1.125701 -1.156806 -1.187810 -1.218555 -1.248934 -1.278880 -1.308352 -1.337332 -1.365815 -1.393804 -1.421311 -1.448350 -1.474939 
-1.464012 -1.436698 -1.408849 -1.380438 -1.351432 -1.321805 -1.291531 -1.260592 -1.228980 -1.196703 -1.163796 -1.130331 -1.096431 -1.062301 -1.028247 -0.994714 -0.962322 -0.931894 -0.904457 -0.881207 -0.863400 -0.852174 -0.848334 -0.852174 -0.863400 -0.881207 -0.904457 -0.931894 -0.962322 -0.994714 -1.028247 -1.062301 -1.096431 -1.130331 -1.163796 -1.196703 -1.228980 -1.260592 -1.291531 -1.321805 -1.351432 -1.380438 -1.408849 -1.436698 -1.464012 
-1.454056 -1.426056 -1.397438 -1.368161 -1.338176 -1.307438 -1.275896 -1.243505 -1.210223 -1.176019 -1.140883 -1.104834 -1.067942 -1.030357 -0.992342 -0.954325 -0.916965 -0.881207 -0.848334 -0.819945 -0.797832 -0.783711 -0.778848 -0.783711 -0.797832 -0.819945 -0.848334 -0.881207 -0.916965 -0.954325 -0.992342 -1.030357 -1.067942 -1.104834 -1.140883 -1.176019 -1.210223 -1.243505 -1.275896 -1.307438 -1.338176 -1.368161 -1.397438 -1.426056 -1.454056 
-1.445146 -1.416510 -1.387178 -1.357090 -1.326183 -1.294389 -1.261633 -1.227837 -1.192921 -1.156806 -1.119423 -1.080724 -1.040698 -0.999403 -0.957015 -0.913887 -0.870653 -0.828341 -0.788495 -0.753233 -0.725143 -0.706888 -0.700539 -0.706888 -0.725143 -0.753233 -0.788495 -0.828341 -0.870653 -0.913887 -0.957015 -0.999403 -1.040698 -1.080724 -1.119423 -1.156806 -1.192921 -1.227837 -1.261633 -1.294389 -1.326183 -1.357090 -1.387178 -1.416510 -1.445146 
-1.437354 -1.408146 -1.378165 -1.347339 -1.315588 -1.282820 -1.248934 -1.213819 -1.177350 -1.139396 -1.099819 -1.058483 -1.015271 -0.970112 -0.923027 -0.874214 -0.824173 -0.773902 -0.725143 -0.680618 -0.644056 -0.619702 -0.611112 -0.619702 -0.644056 -0.680618 -0.725143 -0.773902 -0.824173 -0.874214 -0.923027 -0.970112 -1.015271 -1.058483 -1.099819 -1.139396 -1.177350 -1.213819 -1.248934 -1.282820 -1.315588 -1.347339 -1.378165 -1.408146 -1.437354 
-1.430745 -1.401039 -1.370492 -1.339019 -1.306521 -1.272887 -1.237990 -1.201682 -1.163796 -1.124143 -1.082508 -1.038657 -0.992342 -0.943320 -0.891397 -0.836503 -0.778848 -0.719184 -0.659234 -0.602263 -0.553528 -0.519900 -0.507789 -0.519900 -0.553528 -0.602263 -0.659234 -0.719184 -0.778848 -0.836503 -0.891397 -0.943320 -0.992342 -1.038657 -1.082508 -1.124143 -1.163796 -1.201682 -1.237990 -1.272887 -1.306521 -1.339019 -1.370492 -1.401039 -1.430745 
-1.425381 -1.395262 -1.364243 -1.332228 -1.299103 -1.264738 -1.228980 -1.191650 -1.152539 -1.111400 -1.067942 -1.021827 -0.972664 -0.920011 -0.863400 -0.802391 -0.736706 -0.666538 -0.593140 -0.519900 -0.453757 -0.405757 -0.387915 -0.405757 -0.453757 -0.519900 -0.593140 -0.666538 -0.736706 -0.802391 -0.863400 -0.920011 -0.972664 -1.021827 -1.067942 -1.111400 -1.152539 -1.191650 -1.228980 -1.264738 -1.299103 -1.332228 -1.364243 -1.395262 -1.425381 
-1.421311 -1.390873 -1.359489 -1.327053 -1.293439 -1.258501 -1.222065 -1.183926 -1.143836 -1.101499 -1.056556 -1.008571 -0.957015 -0.901246 -0.840500 -0.773902 -0.700539 -0.619702 -0.531537 -0.438586 -0.348784 -0.278924 -0.251698 -0.278924 -0.348784 -0.438586 -0.531537 -0.619702 -0.700539 -0.773902 -0.840500 -0.901246 -0.957015 -1.008571 -1.056556 -1.101499 -1.143836 -1.183926 -1.222065 -1.258501 -1.293439 -1.327053 -1.359489 -1.390873 -1.421311 
-1.418575 -1.387919 -1.356287 -1.323562 -1.289613 -1.254281 -1.217377 -1.178676 -1.137903 -1.094724 -1.048728 -0.999403 -0.946109 -0.888039 -0.824173 -0.753233 -0.673663 -0.583724 -0.481987 -0.368970 -0.251698 -0.152532 -0.111365 -0.152532 -0.251698 -0.368970 -0.481987 -0.583724 -0.673663 -0.753233 -0.824173 -0.888039 -0.946109 -0.999403 -1.048728 -1.094724 -1.137903 -1.178676 -1.217377 -1.254281 -1.289613 -1.323562 -1.356287 -1.387919 -1.418575 
-1.417200 -1.386434 -1.354675 -1.321805 -1.287685 -1.252152 -1.215009 -1.176019 -1.134895 -1.091282 -1.044739 -0.994714 -0.940504 -0.881207 -0.815654 -0.742320 -0.659234 -0.563940 -0.453757 -0.327189 -0.189084 -0.064323 -0.009563 -0.064323 -0.189084 -0.327189 -0.453757 -0.563940 -0.659234 -0.742320 -0.815654 -0.881207 -0.940504 -0.994714 -1.044739 -1.091282 -1.134895 -1.176019 -1.215009 -1.252152 -1.287685 -1.321805 -1.354675 -1.386434 -1.417200 
-1.417028 -1.386248 -1.354473 -1.321585 -1.287444 -1.251885 -1.214712 -1.175686 -1.134517 -1.090849 -1.044237 -0.994123 -0.939796 -0.880342 -0.814572 -0.740927 -0.657380 -0.561372 -0.450036 -0.321549 -0.180325 -0.051448 0.005633 -0.051448 -0.180325 -0.321549 -0.450036 -0.561372 -0.657380 -0.740927 -0.814572 -0.880342 -0.939796 -0.994123 -1.044237 -1.090849 -1.134517 -1.175686 -1.214712 -1.251885 -1.287444 -1.321585 -1.354473 -1.386248 -1.417028 
-1.417207 -1.386443 -1.354684 -1.321815 -1.287696 -1.252164 -1.215022 -1.176034 -1.134911 -1.091300 -1.044761 -0.994739 -0.940535 -0.881245 -0.815701 -0.742381 -0.659315 -0.564051 -0.453918 -0.327432 -0.189459 -0.064872 -0.010209 -0.064872 -0.189459 -0.327432 -0.453918 -0.564051 -0.659315 -0.742381 -0.815701 -0.881245 -0.940535 -0.994739 -1.044761 -1.091300 -1.134911 -1.176034 -1.215022 -1.252164 -1.287696 -1.321815 -1.354684 -1.386443 -1.417207 
-1.418597 -1.387943 -1.356313 -1.323591 -1.289644 -1.254315 -1.217415 -1.178718 -1.137951 -1.094779 -1.048792 -0.999479 -0.946199 -0.888148 -0.824309 -0.753406 -0.673890 -0.584034 -0.482423 -0.369602 -0.252616 -0.153781 -0.112781 -0.153781 -0.252616 -0.369602 -0.482423 -0.584034 -0.673890 -0.753406 -0.824309 -0.888148 -0.946199 -0.999479 -1.048792 -1.094779 -1.137951 -1.178718 -1.217415 -1.254315 -1.289644 -1.323591 -1.356313 -1.387943 -1.418597 
-1.421348 -1.390912 -1.359532 -1.327099 -1.293490 -1.258557 -1.222128 -1.183996 -1.143915 -1.101590 -1.056660 -1.008693 -0.957159 -0.901419 -0.840714 -0.774171 -0.700884 -0.620157 -0.532151 -0.439422 -0.349905 -0.280325 -0.253225 -0.280325 -0.349905 -0.439422 -0.532151 -0.620157 -0.700884 -0.774171 -0.840714 -0.901419 -0.957159 -1.008693 -1.056660 -1.101590 -1.143915 -1.183996 -1.222128 -1.258557 -1.293490 -1.327099 -1.359532 -1.390912 -1.421348 
-1.425432 -1.395317 -1.364302 -1.332292 -1.299173 -1.264815 -1.229066 -1.191746 -1.152647 -1.111522 -1.068083 -1.021990 -0.972855 -0.920240 -0.863677 -0.802731 -0.737133 -0.667081 -0.593837 -0.520793 -0.454870 -0.407060 -0.389296 -0.407060 -0.454870 -0.520793 -0.593837 -0.667081 -0.737133 -0.802731 -0.863677 -0.920240 -0.972855 -1.021990 -1.068083 -1.111522 -1.152647 -1.191746 -1.229066 -1.264815 -1.299173 -1.332292 -1.364302 -1.395317 -1.425432 
-1.430810 -1.401109 -1.370567 -1.339100 -1.306610 -1.272985 -1.238097 -1.201802 -1.163930 -1.124294 -1.082680 -1.038855 -0.992572 -0.943591 -0.891720 -0.836892 -0.779323 -0.719767 -0.659950 -0.603132 -0.554553 -0.521047 -0.508983 -0.521047 -0.554553 -0.603132 -0.659950 -0.719767 -0.779323 -0.836892 -0.891720 -0.943591 -0.992572 -1.038855 -1.082680 -1.124294 -1.163930 -1.201802 -1.238097 -1.272985 -1.306610 -1.339100 -1.370567 -1.401109 -1.430810 
-1.437431 -1.408229 -1.378255 -1.347437 -1.315694 -1.282936 -1.249062 -1.213960 -1.177507 -1.139572 -1.100018 -1.058710 -1.015532 -0.970415 -0.923381 -0.874632 -0.824669 -0.774492 -0.725840 -0.681430 -0.644977 -0.620702 -0.612142 -0.620702 -0.644977 -0.681430 -0.725840 -0.774492 -0.824669 -0.874632 -0.923381 -0.970415 -1.015532 -1.058710 -1.100018 -1.139572 -1.177507 -1.213960 -1.249062 -1.282936 -1.315694 -1.347437 -1.378255 -1.408229 -1.437431 
-1.445236 -1.416607 -1.387281 -1.357202 -1.326305 -1.294522 -1.261778 -1.227997 -1.193098 -1.157003 -1.119645 -1.080974 -1.040982 -0.999729 -0.957389 -0.914319 -0.871154 -0.828919 -0.789157 -0.753981 -0.725966 -0.707764 -0.701435 -0.707764 -0.725966 -0.753981 -0.789157 -0.828919 -0.871154 -0.914319 -0.957389 -0.999729 -1.040982 -1.080974 -1.119645 -1.157003 -1.193098 -1.227997 -1.261778 -1.294522 -1.326305 -1.357202 -1.387281 -1.416607 -1.445236 
-1.454158 -1.426164 -1.397555 -1.368286 -1.338312 -1.307585 -1.276057 -1.243681 -1.210417 -1.176234 -1.141122 -1.105101 -1.068243 -1.030696 -0.992725 -0.954761 -0.917459 -0.881764 -0.848957 -0.820631 -0.798572 -0.784488 -0.779638 -0.784488 -0.798572 -0.820631 -0.848957 -0.881764 -0.917459 -0.954761 -0.992725 -1.030696 -1.068243 -1.105101 -1.141122 -1.176234 -1.210417 -1.243681 -1.276057 -1.307585 -1.338312 -1.368286 -1.397555 -1.426164 -1.454158 
-1.464124 -1.436818 -1.408978 -1.380576 -1.351581 -1.321966 -1.291706 -1.260783 -1.229188 -1.196932 -1.164049 -1.130611 -1.096743 -1.062648 -1.028634 -0.995145 -0.962803 -0.932425 -0.905040 -0.881839 -0.864071 -0.852870 -0.849040 -0.852870 -0.864071 -0.881839 -0.905040 -0.932425 -0.962803 -0.995145 -1.028634 -1.062648 -1.096743 -1.130611 -1.164049 -1.196932 -1.229188 -1.260783 -1.291706 -1.321966 -1.351581 -1.380576 -1.408978 -1.436818 -1.464124 
-1.475061 -1.448480 -1.421450 -1.393953 -1.365975 -1.337505 -1.308539 -1.279082 -1.249154 -1.218795 -1.188073 -1.157094 -1.126018 -1.095074 -1.064578 -1.034958 -1.006769 -0.980700 -0.957561 -0.938244 -0.923639 -0.914519 -0.911415 -0.914519 -0.923639 -0.938244 -0.957561 -0.980700 -1.006769 -1.034958 -1.064578 -1.095074 -1.126018 -1.157094 -1.188073 -1.218795 -1.249154 -1.279082 -1.308539 -1.337505 -1.365975 -1.393953 -1.421450 -1.448480 -1.475061 
-1.486892 -1.461066 -1.434872 -1.408305 -1.381362 -1.354050 -1.326380 -1.298377 -1.270082 -1.241558 -1.212894 -1.184220 -1.155710 -1.127601 -1.100199 -1.073897 -1.049175 -1.026603 -1.006818 -0.990492 -0.978269 -0.970690 -0.968121 -0.970690 -0.978269 -0.990492 -1.006818 -1.026603 -1.049175 -1.073897 -1.100199 -1.127601 -1.155710 -1.184220 -1.212894 -1.241558 -1.270082 -1.298377 -1.326380 -1.354050 -1.381362 -1.408305 -1.434872 -1.461066 -1.486892 
-1.499540 -1.474487 -1.449145 -1.423519 -1.397617 -1.371458 -1.345067 -1.318485 -1.291767 -1.264992 -1.238264 -1.211722 -1.185546 -1.159966 -1.135268 -1.111801 -1.089976 -1.070258 -1.053150 -1.039163 -1.028770 -1.022362 -1.020196 -1.022362 -1.028770 -1.039163 -1.053150 -1.070258 -1.089976 -1.111801 -1.135268 -1.159966 -1.185546 -1.211722 -1.238264 -1.264992 -1.291767 -1.318485 -1.345067 -1.371458 -1.397617 -1.423519 -1.449145 -1.474487 -1.499540 
-1.512932 -1.488662 -1.464177 -1.439491 -1.414622 -1.389597 -1.364455 -1.339245 -1.314034 -1.288910 -1.263983 -1.239397 -1.215328 -1.191992 -1.169650 -1.148606 -1.129208 -1.111836 -1.096889 -1.084757 -1.075798 -1.070298 -1.068443 -1.070298 -1.075798 -1.084757 -1.096889 -1.111836 -1.129208 -1.148606 -1.169650 -1.191992 -1.215328 -1.239397 -1.263983 -1.288910 -1.314034 -1.339245 -1.364455 -1.389597 -1.414622 -1.439491 -1.464177 -1.488662 -1.512932 
-1.526995 -1.503509 -1.479878 -1.456123 -1.432268 -1.408350 -1.384413 -1.360516 -1.336732 -1.313153 -1.289892 -1.267090 -1.244914 -1.223564 -1.203272 -1.184304 -1.166950 -1.151522 -1.138337 -1.127700 -1.119883 -1.115100 -1.113490 -1.115100 -1.119883 -1.127700 -1.138337 -1.151522 -1.166950 -1.184304 -1.203272 -1.223564 -1.244914 -1.267090 -1.289892 -1.313153 -1.336732 -1.360516 -1.384413 -1.408350 -1.432268 -1.456123 -1.479878 -1.503509 -1.526995 
-1.541660 -1.518954 -1.496167 -1.473325 -1.450459 -1.427610 -1.404830 -1.382180 -1.359737 -1.337596 -1.315867 -1.294685 -1.274206 -1.254612 -1.236108 -1.218922 -1.203299 -1.189495 -1.177764 -1.168347 -1.161453 -1.157246 -1.155832 -1.157246 -1.161453 -1.168347 -1.177764 -1.189495 -1.203299 -1.218922 -1.236108 -1.254612 -1.274206 -1.294685 -1.315867 -1.337596 -1.359737 -1.382180 -1.404830 -1.427610 -1.450459 -1.473325 -1.496167 -1.518954 -1.541660 
-1.556864 -1.534927 -1.512967 -1.491015 -1.469106 -1.447285 -1.425606 -1.404134 -1.382947 -1.362137 -1.341812 -1.322098 -1.303139 -1.285098 -1.268156 -1.252508 -1.238360 -1.225924 -1.215405 -1.206994 -1.200857 -1.197121 -1.195866 -1.197121 -1.200857 -1.206994 -1.215405 -1.225924 -1.238360 -1.252508 -1.268156 -1.285098 -1.303139 -1.322098 -1.341812 -1.362137 -1.382947 -1.404134 -1.425606 -1.447285 -1.469106 -1.491015 -1.512967 -1.534927 -1.556864 
-1.572546 -1.551363 -1.530209 -1.509119 -1.488131 -1.467292 -1.446658 -1.426294 -1.406278 -1.386698 -1.367657 -1.349272 -1.331675 -1.315009 -1.299435 -1.285119 -1.272237 -1.260962 -1.251462 -1.243893 -1.238384 -1.235036 -1.233913 -1.235036 -1.238384 -1.243893 -1.251462 -1.260962 -1.272237 -1.285119 -1.299435 -1.315009 -1.331675 -1.349272 -1.367657 -1.386698 -1.406278 -1.426294 -1.446658 -1.467292 -1.488131 -1.509119 -1.530209 -1.551363 -1.572546 
-1.588650 -1.568202 -1.547831 -1.527572 -1.507466 -1.487562 -1.467915 -1.448590 -1.429662 -1.411216 -1.393349 -1.376166 -1.359789 -1.344345 -1.329973 -1.316818 -1.305027 -1.294746 -1.286112 -1.279252 -1.274271 -1.271248 -1.270235 -1.271248 -1.274271 -1.279252 -1.286112 -1.294746 -1.305027 -1.316818 -1.329973 -1.344345 -1.359789 -1.376166 -1.393349 -1.411216 -1.429662 -1.448590 -1.467915 -1.487562 -1.507466 -1.527572 -1.547831 -1.568202 -1.588650 
-1.605126 -1.585391 -1.565776 -1.546315 -1.527052 -1.508034 -1.489317 -1.470963 -1.453046 -1.435644 -1.418848 -1.402755 -1.387473 -1.373116 -1.359806 -1.347666 -1.336823 -1.327398 -1.319506 -1.313250 -1.308715 -1.305968 -1.305047 -1.305968 -1.308715 -1.313250 -1.319506 -1.327398 -1.336823 -1.347666 -1.359806 -1.373116 -1.387473 -1.402755 -1.418848 -1.435644 -1.453046 -1.470963 -1.489317 -1.508034 -1.527052 -1.546315 -1.565776 -1.585391 -1.605126 
-1.621926 -1.602882 -1.583994 -1.565297 -1.546836 -1.528656 -1.510813 -1.493367 -1.476386 -1.459946 -1.444128 -1.429023 -1.414726 -1.401340 -1.388970 -1.377723 -1.367708 -1.359026 -1.351773 -1.346036 -1.341884 -1.339371 -1.338530 -1.339371 -1.341884 -1.346036 -1.351773 -1.359026 -1.367708 -1.377723 -1.388970 -1.401340 -1.414726 -1.429023 -1.444128 -1.459946 -1.476386 -1.493367 -1.510813 -1.528656 -1.546836 -1.565297 -1.583994 -1.602882 -1.621926 
-1.639008 -1.620630 -1.602440 -1.584473 -1.566773 -1.549385 -1.532362 -1.515762 -1.499650 -1.484094 -1.469171 -1.454962 -1.441554 -1.429037 -1.417503 -1.407046 -1.397757 -1.389724 -1.383028 -1.377740 -1.373918 -1.371607 -1.370834 -1.371607 -1.373918 -1.377740 -1.383028 -1.389724 -1.397757 -1.407046 -1.417503 -1.429037 -1.441554 -1.454962 -1.469171 -1.484094 -1.499650 -1.515762 -1.532362 -1.549385 -1.566773 -1.584473 -1.602440 -1.620630 -1.639008 
-1.656334 -1.638597 -1.621075 -1.603804 -1.586825 -1.570184 -1.553930 -1.538119 -1.522811 -1.508069 -1.493965 -1.480572 -1.467967 -1.456230 -1.445443 -1.435687 -1.427040 -1.419577 -1.413368 -1.408471 -1.404937 -1.402801 -1.402086 -1.402801 -1.404937 -1.408471 -1.413368 -1.419577 -1.427040 -1.435687 -1.445443 -1.456230 -1.467967 -1.480572 -1.493965 -1.508069 -1.522811 -1.538119 -1.553930 -1.570184 -1.586825 -1.603804 -1.621075 -1.638597 -1.656334 
