63 63
2.412961e+00 0 5
-0.102777 -0.090051 -0.077435 -0.064942 -0.052586 -0.040383 -0.028347 -0.016497 -0.004851 0.006572 0.017750 0.028663 0.039286 0.049597 0.059570 0.069178 0.078396 0.087195 0.095548 0.103427 0.110804 0.117651 0.123942 0.129649 0.134750 0.139221 0.143042 0.146194 0.148662 0.150434 0.151500 0.151857 0.151500 0.150434 0.148662 0.146194 0.143042 0.139221 0.134750 0.129649 0.123942 0.117651 0.110804 0.103427 0.095548 0.087195 0.078396 0.069178 0.059570 0.049597 0.039286 0.028663 0.017750 0.006572 -0.004851 -0.016497 -0.028347 -0.040383 -0.052586 -0.064942 -0.077435 -0.090051 -0.102777 
-0.090262 -0.077219 -0.064276 -0.051448 -0.038748 -0.026192 -0.013797 -0.001579 0.010441 0.022244 0.033808 0.045110 0.056126 0.066830 0.077195 0.087195 0.096799 0.105979 0.114703 0.122942 0.130665 0.137841 0.144440 0.150434 0.155795 0.160498 0.164519 0.167839 0.170440 0.172308 0.173433 0.173808 0.173433 0.172308 0.170440 0.167839 0.164519 0.160498 0.155795 0.150434 0.144440 0.137841 0.130665 0.122942 0.114703 0.105979 0.096799 0.087195 0.077195 0.066830 0.056126 0.045110 0.033808 0.022244 0.010441 -0.001579 -0.013797 -0.026192 -0.038748 -0.051448 -0.064276 -0.077219 -0.090262 
-0.077868 -0.064498 -0.051220 -0.038046 -0.024991 -0.012070 0.000699 0.013299 0.025710 0.037911 0.049879 0.061591 0.073020 0.084141 0.094924 0.105339 0.115357 0.124943 0.134067 0.142693 0.150789 0.158320 0.165255 0.171560 0.177205 0.182161 0.186402 0.189906 0.192653 0.194626 0.195815 0.196212 0.195815 0.194626 0.192653 0.189906 0.186402 0.182161 0.177205 0.171560 0.165255 0.158320 0.150789 0.142693 0.134067 0.124943 0.115357 0.105339 0.094924 0.084141 0.073020 0.061591 0.049879 0.037911 0.025710 0.013299 0.000699 -0.012070 -0.024991 -0.038046 -0.051220 -0.064498 -0.077868 
-0.065607 -0.051903 -0.038280 -0.024750 -0.011328 0.001970 0.015127 0.028124 0.040943 0.053560 0.065952 0.078095 0.089962 0.101523 0.112749 0.123608 0.134067 0.144090 0.153642 0.162686 0.171186 0.179104 0.186402 0.193047 0.199002 0.204235 0.208718 0.212424 0.215331 0.217421 0.218680 0.219100 0.218680 0.217421 0.215331 0.212424 0.208718 0.204235 0.199002 0.193047 0.186402 0.179104 0.171186 0.162686 0.153642 0.144090 0.134067 0.123608 0.112749 0.101523 0.089962 0.078095 0.065952 0.053560 0.040943 0.028124 0.015127 0.001970 -0.011328 -0.024750 -0.038280 -0.051903 -0.065607 
-0.053495 -0.039449 -0.025472 -0.011576 0.002224 0.015912 0.029471 0.042883 0.056126 0.069178 0.082015 0.094612 0.106939 0.118968 0.130665 0.141996 0.152927 0.163419 0.173433 0.182929 0.191866 0.200203 0.207900 0.214915 0.221210 0.226749 0.231498 0.235427 0.238510 0.240728 0.242065 0.242512 0.242065 0.240728 0.238510 0.235427 0.231498 0.226749 0.221210 0.214915 0.207900 0.200203 0.191866 0.182929 0.173433 0.163419 0.152927 0.141996 0.130665 0.118968 0.106939 0.094612 0.082015 0.069178 0.056126 0.042883 0.029471 0.015912 0.002224 -0.011576 -0.025472 -0.039449 -0.053495 
-0.041547 -0.027151 -0.012811 0.001461 0.015650 0.029741 0.043717 0.057557 0.071243 0.084750 0.098054 0.111127 0.123942 0.136464 0.148662 0.160498 0.171934 0.182929 0.193441 0.203426 0.212838 0.221633 0.229764 0.237186 0.243855 0.249730 0.254773 0.258949 0.262230 0.264590 0.266014 0.266490 0.266014 0.264590 0.262230 0.258949 0.254773 0.249730 0.243855 0.237186 0.229764 0.221633 0.212838 0.203426 0.193441 0.182929 0.171934 0.160498 0.148662 0.136464 0.123942 0.111127 0.098054 0.084750 0.071243 0.057557 0.043717 0.029741 0.015650 0.001461 -0.012811 -0.027151 -0.041547 
-0.029778 -0.015026 -0.000315 0.014342 0.028932 0.043438 0.057844 0.072131 0.086276 0.100258 0.114051 0.127626 0.140954 0.154000 0.166730 0.179104 0.191081 0.202618 0.213668 0.224182 0.234113 0.243407 0.252014 0.259884 0.266966 0.273213 0.278582 0.283034 0.286533 0.289053 0.290573 0.291081 0.290573 0.289053 0.286533 0.283034 0.278582 0.273213 0.266966 0.259884 0.252014 0.243407 0.234113 0.224182 0.213668 0.202618 0.191081 0.179104 0.166730 0.154000 0.140954 0.127626 0.114051 0.100258 0.086276 0.072131 0.057844 0.043438 0.028932 0.014342 -0.000315 -0.015026 -0.029778 
-0.018208 -0.003092 0.011998 0.027050 0.042050 0.056984 0.071834 0.086582 0.101206 0.115684 0.129988 0.144090 0.157959 0.171560 0.184855 0.197803 0.210361 0.222481 0.234113 0.245203 0.255697 0.265539 0.274670 0.283034 0.290573 0.297234 0.302967 0.307725 0.311469 0.314168 0.315796 0.316341 0.315796 0.314168 0.311469 0.307725 0.302967 0.297234 0.290573 0.283034 0.274670 0.265539 0.255697 0.245203 0.234113 0.222481 0.210361 0.197803 0.184855 0.171560 0.157959 0.144090 0.129988 0.115684 0.101206 0.086582 0.071834 0.056984 0.042050 0.027050 0.011998 -0.003092 -0.018208 
-0.006853 0.008631 0.024107 0.039562 0.054983 0.070357 0.085665 0.100890 0.116011 0.131004 0.145842 0.160498 0.174937 0.189125 0.203021 0.216583 0.229764 0.242512 0.254773 0.266490 0.277601 0.288043 0.297752 0.306662 0.314710 0.321833 0.327972 0.333075 0.337095 0.339994 0.341746 0.342332 0.341746 0.339994 0.337095 0.333075 0.327972 0.321833 0.314710 0.306662 0.297752 0.288043 0.277601 0.266490 0.254773 0.242512 0.229764 0.216583 0.203021 0.189125 0.174937 0.160498 0.145842 0.131004 0.116011 0.100890 0.085665 0.070357 0.054983 0.039562 0.024107 0.008631 -0.006853 
0.004265 0.020124 0.035991 0.051857 0.067709 0.083533 0.099312 0.115030 0.130665 0.146194 0.161591 0.176826 0.191866 0.206674 0.221210 0.235427 0.249275 0.262701 0.275644 0.288043 0.299829 0.310932 0.321280 0.330798 0.339413 0.347053 0.353649 0.359141 0.363473 0.366601 0.368491 0.369124 0.368491 0.366601 0.363473 0.359141 0.353649 0.347053 0.339413 0.330798 0.321280 0.310932 0.299829 0.288043 0.275644 0.262701 0.249275 0.235427 0.221210 0.206674 0.191866 0.176826 0.161591 0.146194 0.130665 0.115030 0.099312 0.083533 0.067709 0.051857 0.035991 0.020124 0.004265 
0.015127 0.031364 0.047628 0.063912 0.080202 0.096486 0.112749 0.128974 0.145140 0.161226 0.177205 0.193047 0.208718 0.224182 0.239396 0.254312 0.268877 0.283034 0.296717 0.309860 0.322386 0.334219 0.345275 0.355470 0.364721 0.372943 0.380057 0.385990 0.390677 0.394065 0.396114 0.396800 0.396114 0.394065 0.390677 0.385990 0.380057 0.372943 0.364721 0.355470 0.345275 0.334219 0.322386 0.309860 0.296717 0.283034 0.268877 0.254312 0.239396 0.224182 0.208718 0.193047 0.177205 0.161226 0.145140 0.128974 0.112749 0.096486 0.080202 0.063912 0.047628 0.031364 0.015127 
0.025710 0.042328 0.058994 0.075700 0.092436 0.109190 0.125947 0.142693 0.159408 0.176069 0.192653 0.209128 0.225463 0.241619 0.257552 0.273213 0.288547 0.303492 0.317980 0.331934 0.345275 0.357913 0.369757 0.380711 0.390677 0.399557 0.407259 0.413696 0.418789 0.422476 0.424708 0.425455 0.424708 0.422476 0.418789 0.413696 0.407259 0.399557 0.390677 0.380711 0.369757 0.357913 0.345275 0.331934 0.317980 0.303492 0.288547 0.273213 0.257552 0.241619 0.225463 0.209128 0.192653 0.176069 0.159408 0.142693 0.125947 0.109190 0.092436 0.075700 0.058994 0.042328 0.025710 
0.035991 0.052992 0.070062 0.087195 0.104382 0.121613 0.138876 0.156155 0.173433 0.190689 0.207900 0.225036 0.242065 0.258949 0.275644 0.292100 0.308257 0.324053 0.339413 0.354255 0.368491 0.382023 0.394747 0.406552 0.417326 0.426955 0.435329 0.442343 0.447905 0.451938 0.454382 0.455200 0.454382 0.451938 0.447905 0.442343 0.435329 0.426955 0.417326 0.406552 0.394747 0.382023 0.368491 0.354255 0.339413 0.324053 0.308257 0.292100 0.275644 0.258949 0.242065 0.225036 0.207900 0.190689 0.173433 0.156155 0.138876 0.121613 0.104382 0.087195 0.070062 0.052992 0.035991 
0.045948 0.063330 0.080806 0.098368 0.116011 0.133725 0.151500 0.169323 0.187178 0.205047 0.222906 0.240728 0.258483 0.276132 0.293632 0.310932 0.327972 0.344684 0.360991 0.376805 0.392028 0.406552 0.420259 0.433024 0.444715 0.455200 0.464347 0.472030 0.478137 0.482572 0.485263 0.486166 0.485263 0.482572 0.478137 0.472030 0.464347 0.455200 0.444715 0.433024 0.420259 0.406552 0.392028 0.376805 0.360991 0.344684 0.327972 0.310932 0.293632 0.276132 0.258483 0.240728 0.222906 0.205047 0.187178 0.169323 0.151500 0.133725 0.116011 0.098368 0.080806 0.063330 0.045948 
0.055554 0.073317 0.091197 0.109190 0.127290 0.145491 0.163785 0.182161 0.200605 0.219100 0.237627 0.256160 0.274670 0.293121 0.311469 0.329665 0.347647 0.365346 0.382681 0.399557 0.415869 0.431496 0.446306 0.460157 0.472895 0.484364 0.494405 0.502867 0.509612 0.514521 0.517505 0.518506 0.517505 0.514521 0.509612 0.502867 0.494405 0.484364 0.472895 0.460157 0.446306 0.431496 0.415869 0.399557 0.382681 0.365346 0.347647 0.329665 0.311469 0.293121 0.274670 0.256160 0.237627 0.219100 0.200605 0.182161 0.163785 0.145491 0.127290 0.109190 0.091197 0.073317 0.055554 
0.064785 0.082925 0.101206 0.119628 0.138185 0.156875 0.175692 0.194626 0.213668 0.232803 0.252014 0.271280 0.290573 0.309860 0.329100 0.348243 0.367230 0.385990 0.404438 0.422476 0.439988 0.456844 0.472895 0.487978 0.501916 0.514521 0.525606 0.534983 0.542482 0.547954 0.551286 0.552405 0.551286 0.547954 0.542482 0.534983 0.525606 0.514521 0.501916 0.487978 0.472895 0.456844 0.439988 0.422476 0.404438 0.385990 0.367230 0.348243 0.329100 0.309860 0.290573 0.271280 0.252014 0.232803 0.213668 0.194626 0.175692 0.156875 0.138185 0.119628 0.101206 0.082925 0.064785 
0.073614 0.092126 0.110804 0.129649 0.148662 0.167839 0.187178 0.206674 0.226320 0.246104 0.266014 0.286031 0.306132 0.326287 0.346459 0.366601 0.386655 0.406552 0.426204 0.445510 0.464347 0.482572 0.500021 0.516507 0.531825 0.545753 0.558062 0.568524 0.576923 0.583071 0.586823 0.588084 0.586823 0.583071 0.576923 0.568524 0.558062 0.545753 0.531825 0.516507 0.500021 0.482572 0.464347 0.445510 0.426204 0.406552 0.386655 0.366601 0.346459 0.326287 0.306132 0.286031 0.266014 0.246104 0.226320 0.206674 0.187178 0.167839 0.148662 0.129649 0.110804 0.092126 0.073614 
0.082015 0.100890 0.119958 0.139221 0.158683 0.178343 0.198202 0.218259 0.238510 0.258949 0.279567 0.300350 0.321280 0.342332 0.363473 0.384662 0.405846 0.426955 0.447905 0.468592 0.488888 0.508640 0.527665 0.545753 0.562667 0.578142 0.591901 0.603659 0.613143 0.620113 0.624378 0.625813 0.624378 0.620113 0.613143 0.603659 0.591901 0.578142 0.562667 0.545753 0.527665 0.508640 0.488888 0.468592 0.447905 0.426955 0.405846 0.384662 0.363473 0.342332 0.321280 0.300350 0.279567 0.258949 0.238510 0.218259 0.198202 0.178343 0.158683 0.139221 0.119958 0.100890 0.082015 
0.089962 0.109190 0.128637 0.148308 0.168210 0.188345 0.208718 0.229332 0.250186 0.271280 0.292610 0.314168 0.335942 0.357913 0.380057 0.402338 0.424708 0.447105 0.469448 0.491634 0.513533 0.534983 0.555787 0.575708 0.594473 0.611769 0.627256 0.640579 0.651389 0.659371 0.664271 0.665923 0.664271 0.659371 0.651389 0.640579 0.627256 0.611769 0.594473 0.575708 0.555787 0.534983 0.513533 0.491634 0.469448 0.447105 0.424708 0.402338 0.380057 0.357913 0.335942 0.314168 0.292610 0.271280 0.250186 0.229332 0.208718 0.188345 0.168210 0.148308 0.128637 0.109190 0.089962 
0.097426 0.116994 0.136808 0.156875 0.177205 0.197803 0.218680 0.239840 0.261290 0.283034 0.305074 0.327409 0.350036 0.372943 0.396114 0.419523 0.443132 0.466887 0.490716 0.514521 0.538174 0.561509 0.584317 0.606337 0.627256 0.646706 0.664271 0.679503 0.691952 0.701197 0.706897 0.708823 0.706897 0.701197 0.691952 0.679503 0.664271 0.646706 0.627256 0.606337 0.584317 0.561509 0.538174 0.514521 0.490716 0.466887 0.443132 0.419523 0.396114 0.372943 0.350036 0.327409 0.305074 0.283034 0.261290 0.239840 0.218680 0.197803 0.177205 0.156875 0.136808 0.116994 0.097426 
0.104382 0.124275 0.144440 0.164887 0.185628 0.206674 0.228038 0.249730 0.271762 0.294145 0.316886 0.339994 0.363473 0.387322 0.411536 0.436101 0.460991 0.486166 0.511566 0.537107 0.562667 0.588084 0.613143 0.637564 0.660995 0.683003 0.703084 0.720671 0.735173 0.746024 0.752749 0.755028 0.752749 0.746024 0.735173 0.720671 0.703084 0.683003 0.660995 0.637564 0.613143 0.588084 0.562667 0.537107 0.511566 0.486166 0.460991 0.436101 0.411536 0.387322 0.363473 0.339994 0.316886 0.294145 0.271762 0.249730 0.228038 0.206674 0.185628 0.164887 0.144440 0.124275 0.104382 
0.110804 0.131004 0.151500 0.172308 0.193441 0.214915 0.236745 0.258949 0.281544 0.304546 0.327972 0.351838 0.376158 0.400945 0.426204 0.451938 0.478137 0.504779 0.531825 0.559207 0.586823 0.614524 0.642098 0.669257 0.695613 0.720671 0.743819 0.764341 0.781454 0.794381 0.802448 0.805192 0.802448 0.794381 0.781454 0.764341 0.743819 0.720671 0.695613 0.669257 0.642098 0.614524 0.586823 0.559207 0.531825 0.504779 0.478137 0.451938 0.426204 0.400945 0.376158 0.351838 0.327972 0.304546 0.281544 0.258949 0.236745 0.214915 0.193441 0.172308 0.151500 0.131004 0.110804 
0.116666 0.137152 0.157959 0.179104 0.200605 0.222481 0.244753 0.267443 0.290573 0.314168 0.338252 0.362851 0.387991 0.413696 0.439988 0.466887 0.494405 0.522543 0.551286 0.580597 0.610402 0.640579 0.670939 0.701197 0.730951 0.759645 0.786551 0.810766 0.831250 0.846915 0.856781 0.860153 0.856781 0.846915 0.831250 0.810766 0.786551 0.759645 0.730951 0.701197 0.670939 0.640579 0.610402 0.580597 0.551286 0.522543 0.494405 0.466887 0.439988 0.413696 0.387991 0.362851 0.338252 0.314168 0.290573 0.267443 0.244753 0.222481 0.200605 0.179104 0.157959 0.137152 0.116666 
0.121945 0.142693 0.163785 0.185241 0.207082 0.229332 0.252014 0.275157 0.298789 0.322941 0.347647 0.372943 0.398866 0.425455 0.452750 0.480790 0.509612 0.539245 0.569709 0.601004 0.633101 0.665923 0.699323 0.733054 0.766720 0.799732 0.831250 0.860153 0.885053 0.904408 0.916748 0.920994 0.916748 0.904408 0.885053 0.860153 0.831250 0.799732 0.766720 0.733054 0.699323 0.665923 0.633101 0.601004 0.569709 0.539245 0.509612 0.480790 0.452750 0.425455 0.398866 0.372943 0.347647 0.322941 0.298789 0.275157 0.252014 0.229332 0.207082 0.185241 0.163785 0.142693 0.121945 
0.126618 0.147602 0.168952 0.190689 0.212838 0.235427 0.258483 0.282040 0.306132 0.330798 0.356080 0.382023 0.408679 0.436101 0.464347 0.493479 0.523560 0.554655 0.586823 0.620113 0.654555 0.690139 0.726793 0.764341 0.802448 0.840537 0.877695 0.912569 0.943331 0.967767 0.983614 0.989119 0.983614 0.967767 0.943331 0.912569 0.877695 0.840537 0.802448 0.764341 0.726793 0.690139 0.654555 0.620113 0.586823 0.554655 0.523560 0.493479 0.464347 0.436101 0.408679 0.382023 0.356080 0.330798 0.306132 0.282040 0.258483 0.235427 0.212838 0.190689 0.168952 0.147602 0.126618 
0.130665 0.151857 0.173433 0.195418 0.217840 0.240728 0.264117 0.288043 0.312546 0.337673 0.363473 0.390003 0.417326 0.445510 0.474633 0.504779 0.536043 0.568524 0.602328 0.637564 0.674333 0.712716 0.752749 0.794381 0.837405 0.881348 0.925311 0.967767 1.006371 1.037949 1.058923 1.066309 1.058923 1.037949 1.006371 0.967767 0.925311 0.881348 0.837405 0.794381 0.752749 0.712716 0.674333 0.637564 0.602328 0.568524 0.536043 0.504779 0.474633 0.445510 0.417326 0.390003 0.363473 0.337673 0.312546 0.288043 0.264117 0.240728 0.217840 0.195418 0.173433 0.151857 0.130665 
0.134067 0.155435 0.177205 0.199402 0.222057 0.245203 0.268877 0.293121 0.317980 0.343506 0.369757 0.396800 0.424708 0.453565 0.483467 0.514521 0.546852 0.580597 0.615911 0.652968 0.691952 0.733054 0.776453 0.822277 0.870537 0.920994 0.972943 1.024853 1.073911 1.115665 1.144365 1.154678 1.144365 1.115665 1.073911 1.024853 0.972943 0.920994 0.870537 0.822277 0.776453 0.733054 0.691952 0.652968 0.615911 0.580597 0.546852 0.514521 0.483467 0.453565 0.424708 0.396800 0.369757 0.343506 0.317980 0.293121 0.268877 0.245203 0.222057 0.199402 0.177205 0.155435 0.134067 
0.136808 0.158320 0.180247 0.202618 0.225463 0.248821 0.272729 0.297234 0.322386 0.348243 0.374869 0.402338 0.430735 0.460157 0.490716 0.522543 0.555787 0.590623 0.627256 0.665923 0.706897 0.750489 0.797043 0.846915 0.900421 0.957715 1.018544 1.081742 1.144365 1.200549 1.241110 1.256143 1.241110 1.200549 1.144365 1.081742 1.018544 0.957715 0.900421 0.846915 0.797043 0.750489 0.706897 0.665923 0.627256 0.590623 0.555787 0.522543 0.490716 0.460157 0.430735 0.402338 0.374869 0.348243 0.322386 0.297234 0.272729 0.248821 0.225463 0.202618 0.180247 0.158320 0.136808 
0.138876 0.160498 0.182545 0.205047 0.228038 0.251556 0.275644 0.300350 0.325727 0.351838 0.378753 0.406552 0.435329 0.465191 0.496266 0.528700 0.562667 0.598374 0.636069 0.676046 0.718661 0.764341 0.813598 0.867030 0.925311 0.989119 1.058923 1.134443 1.213388 1.289032 1.347480 1.370170 1.347480 1.289032 1.213388 1.134443 1.058923 0.989119 0.925311 0.867030 0.813598 0.764341 0.718661 0.676046 0.636069 0.598374 0.562667 0.528700 0.496266 0.465191 0.435329 0.406552 0.378753 0.351838 0.325727 0.300350 0.275644 0.251556 0.228038 0.205047 0.182545 0.160498 0.138876 
0.140260 0.161956 0.184083 0.206674 0.229764 0.253391 0.277601 0.302442 0.327972 0.354255 0.381367 0.409391 0.438428 0.468592 0.500021 0.532874 0.567343 0.603659 0.642098 0.683003 0.726793 0.773987 0.825235 0.881348 0.943331 1.012386 1.089817 1.176611 1.272079 1.370170 1.452426 1.486406 1.452426 1.370170 1.272079 1.176611 1.089817 1.012386 0.943331 0.881348 0.825235 0.773987 0.726793 0.683003 0.642098 0.603659 0.567343 0.532874 0.500021 0.468592 0.438428 0.409391 0.381367 0.354255 0.327972 0.302442 0.277601 0.253391 0.229764 0.206674 0.184083 0.161956 0.140260 
0.140954 0.162686 0.184855 0.207491 0.230630 0.254312 0.278582 0.303492 0.329100 0.355470 0.382681 0.410820 0.439988 0.470307 0.501916 0.534983 0.569709 0.606337 0.645162 0.686548 0.730951 0.778942 0.831250 0.888811 0.952832 1.024853 1.106761 1.200549 1.307134 1.422176 1.525126 1.570062 1.525126 1.422176 1.307134 1.200549 1.106761 1.024853 0.952832 0.888811 0.831250 0.778942 0.730951 0.686548 0.645162 0.606337 0.569709 0.534983 0.501916 0.470307 0.439988 0.410820 0.382681 0.355470 0.329100 0.303492 0.278582 0.254312 0.230630 0.207491 0.184855 0.162686 0.140954 
0.141040 0.162778 0.184951 0.207593 0.230738 0.254427 0.278705 0.303624 0.329241 0.355623 0.382846 0.410999 0.440184 0.470521 0.502153 0.535248 0.570006 0.606674 0.645547 0.686995 0.731475 0.779568 0.832012 0.889759 0.954044 1.026454 1.108958 1.203700 1.311858 1.429431 1.535704 1.582507 1.535704 1.429431 1.311858 1.203700 1.108958 1.026454 0.954044 0.889759 0.832012 0.779568 0.731475 0.686995 0.645547 0.606674 0.570006 0.535248 0.502153 0.470521 0.440184 0.410999 0.382846 0.355623 0.329241 0.303624 0.278705 0.254427 0.230738 0.207593 0.184951 0.162778 0.141040 
0.140950 0.162682 0.184851 0.207486 0.230625 0.254307 0.278577 0.303487 0.329093 0.355464 0.382674 0.410812 0.439980 0.470297 0.501905 0.534972 0.569696 0.606322 0.645145 0.686529 0.730928 0.778915 0.831217 0.888770 0.952779 1.024783 1.106666 1.200413 1.306931 1.421865 1.524675 1.569533 1.524675 1.421865 1.306931 1.200413 1.106666 1.024783 0.952779 0.888770 0.831217 0.778915 0.730928 0.686529 0.645145 0.606322 0.569696 0.534972 0.501905 0.470297 0.439980 0.410812 0.382674 0.355464 0.329093 0.303487 0.278577 0.254307 0.230625 0.207486 0.184851 0.162682 0.140950 
0.140249 0.161944 0.184071 0.206661 0.229750 0.253376 0.277585 0.302425 0.327954 0.354236 0.381345 0.409368 0.438402 0.468565 0.499990 0.532840 0.567305 0.603615 0.642049 0.682946 0.726726 0.773907 0.825138 0.881229 0.943180 1.012189 1.089552 1.176241 1.271548 1.369405 1.451394 1.485239 1.451394 1.369405 1.271548 1.176241 1.089552 1.012189 0.943180 0.881229 0.825138 0.773907 0.726726 0.682946 0.642049 0.603615 0.567305 0.532840 0.499990 0.468565 0.438402 0.409368 0.381345 0.354236 0.327954 0.302425 0.277585 0.253376 0.229750 0.206661 0.184071 0.161944 0.140249 
0.138857 0.160478 0.182524 0.205025 0.228015 0.251532 0.275618 0.300322 0.325697 0.351806 0.378717 0.406514 0.435287 0.465146 0.496216 0.528644 0.562604 0.598304 0.635989 0.675953 0.718553 0.764214 0.813444 0.866842 0.925077 0.988819 1.058531 1.133919 1.212681 1.288091 1.346311 1.368899 1.346311 1.288091 1.212681 1.133919 1.058531 0.988819 0.925077 0.866842 0.813444 0.764214 0.718553 0.675953 0.635989 0.598304 0.562604 0.528644 0.496216 0.465146 0.435287 0.406514 0.378717 0.351806 0.325697 0.300322 0.275618 0.251532 0.228015 0.205025 0.182524 0.160478 0.138857 
0.136782 0.158293 0.180219 0.202587 0.225431 0.248786 0.272693 0.297195 0.322345 0.348198 0.374820 0.402285 0.430677 0.460094 0.490647 0.522466 0.555701 0.590527 0.627147 0.665798 0.706752 0.750319 0.796842 0.846672 0.900123 0.957344 1.018075 1.081144 1.143604 1.199606 1.240011 1.254980 1.240011 1.199606 1.143604 1.081144 1.018075 0.957344 0.900123 0.846672 0.796842 0.750319 0.706752 0.665798 0.627147 0.590527 0.555701 0.522466 0.490647 0.460094 0.430677 0.402285 0.374820 0.348198 0.322345 0.297195 0.272693 0.248786 0.225431 0.202587 0.180219 0.158293 0.136782 
0.134034 0.155400 0.177168 0.199363 0.222016 0.245159 0.268831 0.293071 0.317927 0.343449 0.369696 0.396733 0.424635 0.453486 0.483380 0.514426 0.546745 0.580477 0.615777 0.652814 0.691776 0.732850 0.776213 0.821993 0.870195 0.920580 0.972437 1.024235 1.073165 1.114790 1.143387 1.153661 1.143387 1.114790 1.073165 1.024235 0.972437 0.920580 0.870195 0.821993 0.776213 0.732850 0.691776 0.652814 0.615777 0.580477 0.546745 0.514426 0.483380 0.453486 0.424635 0.396733 0.369696 0.343449 0.317927 0.293071 0.268831 0.245159 0.222016 0.199363 0.177168 0.155400 0.134034 
0.130625 0.151814 0.173388 0.195371 0.217790 0.240676 0.264061 0.287983 0.312482 0.337604 0.363399 0.389924 0.417239 0.445416 0.474530 0.504666 0.535917 0.568384 0.602172 0.637387 0.674131 0.712484 0.752481 0.794068 0.837037 0.880913 0.924797 0.967161 1.005668 1.037155 1.058063 1.065424 1.058063 1.037155 1.005668 0.967161 0.924797 0.880913 0.837037 0.794068 0.752481 0.712484 0.674131 0.637387 0.602172 0.568384 0.535917 0.504666 0.474530 0.445416 0.417239 0.389924 0.363399 0.337604 0.312482 0.287983 0.264061 0.240676 0.217790 0.195371 0.173388 0.151814 0.130625 
0.126571 0.147553 0.168900 0.190634 0.212780 0.235365 0.258418 0.281970 0.306058 0.330718 0.355994 0.381931 0.408579 0.435993 0.464229 0.493349 0.523418 0.554497 0.586647 0.619916 0.654333 0.689886 0.726504 0.764010 0.802067 0.840097 0.877188 0.911990 0.942680 0.967052 0.982853 0.988342 0.982853 0.967052 0.942680 0.911990 0.877188 0.840097 0.802067 0.764010 0.726504 0.689886 0.654333 0.619916 0.586647 0.554497 0.523418 0.493349 0.464229 0.435993 0.408579 0.381931 0.355994 0.330718 0.306058 0.281970 0.258418 0.235365 0.212780 0.190634 0.168900 0.147553 0.126571 
0.121892 0.142637 0.163726 0.185179 0.207017 0.229262 0.251940 0.275078 0.298705 0.322851 0.347551 0.372840 0.398755 0.425334 0.452619 0.480647 0.509455 0.539072 0.569518 0.600791 0.632863 0.665656 0.699022 0.732714 0.766335 0.799296 0.830760 0.859606 0.884452 0.903760 0.916069 0.920305 0.916069 0.903760 0.884452 0.859606 0.830760 0.799296 0.766335 0.732714 0.699022 0.665656 0.632863 0.600791 0.569518 0.539072 0.509455 0.480647 0.452619 0.425334 0.398755 0.372840 0.347551 0.322851 0.298705 0.275078 0.251940 0.229262 0.207017 0.185179 0.163726 0.142637 0.121892 
0.116606 0.137089 0.157893 0.179034 0.200531 0.222403 0.244671 0.267356 0.290480 0.314069 0.338146 0.362737 0.387868 0.413564 0.439845 0.466732 0.494236 0.522357 0.551082 0.580371 0.610152 0.640302 0.670631 0.700854 0.730568 0.759219 0.786081 0.810252 0.830695 0.846326 0.856169 0.859533 0.856169 0.846326 0.830695 0.810252 0.786081 0.759219 0.730568 0.700854 0.670631 0.640302 0.610152 0.580371 0.551082 0.522357 0.494236 0.466732 0.439845 0.413564 0.387868 0.362737 0.338146 0.314069 0.290480 0.267356 0.244671 0.222403 0.200531 0.179034 0.157893 0.137089 0.116606 
0.110738 0.130934 0.151428 0.172231 0.193360 0.214830 0.236655 0.258854 0.281443 0.304438 0.327857 0.351715 0.376026 0.400803 0.426051 0.451772 0.477957 0.504584 0.531611 0.558973 0.586566 0.614241 0.641787 0.668914 0.695237 0.720259 0.743371 0.763858 0.780939 0.793841 0.801891 0.804629 0.801891 0.793841 0.780939 0.763858 0.743371 0.720259 0.695237 0.668914 0.641787 0.614241 0.586566 0.558973 0.531611 0.504584 0.477957 0.451772 0.426051 0.400803 0.376026 0.351715 0.327857 0.304438 0.281443 0.258854 0.236655 0.214830 0.193360 0.172231 0.151428 0.130934 0.110738 
0.104310 0.124200 0.144361 0.164804 0.185541 0.206582 0.227941 0.249627 0.271653 0.294029 0.316763 0.339863 0.363333 0.387172 0.411374 0.435926 0.460802 0.485962 0.511345 0.536866 0.562405 0.587799 0.612832 0.637226 0.660627 0.682606 0.702657 0.720216 0.734693 0.745525 0.752237 0.754512 0.752237 0.745525 0.734693 0.720216 0.702657 0.682606 0.660627 0.637226 0.612832 0.587799 0.562405 0.536866 0.511345 0.485962 0.460802 0.435926 0.411374 0.387172 0.363333 0.339863 0.316763 0.294029 0.271653 0.249627 0.227941 0.206582 0.185541 0.164804 0.144361 0.124200 0.104310 
0.097348 0.116913 0.136723 0.156786 0.177111 0.197705 0.218576 0.239730 0.261174 0.282911 0.304943 0.327270 0.349888 0.372785 0.395945 0.419341 0.442937 0.466677 0.490490 0.514277 0.537910 0.561223 0.584008 0.606005 0.626899 0.646323 0.663863 0.679073 0.691502 0.700733 0.706422 0.708345 0.706422 0.700733 0.691502 0.679073 0.663863 0.646323 0.626899 0.606005 0.584008 0.561223 0.537910 0.514277 0.490490 0.466677 0.442937 0.419341 0.395945 0.372785 0.349888 0.327270 0.304943 0.282911 0.261174 0.239730 0.218576 0.197705 0.177111 0.156786 0.136723 0.116913 0.097348 
0.089879 0.109103 0.128546 0.148213 0.168110 0.188241 0.208608 0.229216 0.250063 0.271150 0.292473 0.314022 0.335787 0.357749 0.379881 0.402150 0.424507 0.446890 0.469218 0.491387 0.513268 0.534699 0.555482 0.575383 0.594126 0.611401 0.626868 0.640172 0.650967 0.658936 0.663828 0.665478 0.663828 0.658936 0.650967 0.640172 0.626868 0.611401 0.594126 0.575383 0.555482 0.534699 0.513268 0.491387 0.469218 0.446890 0.424507 0.402150 0.379881 0.357749 0.335787 0.314022 0.292473 0.271150 0.250063 0.229216 0.208608 0.188241 0.168110 0.148213 0.128546 0.109103 0.089879 
0.081928 0.100798 0.119862 0.139121 0.158577 0.178233 0.198087 0.218138 0.238382 0.258814 0.279424 0.300199 0.321119 0.342161 0.363292 0.384470 0.405641 0.426737 0.447673 0.468344 0.488624 0.508358 0.527365 0.545435 0.562330 0.577788 0.591529 0.603272 0.612744 0.619704 0.623962 0.625396 0.623962 0.619704 0.612744 0.603272 0.591529 0.577788 0.562330 0.545435 0.527365 0.508358 0.488624 0.468344 0.447673 0.426737 0.405641 0.384470 0.363292 0.342161 0.321119 0.300199 0.279424 0.258814 0.238382 0.218138 0.198087 0.178233 0.158577 0.139121 0.119862 0.100798 0.081928 
0.073522 0.092029 0.110703 0.129544 0.148552 0.167724 0.187057 0.206547 0.226186 0.245964 0.265866 0.285875 0.305967 0.326112 0.346274 0.366405 0.386448 0.406331 0.425970 0.445262 0.464084 0.482294 0.499727 0.516197 0.531499 0.545412 0.557707 0.568155 0.576544 0.582684 0.586431 0.587690 0.586431 0.582684 0.576544 0.568155 0.557707 0.545412 0.531499 0.516197 0.499727 0.482294 0.464084 0.445262 0.425970 0.406331 0.386448 0.366405 0.346274 0.326112 0.305967 0.285875 0.265866 0.245964 0.226186 0.206547 0.187057 0.167724 0.148552 0.129544 0.110703 0.092029 0.073522 
0.064688 0.082824 0.101101 0.119518 0.138070 0.156755 0.175566 0.194494 0.213529 0.232658 0.251862 0.271119 0.290404 0.309681 0.328911 0.348044 0.367020 0.385768 0.404204 0.422229 0.439728 0.456570 0.472607 0.487675 0.501599 0.514192 0.525264 0.534631 0.542121 0.547586 0.550914 0.552032 0.550914 0.547586 0.542121 0.534631 0.525264 0.514192 0.501599 0.487675 0.472607 0.456570 0.439728 0.422229 0.404204 0.385768 0.367020 0.348044 0.328911 0.309681 0.290404 0.271119 0.251862 0.232658 0.213529 0.194494 0.175566 0.156755 0.138070 0.119518 0.101101 0.082824 0.064688 
0.055453 0.073212 0.091087 0.109075 0.127171 0.145367 0.163655 0.182025 0.200462 0.218951 0.237470 0.255996 0.274498 0.292939 0.311279 0.329464 0.347436 0.365124 0.382448 0.399312 0.415611 0.431226 0.446024 0.459862 0.472588 0.484045 0.494076 0.502529 0.509267 0.514170 0.517151 0.518150 0.517151 0.514170 0.509267 0.502529 0.494076 0.484045 0.472588 0.459862 0.446024 0.431226 0.415611 0.399312 0.382448 0.365124 0.347436 0.329464 0.311279 0.292939 0.274498 0.255996 0.237470 0.218951 0.200462 0.182025 0.163655 0.145367 0.127171 0.109075 0.091087 0.073212 0.055453 
0.045843 0.063221 0.080692 0.098250 0.115888 0.133597 0.151366 0.169184 0.187032 0.204894 0.222746 0.240561 0.258308 0.275949 0.293440 0.310730 0.327760 0.344462 0.360759 0.376562 0.391773 0.406286 0.419982 0.432736 0.444417 0.454892 0.464030 0.471705 0.477806 0.482236 0.484925 0.485826 0.484925 0.482236 0.477806 0.471705 0.464030 0.454892 0.444417 0.432736 0.419982 0.406286 0.391773 0.376562 0.360759 0.344462 0.327760 0.310730 0.293440 0.275949 0.258308 0.240561 0.222746 0.204894 0.187032 0.169184 0.151366 0.133597 0.115888 0.098250 0.080692 0.063221 0.045843 
0.035883 0.052879 0.069944 0.087073 0.104255 0.121481 0.138738 0.156011 0.173283 0.190533 0.207737 0.224866 0.241888 0.258764 0.275450 0.291897 0.308045 0.323831 0.339182 0.354014 0.368240 0.381762 0.394475 0.406271 0.417036 0.426656 0.435022 0.442030 0.447587 0.451615 0.454056 0.454874 0.454056 0.451615 0.447587 0.442030 0.435022 0.426656 0.417036 0.406271 0.394475 0.381762 0.368240 0.354014 0.339182 0.323831 0.308045 0.291897 0.275450 0.258764 0.241888 0.224866 0.207737 0.190533 0.173283 0.156011 0.138738 0.121481 0.104255 0.087073 0.069944 0.052879 0.035883 
0.025598 0.042211 0.058873 0.075575 0.092306 0.109054 0.125807 0.142547 0.159256 0.175911 0.192488 0.208957 0.225284 0.241432 0.257357 0.273010 0.288336 0.303272 0.317750 0.331696 0.345027 0.357656 0.369492 0.380437 0.390394 0.399267 0.406962 0.413393 0.418482 0.422165 0.424395 0.425142 0.424395 0.422165 0.418482 0.413393 0.406962 0.399267 0.390394 0.380437 0.369492 0.357656 0.345027 0.331696 0.317750 0.303272 0.288336 0.273010 0.257357 0.241432 0.225284 0.208957 0.192488 0.175911 0.159256 0.142547 0.125807 0.109054 0.092306 0.075575 0.058873 0.042211 0.025598 
0.015011 0.031244 0.047505 0.063783 0.080069 0.096348 0.112606 0.128825 0.144986 0.161065 0.177038 0.192873 0.208538 0.223995 0.239201 0.254109 0.268666 0.282814 0.296490 0.309624 0.322142 0.333966 0.345014 0.355202 0.364446 0.372661 0.379769 0.385697 0.390380 0.393765 0.395812 0.396498 0.395812 0.393765 0.390380 0.385697 0.379769 0.372661 0.364446 0.355202 0.345014 0.333966 0.322142 0.309624 0.296490 0.282814 0.268666 0.254109 0.239201 0.223995 0.208538 0.192873 0.177038 0.161065 0.144986 0.128825 0.112606 0.096348 0.080069 0.063783 0.047505 0.031244 0.015011 
0.004147 0.020002 0.035865 0.051726 0.067573 0.083392 0.099167 0.114879 0.130508 0.146031 0.161422 0.176651 0.191684 0.206486 0.221014 0.235224 0.249065 0.262483 0.275419 0.287810 0.299588 0.310684 0.321024 0.330536 0.339144 0.346778 0.353370 0.358857 0.363185 0.366311 0.368199 0.368831 0.368199 0.366311 0.363185 0.358857 0.353370 0.346778 0.339144 0.330536 0.321024 0.310684 0.299588 0.287810 0.275419 0.262483 0.249065 0.235224 0.221014 0.206486 0.191684 0.176651 0.161422 0.146031 0.130508 0.114879 0.099167 0.083392 0.067573 0.051726 0.035865 0.020002 0.004147 
-0.006974 0.008507 0.023978 0.039429 0.054846 0.070214 0.085517 0.100737 0.115853 0.130840 0.145673 0.160322 0.174755 0.188936 0.202826 0.216381 0.229555 0.242296 0.254550 0.266259 0.277363 0.287799 0.297501 0.306406 0.314447 0.321565 0.327700 0.332799 0.336816 0.339713 0.341463 0.342048 0.341463 0.339713 0.336816 0.332799 0.327700 0.321565 0.314447 0.306406 0.297501 0.287799 0.277363 0.266259 0.254550 0.242296 0.229555 0.216381 0.202826 0.188936 0.174755 0.160322 0.145673 0.130840 0.115853 0.100737 0.085517 0.070214 0.054846 0.039429 0.023978 0.008507 -0.006974 
-0.018331 -0.003219 0.011866 0.026914 0.041910 0.056839 0.071685 0.086428 0.101047 0.115518 0.129817 0.143913 0.157776 0.171371 0.184660 0.197602 0.210153 0.222267 0.233892 0.244976 0.255464 0.265299 0.274424 0.282782 0.290317 0.296973 0.302701 0.307456 0.311198 0.313894 0.315522 0.316066 0.315522 0.313894 0.311198 0.307456 0.302701 0.296973 0.290317 0.282782 0.274424 0.265299 0.255464 0.244976 0.233892 0.222267 0.210153 0.197602 0.184660 0.171371 0.157776 0.143913 0.129817 0.115518 0.101047 0.086428 0.071685 0.056839 0.041910 0.026914 0.011866 -0.003219 -0.018331 
-0.029904 -0.015155 -0.000448 0.014205 0.028790 0.043292 0.057693 0.071975 0.086115 0.100092 0.113879 0.127449 0.140771 0.153811 0.166535 0.178903 0.190874 0.202405 0.213449 0.223958 0.233882 0.243171 0.251773 0.259638 0.266715 0.272958 0.278324 0.282772 0.286268 0.288786 0.290306 0.290813 0.290306 0.288786 0.286268 0.282772 0.278324 0.272958 0.266715 0.259638 0.251773 0.243171 0.233882 0.223958 0.213449 0.202405 0.190874 0.178903 0.166535 0.153811 0.140771 0.127449 0.113879 0.100092 0.086115 0.071975 0.057693 0.043292 0.028790 0.014205 -0.000448 -0.015155 -0.029904 
-0.041674 -0.027282 -0.012946 0.001322 0.015507 0.029593 0.043564 0.057400 0.071081 0.084583 0.097882 0.110950 0.123759 0.136276 0.148468 0.160298 0.171729 0.182718 0.193225 0.203204 0.212611 0.221401 0.229527 0.236944 0.243609 0.249481 0.254520 0.258694 0.261972 0.264331 0.265753 0.266229 0.265753 0.264331 0.261972 0.258694 0.254520 0.249481 0.243609 0.236944 0.229527 0.221401 0.212611 0.203204 0.193225 0.182718 0.171729 0.160298 0.148468 0.136276 0.123759 0.110950 0.097882 0.084583 0.071081 0.057400 0.043564 0.029593 0.015507 0.001322 -0.012946 -0.027282 -0.041674 
-0.053625 -0.039582 -0.025609 -0.011717 0.002079 0.015763 0.029318 0.042724 0.055963 0.069010 0.081843 0.094434 0.106757 0.118780 0.130472 0.141798 0.152723 0.163210 0.173219 0.182710 0.191642 0.199975 0.207667 0.214677 0.220969 0.226504 0.231250 0.235177 0.238259 0.240475 0.241811 0.242257 0.241811 0.240475 0.238259 0.235177 0.231250 0.226504 0.220969 0.214677 0.207667 0.199975 0.191642 0.182710 0.173219 0.163210 0.152723 0.141798 0.130472 0.118780 0.106757 0.094434 0.081843 0.069010 0.055963 0.042724 0.029318 0.015763 0.002079 -0.011717 -0.025609 -0.039582 -0.053625 
-0.065738 -0.052038 -0.038418 -0.024892 -0.011475 0.001819 0.014972 0.027965 0.040779 0.053392 0.065780 0.077918 0.089779 0.101336 0.112557 0.123411 0.133865 0.143883 0.153431 0.162470 0.170965 0.178879 0.186173 0.192814 0.198765 0.203996 0.208476 0.212180 0.215085 0.217173 0.218431 0.218851 0.218431 0.217173 0.215085 0.212180 0.208476 0.203996 0.198765 0.192814 0.186173 0.178879 0.170965 0.162470 0.153431 0.143883 0.133865 0.123411 0.112557 0.101336 0.089779 0.077918 0.065780 0.053392 0.040779 0.027965 0.014972 0.001819 -0.011475 -0.024892 -0.038418 -0.052038 -0.065738 
-0.078000 -0.064634 -0.051359 -0.038189 -0.025138 -0.012222 0.000544 0.013139 0.025546 0.037742 0.049706 0.061413 0.072838 0.083954 0.094733 0.105144 0.115156 0.124739 0.133857 0.142480 0.150571 0.158099 0.165029 0.171331 0.176972 0.181926 0.186165 0.189667 0.192412 0.194384 0.195572 0.195968 0.195572 0.194384 0.192412 0.189667 0.186165 0.181926 0.176972 0.171331 0.165029 0.158099 0.150571 0.142480 0.133857 0.124739 0.115156 0.105144 0.094733 0.083954 0.072838 0.061413 0.049706 0.037742 0.025546 0.013139 0.000544 -0.012222 -0.025138 -0.038189 -0.051359 -0.064634 -0.078000 
-0.090396 -0.077356 -0.064417 -0.051592 -0.038896 -0.026344 -0.013953 -0.001739 0.010277 0.022076 0.033635 0.044933 0.055944 0.066644 0.077005 0.087001 0.096601 0.105776 0.114496 0.122731 0.130450 0.137622 0.144218 0.150208 0.155567 0.160267 0.164286 0.167604 0.170204 0.172070 0.173195 0.173570 0.173195 0.172070 0.170204 0.167604 0.164286 0.160267 0.155567 0.150208 0.144218 0.137622 0.130450 0.122731 0.114496 0.105776 0.096601 0.087001 0.077005 0.066644 0.055944 0.044933 0.033635 0.022076 0.010277 -0.001739 -0.013953 -0.026344 -0.038896 -0.051592 -0.064417 -0.077356 -0.090396 
-0.102912 -0.090190 -0.077577 -0.065088 -0.052735 -0.040535 -0.028504 -0.016658 -0.005016 0.006403 0.017578 0.028486 0.039106 0.049412 0.059381 0.068985 0.078199 0.086994 0.095343 0.103219 0.110592 0.117436 0.123723 0.129428 0.134526 0.138995 0.142813 0.145963 0.148430 0.150201 0.151267 0.151623 0.151267 0.150201 0.148430 0.145963 0.142813 0.138995 0.134526 0.129428 0.123723 0.117436 0.110592 0.103219 0.095343 0.086994 0.078199 0.068985 0.059381 0.049412 0.039106 0.028486 0.017578 0.006403 -0.005016 -0.016658 -0.028504 -0.040535 -0.052735 -0.065088 -0.077577 -0.090190 -0.102912 
