43 43
1.097156e-01 0 5
-1.858920 -1.840411 -1.822133 -1.804127 -1.786441 -1.769128 -1.752246 -1.735862 -1.720046 -1.704874 -1.690430 -1.676802 -1.664079 -1.652357 -1.641730 -1.632290 -1.624128 -1.617324 -1.611951 -1.608068 -1.605720 -1.604934 -1.605720 -1.608068 -1.611951 -1.617324 -1.624128 -1.632290 -1.641730 -1.652357 -1.664079 -1.676802 -1.690430 -1.704874 -1.720046 -1.735862 -1.752246 -1.769128 -1.786441 -1.804127 -1.822133 -1.840411 -1.858920 
-1.840871 -1.821655 -1.802637 -1.783859 -1.765370 -1.747225 -1.729487 -1.712223 -1.695510 -1.679432 -1.664079 -1.649550 -1.635947 -1.623378 -1.611951 -1.601775 -1.592955 -1.585587 -1.579759 -1.575541 -1.572989 -1.572134 -1.572989 -1.575541 -1.579759 -1.585587 -1.592955 -1.601775 -1.611951 -1.623378 -1.635947 -1.649550 -1.664079 -1.679432 -1.695510 -1.712223 -1.729487 -1.747225 -1.765370 -1.783859 -1.802637 -1.821655 -1.840871 
-1.823087 -1.803134 -1.783341 -1.763750 -1.744412 -1.725381 -1.706723 -1.688510 -1.670823 -1.653753 -1.637400 -1.621873 -1.607287 -1.593765 -1.581433 -1.570419 -1.560846 -1.552830 -1.546476 -1.541871 -1.539081 -1.538146 -1.539081 -1.541871 -1.546476 -1.552830 -1.560846 -1.570419 -1.581433 -1.593765 -1.607287 -1.621873 -1.637400 -1.653753 -1.670823 -1.688510 -1.706723 -1.725381 -1.744412 -1.763750 -1.783341 -1.803134 -1.823087 
-1.805612 -1.784893 -1.764291 -1.743847 -1.723610 -1.703638 -1.683995 -1.664758 -1.646014 -1.627859 -1.610402 -1.593765 -1.578077 -1.563480 -1.550120 -1.538146 -1.527706 -1.518939 -1.511974 -1.506916 -1.503847 -1.502818 -1.503847 -1.506916 -1.511974 -1.518939 -1.527706 -1.538146 -1.550120 -1.563480 -1.578077 -1.593765 -1.610402 -1.627859 -1.646014 -1.664758 -1.683995 -1.703638 -1.723610 -1.743847 -1.764291 -1.784893 -1.805612 
-1.788496 -1.766984 -1.745539 -1.724201 -1.703018 -1.682045 -1.661351 -1.641011 -1.621118 -1.601775 -1.583100 -1.565227 -1.548303 -1.532488 -1.517952 -1.504873 -1.493426 -1.483783 -1.476099 -1.470507 -1.467109 -1.465969 -1.467109 -1.470507 -1.476099 -1.483783 -1.493426 -1.504873 -1.517952 -1.532488 -1.548303 -1.565227 -1.583100 -1.601775 -1.621118 -1.641011 -1.661351 -1.682045 -1.703018 -1.724201 -1.745539 -1.766984 -1.788496 
-1.771793 -1.749464 -1.727145 -1.704874 -1.682696 -1.660666 -1.638849 -1.617324 -1.596185 -1.575541 -1.555521 -1.536269 -1.517952 -1.500752 -1.484867 -1.470507 -1.457884 -1.447208 -1.438673 -1.432445 -1.428653 -1.427380 -1.428653 -1.432445 -1.438673 -1.447208 -1.457884 -1.470507 -1.484867 -1.500752 -1.517952 -1.536269 -1.555521 -1.575541 -1.596185 -1.617324 -1.638849 -1.660666 -1.682696 -1.704874 -1.727145 -1.749464 -1.771793 
-1.755563 -1.732396 -1.709176 -1.685936 -1.662717 -1.639571 -1.616561 -1.593765 -1.571277 -1.549213 -1.527706 -1.506916 -1.487026 -1.468245 -1.450803 -1.434949 -1.420942 -1.409039 -1.399484 -1.392490 -1.388222 -1.386788 -1.388222 -1.392490 -1.399484 -1.409039 -1.420942 -1.434949 -1.450803 -1.468245 -1.487026 -1.506916 -1.527706 -1.549213 -1.571277 -1.593765 -1.616561 -1.639571 -1.662717 -1.685936 -1.709176 -1.732396 -1.755563 
-1.739872 -1.715851 -1.691706 -1.667465 -1.643163 -1.618846 -1.594573 -1.570419 -1.546476 -1.522861 -1.499714 -1.477207 -1.455540 -1.434949 -1.415703 -1.398097 -1.382446 -1.369071 -1.358282 -1.350353 -1.345501 -1.343868 -1.345501 -1.350353 -1.358282 -1.369071 -1.382446 -1.398097 -1.415703 -1.434949 -1.455540 -1.477207 -1.499714 -1.522861 -1.546476 -1.570419 -1.594573 -1.618846 -1.643163 -1.667465 -1.691706 -1.715851 -1.739872 
-1.724792 -1.699905 -1.674818 -1.649550 -1.624128 -1.598590 -1.572989 -1.547391 -1.521885 -1.496584 -1.471632 -1.447208 -1.423532 -1.400866 -1.379520 -1.359845 -1.342226 -1.327067 -1.314765 -1.305680 -1.300102 -1.298221 -1.300102 -1.305680 -1.314765 -1.327067 -1.342226 -1.359845 -1.379520 -1.400866 -1.423532 -1.447208 -1.471632 -1.496584 -1.521885 -1.547391 -1.572989 -1.598590 -1.624128 -1.649550 -1.674818 -1.699905 -1.724792 
-1.710397 -1.684643 -1.658604 -1.632290 -1.605720 -1.578919 -1.551929 -1.524807 -1.497630 -1.470507 -1.443576 -1.417021 -1.391073 -1.366024 -1.342226 -1.320095 -1.300102 -1.282756 -1.268575 -1.258038 -1.251542 -1.249345 -1.251542 -1.258038 -1.268575 -1.282756 -1.300102 -1.320095 -1.342226 -1.366024 -1.391073 -1.417021 -1.443576 -1.470507 -1.497630 -1.524807 -1.551929 -1.578919 -1.605720 -1.632290 -1.658604 -1.684643 -1.710397 
-1.696770 -1.670154 -1.643163 -1.615796 -1.588058 -1.559963 -1.531536 -1.502818 -1.473872 -1.444791 -1.415703 -1.386788 -1.358282 -1.330498 -1.303831 -1.278769 -1.255888 -1.235833 -1.219285 -1.206895 -1.199213 -1.196609 -1.199213 -1.206895 -1.219285 -1.235833 -1.255888 -1.278769 -1.303831 -1.330498 -1.358282 -1.386788 -1.415703 -1.444791 -1.473872 -1.502818 -1.531536 -1.559963 -1.588058 -1.615796 -1.643163 -1.670154 -1.696770 
-1.683995 -1.656532 -1.628601 -1.600186 -1.571277 -1.541871 -1.511974 -1.481604 -1.450803 -1.419640 -1.388222 -1.356711 -1.325338 -1.294425 -1.264403 -1.235833 -1.209413 -1.185964 -1.166388 -1.151587 -1.142345 -1.139200 -1.142345 -1.151587 -1.166388 -1.185964 -1.209413 -1.235833 -1.264403 -1.294425 -1.325338 -1.356711 -1.388222 -1.419640 -1.450803 -1.481604 -1.511974 -1.541871 -1.571277 -1.600186 -1.628601 -1.656532 -1.683995 
-1.672159 -1.643877 -1.615030 -1.585587 -1.555521 -1.524807 -1.493426 -1.461372 -1.428653 -1.395305 -1.361401 -1.327067 -1.292510 -1.258038 -1.224104 -1.191333 -1.160555 -1.132809 -1.109301 -1.091299 -1.079950 -1.076069 -1.079950 -1.091299 -1.109301 -1.132809 -1.160555 -1.191333 -1.224104 -1.258038 -1.292510 -1.327067 -1.361401 -1.395305 -1.428653 -1.461372 -1.493426 -1.524807 -1.555521 -1.585587 -1.615030 -1.643877 -1.672159 
-1.661351 -1.632290 -1.602567 -1.572134 -1.540943 -1.508947 -1.476099 -1.442357 -1.407691 -1.372090 -1.335576 -1.298221 -1.260174 -1.221704 -1.183244 -1.145457 -1.109301 -1.076069 -1.047374 -1.025027 -1.010759 -1.005845 -1.010759 -1.025027 -1.047374 -1.076069 -1.109301 -1.145457 -1.183244 -1.221704 -1.260174 -1.298221 -1.335576 -1.372090 -1.407691 -1.442357 -1.476099 -1.508947 -1.540943 -1.572134 -1.602567 -1.632290 -1.661351 
-1.651657 -1.621873 -1.591329 -1.559963 -1.527706 -1.494482 -1.460213 -1.424819 -1.388222 -1.350353 -1.311162 -1.270640 -1.228849 -1.185964 -1.142345 -1.098631 -1.055860 -1.015592 -0.979965 -0.951588 -0.933148 -0.926736 -0.933148 -0.951588 -0.979965 -1.015592 -1.055860 -1.098631 -1.142345 -1.185964 -1.228849 -1.270640 -1.311162 -1.350353 -1.388222 -1.424819 -1.460213 -1.494482 -1.527706 -1.559963 -1.591329 -1.621873 -1.651657 
-1.643163 -1.612723 -1.581433 -1.549213 -1.515970 -1.481604 -1.446002 -1.409039 -1.370584 -1.330498 -1.288644 -1.244906 -1.199213 -1.151587 -1.102230 -1.051648 -1.000848 -0.951588 -0.906616 -0.869694 -0.845103 -0.836430 -0.845103 -0.869694 -0.906616 -0.951588 -1.000848 -1.051648 -1.102230 -1.151587 -1.199213 -1.244906 -1.288644 -1.330498 -1.370584 -1.409039 -1.446002 -1.481604 -1.515970 -1.549213 -1.581433 -1.612723 -1.643163 
-1.635947 -1.604934 -1.572989 -1.540013 -1.505896 -1.470507 -1.433699 -1.395305 -1.355133 -1.312968 -1.268575 -1.221704 -1.172112 -1.119603 -1.064110 -1.005845 -0.945569 -0.885021 -0.827496 -0.778297 -0.744353 -0.732130 -0.744353 -0.778297 -0.827496 -0.885021 -0.945569 -1.005845 -1.064110 -1.119603 -1.172112 -1.221704 -1.268575 -1.312968 -1.355133 -1.395305 -1.433699 -1.470507 -1.505896 -1.540013 -1.572989 -1.604934 -1.635947 
-1.630081 -1.598590 -1.566097 -1.532488 -1.497630 -1.461372 -1.423532 -1.383899 -1.342226 -1.298221 -1.251542 -1.201795 -1.148538 -1.091299 -1.029634 -0.963269 -0.892396 -0.818285 -0.744353 -0.677601 -0.629167 -0.611165 -0.629167 -0.677601 -0.744353 -0.818285 -0.892396 -0.963269 -1.029634 -1.091299 -1.148538 -1.201795 -1.251542 -1.298221 -1.342226 -1.383899 -1.423532 -1.461372 -1.497630 -1.532488 -1.566097 -1.598590 -1.630081 
-1.625624 -1.593765 -1.560846 -1.526742 -1.491305 -1.454362 -1.415703 -1.375082 -1.332199 -1.286694 -1.238126 -1.185964 -1.129561 -1.068150 -1.000848 -0.926736 -0.845103 -0.756100 -0.662292 -0.571687 -0.501216 -0.473755 -0.501216 -0.571687 -0.662292 -0.756100 -0.845103 -0.926736 -1.000848 -1.068150 -1.129561 -1.185964 -1.238126 -1.286694 -1.332199 -1.375082 -1.415703 -1.454362 -1.491305 -1.526742 -1.560846 -1.593765 -1.625624 
-1.622626 -1.590514 -1.557304 -1.522861 -1.487026 -1.449609 -1.410383 -1.369071 -1.325338 -1.278769 -1.228849 -1.174933 -1.116208 -1.051648 -0.979965 -0.899592 -0.808779 -0.706090 -0.592052 -0.473755 -0.373749 -0.332240 -0.373749 -0.473755 -0.592052 -0.706090 -0.808779 -0.899592 -0.979965 -1.051648 -1.116208 -1.174933 -1.228849 -1.278769 -1.325338 -1.369071 -1.410383 -1.449609 -1.487026 -1.522861 -1.557304 -1.590514 -1.622626 
-1.621118 -1.588879 -1.555521 -1.520905 -1.484867 -1.447208 -1.407691 -1.366024 -1.321852 -1.274731 -1.224104 -1.169264 -1.109301 -1.043038 -0.968940 -0.885021 -0.788807 -0.677601 -0.549902 -0.410608 -0.284813 -0.229610 -0.284813 -0.410608 -0.549902 -0.677601 -0.788807 -0.885021 -0.968940 -1.043038 -1.109301 -1.169264 -1.224104 -1.274731 -1.321852 -1.366024 -1.407691 -1.447208 -1.484867 -1.520905 -1.555521 -1.588879 -1.621118 
-1.620929 -1.588674 -1.555297 -1.520660 -1.484596 -1.446907 -1.407353 -1.365642 -1.321414 -1.274223 -1.223506 -1.168547 -1.108426 -1.041944 -0.967533 -0.883148 -0.786215 -0.673846 -0.544212 -0.401776 -0.271833 -0.214292 -0.271833 -0.401776 -0.544212 -0.673846 -0.786215 -0.883148 -0.967533 -1.041944 -1.108426 -1.168547 -1.223506 -1.274223 -1.321414 -1.365642 -1.407353 -1.446907 -1.484596 -1.520660 -1.555297 -1.588674 -1.620929 
-1.621126 -1.588888 -1.555531 -1.520916 -1.484879 -1.447221 -1.407705 -1.366041 -1.321871 -1.274753 -1.224130 -1.169295 -1.109339 -1.043086 -0.969001 -0.885102 -0.788920 -0.677764 -0.550147 -0.410987 -0.285365 -0.230260 -0.285365 -0.410987 -0.550147 -0.677764 -0.788920 -0.885102 -0.969001 -1.043086 -1.109339 -1.169295 -1.224130 -1.274753 -1.321871 -1.366041 -1.407705 -1.447221 -1.484879 -1.520916 -1.555531 -1.588888 -1.621126 
-1.622650 -1.590541 -1.557333 -1.522893 -1.487061 -1.449648 -1.410426 -1.369120 -1.325394 -1.278834 -1.228925 -1.175024 -1.116319 -1.051785 -0.980140 -0.899821 -0.809092 -0.706529 -0.592689 -0.474682 -0.375009 -0.333668 -0.375009 -0.474682 -0.592689 -0.706529 -0.809092 -0.899821 -0.980140 -1.051785 -1.116319 -1.175024 -1.228925 -1.278834 -1.325394 -1.369120 -1.410426 -1.449648 -1.487061 -1.522893 -1.557333 -1.590541 -1.622650 
-1.625664 -1.593808 -1.560893 -1.526794 -1.491363 -1.454425 -1.415774 -1.375162 -1.332291 -1.286799 -1.238249 -1.186110 -1.129737 -1.068366 -1.001119 -0.927084 -0.845562 -0.756719 -0.663136 -0.572818 -0.502630 -0.475296 -0.502630 -0.572818 -0.663136 -0.756719 -0.845562 -0.927084 -1.001119 -1.068366 -1.129737 -1.186110 -1.238249 -1.286799 -1.332291 -1.375162 -1.415774 -1.454425 -1.491363 -1.526794 -1.560893 -1.593808 -1.625664 
-1.630136 -1.598651 -1.566163 -1.532559 -1.497709 -1.461459 -1.423629 -1.384009 -1.342350 -1.298363 -1.251706 -1.201989 -1.148769 -1.091578 -1.029978 -0.963700 -0.892944 -0.818989 -0.745254 -0.678724 -0.630482 -0.612559 -0.630482 -0.678724 -0.745254 -0.818989 -0.892944 -0.963700 -1.029978 -1.091578 -1.148769 -1.201989 -1.251706 -1.298363 -1.342350 -1.384009 -1.423629 -1.461459 -1.497709 -1.532559 -1.566163 -1.598651 -1.630136 
-1.636017 -1.605010 -1.573071 -1.540104 -1.505994 -1.470616 -1.433821 -1.395441 -1.355286 -1.313143 -1.268776 -1.221937 -1.172386 -1.119930 -1.064503 -1.006324 -0.946157 -0.885743 -0.828373 -0.779331 -0.745511 -0.733335 -0.745511 -0.779331 -0.828373 -0.885743 -0.946157 -1.006324 -1.064503 -1.119930 -1.172386 -1.221937 -1.268776 -1.313143 -1.355286 -1.395441 -1.433821 -1.470616 -1.505994 -1.540104 -1.573071 -1.605010 -1.636017 
-1.643247 -1.612814 -1.581532 -1.549320 -1.516088 -1.481733 -1.446145 -1.409199 -1.370763 -1.330700 -1.288874 -1.245171 -1.199520 -1.151946 -1.102653 -1.052149 -1.001443 -0.952292 -0.907436 -0.870623 -0.846112 -0.837469 -0.846112 -0.870623 -0.907436 -0.952292 -1.001443 -1.052149 -1.102653 -1.151946 -1.199520 -1.245171 -1.288874 -1.330700 -1.370763 -1.409199 -1.446145 -1.481733 -1.516088 -1.549320 -1.581532 -1.612814 -1.643247 
-1.651755 -1.621978 -1.591443 -1.560087 -1.527840 -1.494629 -1.460375 -1.424999 -1.388422 -1.350577 -1.311415 -1.270928 -1.229178 -1.186342 -1.142782 -1.099137 -1.056445 -1.016262 -0.980720 -0.952420 -0.934034 -0.927641 -0.934034 -0.952420 -0.980720 -1.016262 -1.056445 -1.099137 -1.142782 -1.186342 -1.229178 -1.270928 -1.311415 -1.350577 -1.388422 -1.424999 -1.460375 -1.494629 -1.527840 -1.560087 -1.591443 -1.621978 -1.651755 
-1.661461 -1.632409 -1.602695 -1.572272 -1.541093 -1.509111 -1.476278 -1.442554 -1.407909 -1.372333 -1.335847 -1.298525 -1.260517 -1.222092 -1.183684 -1.145956 -1.109864 -1.076698 -1.048068 -1.025775 -1.011544 -1.006643 -1.011544 -1.025775 -1.048068 -1.076698 -1.109864 -1.145956 -1.183684 -1.222092 -1.260517 -1.298525 -1.335847 -1.372333 -1.407909 -1.442554 -1.476278 -1.509111 -1.541093 -1.572272 -1.602695 -1.632409 -1.661461 
-1.672281 -1.644008 -1.615170 -1.585738 -1.555684 -1.524984 -1.493619 -1.461583 -1.428885 -1.395561 -1.361684 -1.327382 -1.292861 -1.258430 -1.224541 -1.191819 -1.161093 -1.133399 -1.109939 -1.091976 -1.080654 -1.076782 -1.080654 -1.091976 -1.109939 -1.133399 -1.161093 -1.191819 -1.224541 -1.258430 -1.292861 -1.327382 -1.361684 -1.395561 -1.428885 -1.461583 -1.493619 -1.524984 -1.555684 -1.585738 -1.615170 -1.644008 -1.672281 
-1.684128 -1.656674 -1.628752 -1.600348 -1.571453 -1.542061 -1.512179 -1.481827 -1.451047 -1.419906 -1.388515 -1.357033 -1.325692 -1.294815 -1.264831 -1.236303 -1.209925 -1.186517 -1.166978 -1.152207 -1.142983 -1.139845 -1.142983 -1.152207 -1.166978 -1.186517 -1.209925 -1.236303 -1.264831 -1.294815 -1.325692 -1.357033 -1.388515 -1.419906 -1.451047 -1.481827 -1.512179 -1.542061 -1.571453 -1.600348 -1.628752 -1.656674 -1.684128 
-1.696912 -1.670305 -1.643324 -1.615969 -1.588244 -1.560163 -1.531751 -1.503051 -1.474124 -1.445065 -1.416001 -1.387112 -1.358635 -1.330883 -1.304249 -1.279222 -1.256375 -1.236352 -1.219832 -1.207465 -1.199798 -1.197199 -1.199798 -1.207465 -1.219832 -1.236352 -1.256375 -1.279222 -1.304249 -1.330883 -1.358635 -1.387112 -1.416001 -1.445065 -1.474124 -1.503051 -1.531751 -1.560163 -1.588244 -1.615969 -1.643324 -1.670305 -1.696912 
-1.710548 -1.684803 -1.658774 -1.632472 -1.605914 -1.579127 -1.552152 -1.525046 -1.497889 -1.470785 -1.443877 -1.417346 -1.391424 -1.366403 -1.342633 -1.320530 -1.300565 -1.283246 -1.269087 -1.258568 -1.252082 -1.249890 -1.252082 -1.258568 -1.269087 -1.283246 -1.300565 -1.320530 -1.342633 -1.366403 -1.391424 -1.417346 -1.443877 -1.470785 -1.497889 -1.525046 -1.552152 -1.579127 -1.605914 -1.632472 -1.658774 -1.684803 -1.710548 
-1.724950 -1.700073 -1.674996 -1.649739 -1.624329 -1.598805 -1.573218 -1.547636 -1.522147 -1.496865 -1.471934 -1.447532 -1.423878 -1.401236 -1.379915 -1.360264 -1.342668 -1.327530 -1.315246 -1.306175 -1.300606 -1.298727 -1.300606 -1.306175 -1.315246 -1.327530 -1.342668 -1.360264 -1.379915 -1.401236 -1.423878 -1.447532 -1.471934 -1.496865 -1.522147 -1.547636 -1.573218 -1.598805 -1.624329 -1.649739 -1.674996 -1.700073 -1.724950 
-1.740038 -1.716026 -1.691891 -1.667660 -1.643370 -1.619066 -1.594807 -1.570668 -1.546742 -1.523144 -1.500016 -1.477527 -1.455881 -1.435311 -1.416086 -1.398500 -1.382869 -1.369511 -1.358736 -1.350818 -1.345974 -1.344343 -1.345974 -1.350818 -1.358736 -1.369511 -1.382869 -1.398500 -1.416086 -1.435311 -1.455881 -1.477527 -1.500016 -1.523144 -1.546742 -1.570668 -1.594807 -1.619066 -1.643370 -1.667660 -1.691891 -1.716026 -1.740038 
-1.755735 -1.732577 -1.709367 -1.686137 -1.662930 -1.639796 -1.616799 -1.594017 -1.571545 -1.549496 -1.528006 -1.507233 -1.487361 -1.468598 -1.451175 -1.435338 -1.421347 -1.409459 -1.399916 -1.392930 -1.388668 -1.387235 -1.388668 -1.392930 -1.399916 -1.409459 -1.421347 -1.435338 -1.451175 -1.468598 -1.487361 -1.507233 -1.528006 -1.549496 -1.571545 -1.594017 -1.616799 -1.639796 -1.662930 -1.686137 -1.709367 -1.732577 -1.755735 
-1.771970 -1.749650 -1.727341 -1.705080 -1.682913 -1.660894 -1.639089 -1.617578 -1.596453 -1.575824 -1.555819 -1.536583 -1.518281 -1.501097 -1.485228 -1.470882 -1.458273 -1.447609 -1.439084 -1.432863 -1.429076 -1.427805 -1.429076 -1.432863 -1.439084 -1.447609 -1.458273 -1.470882 -1.485228 -1.501097 -1.518281 -1.536583 -1.555819 -1.575824 -1.596453 -1.617578 -1.639089 -1.660894 -1.682913 -1.705080 -1.727341 -1.749650 -1.771970 
-1.788678 -1.767175 -1.745739 -1.724411 -1.703238 -1.682276 -1.661593 -1.641266 -1.621386 -1.602056 -1.583395 -1.565536 -1.548626 -1.532825 -1.518303 -1.505236 -1.493801 -1.484168 -1.476492 -1.470906 -1.467512 -1.466374 -1.467512 -1.470906 -1.476492 -1.484168 -1.493801 -1.505236 -1.518303 -1.532825 -1.548626 -1.565536 -1.583395 -1.602056 -1.621386 -1.641266 -1.661593 -1.682276 -1.703238 -1.724411 -1.745739 -1.767175 -1.788678 
-1.805798 -1.785088 -1.764494 -1.744059 -1.723832 -1.703870 -1.684239 -1.665014 -1.646281 -1.628138 -1.610694 -1.594069 -1.578394 -1.563810 -1.550461 -1.538498 -1.528068 -1.519310 -1.512351 -1.507299 -1.504233 -1.503206 -1.504233 -1.507299 -1.512351 -1.519310 -1.528068 -1.538498 -1.550461 -1.563810 -1.578394 -1.594069 -1.610694 -1.628138 -1.646281 -1.665014 -1.684239 -1.703870 -1.723832 -1.744059 -1.764494 -1.785088 -1.805798 
-1.823277 -1.803331 -1.783547 -1.763965 -1.744636 -1.725616 -1.706968 -1.688765 -1.671089 -1.654031 -1.637689 -1.622172 -1.607597 -1.594086 -1.581765 -1.570761 -1.561196 -1.553188 -1.546840 -1.542240 -1.539452 -1.538518 -1.539452 -1.542240 -1.546840 -1.553188 -1.561196 -1.570761 -1.581765 -1.594086 -1.607597 -1.622172 -1.637689 -1.654031 -1.671089 -1.688765 -1.706968 -1.725616 -1.744636 -1.763965 -1.783547 -1.803331 -1.823277 
-1.841064 -1.821855 -1.802845 -1.784076 -1.765596 -1.747461 -1.729731 -1.712477 -1.695774 -1.679706 -1.664364 -1.649845 -1.636252 -1.623692 -1.612275 -1.602107 -1.593294 -1.585933 -1.580110 -1.575897 -1.573346 -1.572493 -1.573346 -1.575897 -1.580110 -1.585933 -1.593294 -1.602107 -1.612275 -1.623692 -1.636252 -1.649845 -1.664364 -1.679706 -1.695774 -1.712477 -1.729731 -1.747461 -1.765596 -1.784076 -1.802845 -1.821855 -1.841064 
-1.859115 -1.840614 -1.822343 -1.804345 -1.786668 -1.769363 -1.752491 -1.736116 -1.720309 -1.705147 -1.690712 -1.677092 -1.664379 -1.652665 -1.642046 -1.632614 -1.624458 -1.617660 -1.612291 -1.608412 -1.606065 -1.605280 -1.606065 -1.608412 -1.612291 -1.617660 -1.624458 -1.632614 -1.642046 -1.652665 -1.664379 -1.677092 -1.690712 -1.705147 -1.720309 -1.736116 -1.752491 -1.769363 -1.786668 -1.804345 -1.822343 -1.840614 -1.859115 
