79 79
3.338028e+01 0 5
0.599339 0.609762 0.620138 0.630460 0.640720 0.650912 0.661026 0.671055 0.680990 0.690820 0.700535 0.710125 0.719578 0.728882 0.738025 0.746993 0.755772 0.764349 0.772707 0.780833 0.788709 0.796320 0.803649 0.810680 0.817395 0.823777 0.829809 0.835476 0.840759 0.845644 0.850116 0.854159 0.857761 0.860908 0.863592 0.865800 0.867527 0.868765 0.869509 0.869758 0.869509 0.868765 0.867527 0.865800 0.863592 0.860908 0.857761 0.854159 0.850116 0.845644 0.840759 0.835476 0.829809 0.823777 0.817395 0.810680 0.803649 0.796320 0.788709 0.780833 0.772707 0.764349 0.755772 0.746993 0.738025 0.728882 0.719578 0.710125 0.700535 0.690820 0.680990 0.671055 0.661026 0.650912 0.640720 0.630460 0.620138 0.609762 0.599339 
0.608805 0.619439 0.630031 0.640574 0.651061 0.661485 0.671836 0.682107 0.692288 0.702370 0.712341 0.722192 0.731909 0.741480 0.750893 0.760134 0.769188 0.778041 0.786675 0.795077 0.803227 0.811110 0.818707 0.826001 0.832973 0.839605 0.845878 0.851775 0.857278 0.862370 0.867033 0.871252 0.875013 0.878301 0.881105 0.883415 0.885220 0.886515 0.887294 0.887554 0.887294 0.886515 0.885220 0.883415 0.881105 0.878301 0.875013 0.871252 0.867033 0.862370 0.857278 0.851775 0.845878 0.839605 0.832973 0.826001 0.818707 0.811110 0.803227 0.795077 0.786675 0.778041 0.769188 0.760134 0.750893 0.741480 0.731909 0.722192 0.712341 0.702370 0.692288 0.682107 0.671836 0.661485 0.651061 0.640574 0.630031 0.619439 0.608805 
0.618184 0.629033 0.639845 0.650613 0.661332 0.671992 0.682587 0.693106 0.703541 0.713882 0.724118 0.734237 0.744228 0.754077 0.763771 0.773297 0.782637 0.791778 0.800702 0.809393 0.817832 0.826001 0.833881 0.841453 0.848698 0.855596 0.862126 0.868269 0.874006 0.879319 0.884187 0.888596 0.892527 0.895966 0.898901 0.901318 0.903209 0.904565 0.905381 0.905654 0.905381 0.904565 0.903209 0.901318 0.898901 0.895966 0.892527 0.888596 0.884187 0.879319 0.874006 0.868269 0.862126 0.855596 0.848698 0.841453 0.833881 0.826001 0.817832 0.809393 0.800702 0.791778 0.782637 0.773297 0.763771 0.754077 0.744228 0.734237 0.724118 0.713882 0.703541 0.693106 0.682587 0.671992 0.661332 0.650613 0.639845 0.629033 0.618184 
0.627468 0.638534 0.649570 0.660569 0.671524 0.682427 0.693270 0.704044 0.714740 0.725348 0.735856 0.746254 0.756528 0.766665 0.776651 0.786473 0.796113 0.805555 0.814782 0.823777 0.832519 0.840990 0.849170 0.857038 0.864572 0.871752 0.878555 0.884962 0.890950 0.896498 0.901588 0.906199 0.910314 0.913917 0.916992 0.919526 0.921509 0.922932 0.923788 0.924074 0.923788 0.922932 0.921509 0.919526 0.916992 0.913917 0.910314 0.906199 0.901588 0.896498 0.890950 0.884962 0.878555 0.871752 0.864572 0.857038 0.849170 0.840990 0.832519 0.823777 0.814782 0.805555 0.796113 0.786473 0.776651 0.766665 0.756528 0.746254 0.735856 0.725348 0.714740 0.704044 0.693270 0.682427 0.671524 0.660569 0.649570 0.638534 0.627468 
0.636647 0.647935 0.659199 0.670432 0.681628 0.692779 0.703877 0.714912 0.725876 0.736759 0.747548 0.758232 0.768799 0.779235 0.789525 0.799655 0.809607 0.819365 0.828910 0.838224 0.847286 0.856076 0.864572 0.872752 0.880594 0.888074 0.895170 0.901858 0.908114 0.913917 0.919244 0.924074 0.928388 0.932166 0.935393 0.938054 0.940137 0.941632 0.942532 0.942832 0.942532 0.941632 0.940137 0.938054 0.935393 0.932166 0.928388 0.924074 0.919244 0.913917 0.908114 0.901858 0.895170 0.888074 0.880594 0.872752 0.864572 0.856076 0.847286 0.838224 0.828910 0.819365 0.809607 0.799655 0.789525 0.779235 0.768799 0.758232 0.747548 0.736759 0.725876 0.714912 0.703877 0.692779 0.681628 0.670432 0.659199 0.647935 0.636647 
0.645714 0.657226 0.668722 0.680193 0.691635 0.703039 0.714397 0.725700 0.736939 0.748104 0.759182 0.770163 0.781033 0.791778 0.802384 0.812834 0.823112 0.833200 0.843078 0.852727 0.862126 0.871252 0.880083 0.888596 0.896765 0.904565 0.911973 0.918962 0.925506 0.931582 0.937165 0.942232 0.946760 0.950729 0.954121 0.956919 0.959111 0.960684 0.961631 0.961947 0.961631 0.960684 0.959111 0.956919 0.954121 0.950729 0.946760 0.942232 0.937165 0.931582 0.925506 0.918962 0.911973 0.904565 0.896765 0.888596 0.880083 0.871252 0.862126 0.852727 0.843078 0.833200 0.823112 0.812834 0.802384 0.791778 0.781033 0.770163 0.759182 0.748104 0.736939 0.725700 0.714397 0.703039 0.691635 0.680193 0.668722 0.657226 0.645714 
0.654660 0.666399 0.678129 0.689843 0.701535 0.713197 0.724820 0.736398 0.747918 0.759372 0.770749 0.782035 0.793218 0.804284 0.815217 0.826001 0.836618 0.847051 0.857278 0.867280 0.877033 0.886515 0.895701 0.904565 0.913083 0.921225 0.928966 0.936278 0.943133 0.949503 0.955362 0.960684 0.965444 0.969621 0.973192 0.976140 0.978450 0.980109 0.981108 0.981441 0.981108 0.980109 0.978450 0.976140 0.973192 0.969621 0.965444 0.960684 0.955362 0.949503 0.943133 0.936278 0.928966 0.921225 0.913083 0.904565 0.895701 0.886515 0.877033 0.867280 0.857278 0.847051 0.836618 0.826001 0.815217 0.804284 0.793218 0.782035 0.770749 0.759372 0.747918 0.736398 0.724820 0.713197 0.701535 0.689843 0.678129 0.666399 0.654660 
0.663475 0.675444 0.687412 0.699371 0.711317 0.723241 0.735136 0.746993 0.758802 0.770553 0.782236 0.793837 0.805343 0.816740 0.828013 0.839144 0.850116 0.860908 0.871502 0.881874 0.892000 0.901858 0.911419 0.920658 0.929546 0.938054 0.946153 0.953811 0.960999 0.967687 0.973845 0.979444 0.984457 0.988859 0.992626 0.995737 0.998176 0.999929 1.000984 1.001337 1.000984 0.999929 0.998176 0.995737 0.992626 0.988859 0.984457 0.979444 0.973845 0.967687 0.960999 0.953811 0.946153 0.938054 0.929546 0.920658 0.911419 0.901858 0.892000 0.881874 0.871502 0.860908 0.850116 0.839144 0.828013 0.816740 0.805343 0.793837 0.782236 0.770553 0.758802 0.746993 0.735136 0.723241 0.711317 0.699371 0.687412 0.675444 0.663475 
0.672149 0.684350 0.696558 0.708767 0.720970 0.733161 0.745332 0.757474 0.769578 0.781634 0.793630 0.805555 0.817395 0.829135 0.840759 0.852251 0.863592 0.874761 0.885738 0.896498 0.907019 0.917273 0.927232 0.936869 0.946153 0.955051 0.963533 0.971564 0.979112 0.986144 0.992626 0.998526 1.003814 1.008462 1.012442 1.015733 1.018313 1.020168 1.021286 1.021659 1.021286 1.020168 1.018313 1.015733 1.012442 1.008462 1.003814 0.998526 0.992626 0.986144 0.979112 0.971564 0.963533 0.955051 0.946153 0.936869 0.927232 0.917273 0.907019 0.896498 0.885738 0.874761 0.863592 0.852251 0.840759 0.829135 0.817395 0.805555 0.793630 0.781634 0.769578 0.757474 0.745332 0.733161 0.720970 0.708767 0.696558 0.684350 0.672149 
0.680671 0.693106 0.705557 0.718017 0.730482 0.742944 0.755395 0.767828 0.780233 0.792600 0.804919 0.817176 0.829359 0.841453 0.853442 0.865309 0.877033 0.888596 0.899973 0.911143 0.922078 0.932751 0.943133 0.953193 0.962898 0.972215 0.981108 0.989541 0.997478 1.004881 1.011715 1.017944 1.023532 1.028449 1.032664 1.036151 1.038887 1.040856 1.042042 1.042438 1.042042 1.040856 1.038887 1.036151 1.032664 1.028449 1.023532 1.017944 1.011715 1.004881 0.997478 0.989541 0.981108 0.972215 0.962898 0.953193 0.943133 0.932751 0.922078 0.911143 0.899973 0.888596 0.877033 0.865309 0.853442 0.841453 0.829359 0.817176 0.804919 0.792600 0.780233 0.767828 0.755395 0.742944 0.730482 0.718017 0.705557 0.693106 0.680671 
0.689031 0.701702 0.714397 0.727112 0.739840 0.752576 0.765312 0.778041 0.790753 0.803438 0.816086 0.828685 0.841222 0.853681 0.866047 0.878301 0.890425 0.902398 0.914195 0.925794 0.937165 0.948281 0.959111 0.969621 0.979776 0.989541 0.998876 1.007743 1.016100 1.023908 1.031125 1.037712 1.043630 1.048842 1.053315 1.057019 1.059927 1.062020 1.063282 1.063704 1.063282 1.062020 1.059927 1.057019 1.053315 1.048842 1.043630 1.037712 1.031125 1.023908 1.016100 1.007743 0.998876 0.989541 0.979776 0.969621 0.959111 0.948281 0.937165 0.925794 0.914195 0.902398 0.890425 0.878301 0.866047 0.853681 0.841222 0.828685 0.816086 0.803438 0.790753 0.778041 0.765312 0.752576 0.739840 0.727112 0.714397 0.701702 0.689031 
0.697218 0.710125 0.723066 0.736037 0.749032 0.762045 0.775069 0.788098 0.801122 0.814132 0.827117 0.840066 0.852965 0.865800 0.878555 0.891212 0.903751 0.916151 0.928388 0.940436 0.952267 0.963851 0.975155 0.986144 0.996780 1.007025 1.016836 1.026171 1.034985 1.043232 1.050868 1.057847 1.064126 1.069664 1.074422 1.078365 1.081465 1.083697 1.085043 1.085493 1.085043 1.083697 1.081465 1.078365 1.074422 1.069664 1.064126 1.057847 1.050868 1.043232 1.034985 1.026171 1.016836 1.007025 0.996780 0.986144 0.975155 0.963851 0.952267 0.940436 0.928388 0.916151 0.903751 0.891212 0.878555 0.865800 0.852965 0.840066 0.827117 0.814132 0.801122 0.788098 0.775069 0.762045 0.749032 0.736037 0.723066 0.710125 0.697218 
0.705220 0.718364 0.731552 0.744779 0.758043 0.771335 0.784652 0.797984 0.811325 0.824665 0.837994 0.851301 0.864572 0.877794 0.890950 0.904022 0.916992 0.929836 0.942532 0.955051 0.967366 0.979444 0.991251 1.002750 1.013901 1.024661 1.034985 1.044826 1.054134 1.062861 1.070955 1.078365 1.085043 1.090940 1.096014 1.100224 1.103536 1.105922 1.107362 1.107844 1.107362 1.105922 1.103536 1.100224 1.096014 1.090940 1.085043 1.078365 1.070955 1.062861 1.054134 1.044826 1.034985 1.024661 1.013901 1.002750 0.991251 0.979444 0.967366 0.955051 0.942532 0.929836 0.916992 0.904022 0.890950 0.877794 0.864572 0.851301 0.837994 0.824665 0.811325 0.797984 0.784652 0.771335 0.758043 0.744779 0.731552 0.718364 0.705220 
0.713025 0.726405 0.739840 0.753326 0.766858 0.780433 0.794043 0.807683 0.821344 0.835019 0.848698 0.862370 0.876022 0.889640 0.903209 0.916711 0.930127 0.943434 0.956607 0.969621 0.982444 0.995043 1.007384 1.019425 1.031125 1.042438 1.053315 1.063704 1.073552 1.082802 1.091398 1.099283 1.106401 1.112698 1.118123 1.122629 1.126179 1.128738 1.130284 1.130801 1.130284 1.128738 1.126179 1.122629 1.118123 1.112698 1.106401 1.099283 1.091398 1.082802 1.073552 1.063704 1.053315 1.042438 1.031125 1.019425 1.007384 0.995043 0.982444 0.969621 0.956607 0.943434 0.930127 0.916711 0.903209 0.889640 0.876022 0.862370 0.848698 0.835019 0.821344 0.807683 0.794043 0.780433 0.766858 0.753326 0.739840 0.726405 0.713025 
0.720622 0.734237 0.747918 0.761662 0.775464 0.789321 0.803227 0.817176 0.831162 0.845176 0.859210 0.873253 0.887294 0.901318 0.915312 0.929256 0.943133 0.956919 0.970591 0.984121 0.997478 1.010627 1.023532 1.036151 1.048438 1.060345 1.071818 1.082802 1.093237 1.103060 1.112209 1.120619 1.128225 1.134966 1.140783 1.145623 1.149439 1.152194 1.153858 1.154415 1.153858 1.152194 1.149439 1.145623 1.140783 1.134966 1.128225 1.120619 1.112209 1.103060 1.093237 1.082802 1.071818 1.060345 1.048438 1.036151 1.023532 1.010627 0.997478 0.984121 0.970591 0.956919 0.943133 0.929256 0.915312 0.901318 0.887294 0.873253 0.859210 0.845176 0.831162 0.817176 0.803227 0.789321 0.775464 0.761662 0.747918 0.734237 0.720622 
0.727996 0.741846 0.755772 0.769773 0.783845 0.797984 0.812187 0.826447 0.840759 0.855116 0.869509 0.883930 0.898366 0.912805 0.927232 0.941632 0.955984 0.970267 0.984457 0.998526 1.012442 1.026171 1.039673 1.052906 1.065821 1.078365 1.090483 1.102112 1.113187 1.123640 1.133398 1.142388 1.150538 1.157776 1.164034 1.169249 1.173366 1.176341 1.178140 1.178742 1.178140 1.176341 1.173366 1.169249 1.164034 1.157776 1.150538 1.142388 1.133398 1.123640 1.113187 1.102112 1.090483 1.078365 1.065821 1.052906 1.039673 1.026171 1.012442 0.998526 0.984457 0.970267 0.955984 0.941632 0.927232 0.912805 0.898366 0.883930 0.869509 0.855116 0.840759 0.826447 0.812187 0.797984 0.783845 0.769773 0.755772 0.741846 0.727996 
0.735136 0.749217 0.763387 0.777643 0.791983 0.806405 0.820904 0.835476 0.850116 0.864817 0.879573 0.894375 0.909213 0.924074 0.938945 0.953811 0.968653 0.983449 0.998176 1.012806 1.027308 1.041646 1.055780 1.069664 1.083249 1.096479 1.109292 1.121622 1.133398 1.144541 1.154972 1.164609 1.173366 1.181162 1.187916 1.193556 1.198016 1.201242 1.203195 1.203849 1.203195 1.201242 1.198016 1.193556 1.187916 1.181162 1.173366 1.164609 1.154972 1.144541 1.133398 1.121622 1.109292 1.096479 1.083249 1.069664 1.055780 1.041646 1.027308 1.012806 0.998176 0.983449 0.968653 0.953811 0.938945 0.924074 0.909213 0.894375 0.879573 0.864817 0.850116 0.835476 0.820904 0.806405 0.791983 0.777643 0.763387 0.749217 0.735136 
0.742028 0.756339 0.770749 0.785258 0.799864 0.814565 0.829359 0.844242 0.859210 0.874258 0.889379 0.904565 0.919809 0.935099 0.950422 0.965764 0.981108 0.996432 1.011715 1.026929 1.042042 1.057019 1.071818 1.086395 1.100695 1.114660 1.128225 1.141317 1.153858 1.165762 1.176940 1.187296 1.196735 1.205160 1.212478 1.218601 1.223452 1.226967 1.229096 1.229809 1.229096 1.226967 1.223452 1.218601 1.212478 1.205160 1.196735 1.187296 1.176940 1.165762 1.153858 1.141317 1.128225 1.114660 1.100695 1.086395 1.071818 1.057019 1.042042 1.026929 1.011715 0.996432 0.981108 0.965764 0.950422 0.935099 0.919809 0.904565 0.889379 0.874258 0.859210 0.844242 0.829359 0.814565 0.799864 0.785258 0.770749 0.756339 0.742028 
0.748660 0.763195 0.777842 0.792600 0.807469 0.822448 0.837535 0.852727 0.868022 0.883415 0.898901 0.914474 0.930127 0.945850 0.961631 0.977458 0.993315 1.009182 1.025038 1.040856 1.056605 1.072251 1.087752 1.103060 1.118123 1.132877 1.147253 1.161174 1.174553 1.187296 1.199303 1.210464 1.220671 1.229809 1.237769 1.244446 1.249747 1.253595 1.255928 1.256709 1.255928 1.253595 1.249747 1.244446 1.237769 1.229809 1.220671 1.210464 1.199303 1.187296 1.174553 1.161174 1.147253 1.132877 1.118123 1.103060 1.087752 1.072251 1.056605 1.040856 1.025038 1.009182 0.993315 0.977458 0.961631 0.945850 0.930127 0.914474 0.898901 0.883415 0.868022 0.852727 0.837535 0.822448 0.807469 0.792600 0.777842 0.763195 0.748660 
0.755018 0.769773 0.784652 0.799655 0.814782 0.830035 0.845410 0.860908 0.876527 0.892264 0.908114 0.924074 0.940137 0.956296 0.972540 0.988859 1.005238 1.021659 1.038103 1.054545 1.070955 1.087299 1.103536 1.119618 1.135490 1.151089 1.166341 1.181162 1.195460 1.209130 1.222058 1.234124 1.245197 1.255148 1.263844 1.271160 1.276984 1.281218 1.283789 1.284652 1.283789 1.281218 1.276984 1.271160 1.263844 1.255148 1.245197 1.234124 1.222058 1.209130 1.195460 1.181162 1.166341 1.151089 1.135490 1.119618 1.103536 1.087299 1.070955 1.054545 1.038103 1.021659 1.005238 0.988859 0.972540 0.956296 0.940137 0.924074 0.908114 0.892264 0.876527 0.860908 0.845410 0.830035 0.814782 0.799655 0.784652 0.769773 0.755018 
0.761088 0.776058 0.791162 0.806405 0.821786 0.837306 0.852965 0.868765 0.884703 0.900780 0.916992 0.933336 0.949809 0.966404 0.983114 0.999929 1.016836 1.033822 1.050868 1.067950 1.085043 1.102112 1.119119 1.136016 1.152747 1.169249 1.185443 1.201242 1.216546 1.231240 1.245197 1.258280 1.270338 1.281218 1.290763 1.298823 1.305256 1.309945 1.312797 1.313754 1.312797 1.309945 1.305256 1.298823 1.290763 1.281218 1.270338 1.258280 1.245197 1.231240 1.216546 1.201242 1.185443 1.169249 1.152747 1.136016 1.119119 1.102112 1.085043 1.067950 1.050868 1.033822 1.016836 0.999929 0.983114 0.966404 0.949809 0.933336 0.916992 0.900780 0.884703 0.868765 0.852965 0.837306 0.821786 0.806405 0.791162 0.776058 0.761088 
0.766858 0.782035 0.797359 0.812834 0.828461 0.844242 0.860180 0.876274 0.892527 0.908938 0.925506 0.942232 0.959111 0.976140 0.993315 1.010627 1.028068 1.045625 1.063282 1.081020 1.098814 1.116634 1.134442 1.152194 1.169834 1.187296 1.204504 1.221364 1.237769 1.253595 1.268701 1.282930 1.296110 1.308060 1.318592 1.327520 1.334673 1.339901 1.343088 1.344158 1.343088 1.339901 1.334673 1.327520 1.318592 1.308060 1.296110 1.282930 1.268701 1.253595 1.237769 1.221364 1.204504 1.187296 1.169834 1.152194 1.134442 1.116634 1.098814 1.081020 1.063282 1.045625 1.028068 1.010627 0.993315 0.976140 0.959111 0.942232 0.925506 0.908938 0.892527 0.876274 0.860180 0.844242 0.828461 0.812834 0.797359 0.782035 0.766858 
0.772315 0.787691 0.803227 0.818926 0.834791 0.850826 0.867033 0.883415 0.899973 0.916711 0.933630 0.950729 0.968009 0.985468 1.003105 1.020913 1.038887 1.057019 1.075294 1.093698 1.112209 1.130801 1.149439 1.168082 1.186677 1.205160 1.223452 1.241459 1.259068 1.276145 1.292534 1.308060 1.322524 1.335711 1.347396 1.357351 1.365361 1.371235 1.374824 1.376031 1.374824 1.371235 1.365361 1.357351 1.347396 1.335711 1.322524 1.308060 1.292534 1.276145 1.259068 1.241459 1.223452 1.205160 1.186677 1.168082 1.149439 1.130801 1.112209 1.093698 1.075294 1.057019 1.038887 1.020913 1.003105 0.985468 0.968009 0.950729 0.933630 0.916711 0.899973 0.883415 0.867033 0.850826 0.834791 0.818926 0.803227 0.787691 0.772315 
0.777445 0.793012 0.808751 0.824665 0.840759 0.857038 0.873504 0.890163 0.907019 0.924074 0.941332 0.958797 0.976469 0.994351 1.012442 1.030742 1.049246 1.067950 1.086846 1.105922 1.125161 1.144541 1.164034 1.183601 1.203195 1.222755 1.242203 1.261446 1.280366 1.298823 1.316646 1.333640 1.349576 1.364202 1.377244 1.388422 1.397463 1.404121 1.408201 1.409575 1.408201 1.404121 1.397463 1.388422 1.377244 1.364202 1.349576 1.333640 1.316646 1.298823 1.280366 1.261446 1.242203 1.222755 1.203195 1.183601 1.164034 1.144541 1.125161 1.105922 1.086846 1.067950 1.049246 1.030742 1.012442 0.994351 0.976469 0.958797 0.941332 0.924074 0.907019 0.890163 0.873504 0.857038 0.840759 0.824665 0.808751 0.793012 0.777445 
0.782236 0.797984 0.813915 0.830035 0.846347 0.862858 0.879573 0.896498 0.913639 0.930999 0.948586 0.966404 0.984457 1.002750 1.021286 1.040067 1.059094 1.078365 1.097878 1.117626 1.137597 1.157776 1.178140 1.198659 1.219289 1.239977 1.260651 1.281218 1.301562 1.321535 1.340959 1.359615 1.377244 1.393549 1.408201 1.420849 1.431145 1.438768 1.443456 1.445039 1.443456 1.438768 1.431145 1.420849 1.408201 1.393549 1.377244 1.359615 1.340959 1.321535 1.301562 1.281218 1.260651 1.239977 1.219289 1.198659 1.178140 1.157776 1.137597 1.117626 1.097878 1.078365 1.059094 1.040067 1.021286 1.002750 0.984457 0.966404 0.948586 0.930999 0.913639 0.896498 0.879573 0.862858 0.846347 0.830035 0.813915 0.797984 0.782236 
0.786675 0.802594 0.818707 0.835019 0.851538 0.868269 0.885220 0.902398 0.919809 0.937461 0.955362 0.973518 0.991938 1.010627 1.029593 1.048842 1.068378 1.088205 1.108326 1.128738 1.149439 1.170420 1.191665 1.213152 1.234849 1.256709 1.278670 1.300646 1.322524 1.344158 1.365361 1.385896 1.405474 1.423748 1.440321 1.454754 1.466597 1.475424 1.480878 1.482724 1.480878 1.475424 1.466597 1.454754 1.440321 1.423748 1.405474 1.385896 1.365361 1.344158 1.322524 1.300646 1.278670 1.256709 1.234849 1.213152 1.191665 1.170420 1.149439 1.128738 1.108326 1.088205 1.068378 1.048842 1.029593 1.010627 0.991938 0.973518 0.955362 0.937461 0.919809 0.902398 0.885220 0.868269 0.851538 0.835019 0.818707 0.802594 0.786675 
0.790753 0.806830 0.823112 0.839605 0.856316 0.873253 0.890425 0.907840 0.925506 0.943434 0.961631 0.980109 0.998876 1.017944 1.037321 1.057019 1.077046 1.097411 1.118123 1.139186 1.160605 1.182379 1.204504 1.226967 1.249747 1.272812 1.296110 1.319569 1.343088 1.366525 1.389694 1.412347 1.434166 1.454754 1.473632 1.490254 1.504030 1.514385 1.520825 1.523011 1.520825 1.514385 1.504030 1.490254 1.473632 1.454754 1.434166 1.412347 1.389694 1.366525 1.343088 1.319569 1.296110 1.272812 1.249747 1.226967 1.204504 1.182379 1.160605 1.139186 1.118123 1.097411 1.077046 1.057019 1.037321 1.017944 0.998876 0.980109 0.961631 0.943434 0.925506 0.907840 0.890425 0.873253 0.856316 0.839605 0.823112 0.806830 0.790753 
0.794456 0.810680 0.827117 0.843776 0.860665 0.877794 0.895170 0.912805 0.930708 0.948892 0.967366 0.986144 1.005238 1.024661 1.044426 1.064549 1.085043 1.105922 1.127200 1.148891 1.171007 1.193556 1.216546 1.239977 1.263844 1.288128 1.312797 1.337798 1.363047 1.388422 1.413744 1.438768 1.463154 1.486460 1.508118 1.527446 1.543672 1.556004 1.563735 1.566372 1.563735 1.556004 1.543672 1.527446 1.508118 1.486460 1.463154 1.438768 1.413744 1.388422 1.363047 1.337798 1.312797 1.288128 1.263844 1.239977 1.216546 1.193556 1.171007 1.148891 1.127200 1.105922 1.085043 1.064549 1.044426 1.024661 1.005238 0.986144 0.967366 0.948892 0.930708 0.912805 0.895170 0.877794 0.860665 0.843776 0.827117 0.810680 0.794456 
0.797776 0.814132 0.830711 0.847521 0.864572 0.881874 0.899437 0.917273 0.935393 0.953811 0.972540 0.991594 1.010990 1.030742 1.050868 1.071386 1.092316 1.113677 1.135490 1.157776 1.180555 1.203849 1.227675 1.252050 1.276984 1.302481 1.328531 1.355106 1.382152 1.409575 1.437224 1.464870 1.492174 1.518658 1.543672 1.566372 1.585745 1.600685 1.610156 1.613406 1.610156 1.600685 1.585745 1.566372 1.543672 1.518658 1.492174 1.464870 1.437224 1.409575 1.382152 1.355106 1.328531 1.302481 1.276984 1.252050 1.227675 1.203849 1.180555 1.157776 1.135490 1.113677 1.092316 1.071386 1.050868 1.030742 1.010990 0.991594 0.972540 0.953811 0.935393 0.917273 0.899437 0.881874 0.864572 0.847521 0.830711 0.814132 0.797776 
0.800702 0.817176 0.833881 0.850826 0.868022 0.885479 0.903209 0.921225 0.939541 0.958170 0.977128 0.996432 1.016100 1.036151 1.056605 1.077485 1.098814 1.120619 1.142925 1.165762 1.189161 1.213152 1.237769 1.263042 1.289004 1.315679 1.343088 1.371235 1.400105 1.429648 1.459759 1.490254 1.520825 1.550991 1.580038 1.606954 1.630418 1.648871 1.660751 1.664862 1.660751 1.648871 1.630418 1.606954 1.580038 1.550991 1.520825 1.490254 1.459759 1.429648 1.400105 1.371235 1.343088 1.315679 1.289004 1.263042 1.237769 1.213152 1.189161 1.165762 1.142925 1.120619 1.098814 1.077485 1.056605 1.036151 1.016100 0.996432 0.977128 0.958170 0.939541 0.921225 0.903209 0.885479 0.868022 0.850826 0.833881 0.817176 0.800702 
0.803227 0.819804 0.836618 0.853681 0.871003 0.888596 0.906472 0.924646 0.943133 0.961947 0.981108 1.000632 1.020541 1.040856 1.061601 1.082802 1.104488 1.126689 1.149439 1.172775 1.196735 1.221364 1.246706 1.272812 1.299733 1.327520 1.356226 1.385896 1.416562 1.448235 1.480878 1.514385 1.548525 1.582873 1.616704 1.648871 1.677693 1.700973 1.716290 1.721656 1.716290 1.700973 1.677693 1.648871 1.616704 1.582873 1.548525 1.514385 1.480878 1.448235 1.416562 1.385896 1.356226 1.327520 1.299733 1.272812 1.246706 1.221364 1.196735 1.172775 1.149439 1.126689 1.104488 1.082802 1.061601 1.040856 1.020541 1.000632 0.981108 0.961947 0.943133 0.924646 0.906472 0.888596 0.871003 0.853681 0.836618 0.819804 0.803227 
0.805343 0.822006 0.838914 0.856076 0.873504 0.891212 0.909213 0.927521 0.946153 0.965125 0.984457 1.004170 1.024284 1.044826 1.065821 1.087299 1.109292 1.131837 1.154972 1.178742 1.203195 1.228384 1.254370 1.281218 1.309001 1.337798 1.367695 1.398780 1.431145 1.464870 1.500012 1.536578 1.574472 1.613406 1.652759 1.691350 1.727165 1.757161 1.777527 1.784797 1.777527 1.757161 1.727165 1.691350 1.652759 1.613406 1.574472 1.536578 1.500012 1.464870 1.431145 1.398780 1.367695 1.337798 1.309001 1.281218 1.254370 1.228384 1.203195 1.178742 1.154972 1.131837 1.109292 1.087299 1.065821 1.044826 1.024284 1.004170 0.984457 0.965125 0.946153 0.927521 0.909213 0.891212 0.873504 0.856076 0.838914 0.822006 0.805343 
0.807043 0.823777 0.840759 0.858002 0.875517 0.893318 0.911419 0.929836 0.948586 0.967687 0.987160 1.007025 1.027308 1.048035 1.069235 1.090940 1.113187 1.136016 1.159470 1.183601 1.208464 1.234124 1.260651 1.288128 1.316646 1.346312 1.377244 1.409575 1.443456 1.479046 1.516512 1.556004 1.597616 1.641300 1.686699 1.732825 1.777527 1.816828 1.844754 1.855013 1.844754 1.816828 1.777527 1.732825 1.686699 1.641300 1.597616 1.556004 1.516512 1.479046 1.443456 1.409575 1.377244 1.346312 1.316646 1.288128 1.260651 1.234124 1.208464 1.183601 1.159470 1.136016 1.113187 1.090940 1.069235 1.048035 1.027308 1.007025 0.987160 0.967687 0.948586 0.929836 0.911419 0.893318 0.875517 0.858002 0.840759 0.823777 0.807043 
0.808323 0.825110 0.842149 0.859452 0.877033 0.894905 0.913083 0.931582 0.950422 0.969621 0.989200 1.009182 1.029593 1.050462 1.071818 1.093698 1.116139 1.139186 1.162886 1.187296 1.212478 1.238503 1.265454 1.293424 1.322524 1.352880 1.384642 1.417983 1.453108 1.490254 1.529696 1.571740 1.616704 1.664862 1.716290 1.770509 1.825707 1.877291 1.916348 1.931336 1.916348 1.877291 1.825707 1.770509 1.716290 1.664862 1.616704 1.571740 1.529696 1.490254 1.453108 1.417983 1.384642 1.352880 1.322524 1.293424 1.265454 1.238503 1.212478 1.187296 1.162886 1.139186 1.116139 1.093698 1.071818 1.050462 1.029593 1.009182 0.989200 0.969621 0.950422 0.931582 0.913083 0.894905 0.877033 0.859452 0.842149 0.825110 0.808323 
0.809179 0.826001 0.843078 0.860423 0.878047 0.895966 0.914195 0.932751 0.951651 0.970915 0.990566 1.010627 1.031125 1.052089 1.073552 1.095549 1.118123 1.141317 1.165185 1.189785 1.215184 1.241459 1.268701 1.297011 1.326514 1.357351 1.389694 1.423748 1.459759 1.498028 1.538919 1.582873 1.630418 1.682148 1.738644 1.800174 1.865836 1.931336 1.984918 2.006734 1.984918 1.931336 1.865836 1.800174 1.738644 1.682148 1.630418 1.582873 1.538919 1.498028 1.459759 1.423748 1.389694 1.357351 1.326514 1.297011 1.268701 1.241459 1.215184 1.189785 1.165185 1.141317 1.118123 1.095549 1.073552 1.052089 1.031125 1.010627 0.990566 0.970915 0.951651 0.932751 0.914195 0.895966 0.878047 0.860423 0.843078 0.826001 0.809179 
0.809607 0.826447 0.843543 0.860908 0.878555 0.896498 0.914753 0.933336 0.952267 0.971564 0.991251 1.011352 1.031894 1.052906 1.074422 1.096479 1.119119 1.142388 1.166341 1.191037 1.216546 1.242949 1.270338 1.298823 1.328531 1.359615 1.392258 1.426681 1.463154 1.502013 1.543672 1.588654 1.637612 1.691350 1.750801 1.816828 1.889459 1.965345 2.031386 2.059737 2.031386 1.965345 1.889459 1.816828 1.750801 1.691350 1.637612 1.588654 1.543672 1.502013 1.463154 1.426681 1.392258 1.359615 1.328531 1.298823 1.270338 1.242949 1.216546 1.191037 1.166341 1.142388 1.119119 1.096479 1.074422 1.052906 1.031894 1.011352 0.991251 0.971564 0.952267 0.933336 0.914753 0.896498 0.878555 0.860908 0.843543 0.826447 0.809607 
0.809661 0.826503 0.843602 0.860969 0.878619 0.896565 0.914823 0.933410 0.952344 0.971646 0.991337 1.011443 1.031990 1.053008 1.074531 1.096595 1.119243 1.142522 1.166485 1.191194 1.216717 1.243136 1.270543 1.299050 1.328784 1.359899 1.392580 1.427050 1.463582 1.502515 1.544273 1.589387 1.638528 1.692529 1.752372 1.819011 1.892623 1.970053 2.038084 2.067544 2.038084 1.970053 1.892623 1.819011 1.752372 1.692529 1.638528 1.589387 1.544273 1.502515 1.463582 1.427050 1.392580 1.359899 1.328784 1.299050 1.270543 1.243136 1.216717 1.191194 1.166485 1.142522 1.119243 1.096595 1.074531 1.053008 1.031990 1.011443 0.991337 0.971646 0.952344 0.933410 0.914823 0.896565 0.878619 0.860969 0.843602 0.826503 0.809661 
0.809660 0.826503 0.843602 0.860969 0.878619 0.896565 0.914823 0.933410 0.952344 0.971645 0.991337 1.011443 1.031990 1.053008 1.074531 1.096595 1.119243 1.142522 1.166485 1.191193 1.216717 1.243135 1.270543 1.299050 1.328784 1.359899 1.392580 1.427049 1.463582 1.502515 1.544272 1.589386 1.638527 1.692528 1.752371 1.819009 1.892620 1.970048 2.038078 2.067537 2.038078 1.970048 1.892620 1.819009 1.752371 1.692528 1.638527 1.589386 1.544272 1.502515 1.463582 1.427049 1.392580 1.359899 1.328784 1.299050 1.270543 1.243135 1.216717 1.191193 1.166485 1.142522 1.119243 1.096595 1.074531 1.053008 1.031990 1.011443 0.991337 0.971645 0.952344 0.933410 0.914823 0.896565 0.878619 0.860969 0.843602 0.826503 0.809660 
0.809660 0.826503 0.843602 0.860969 0.878619 0.896565 0.914823 0.933410 0.952344 0.971645 0.991337 1.011443 1.031990 1.053008 1.074531 1.096595 1.119243 1.142522 1.166485 1.191193 1.216717 1.243135 1.270543 1.299050 1.328784 1.359899 1.392579 1.427049 1.463581 1.502515 1.544272 1.589386 1.638527 1.692528 1.752370 1.819008 1.892620 1.970047 2.038076 2.067535 2.038076 1.970047 1.892620 1.819008 1.752370 1.692528 1.638527 1.589386 1.544272 1.502515 1.463581 1.427049 1.392579 1.359899 1.328784 1.299050 1.270543 1.243135 1.216717 1.191193 1.166485 1.142522 1.119243 1.096595 1.074531 1.053008 1.031990 1.011443 0.991337 0.971645 0.952344 0.933410 0.914823 0.896565 0.878619 0.860969 0.843602 0.826503 0.809660 
0.809661 0.826503 0.843602 0.860969 0.878619 0.896565 0.914823 0.933410 0.952344 0.971646 0.991337 1.011443 1.031990 1.053008 1.074531 1.096595 1.119243 1.142522 1.166485 1.191194 1.216717 1.243136 1.270543 1.299050 1.328784 1.359899 1.392580 1.427050 1.463582 1.502515 1.544273 1.589387 1.638528 1.692529 1.752372 1.819011 1.892623 1.970052 2.038083 2.067543 2.038083 1.970052 1.892623 1.819011 1.752372 1.692529 1.638528 1.589387 1.544273 1.502515 1.463582 1.427050 1.392580 1.359899 1.328784 1.299050 1.270543 1.243136 1.216717 1.191194 1.166485 1.142522 1.119243 1.096595 1.074531 1.053008 1.031990 1.011443 0.991337 0.971646 0.952344 0.933410 0.914823 0.896565 0.878619 0.860969 0.843602 0.826503 0.809661 
0.809661 0.826503 0.843602 0.860969 0.878619 0.896565 0.914823 0.933410 0.952344 0.971646 0.991337 1.011443 1.031990 1.053008 1.074531 1.096595 1.119243 1.142522 1.166485 1.191194 1.216717 1.243136 1.270543 1.299050 1.328784 1.359899 1.392580 1.427050 1.463582 1.502515 1.544273 1.589387 1.638528 1.692529 1.752372 1.819011 1.892624 1.970053 2.038084 2.067545 2.038084 1.970053 1.892624 1.819011 1.752372 1.692529 1.638528 1.589387 1.544273 1.502515 1.463582 1.427050 1.392580 1.359899 1.328784 1.299050 1.270543 1.243136 1.216717 1.191194 1.166485 1.142522 1.119243 1.096595 1.074531 1.053008 1.031990 1.011443 0.991337 0.971646 0.952344 0.933410 0.914823 0.896565 0.878619 0.860969 0.843602 0.826503 0.809661 
0.809660 0.826503 0.843602 0.860969 0.878619 0.896565 0.914823 0.933410 0.952344 0.971646 0.991337 1.011443 1.031990 1.053008 1.074531 1.096595 1.119243 1.142522 1.166485 1.191193 1.216717 1.243135 1.270543 1.299050 1.328784 1.359899 1.392580 1.427049 1.463582 1.502515 1.544273 1.589386 1.638527 1.692528 1.752371 1.819009 1.892621 1.970049 2.038079 2.067539 2.038079 1.970049 1.892621 1.819009 1.752371 1.692528 1.638527 1.589386 1.544273 1.502515 1.463582 1.427049 1.392580 1.359899 1.328784 1.299050 1.270543 1.243135 1.216717 1.191193 1.166485 1.142522 1.119243 1.096595 1.074531 1.053008 1.031990 1.011443 0.991337 0.971646 0.952344 0.933410 0.914823 0.896565 0.878619 0.860969 0.843602 0.826503 0.809660 
0.809660 0.826503 0.843602 0.860969 0.878619 0.896565 0.914823 0.933410 0.952344 0.971645 0.991337 1.011443 1.031990 1.053008 1.074531 1.096595 1.119243 1.142522 1.166485 1.191193 1.216717 1.243135 1.270543 1.299049 1.328783 1.359899 1.392579 1.427049 1.463581 1.502515 1.544272 1.589386 1.638526 1.692527 1.752370 1.819008 1.892619 1.970046 2.038074 2.067532 2.038074 1.970046 1.892619 1.819008 1.752370 1.692527 1.638526 1.589386 1.544272 1.502515 1.463581 1.427049 1.392579 1.359899 1.328783 1.299049 1.270543 1.243135 1.216717 1.191193 1.166485 1.142522 1.119243 1.096595 1.074531 1.053008 1.031990 1.011443 0.991337 0.971645 0.952344 0.933410 0.914823 0.896565 0.878619 0.860969 0.843602 0.826503 0.809660 
0.809600 0.826440 0.843536 0.860901 0.878547 0.896490 0.914744 0.933327 0.952257 0.971554 0.991241 1.011341 1.031882 1.052893 1.074408 1.096464 1.119103 1.142371 1.166323 1.191017 1.216525 1.242926 1.270312 1.298794 1.328499 1.359579 1.392218 1.426635 1.463101 1.501950 1.543597 1.588563 1.637498 1.691204 1.750606 1.816558 1.889068 1.964765 2.030567 2.058786 2.030567 1.964765 1.889068 1.816558 1.750606 1.691204 1.637498 1.588563 1.543597 1.501950 1.463101 1.426635 1.392218 1.359579 1.328499 1.298794 1.270312 1.242926 1.216525 1.191017 1.166323 1.142371 1.119103 1.096464 1.074408 1.052893 1.031882 1.011341 0.991241 0.971554 0.952257 0.933327 0.914744 0.896490 0.878547 0.860901 0.843536 0.826440 0.809600 
0.809159 0.825980 0.843057 0.860400 0.878024 0.895942 0.914170 0.932724 0.951623 0.970886 0.990535 1.010594 1.031090 1.052052 1.073512 1.095507 1.118077 1.141268 1.165132 1.189728 1.215122 1.241391 1.268626 1.296929 1.326422 1.357248 1.389577 1.423614 1.459605 1.497847 1.538703 1.582612 1.630093 1.681736 1.738103 1.799443 1.864818 1.929913 1.983038 2.004626 1.983038 1.929913 1.864818 1.799443 1.738103 1.681736 1.630093 1.582612 1.538703 1.497847 1.459605 1.423614 1.389577 1.357248 1.326422 1.296929 1.268626 1.241391 1.215122 1.189728 1.165132 1.141268 1.118077 1.095507 1.073512 1.052052 1.031090 1.010594 0.990535 0.970886 0.951623 0.932724 0.914170 0.895942 0.878024 0.860400 0.843057 0.825980 0.809159 
0.808291 0.825076 0.842114 0.859416 0.876995 0.894865 0.913040 0.931538 0.950375 0.969572 0.989148 1.009127 1.029535 1.050400 1.071753 1.093628 1.116064 1.139105 1.162799 1.187202 1.212375 1.238391 1.265331 1.293288 1.322373 1.352712 1.384452 1.417766 1.452858 1.489963 1.529352 1.571327 1.616199 1.664231 1.715485 1.769462 1.824330 1.875503 1.914166 1.928979 1.914166 1.875503 1.824330 1.769462 1.715485 1.664231 1.616199 1.571327 1.529352 1.489963 1.452858 1.417766 1.384452 1.352712 1.322373 1.293288 1.265331 1.238391 1.212375 1.187202 1.162799 1.139105 1.116064 1.093628 1.071753 1.050400 1.029535 1.009127 0.989148 0.969572 0.950375 0.931538 0.913040 0.894865 0.876995 0.859416 0.842114 0.825076 0.808291 
0.806998 0.823730 0.840710 0.857950 0.875463 0.893262 0.911360 0.929775 0.948521 0.967619 0.987087 1.006949 1.027227 1.047949 1.069144 1.090843 1.113083 1.135904 1.159350 1.183471 1.208323 1.233970 1.260482 1.287942 1.316440 1.346082 1.376985 1.409282 1.443121 1.478658 1.516058 1.555465 1.596968 1.640510 1.685723 1.731608 1.776014 1.814989 1.842639 1.852785 1.842639 1.814989 1.776014 1.731608 1.685723 1.640510 1.596968 1.555465 1.516058 1.478658 1.443121 1.409282 1.376985 1.346082 1.316440 1.287942 1.260482 1.233970 1.208323 1.183471 1.159350 1.135904 1.113083 1.090843 1.069144 1.047949 1.027227 1.006949 0.987087 0.967619 0.948521 0.929775 0.911360 0.893262 0.875463 0.857950 0.840710 0.823730 0.806998 
0.805285 0.821946 0.838851 0.856010 0.873436 0.891140 0.909138 0.927442 0.946070 0.965038 0.984365 1.004072 1.024181 1.044716 1.065705 1.087175 1.109160 1.131695 1.154820 1.178578 1.203017 1.228190 1.254158 1.280985 1.308744 1.337512 1.367375 1.398420 1.430735 1.464400 1.499468 1.535943 1.573722 1.612513 1.651689 1.690069 1.725645 1.755403 1.775585 1.782784 1.775585 1.755403 1.725645 1.690069 1.651689 1.612513 1.573722 1.535943 1.499468 1.464400 1.430735 1.398420 1.367375 1.337512 1.308744 1.280985 1.254158 1.228190 1.203017 1.178578 1.154820 1.131695 1.109160 1.087175 1.065705 1.044716 1.024181 1.004072 0.984365 0.965038 0.946070 0.927442 0.909138 0.891140 0.873436 0.856010 0.838851 0.821946 0.805285 
0.803157 0.819731 0.836542 0.853601 0.870920 0.888509 0.906381 0.924551 0.943032 0.961842 0.980996 1.000514 1.020416 1.040724 1.061461 1.082653 1.104329 1.126519 1.149256 1.172577 1.196522 1.221132 1.246454 1.272536 1.299429 1.327184 1.355852 1.385477 1.416090 1.447698 1.480265 1.513680 1.547708 1.581923 1.615598 1.647589 1.676227 1.699336 1.714529 1.719850 1.714529 1.699336 1.676227 1.647589 1.615598 1.581923 1.547708 1.513680 1.480265 1.447698 1.416090 1.385477 1.355852 1.327184 1.299429 1.272536 1.246454 1.221132 1.196522 1.172577 1.149256 1.126519 1.104329 1.082653 1.061461 1.040724 1.020416 1.000514 0.980996 0.961842 0.943032 0.924551 0.906381 0.888509 0.870920 0.853601 0.836542 0.819731 0.803157 
0.800620 0.817090 0.833791 0.850733 0.867924 0.885377 0.903102 0.921113 0.939423 0.958046 0.976998 0.996295 1.015955 1.035997 1.056442 1.077312 1.098630 1.120421 1.142713 1.165535 1.188915 1.212886 1.237479 1.262727 1.288658 1.315299 1.342667 1.370767 1.399582 1.429060 1.459096 1.489501 1.519968 1.550016 1.578929 1.605704 1.629027 1.647357 1.659152 1.663232 1.659152 1.647357 1.629027 1.605704 1.578929 1.550016 1.519968 1.489501 1.459096 1.429060 1.399582 1.370767 1.342667 1.315299 1.288658 1.262727 1.237479 1.212886 1.188915 1.165535 1.142713 1.120421 1.098630 1.077312 1.056442 1.035997 1.015955 0.996295 0.976998 0.958046 0.939423 0.921113 0.903102 0.885377 0.867924 0.850733 0.833791 0.817090 0.800620 
0.797681 0.814033 0.830608 0.847414 0.864460 0.881757 0.899315 0.917145 0.935259 0.953670 0.972392 0.991438 1.010825 1.030567 1.050683 1.071190 1.092107 1.113454 1.135252 1.157520 1.180280 1.203551 1.227353 1.251699 1.276602 1.302062 1.328071 1.354598 1.381590 1.408949 1.436526 1.464088 1.491299 1.517680 1.542582 1.565169 1.584434 1.599284 1.608694 1.611922 1.608694 1.599284 1.584434 1.565169 1.542582 1.517680 1.491299 1.464088 1.436526 1.408949 1.381590 1.354598 1.328071 1.302062 1.276602 1.251699 1.227353 1.203551 1.180280 1.157520 1.135252 1.113454 1.092107 1.071190 1.050683 1.030567 1.010825 0.991438 0.972392 0.953670 0.935259 0.917145 0.899315 0.881757 0.864460 0.847414 0.830608 0.814033 0.797681 
0.794350 0.810569 0.827002 0.843656 0.860540 0.877663 0.895033 0.912662 0.930558 0.948734 0.967201 0.985970 1.005054 1.024467 1.044221 1.064331 1.084811 1.105675 1.126937 1.148609 1.170704 1.193230 1.216195 1.239597 1.263430 1.287678 1.312305 1.337259 1.362455 1.387769 1.413023 1.437971 1.462275 1.485492 1.507058 1.526295 1.542438 1.554702 1.562389 1.565010 1.562389 1.554702 1.542438 1.526295 1.507058 1.485492 1.462275 1.437971 1.413023 1.387769 1.362455 1.337259 1.312305 1.287678 1.263430 1.239597 1.216195 1.193230 1.170704 1.148609 1.126937 1.105675 1.084811 1.064331 1.044221 1.024467 1.005054 0.985970 0.967201 0.948734 0.930558 0.912662 0.895033 0.877663 0.860540 0.843656 0.827002 0.810569 0.794350 
0.790635 0.806708 0.822984 0.839472 0.856178 0.873109 0.890274 0.907682 0.925341 0.943260 0.961449 0.979917 0.998674 1.017731 1.037096 1.056780 1.076793 1.097142 1.117836 1.138880 1.160278 1.182028 1.204126 1.226560 1.249308 1.272336 1.295593 1.319006 1.342473 1.365854 1.388961 1.411546 1.433293 1.453805 1.472607 1.489155 1.502866 1.513169 1.519575 1.521749 1.519575 1.513169 1.502866 1.489155 1.472607 1.453805 1.433293 1.411546 1.388961 1.365854 1.342473 1.319006 1.295593 1.272336 1.249308 1.226560 1.204126 1.182028 1.160278 1.138880 1.117836 1.097142 1.076793 1.056780 1.037096 1.017731 0.998674 0.979917 0.961449 0.943260 0.925341 0.907682 0.890274 0.873109 0.856178 0.839472 0.822984 0.806708 0.790635 
0.786546 0.802460 0.818568 0.834874 0.851387 0.868112 0.885056 0.902226 0.919629 0.937273 0.955164 0.973311 0.991719 1.010397 1.029350 1.048585 1.068106 1.087917 1.108019 1.128412 1.149090 1.170047 1.191265 1.212723 1.234387 1.256212 1.278132 1.300064 1.321895 1.343476 1.364623 1.385097 1.404612 1.422822 1.439331 1.453705 1.465496 1.474282 1.479711 1.481548 1.479711 1.474282 1.465496 1.453705 1.439331 1.422822 1.404612 1.385097 1.364623 1.343476 1.321895 1.300064 1.278132 1.256212 1.234387 1.212723 1.191265 1.170047 1.149090 1.128412 1.108019 1.087917 1.068106 1.048585 1.029350 1.010397 0.991719 0.973311 0.955164 0.937273 0.919629 0.902226 0.885056 0.868112 0.851387 0.834874 0.818568 0.802460 0.786546 
0.782096 0.797839 0.813764 0.829878 0.846184 0.862688 0.879396 0.896313 0.913445 0.930797 0.948374 0.966181 0.984223 1.002504 1.021026 1.039793 1.058804 1.078058 1.097553 1.117280 1.137229 1.157384 1.177721 1.198211 1.218810 1.239463 1.260098 1.280624 1.300923 1.320849 1.340222 1.358824 1.376398 1.392648 1.407247 1.419847 1.430101 1.437691 1.442359 1.443935 1.442359 1.437691 1.430101 1.419847 1.407247 1.392648 1.376398 1.358824 1.340222 1.320849 1.300923 1.280624 1.260098 1.239463 1.218810 1.198211 1.177721 1.157384 1.137229 1.117280 1.097553 1.078058 1.058804 1.039793 1.021026 1.002504 0.984223 0.966181 0.948374 0.930797 0.913445 0.896313 0.879396 0.862688 0.846184 0.829878 0.813764 0.797839 0.782096 
0.777294 0.792856 0.808589 0.824497 0.840584 0.856855 0.873314 0.889965 0.906812 0.923858 0.941106 0.958559 0.976220 0.994089 1.012167 1.030451 1.048940 1.067627 1.086504 1.105559 1.124776 1.144132 1.163599 1.183138 1.202701 1.222227 1.241640 1.260844 1.279723 1.298135 1.315913 1.332860 1.348748 1.363327 1.376325 1.387462 1.396469 1.403101 1.407165 1.408534 1.407165 1.403101 1.396469 1.387462 1.376325 1.363327 1.348748 1.332860 1.315913 1.298135 1.279723 1.260844 1.241640 1.222227 1.202701 1.183138 1.163599 1.144132 1.124776 1.105559 1.086504 1.067627 1.048940 1.030451 1.012167 0.994089 0.976220 0.958559 0.941106 0.923858 0.906812 0.889965 0.873314 0.856855 0.840584 0.824497 0.808589 0.792856 0.777294 
0.772154 0.787525 0.803055 0.818747 0.834605 0.850632 0.866831 0.883204 0.899754 0.916482 0.933390 0.950478 0.967746 0.985192 1.002815 1.020608 1.038567 1.056680 1.074937 1.093321 1.111810 1.130378 1.148991 1.167606 1.186172 1.204623 1.222881 1.240852 1.258423 1.275460 1.291809 1.307293 1.321715 1.334862 1.346509 1.356431 1.364412 1.370265 1.373840 1.375043 1.373840 1.370265 1.364412 1.356431 1.346509 1.334862 1.321715 1.307293 1.291809 1.275460 1.258423 1.240852 1.222881 1.204623 1.186172 1.167606 1.148991 1.130378 1.111810 1.093321 1.074937 1.056680 1.038567 1.020608 1.002815 0.985192 0.967746 0.950478 0.933390 0.916482 0.899754 0.883204 0.866831 0.850632 0.834605 0.818747 0.803055 0.787525 0.772154 
0.766688 0.781859 0.797177 0.812644 0.828264 0.844038 0.859967 0.876052 0.892296 0.908696 0.925254 0.941968 0.958835 0.975851 0.993012 1.010309 1.027734 1.045274 1.062912 1.080630 1.098403 1.116200 1.133983 1.151708 1.169320 1.186752 1.203928 1.220755 1.237125 1.252915 1.267984 1.282177 1.295321 1.307236 1.317736 1.326636 1.333765 1.338976 1.342151 1.343218 1.342151 1.338976 1.333765 1.326636 1.317736 1.307236 1.295321 1.282177 1.267984 1.252915 1.237125 1.220755 1.203928 1.186752 1.169320 1.151708 1.133983 1.116200 1.098403 1.080630 1.062912 1.045274 1.027734 1.010309 0.993012 0.975851 0.958835 0.941968 0.925254 0.908696 0.892296 0.876052 0.859967 0.844038 0.828264 0.812644 0.797177 0.781859 0.766688 
0.760909 0.775872 0.790970 0.806205 0.821578 0.837090 0.852742 0.868532 0.884461 0.900527 0.916728 0.933061 0.949522 0.966103 0.982799 0.999599 1.016491 1.033459 1.050487 1.067550 1.084621 1.101668 1.118651 1.135522 1.152227 1.168700 1.184865 1.200634 1.215906 1.230567 1.244492 1.257541 1.269568 1.280418 1.289936 1.297971 1.304385 1.309059 1.311901 1.312856 1.311901 1.309059 1.304385 1.297971 1.289936 1.280418 1.269568 1.257541 1.244492 1.230567 1.215906 1.200634 1.184865 1.168700 1.152227 1.135522 1.118651 1.101668 1.084621 1.067550 1.050487 1.033459 1.016491 0.999599 0.982799 0.966103 0.949522 0.933061 0.916728 0.900527 0.884461 0.868532 0.852742 0.837090 0.821578 0.806205 0.790970 0.775872 0.760909 
0.754830 0.769578 0.784450 0.799446 0.814566 0.829809 0.845177 0.860666 0.876274 0.892001 0.907840 0.923788 0.939839 0.955984 0.972215 0.988519 1.004881 1.021286 1.037712 1.054135 1.070524 1.086847 1.103061 1.119119 1.134966 1.150538 1.165763 1.180556 1.194824 1.208465 1.221364 1.233401 1.244446 1.254371 1.263043 1.270339 1.276145 1.280367 1.282930 1.283790 1.282930 1.280367 1.276145 1.270339 1.263043 1.254371 1.244446 1.233401 1.221364 1.208465 1.194824 1.180556 1.165763 1.150538 1.134966 1.119119 1.103061 1.086847 1.070524 1.054135 1.037712 1.021286 1.004881 0.988519 0.972215 0.955984 0.939839 0.923788 0.907840 0.892001 0.876274 0.860666 0.845177 0.829809 0.814566 0.799446 0.784450 0.769578 0.754830 
0.748463 0.762992 0.777631 0.792382 0.807244 0.822214 0.837292 0.852475 0.867759 0.883142 0.898617 0.914179 0.929819 0.945529 0.961296 0.977109 0.992949 1.008800 1.024638 1.040437 1.056167 1.071792 1.087272 1.102557 1.117596 1.132325 1.146676 1.160571 1.173923 1.186640 1.198620 1.209756 1.219938 1.229053 1.236992 1.243652 1.248938 1.252775 1.255101 1.255881 1.255101 1.252775 1.248938 1.243652 1.236992 1.229053 1.219938 1.209756 1.198620 1.186640 1.173923 1.160571 1.146676 1.132325 1.117596 1.102557 1.087272 1.071792 1.056167 1.040437 1.024638 1.008800 0.992949 0.977109 0.961296 0.945529 0.929819 0.914179 0.898617 0.883142 0.867759 0.852475 0.837292 0.822214 0.807244 0.792382 0.777631 0.762992 0.748463 
0.741824 0.756127 0.770530 0.785031 0.799630 0.814323 0.829108 0.843981 0.858939 0.873976 0.889086 0.904261 0.919492 0.934769 0.950078 0.965406 0.980734 0.996043 1.011308 1.026504 1.041598 1.056555 1.071334 1.085889 1.100167 1.114109 1.127650 1.140719 1.153235 1.165116 1.176269 1.186603 1.196020 1.204425 1.211724 1.217832 1.222671 1.226176 1.228299 1.229010 1.228299 1.226176 1.222671 1.217832 1.211724 1.204425 1.196020 1.186603 1.176269 1.165116 1.153235 1.140719 1.127650 1.114109 1.100167 1.085889 1.071334 1.056555 1.041598 1.026504 1.011308 0.996043 0.980734 0.965406 0.950078 0.934769 0.919492 0.904261 0.889086 0.873976 0.858939 0.843981 0.829108 0.814323 0.799630 0.785031 0.770530 0.756127 0.741824 
0.734924 0.748998 0.763160 0.777409 0.791741 0.806154 0.820644 0.835206 0.849836 0.864527 0.879273 0.894063 0.908888 0.923736 0.938594 0.953446 0.968272 0.983053 0.997764 1.012376 1.026860 1.041179 1.055293 1.069157 1.082721 1.095930 1.108721 1.121029 1.132782 1.143904 1.154314 1.163930 1.172668 1.180446 1.187184 1.192810 1.197259 1.200477 1.202425 1.203077 1.202425 1.200477 1.197259 1.192810 1.187184 1.180446 1.172668 1.163930 1.154314 1.143904 1.132782 1.121029 1.108721 1.095930 1.082721 1.069157 1.055293 1.041179 1.026860 1.012376 0.997764 0.983053 0.968272 0.953446 0.938594 0.923736 0.908888 0.894063 0.879273 0.864527 0.849836 0.835206 0.820644 0.806154 0.791741 0.777409 0.763160 0.748998 0.734924 
0.727776 0.741619 0.755538 0.769531 0.783595 0.797725 0.811919 0.826170 0.840472 0.854819 0.869201 0.883610 0.898034 0.912460 0.926875 0.941260 0.955598 0.969866 0.984040 0.998092 1.011991 1.025702 1.039185 1.052399 1.065294 1.077819 1.089916 1.101525 1.112580 1.123012 1.132751 1.141723 1.149856 1.157077 1.163321 1.168524 1.172632 1.175600 1.177395 1.177995 1.177395 1.175600 1.172632 1.168524 1.163321 1.157077 1.149856 1.141723 1.132751 1.123012 1.112580 1.101525 1.089916 1.077819 1.065294 1.052399 1.039185 1.025702 1.011991 0.998092 0.984040 0.969866 0.955598 0.941260 0.926875 0.912460 0.898034 0.883610 0.869201 0.854819 0.840472 0.826170 0.811919 0.797725 0.783595 0.769531 0.755538 0.741619 0.727776 
0.720395 0.734003 0.747677 0.761413 0.775207 0.789055 0.802952 0.816892 0.830868 0.844872 0.858895 0.872927 0.886956 0.900968 0.914948 0.928879 0.942741 0.956513 0.970170 0.983683 0.997024 1.010156 1.023044 1.035644 1.047913 1.059801 1.071256 1.082221 1.092637 1.102443 1.111574 1.119967 1.127557 1.134284 1.140089 1.144918 1.148726 1.151474 1.153135 1.153690 1.153135 1.151474 1.148726 1.144918 1.140089 1.134284 1.127557 1.119967 1.111574 1.102443 1.092637 1.082221 1.071256 1.059801 1.047913 1.035644 1.023044 1.010156 0.997024 0.983683 0.970170 0.956513 0.942741 0.928879 0.914948 0.900968 0.886956 0.872927 0.858895 0.844872 0.830868 0.816892 0.802952 0.789055 0.775207 0.761413 0.747677 0.734003 0.720395 
0.712792 0.726165 0.739592 0.753070 0.766595 0.780160 0.793762 0.807392 0.821044 0.834709 0.848377 0.862037 0.875678 0.889284 0.902840 0.916329 0.929731 0.943024 0.956183 0.969181 0.981988 0.994572 1.006895 1.018920 1.030603 1.041898 1.052758 1.063130 1.072960 1.082194 1.090774 1.098644 1.105748 1.112032 1.117446 1.121943 1.125485 1.128039 1.129581 1.130097 1.129581 1.128039 1.125485 1.121943 1.117446 1.112032 1.105748 1.098644 1.090774 1.082194 1.072960 1.063130 1.052758 1.041898 1.030603 1.018920 1.006895 0.994572 0.981988 0.969181 0.956183 0.943024 0.929731 0.916329 0.902840 0.889284 0.875678 0.862037 0.848377 0.834709 0.821044 0.807392 0.793762 0.780160 0.766595 0.753070 0.739592 0.726165 0.712792 
0.704981 0.718117 0.731298 0.744518 0.757773 0.771057 0.784364 0.797688 0.811019 0.824349 0.837667 0.850963 0.864223 0.877433 0.890576 0.903636 0.916593 0.929423 0.942105 0.954610 0.966909 0.978972 0.990764 1.002247 1.013381 1.024125 1.034433 1.044258 1.053551 1.062263 1.070342 1.077739 1.084404 1.090290 1.095353 1.099554 1.102860 1.105241 1.106678 1.107159 1.106678 1.105241 1.102860 1.099554 1.095353 1.090290 1.084404 1.077739 1.070342 1.062263 1.053551 1.044258 1.034433 1.024125 1.013381 1.002247 0.990764 0.978972 0.966909 0.954610 0.942105 0.929423 0.916593 0.903636 0.890576 0.877433 0.864223 0.850963 0.837667 0.824349 0.811019 0.797688 0.784364 0.771057 0.757773 0.744518 0.731298 0.718117 0.704981 
0.696973 0.709873 0.722806 0.735769 0.748756 0.761761 0.774777 0.787796 0.800811 0.813811 0.826786 0.839724 0.852612 0.865436 0.878178 0.890823 0.903349 0.915736 0.927959 0.939993 0.951810 0.963379 0.974669 0.985643 0.996264 1.006494 1.016290 1.025610 1.034409 1.042643 1.050265 1.057232 1.063500 1.069028 1.073776 1.077712 1.080806 1.083033 1.084376 1.084825 1.084376 1.083033 1.080806 1.077712 1.073776 1.069028 1.063500 1.057232 1.050265 1.042643 1.034409 1.025610 1.016290 1.006494 0.996264 0.985643 0.974669 0.963379 0.951810 0.939993 0.927959 0.915736 0.903349 0.890823 0.878178 0.865436 0.852612 0.839724 0.826786 0.813811 0.800811 0.787796 0.774777 0.761761 0.748756 0.735769 0.722806 0.709873 0.696973 
0.688781 0.701444 0.714132 0.726839 0.739559 0.752287 0.765014 0.777734 0.790436 0.803112 0.815751 0.828339 0.840865 0.853313 0.865667 0.877909 0.890021 0.901981 0.913765 0.925350 0.936708 0.947811 0.958626 0.969122 0.979264 0.989014 0.998336 1.007189 1.015533 1.023328 1.030533 1.037109 1.043016 1.048219 1.052683 1.056380 1.059284 1.061373 1.062632 1.063053 1.062632 1.061373 1.059284 1.056380 1.052683 1.048219 1.043016 1.037109 1.030533 1.023328 1.015533 1.007189 0.998336 0.989014 0.979264 0.969122 0.958626 0.947811 0.936708 0.925350 0.913765 0.901981 0.890021 0.877909 0.865667 0.853313 0.840865 0.828339 0.815751 0.803112 0.790436 0.777734 0.765014 0.752287 0.739559 0.726839 0.714132 0.701444 0.688781 
0.680416 0.692844 0.705287 0.717740 0.730196 0.742650 0.755092 0.767516 0.779912 0.792270 0.804579 0.816826 0.828999 0.841082 0.853060 0.864914 0.876627 0.888177 0.899543 0.910699 0.921622 0.932282 0.942650 0.952697 0.962389 0.971693 0.980573 0.988994 0.996918 1.004310 1.011133 1.017351 1.022930 1.027838 1.032046 1.035527 1.038258 1.040223 1.041407 1.041802 1.041407 1.040223 1.038258 1.035527 1.032046 1.027838 1.022930 1.017351 1.011133 1.004310 0.996918 0.988994 0.980573 0.971693 0.962389 0.952697 0.942650 0.932282 0.921622 0.910699 0.899543 0.888177 0.876627 0.864914 0.853060 0.841082 0.828999 0.816826 0.804579 0.792270 0.779912 0.767516 0.755092 0.742650 0.730196 0.717740 0.705287 0.692844 0.680416 
0.671888 0.684083 0.696283 0.708484 0.720680 0.732863 0.745025 0.757158 0.769254 0.781300 0.793287 0.805202 0.817031 0.828761 0.840374 0.851855 0.863184 0.874342 0.885307 0.896056 0.906564 0.916805 0.926753 0.936377 0.945648 0.954535 0.963004 0.971024 0.978561 0.985581 0.992053 0.997944 1.003223 1.007863 1.011837 1.015122 1.017698 1.019550 1.020665 1.021038 1.020665 1.019550 1.017698 1.015122 1.011837 1.007863 1.003223 0.997944 0.992053 0.985581 0.978561 0.971024 0.963004 0.954535 0.945648 0.936377 0.926753 0.916805 0.906564 0.896056 0.885307 0.874342 0.863184 0.851855 0.840374 0.828761 0.817031 0.805202 0.793287 0.781300 0.769254 0.757158 0.745025 0.732863 0.720680 0.708484 0.696283 0.684083 0.671888 
0.663210 0.675172 0.687133 0.699085 0.711023 0.722939 0.734826 0.746674 0.758474 0.770216 0.781889 0.793481 0.804977 0.816364 0.827626 0.838747 0.849707 0.860489 0.871071 0.881432 0.891547 0.901392 0.910942 0.920169 0.929046 0.937543 0.945630 0.953277 0.960455 0.967133 0.973282 0.978872 0.983877 0.988271 0.992032 0.995139 0.997573 0.999323 1.000377 1.000728 1.000377 0.999323 0.997573 0.995139 0.992032 0.988271 0.983877 0.978872 0.973282 0.967133 0.960455 0.953277 0.945630 0.937543 0.929046 0.920169 0.910942 0.901392 0.891547 0.881432 0.871071 0.860489 0.849707 0.838747 0.827626 0.816364 0.804977 0.793481 0.781889 0.770216 0.758474 0.746674 0.734826 0.722939 0.711023 0.699085 0.687133 0.675172 0.663210 
0.654391 0.666124 0.677846 0.689553 0.701237 0.712891 0.724507 0.736075 0.747587 0.759033 0.770400 0.781677 0.792850 0.803906 0.814829 0.825603 0.836210 0.846632 0.856848 0.866839 0.876581 0.886052 0.895227 0.904080 0.912587 0.920719 0.928449 0.935751 0.942596 0.948957 0.954807 0.960121 0.964874 0.969044 0.972610 0.975553 0.977859 0.979515 0.980513 0.980846 0.980513 0.979515 0.977859 0.975553 0.972610 0.969044 0.964874 0.960121 0.954807 0.948957 0.942596 0.935751 0.928449 0.920719 0.912587 0.904080 0.895227 0.886052 0.876581 0.866839 0.856848 0.846632 0.836210 0.825603 0.814829 0.803906 0.792850 0.781677 0.770400 0.759033 0.747587 0.736075 0.724507 0.712891 0.701237 0.689553 0.677846 0.666124 0.654391 
0.645442 0.656947 0.668435 0.679900 0.691334 0.702730 0.714080 0.725375 0.736606 0.747761 0.758831 0.769803 0.780663 0.791399 0.801995 0.812435 0.822703 0.832781 0.842649 0.852288 0.861676 0.870792 0.879612 0.888114 0.896273 0.904064 0.911462 0.918441 0.924977 0.931044 0.936619 0.941678 0.946199 0.950162 0.953549 0.956343 0.958531 0.960102 0.961048 0.961364 0.961048 0.960102 0.958531 0.956343 0.953549 0.950162 0.946199 0.941678 0.936619 0.931044 0.924977 0.918441 0.911462 0.904064 0.896273 0.888114 0.879612 0.870792 0.861676 0.852288 0.842649 0.832781 0.822703 0.812435 0.801995 0.791399 0.780663 0.769803 0.758831 0.747761 0.736606 0.725375 0.714080 0.702730 0.691334 0.679900 0.668435 0.656947 0.645442 
0.636371 0.647652 0.658909 0.670135 0.681324 0.692467 0.703557 0.714585 0.725541 0.736414 0.747195 0.757870 0.768428 0.778855 0.789136 0.799256 0.809198 0.818947 0.828482 0.837786 0.846838 0.855618 0.864104 0.872275 0.880107 0.887578 0.894665 0.901343 0.907592 0.913386 0.918706 0.923529 0.927836 0.931609 0.934832 0.937489 0.939568 0.941061 0.941959 0.942259 0.941959 0.941061 0.939568 0.937489 0.934832 0.931609 0.927836 0.923529 0.918706 0.913386 0.907592 0.901343 0.894665 0.887578 0.880107 0.872275 0.864104 0.855618 0.846838 0.837786 0.828482 0.818947 0.809198 0.799256 0.789136 0.778855 0.768428 0.757870 0.747195 0.736414 0.725541 0.714585 0.703557 0.692467 0.681324 0.670135 0.658909 0.647652 0.636371 
0.627188 0.638248 0.649277 0.660269 0.671217 0.682112 0.692948 0.703714 0.714403 0.725002 0.735502 0.745891 0.756156 0.766284 0.776262 0.786074 0.795705 0.805138 0.814356 0.823341 0.832074 0.840535 0.848706 0.856564 0.864089 0.871260 0.878056 0.884454 0.890434 0.895975 0.901058 0.905663 0.909772 0.913369 0.916440 0.918971 0.920951 0.922371 0.923226 0.923512 0.923226 0.922371 0.920951 0.918971 0.916440 0.913369 0.909772 0.905663 0.901058 0.895975 0.890434 0.884454 0.878056 0.871260 0.864089 0.856564 0.848706 0.840535 0.832074 0.823341 0.814356 0.805138 0.795705 0.786074 0.776262 0.766284 0.756156 0.745891 0.735502 0.725002 0.714403 0.703714 0.692948 0.682112 0.671217 0.660269 0.649277 0.638248 0.627188 
0.617902 0.628744 0.639549 0.650311 0.661022 0.671675 0.682262 0.692774 0.703202 0.713534 0.723762 0.733873 0.743855 0.753696 0.763382 0.772898 0.782230 0.791362 0.800277 0.808959 0.817389 0.825549 0.833420 0.840984 0.848220 0.855109 0.861632 0.867767 0.873497 0.878802 0.883665 0.888067 0.891993 0.895428 0.898358 0.900772 0.902660 0.904015 0.904830 0.905102 0.904830 0.904015 0.902660 0.900772 0.898358 0.895428 0.891993 0.888067 0.883665 0.878802 0.873497 0.867767 0.861632 0.855109 0.848220 0.840984 0.833420 0.825549 0.817389 0.808959 0.800277 0.791362 0.782230 0.772898 0.763382 0.753696 0.743855 0.733873 0.723762 0.713534 0.703202 0.692774 0.682262 0.671675 0.661022 0.650311 0.639549 0.628744 0.617902 
0.608520 0.619148 0.629733 0.640269 0.650749 0.661166 0.671510 0.681773 0.691947 0.702021 0.711984 0.721827 0.731536 0.741099 0.750504 0.759736 0.768782 0.777626 0.786252 0.794644 0.802787 0.810661 0.818250 0.825535 0.832499 0.839123 0.845390 0.851279 0.856776 0.861860 0.866518 0.870731 0.874487 0.877771 0.880571 0.882877 0.884681 0.885974 0.886751 0.887011 0.886751 0.885974 0.884681 0.882877 0.880571 0.877771 0.874487 0.870731 0.866518 0.861860 0.856776 0.851279 0.845390 0.839123 0.832499 0.825535 0.818250 0.810661 0.802787 0.794644 0.786252 0.777626 0.768782 0.759736 0.750504 0.741099 0.731536 0.721827 0.711984 0.702021 0.691947 0.681773 0.671510 0.661166 0.650749 0.640269 0.629733 0.619148 0.608520 
0.599051 0.609468 0.619838 0.630153 0.640406 0.650591 0.660699 0.670720 0.680647 0.690470 0.700177 0.709760 0.719205 0.728501 0.737636 0.746596 0.755367 0.763935 0.772286 0.780403 0.788271 0.795874 0.803196 0.810218 0.816926 0.823300 0.829326 0.834985 0.840263 0.845142 0.849607 0.853645 0.857242 0.860386 0.863066 0.865272 0.866996 0.868232 0.868976 0.869224 0.868976 0.868232 0.866996 0.865272 0.863066 0.860386 0.857242 0.853645 0.849607 0.845142 0.840263 0.834985 0.829326 0.823300 0.816926 0.810218 0.803196 0.795874 0.788271 0.780403 0.772286 0.763935 0.755367 0.746596 0.737636 0.728501 0.719205 0.709760 0.700177 0.690470 0.680647 0.670720 0.660699 0.650591 0.640406 0.630153 0.619838 0.609468 0.599051 
