63 63
2.816206e+00 0 5
-0.033579 -0.020966 -0.008461 0.003923 0.016172 0.028271 0.040205 0.051956 0.063505 0.074834 0.085921 0.096746 0.107285 0.117514 0.127408 0.136942 0.146088 0.154820 0.163109 0.170929 0.178250 0.185046 0.191289 0.196955 0.202018 0.206456 0.210249 0.213378 0.215828 0.217587 0.218646 0.218999 0.218646 0.217587 0.215828 0.213378 0.210249 0.206456 0.202018 0.196955 0.191289 0.185046 0.178250 0.170929 0.163109 0.154820 0.146088 0.136942 0.127408 0.117514 0.107285 0.096746 0.085921 0.074834 0.063505 0.051956 0.040205 0.028271 0.016172 0.003923 -0.008461 -0.020966 -0.033579 
-0.021176 -0.008247 0.004583 0.017300 0.029892 0.042342 0.054634 0.066750 0.078672 0.090379 0.101850 0.113062 0.123991 0.134612 0.144897 0.154820 0.164351 0.173461 0.182120 0.190297 0.197963 0.205086 0.211637 0.217587 0.222909 0.227578 0.231570 0.234866 0.237448 0.239303 0.240419 0.240792 0.240419 0.239303 0.237448 0.234866 0.231570 0.227578 0.222909 0.217587 0.211637 0.205086 0.197963 0.190297 0.182120 0.173461 0.164351 0.154820 0.144897 0.134612 0.123991 0.113062 0.101850 0.090379 0.078672 0.066750 0.054634 0.042342 0.029892 0.017300 0.004583 -0.008247 -0.021176 
-0.008890 0.004363 0.017527 0.030588 0.043533 0.056346 0.069009 0.081506 0.093817 0.105920 0.117794 0.129413 0.140754 0.151789 0.162490 0.172826 0.182768 0.192284 0.201340 0.209903 0.217939 0.225416 0.232300 0.238560 0.244164 0.249085 0.253297 0.256776 0.259503 0.261462 0.262642 0.263036 0.262642 0.261462 0.259503 0.256776 0.253297 0.249085 0.244164 0.238560 0.232300 0.225416 0.217939 0.209903 0.201340 0.192284 0.182768 0.172826 0.162490 0.151789 0.140754 0.129413 0.117794 0.105920 0.093817 0.081506 0.069009 0.056346 0.043533 0.030588 0.017527 0.004363 -0.008890 
0.003263 0.016849 0.030356 0.043772 0.057081 0.070270 0.083319 0.096212 0.108928 0.121445 0.133741 0.145790 0.157565 0.169039 0.180181 0.190959 0.201340 0.211289 0.220772 0.229751 0.238189 0.246050 0.253297 0.259894 0.265807 0.271004 0.275455 0.279135 0.282022 0.284097 0.285347 0.285764 0.285347 0.284097 0.282022 0.279135 0.275455 0.271004 0.265807 0.259894 0.253297 0.246050 0.238189 0.229751 0.220772 0.211289 0.201340 0.190959 0.180181 0.169039 0.157565 0.145790 0.133741 0.121445 0.108928 0.096212 0.083319 0.070270 0.057081 0.043772 0.030356 0.016849 0.003263 
0.015271 0.029197 0.043056 0.056836 0.070522 0.084098 0.097548 0.110853 0.123991 0.136942 0.149680 0.162180 0.174415 0.186353 0.197963 0.209211 0.220062 0.230477 0.240419 0.249848 0.258721 0.267000 0.274642 0.281608 0.287859 0.293360 0.298076 0.301978 0.305040 0.307243 0.308571 0.309014 0.308571 0.307243 0.305040 0.301978 0.298076 0.293360 0.287859 0.281608 0.274642 0.267000 0.258721 0.249848 0.240419 0.230477 0.220062 0.209211 0.197963 0.186353 0.174415 0.162180 0.149680 0.136942 0.123991 0.110853 0.097548 0.084098 0.070522 0.056836 0.043056 0.029197 0.015271 
0.027117 0.041391 0.055611 0.069765 0.083839 0.097816 0.111680 0.125412 0.138991 0.152394 0.165596 0.178571 0.191289 0.203720 0.215828 0.227578 0.238931 0.249848 0.260285 0.270200 0.279546 0.288280 0.296354 0.303725 0.310348 0.316183 0.321192 0.325339 0.328597 0.330942 0.332356 0.332828 0.332356 0.330942 0.328597 0.325339 0.321192 0.316183 0.310348 0.303725 0.296354 0.288280 0.279546 0.270200 0.260285 0.249848 0.238931 0.227578 0.215828 0.203720 0.191289 0.178571 0.165596 0.152394 0.138991 0.125412 0.111680 0.097816 0.083839 0.069765 0.055611 0.041391 0.027117 
0.038785 0.053414 0.068004 0.082541 0.097013 0.111404 0.125696 0.139871 0.153908 0.167784 0.181473 0.194947 0.208176 0.221127 0.233765 0.246050 0.257942 0.269397 0.280370 0.290811 0.300673 0.309903 0.318452 0.326267 0.333301 0.339506 0.344839 0.349260 0.352736 0.355239 0.356749 0.357254 0.356749 0.355239 0.352736 0.349260 0.344839 0.339506 0.333301 0.326267 0.318452 0.309903 0.300673 0.290811 0.280370 0.269397 0.257942 0.246050 0.233765 0.221127 0.208176 0.194947 0.181473 0.167784 0.153908 0.139871 0.125696 0.111404 0.097013 0.082541 0.068004 0.053414 0.038785 
0.050259 0.065249 0.080216 0.095146 0.110027 0.124843 0.139578 0.154212 0.168725 0.183093 0.197291 0.211289 0.225057 0.238560 0.251760 0.264617 0.277087 0.289122 0.300673 0.311687 0.322109 0.331884 0.340953 0.349260 0.356749 0.363365 0.369060 0.373786 0.377505 0.380186 0.381804 0.382345 0.381804 0.380186 0.377505 0.373786 0.369060 0.363365 0.356749 0.349260 0.340953 0.331884 0.322109 0.311687 0.300673 0.289122 0.277087 0.264617 0.251760 0.238560 0.225057 0.211289 0.197291 0.183093 0.168725 0.154212 0.139578 0.124843 0.110027 0.095146 0.080216 0.065249 0.050259 
0.061519 0.076877 0.092227 0.107558 0.122858 0.138111 0.153302 0.168411 0.183418 0.198299 0.213029 0.227578 0.241913 0.256000 0.269798 0.283265 0.296354 0.309014 0.321192 0.332828 0.343864 0.354236 0.363879 0.372730 0.380724 0.387800 0.393898 0.398967 0.402960 0.405841 0.407581 0.408163 0.407581 0.405841 0.402960 0.398967 0.393898 0.387800 0.380724 0.372730 0.363879 0.354236 0.343864 0.332828 0.321192 0.309014 0.296354 0.283265 0.269798 0.256000 0.241913 0.227578 0.213029 0.198299 0.183418 0.168411 0.153302 0.138111 0.122858 0.107558 0.092227 0.076877 0.061519 
0.072546 0.088276 0.104016 0.119756 0.135484 0.151185 0.166845 0.182444 0.197963 0.213378 0.228663 0.243788 0.258721 0.273425 0.287859 0.301978 0.315731 0.329065 0.341921 0.354236 0.365943 0.376972 0.387250 0.396705 0.405263 0.412852 0.419406 0.424861 0.429164 0.432272 0.434150 0.434778 0.434150 0.432272 0.429164 0.424861 0.419406 0.412852 0.405263 0.396705 0.387250 0.376972 0.365943 0.354236 0.341921 0.329065 0.315731 0.301978 0.287859 0.273425 0.258721 0.243788 0.228663 0.213378 0.197963 0.182444 0.166845 0.151185 0.135484 0.119756 0.104016 0.088276 0.072546 
0.083319 0.099425 0.115561 0.131716 0.147880 0.164040 0.180181 0.196285 0.212332 0.228301 0.244164 0.259894 0.275455 0.290811 0.305920 0.320734 0.335200 0.349260 0.362852 0.375907 0.388350 0.400103 0.411086 0.421215 0.430404 0.438572 0.445639 0.451533 0.456189 0.459554 0.461590 0.462271 0.461590 0.459554 0.456189 0.451533 0.445639 0.438572 0.430404 0.421215 0.411086 0.400103 0.388350 0.375907 0.362852 0.349260 0.335200 0.320734 0.305920 0.290811 0.275455 0.259894 0.244164 0.228301 0.212332 0.196285 0.180181 0.164040 0.147880 0.131716 0.115561 0.099425 0.083319 
0.093817 0.110302 0.126837 0.143413 0.160021 0.176648 0.193280 0.209903 0.226495 0.243037 0.259503 0.275862 0.292083 0.308128 0.323952 0.339506 0.354737 0.369582 0.383972 0.397834 0.411086 0.423641 0.435407 0.446289 0.456189 0.465011 0.472662 0.479056 0.484115 0.487778 0.489995 0.490737 0.489995 0.487778 0.484115 0.479056 0.472662 0.465011 0.456189 0.446289 0.435407 0.423641 0.411086 0.397834 0.383972 0.369582 0.354737 0.339506 0.323952 0.308128 0.292083 0.275862 0.259503 0.243037 0.226495 0.209903 0.193280 0.176648 0.160021 0.143413 0.126837 0.110302 0.093817 
0.104016 0.120882 0.137819 0.154820 0.171876 0.188978 0.206113 0.223266 0.240419 0.257553 0.274642 0.291659 0.308571 0.325339 0.341921 0.358265 0.374315 0.390005 0.405263 0.420008 0.434150 0.447592 0.460232 0.471959 0.482662 0.492227 0.500546 0.507514 0.513039 0.517044 0.519472 0.520285 0.519472 0.517044 0.513039 0.507514 0.500546 0.492227 0.482662 0.471959 0.460232 0.447592 0.434150 0.420008 0.405263 0.390005 0.374315 0.358265 0.341921 0.325339 0.308571 0.291659 0.274642 0.257553 0.240419 0.223266 0.206113 0.188978 0.171876 0.154820 0.137819 0.120882 0.104016 
0.113894 0.131139 0.148479 0.165908 0.183418 0.201001 0.218646 0.236340 0.254067 0.271809 0.289543 0.307243 0.324876 0.342406 0.359788 0.376972 0.393898 0.410500 0.426699 0.442408 0.457531 0.471959 0.485575 0.498256 0.509870 0.520285 0.529371 0.537002 0.543068 0.547474 0.550147 0.551043 0.550147 0.547474 0.543068 0.537002 0.529371 0.520285 0.509870 0.498256 0.485575 0.471959 0.457531 0.442408 0.426699 0.410500 0.393898 0.376972 0.359788 0.342406 0.324876 0.307243 0.289543 0.271809 0.254067 0.236340 0.218646 0.201001 0.183418 0.165908 0.148479 0.131139 0.113894 
0.123424 0.141049 0.158791 0.176648 0.194613 0.212680 0.230841 0.249085 0.267398 0.285764 0.304163 0.322569 0.340953 0.359280 0.377505 0.395580 0.413443 0.431025 0.448246 0.465011 0.481215 0.496738 0.511451 0.525209 0.537862 0.549253 0.559227 0.567632 0.574331 0.579206 0.582169 0.583164 0.582169 0.579206 0.574331 0.567632 0.559227 0.549253 0.537862 0.525209 0.511451 0.496738 0.481215 0.465011 0.448246 0.431025 0.413443 0.395580 0.377505 0.359280 0.340953 0.322569 0.304163 0.285764 0.267398 0.249085 0.230841 0.212680 0.194613 0.176648 0.158791 0.141049 0.123424 
0.132583 0.150583 0.168725 0.187008 0.205428 0.223981 0.242662 0.261462 0.280370 0.299372 0.318452 0.337586 0.356749 0.375907 0.395018 0.414035 0.432896 0.451533 0.469859 0.487778 0.505174 0.521918 0.537862 0.552843 0.566687 0.579206 0.590215 0.599527 0.606974 0.612408 0.615717 0.616827 0.615717 0.612408 0.606974 0.599527 0.590215 0.579206 0.566687 0.552843 0.537862 0.521918 0.505174 0.487778 0.469859 0.451533 0.432896 0.414035 0.395018 0.375907 0.356749 0.337586 0.318452 0.299372 0.280370 0.261462 0.242662 0.223981 0.205428 0.187008 0.168725 0.150583 0.132583 
0.141344 0.159713 0.178250 0.196955 0.215828 0.234866 0.254067 0.273425 0.292934 0.312582 0.332356 0.352237 0.372204 0.392224 0.412263 0.432272 0.452194 0.471959 0.491482 0.510659 0.529371 0.547474 0.564805 0.581179 0.596391 0.610223 0.622445 0.632833 0.641172 0.647276 0.651001 0.652253 0.651001 0.647276 0.641172 0.632833 0.622445 0.610223 0.596391 0.581179 0.564805 0.547474 0.529371 0.510659 0.491482 0.471959 0.452194 0.432272 0.412263 0.392224 0.372204 0.352237 0.332356 0.312582 0.292934 0.273425 0.254067 0.234866 0.215828 0.196955 0.178250 0.159713 0.141344 
0.149680 0.168411 0.187335 0.206456 0.225776 0.245295 0.265013 0.284930 0.305040 0.325339 0.345817 0.366460 0.387250 0.408163 0.429164 0.450214 0.471258 0.492227 0.513039 0.533588 0.553747 0.573365 0.592259 0.610223 0.627017 0.642383 0.656042 0.667714 0.677129 0.684047 0.688280 0.689705 0.688280 0.684047 0.677129 0.667714 0.656042 0.642383 0.627017 0.610223 0.592259 0.573365 0.553747 0.533588 0.513039 0.492227 0.471258 0.450214 0.429164 0.408163 0.387250 0.366460 0.345817 0.325339 0.305040 0.284930 0.265013 0.245295 0.225776 0.206456 0.187335 0.168411 0.149680 
0.157565 0.176648 0.195950 0.215477 0.235234 0.255226 0.275455 0.295925 0.316636 0.337586 0.358772 0.380186 0.401815 0.423641 0.445639 0.467773 0.489995 0.512244 0.534438 0.556475 0.578225 0.599527 0.620185 0.639966 0.658596 0.675765 0.691137 0.704359 0.715087 0.723007 0.727868 0.729508 0.727868 0.723007 0.715087 0.704359 0.691137 0.675765 0.658596 0.639966 0.620185 0.599527 0.578225 0.556475 0.534438 0.512244 0.489995 0.467773 0.445639 0.423641 0.401815 0.380186 0.358772 0.337586 0.316636 0.295925 0.275455 0.255226 0.235234 0.215477 0.195950 0.176648 0.157565 
0.164973 0.184394 0.204061 0.223981 0.244164 0.264617 0.285347 0.306360 0.327664 0.349260 0.371153 0.393339 0.415816 0.438572 0.461590 0.484845 0.508297 0.531894 0.555563 0.579206 0.602696 0.625868 0.648513 0.670373 0.691137 0.710439 0.727868 0.742981 0.755330 0.764501 0.770154 0.772064 0.770154 0.764501 0.755330 0.742981 0.727868 0.710439 0.691137 0.670373 0.648513 0.625868 0.602696 0.579206 0.555563 0.531894 0.508297 0.484845 0.461590 0.438572 0.415816 0.393339 0.371153 0.349260 0.327664 0.306360 0.285347 0.264617 0.244164 0.223981 0.204061 0.184394 0.164973 
0.171876 0.191621 0.211637 0.231935 0.252528 0.273425 0.294640 0.316183 0.338065 0.360297 0.382886 0.405841 0.429164 0.452856 0.476911 0.501313 0.526037 0.551043 0.576272 0.601636 0.627017 0.652253 0.677129 0.701367 0.724618 0.746454 0.766373 0.783815 0.798195 0.808954 0.815620 0.817880 0.815620 0.808954 0.798195 0.783815 0.766373 0.746454 0.724618 0.701367 0.677129 0.652253 0.627017 0.601636 0.576272 0.551043 0.526037 0.501313 0.476911 0.452856 0.429164 0.405841 0.382886 0.360297 0.338065 0.316183 0.294640 0.273425 0.252528 0.231935 0.211637 0.191621 0.171876 
0.178250 0.198299 0.218646 0.239303 0.260285 0.281608 0.303287 0.325339 0.347781 0.370628 0.393898 0.417606 0.441766 0.466389 0.491482 0.517044 0.543068 0.569531 0.596391 0.623582 0.651001 0.678499 0.705867 0.732816 0.758962 0.783815 0.806767 0.827111 0.844072 0.856882 0.864875 0.867594 0.864875 0.856882 0.844072 0.827111 0.806767 0.783815 0.758962 0.732816 0.705867 0.678499 0.651001 0.623582 0.596391 0.569531 0.543068 0.517044 0.491482 0.466389 0.441766 0.417606 0.393898 0.370628 0.347781 0.325339 0.303287 0.281608 0.260285 0.239303 0.218646 0.198299 0.178250 
0.184068 0.204402 0.225057 0.246050 0.267398 0.289122 0.311240 0.333775 0.356749 0.380186 0.404110 0.428546 0.453520 0.479056 0.505174 0.531894 0.559227 0.587173 0.615717 0.644819 0.674407 0.704359 0.734484 0.764501 0.794008 0.822456 0.849123 0.873116 0.893406 0.908920 0.918688 0.922027 0.918688 0.908920 0.893406 0.873116 0.849123 0.822456 0.794008 0.764501 0.734484 0.704359 0.674407 0.644819 0.615717 0.587173 0.559227 0.531894 0.505174 0.479056 0.453520 0.428546 0.404110 0.380186 0.356749 0.333775 0.311240 0.289122 0.267398 0.246050 0.225057 0.204402 0.184068 
0.189308 0.209903 0.230841 0.252144 0.273831 0.295925 0.318452 0.341437 0.364910 0.388901 0.413443 0.438572 0.464324 0.490737 0.517852 0.545704 0.574331 0.603760 0.634010 0.665079 0.696938 0.729508 0.762642 0.796094 0.829469 0.862184 0.893406 0.922027 0.946676 0.965830 0.978039 0.982240 0.978039 0.965830 0.946676 0.922027 0.893406 0.862184 0.829469 0.796094 0.762642 0.729508 0.696938 0.665079 0.634010 0.603760 0.574331 0.545704 0.517852 0.490737 0.464324 0.438572 0.413443 0.388901 0.364910 0.341437 0.318452 0.295925 0.273831 0.252144 0.230841 0.209903 0.189308 
0.193946 0.214776 0.235971 0.257553 0.279546 0.301978 0.324876 0.348273 0.372204 0.396705 0.421820 0.447592 0.474072 0.501313 0.529371 0.558307 0.588183 0.619062 0.651001 0.684047 0.718228 0.753532 0.789885 0.827111 0.864875 0.902604 0.939393 0.973905 1.004334 1.028497 1.044162 1.049603 1.044162 1.028497 1.004334 0.973905 0.939393 0.902604 0.864875 0.827111 0.789885 0.753532 0.718228 0.684047 0.651001 0.619062 0.588183 0.558307 0.529371 0.501313 0.474072 0.447592 0.421820 0.396705 0.372204 0.348273 0.324876 0.301978 0.279546 0.257553 0.235971 0.214776 0.193946 
0.197963 0.218999 0.240419 0.262248 0.284513 0.307243 0.330472 0.354236 0.378575 0.403535 0.429164 0.455520 0.482662 0.510659 0.539588 0.569531 0.600580 0.632833 0.666394 0.701367 0.737852 0.775925 0.815620 0.856882 0.899502 0.943009 0.986511 1.028497 1.066652 1.097848 1.118562 1.125854 1.118562 1.097848 1.066652 1.028497 0.986511 0.943009 0.899502 0.856882 0.815620 0.775925 0.737852 0.701367 0.666394 0.632833 0.600580 0.569531 0.539588 0.510659 0.482662 0.455520 0.429164 0.403535 0.378575 0.354236 0.330472 0.307243 0.284513 0.262248 0.240419 0.218999 0.197963 
0.201340 0.222552 0.244164 0.266204 0.288701 0.311687 0.335200 0.359280 0.383972 0.409329 0.435407 0.462271 0.489995 0.518661 0.548362 0.579206 0.611313 0.644819 0.679876 0.716653 0.755330 0.796094 0.839116 0.884519 0.932307 0.982240 1.033613 1.084912 1.133360 1.174569 1.202880 1.213051 1.202880 1.174569 1.133360 1.084912 1.033613 0.982240 0.932307 0.884519 0.839116 0.796094 0.755330 0.716653 0.679876 0.644819 0.611313 0.579206 0.548362 0.518661 0.489995 0.462271 0.435407 0.409329 0.383972 0.359280 0.335200 0.311687 0.288701 0.266204 0.244164 0.222552 0.201340 
0.204061 0.225416 0.247185 0.269397 0.292083 0.315280 0.339025 0.363365 0.388350 0.414035 0.440485 0.467773 0.495982 0.525209 0.555563 0.587173 0.620185 0.654773 0.691137 0.729508 0.770154 0.813380 0.859520 0.908920 0.961884 1.018558 1.078680 1.141090 1.202880 1.258273 1.298238 1.313046 1.298238 1.258273 1.202880 1.141090 1.078680 1.018558 0.961884 0.908920 0.859520 0.813380 0.770154 0.729508 0.691137 0.654773 0.620185 0.587173 0.555563 0.525209 0.495982 0.467773 0.440485 0.414035 0.388350 0.363365 0.339025 0.315280 0.292083 0.269397 0.247185 0.225416 0.204061 
0.206113 0.227578 0.249466 0.271809 0.294640 0.317997 0.341921 0.366460 0.391668 0.417606 0.444343 0.471959 0.500546 0.530210 0.561075 0.593287 0.627017 0.662468 0.699883 0.739551 0.781821 0.827111 0.875921 0.928835 0.986511 1.049603 1.118562 1.193094 1.270926 1.345431 1.402954 1.425275 1.402954 1.345431 1.270926 1.193094 1.118562 1.049603 0.986511 0.928835 0.875921 0.827111 0.781821 0.739551 0.699883 0.662468 0.627017 0.593287 0.561075 0.530210 0.500546 0.471959 0.444343 0.417606 0.391668 0.366460 0.341921 0.317997 0.294640 0.271809 0.249466 0.227578 0.206113 
0.207487 0.229025 0.250994 0.273425 0.296354 0.319819 0.343864 0.368538 0.393898 0.420008 0.446940 0.474779 0.503624 0.533588 0.564805 0.597433 0.631660 0.667714 0.705867 0.746454 0.789885 0.836671 0.887448 0.943009 1.004334 1.072596 1.149061 1.234677 1.328740 1.425275 1.506148 1.539538 1.506148 1.425275 1.328740 1.234677 1.149061 1.072596 1.004334 0.943009 0.887448 0.836671 0.789885 0.746454 0.705867 0.667714 0.631660 0.597433 0.564805 0.533588 0.503624 0.474779 0.446940 0.420008 0.393898 0.368538 0.343864 0.319819 0.296354 0.273425 0.250994 0.229025 0.207487 
0.208176 0.229751 0.251760 0.274236 0.297214 0.320734 0.344839 0.369582 0.395018 0.421215 0.448246 0.476199 0.505174 0.535291 0.566687 0.599527 0.634010 0.670373 0.708907 0.749970 0.794008 0.841582 0.893406 0.950395 1.013729 1.084912 1.165782 1.258273 1.363251 1.476414 1.577572 1.621696 1.577572 1.476414 1.363251 1.258273 1.165782 1.084912 1.013729 0.950395 0.893406 0.841582 0.794008 0.749970 0.708907 0.670373 0.634010 0.599527 0.566687 0.535291 0.505174 0.476199 0.448246 0.421215 0.395018 0.369582 0.344839 0.320734 0.297214 0.274236 0.251760 0.229751 0.208176 
0.208262 0.229841 0.251856 0.274338 0.297322 0.320848 0.344961 0.369712 0.395159 0.421366 0.448409 0.476376 0.505369 0.535504 0.566923 0.599790 0.634305 0.670707 0.709289 0.750413 0.794528 0.842203 0.894160 0.951334 1.014928 1.086494 1.167951 1.261379 1.367900 1.483546 1.587961 1.633914 1.587961 1.483546 1.367900 1.261379 1.167951 1.086494 1.014928 0.951334 0.894160 0.842203 0.794528 0.750413 0.709289 0.670707 0.634305 0.599790 0.566923 0.535504 0.505369 0.476376 0.448409 0.421366 0.395159 0.369712 0.344961 0.320848 0.297322 0.274338 0.251856 0.229841 0.208262 
0.208172 0.229747 0.251756 0.274232 0.297209 0.320729 0.344834 0.369576 0.395012 0.421208 0.448239 0.476191 0.505166 0.535281 0.566676 0.599516 0.633997 0.670358 0.708890 0.749951 0.793986 0.841556 0.893374 0.950355 1.013677 1.084844 1.165689 1.258139 1.363051 1.476108 1.577129 1.621177 1.577129 1.476108 1.363051 1.258139 1.165689 1.084844 1.013677 0.950355 0.893374 0.841556 0.793986 0.749951 0.708890 0.670358 0.633997 0.599516 0.566676 0.535281 0.505166 0.476191 0.448239 0.421208 0.395012 0.369576 0.344834 0.320729 0.297209 0.274232 0.251756 0.229747 0.208172 
0.207476 0.229013 0.250982 0.273412 0.296340 0.319804 0.343848 0.368521 0.393880 0.419988 0.446919 0.474756 0.503599 0.533560 0.564774 0.597399 0.631623 0.667671 0.705818 0.746397 0.789819 0.836593 0.887353 0.942891 1.004185 1.072401 1.148799 1.234313 1.328217 1.424523 1.505133 1.538391 1.505133 1.424523 1.328217 1.234313 1.148799 1.072401 1.004185 0.942891 0.887353 0.836593 0.789819 0.746397 0.705818 0.667671 0.631623 0.597399 0.564774 0.533560 0.503599 0.474756 0.446919 0.419988 0.393880 0.368521 0.343848 0.319804 0.296340 0.273412 0.250982 0.229013 0.207476 
0.206095 0.227558 0.249446 0.271788 0.294617 0.317972 0.341895 0.366432 0.391638 0.417574 0.444308 0.471921 0.500504 0.530164 0.561025 0.593232 0.626955 0.662398 0.699803 0.739459 0.781714 0.826985 0.875769 0.928650 0.986279 1.049307 1.118175 1.192577 1.270229 1.344505 1.401804 1.424024 1.401804 1.344505 1.270229 1.192577 1.118175 1.049307 0.986279 0.928650 0.875769 0.826985 0.781714 0.739459 0.699803 0.662398 0.626955 0.593232 0.561025 0.530164 0.500504 0.471921 0.444308 0.417574 0.391638 0.366432 0.341895 0.317972 0.294617 0.271788 0.249446 0.227558 0.206095 
0.204035 0.225389 0.247157 0.269367 0.292051 0.315246 0.338989 0.363327 0.388308 0.413990 0.440436 0.467720 0.495925 0.525147 0.555495 0.587097 0.620101 0.654678 0.691029 0.729384 0.770011 0.813212 0.859320 0.908679 0.961590 1.018192 1.078217 1.140500 1.202129 1.257344 1.297156 1.311900 1.297156 1.257344 1.202129 1.140500 1.078217 1.018192 0.961590 0.908679 0.859320 0.813212 0.770011 0.729384 0.691029 0.654678 0.620101 0.587097 0.555495 0.525147 0.495925 0.467720 0.440436 0.413990 0.388308 0.363327 0.338989 0.315246 0.292051 0.269367 0.247157 0.225389 0.204035 
0.201307 0.222517 0.244128 0.266165 0.288660 0.311644 0.335154 0.359230 0.383920 0.409273 0.435346 0.462205 0.489923 0.518582 0.548276 0.579111 0.611208 0.644701 0.679743 0.716501 0.755156 0.795891 0.838878 0.884237 0.931969 0.981830 1.033113 1.084302 1.132623 1.173705 1.201916 1.212048 1.201916 1.173705 1.132623 1.084302 1.033113 0.981830 0.931969 0.884237 0.838878 0.795891 0.755156 0.716501 0.679743 0.644701 0.611208 0.579111 0.548276 0.518582 0.489923 0.462205 0.435346 0.409273 0.383920 0.359230 0.335154 0.311644 0.288660 0.266165 0.244128 0.222517 0.201307 
0.197923 0.218957 0.240375 0.262202 0.284464 0.307191 0.330416 0.354176 0.378512 0.403467 0.429091 0.455441 0.482576 0.510566 0.539485 0.569418 0.600455 0.632694 0.666238 0.701191 0.737652 0.775695 0.815354 0.856572 0.899138 0.942578 0.986002 1.027898 1.065958 1.097065 1.117712 1.124980 1.117712 1.097065 1.065958 1.027898 0.986002 0.942578 0.899138 0.856572 0.815354 0.775695 0.737652 0.701191 0.666238 0.632694 0.600455 0.569418 0.539485 0.510566 0.482576 0.455441 0.429091 0.403467 0.378512 0.354176 0.330416 0.307191 0.284464 0.262202 0.240375 0.218957 0.197923 
0.193900 0.214727 0.235919 0.257498 0.279489 0.301917 0.324812 0.348204 0.372130 0.396626 0.421735 0.447501 0.473973 0.501205 0.529254 0.558178 0.588042 0.618905 0.650826 0.683852 0.718007 0.753282 0.789599 0.826783 0.864497 0.902168 0.938891 0.973332 1.003690 1.027789 1.043410 1.048835 1.043410 1.027789 1.003690 0.973332 0.938891 0.902168 0.864497 0.826783 0.789599 0.753282 0.718007 0.683852 0.650826 0.618905 0.588042 0.558178 0.529254 0.501205 0.473973 0.447501 0.421735 0.396626 0.372130 0.348204 0.324812 0.301917 0.279489 0.257498 0.235919 0.214727 0.193900 
0.189255 0.209847 0.230783 0.252082 0.273765 0.295856 0.318378 0.341359 0.364826 0.388812 0.413348 0.438469 0.464213 0.490618 0.517721 0.545562 0.574175 0.603588 0.633820 0.664868 0.696702 0.729243 0.762344 0.795756 0.829088 0.861752 0.892921 0.921486 0.946081 0.965189 0.977368 0.981558 0.977368 0.965189 0.946081 0.921486 0.892921 0.861752 0.829088 0.795756 0.762344 0.729243 0.696702 0.664868 0.633820 0.603588 0.574175 0.545562 0.517721 0.490618 0.464213 0.438469 0.413348 0.388812 0.364826 0.341359 0.318378 0.295856 0.273765 0.252082 0.230783 0.209847 0.189255 
0.184009 0.204340 0.224991 0.245981 0.267326 0.289045 0.311159 0.333688 0.356657 0.380087 0.404005 0.428433 0.453399 0.478924 0.505032 0.531740 0.559058 0.586988 0.615514 0.644596 0.674160 0.704084 0.734179 0.764160 0.793629 0.822034 0.848657 0.872606 0.892856 0.908336 0.918083 0.921414 0.918083 0.908336 0.892856 0.872606 0.848657 0.822034 0.793629 0.764160 0.734179 0.704084 0.674160 0.644596 0.615514 0.586988 0.559058 0.531740 0.505032 0.478924 0.453399 0.428433 0.404005 0.380087 0.356657 0.333688 0.311159 0.289045 0.267326 0.245981 0.224991 0.204340 0.184009 
0.178184 0.198231 0.218573 0.239227 0.260205 0.281524 0.303198 0.325245 0.347680 0.370521 0.393784 0.417484 0.441635 0.466248 0.491329 0.516880 0.542890 0.569336 0.596179 0.623349 0.650746 0.678219 0.705558 0.732476 0.758589 0.783406 0.806323 0.826632 0.843562 0.856347 0.864323 0.867036 0.864323 0.856347 0.843562 0.826632 0.806323 0.783406 0.758589 0.732476 0.705558 0.678219 0.650746 0.623349 0.596179 0.569336 0.542890 0.516880 0.491329 0.466248 0.441635 0.417484 0.393784 0.370521 0.347680 0.325245 0.303198 0.281524 0.260205 0.239227 0.218573 0.198231 0.178184 
0.171805 0.191546 0.211558 0.231853 0.252441 0.273334 0.294544 0.316081 0.337957 0.360182 0.382764 0.405710 0.429025 0.452707 0.476750 0.501139 0.525850 0.550841 0.576052 0.601397 0.626757 0.651970 0.676820 0.701032 0.724253 0.746059 0.765949 0.783363 0.797719 0.808458 0.815113 0.817368 0.815113 0.808458 0.797719 0.783363 0.765949 0.746059 0.724253 0.701032 0.676820 0.651970 0.626757 0.601397 0.576052 0.550841 0.525850 0.501139 0.476750 0.452707 0.429025 0.405710 0.382764 0.360182 0.337957 0.316081 0.294544 0.273334 0.252441 0.231853 0.211558 0.191546 0.171805 
0.164896 0.184313 0.203976 0.223893 0.244071 0.264519 0.285244 0.306251 0.327548 0.349138 0.371023 0.393201 0.415669 0.438415 0.461422 0.484664 0.508103 0.531686 0.555338 0.578963 0.602434 0.625584 0.648206 0.670043 0.690782 0.710060 0.727464 0.742555 0.754885 0.764040 0.769684 0.771591 0.769684 0.764040 0.754885 0.742555 0.727464 0.710060 0.690782 0.670043 0.648206 0.625584 0.602434 0.578963 0.555338 0.531686 0.508103 0.484664 0.461422 0.438415 0.415669 0.393201 0.371023 0.349138 0.327548 0.306251 0.285244 0.264519 0.244071 0.223893 0.203976 0.184313 0.164896 
0.157483 0.176562 0.195860 0.215383 0.235135 0.255122 0.275346 0.295810 0.316514 0.337457 0.358636 0.380041 0.401661 0.423478 0.445464 0.467586 0.489796 0.512030 0.534209 0.556230 0.577962 0.599245 0.619883 0.639643 0.658251 0.675400 0.690751 0.703955 0.714667 0.722575 0.727429 0.729066 0.727429 0.722575 0.714667 0.703955 0.690751 0.675400 0.658251 0.639643 0.619883 0.599245 0.577962 0.556230 0.534209 0.512030 0.489796 0.467586 0.445464 0.423478 0.401661 0.380041 0.358636 0.337457 0.316514 0.295810 0.275346 0.255122 0.235135 0.215383 0.195860 0.176562 0.157483 
0.149593 0.168320 0.187240 0.206357 0.225671 0.245185 0.264898 0.284809 0.304913 0.325205 0.345675 0.366310 0.387091 0.407994 0.428985 0.450023 0.471054 0.492011 0.512808 0.533342 0.553485 0.573085 0.591962 0.609907 0.626683 0.642031 0.655673 0.667330 0.676732 0.683641 0.687868 0.689290 0.687868 0.683641 0.676732 0.667330 0.655673 0.642031 0.626683 0.609907 0.591962 0.573085 0.553485 0.533342 0.512808 0.492011 0.471054 0.450023 0.428985 0.407994 0.387091 0.366310 0.345675 0.325205 0.304913 0.284809 0.264898 0.245185 0.225671 0.206357 0.187240 0.168320 0.149593 
0.141252 0.159617 0.178150 0.196850 0.215718 0.234752 0.253947 0.273299 0.292801 0.312442 0.332209 0.352082 0.372040 0.392051 0.412079 0.432077 0.451988 0.471740 0.491249 0.510413 0.529110 0.547197 0.564512 0.580870 0.596067 0.609883 0.622092 0.632467 0.640795 0.646892 0.650612 0.651862 0.650612 0.646892 0.640795 0.632467 0.622092 0.609883 0.596067 0.580870 0.564512 0.547197 0.529110 0.510413 0.491249 0.471740 0.451988 0.432077 0.412079 0.392051 0.372040 0.352082 0.332209 0.312442 0.292801 0.273299 0.253947 0.234752 0.215718 0.196850 0.178150 0.159617 0.141252 
0.132487 0.150482 0.168620 0.186898 0.205314 0.223862 0.242537 0.261331 0.280232 0.299228 0.318300 0.337427 0.356581 0.375729 0.394831 0.413837 0.432688 0.451313 0.469627 0.487532 0.504915 0.521645 0.537575 0.552543 0.566372 0.578879 0.589875 0.599177 0.606615 0.612043 0.615347 0.616457 0.615347 0.612043 0.606615 0.599177 0.589875 0.578879 0.566372 0.552543 0.537575 0.521645 0.504915 0.487532 0.469627 0.451313 0.432688 0.413837 0.394831 0.375729 0.356581 0.337427 0.318300 0.299228 0.280232 0.261331 0.242537 0.223862 0.205314 0.186898 0.168620 0.150482 0.132487 
0.123324 0.140944 0.158682 0.176534 0.194495 0.212557 0.230712 0.248950 0.267257 0.285616 0.304007 0.322406 0.340782 0.359099 0.377316 0.395380 0.413233 0.430805 0.448014 0.464767 0.480959 0.496470 0.511170 0.524916 0.537557 0.548937 0.558900 0.567296 0.573988 0.578858 0.581818 0.582811 0.581818 0.578858 0.573988 0.567296 0.558900 0.548937 0.537557 0.524916 0.511170 0.496470 0.480959 0.464767 0.448014 0.430805 0.413233 0.395380 0.377316 0.359099 0.340782 0.322406 0.304007 0.285616 0.267257 0.248950 0.230712 0.212557 0.194495 0.176534 0.158682 0.140944 0.123324 
0.113789 0.131031 0.148367 0.165791 0.183296 0.200873 0.218513 0.236201 0.253922 0.271658 0.289385 0.307077 0.324702 0.342223 0.359597 0.376771 0.393688 0.410279 0.426468 0.442167 0.457278 0.471695 0.485300 0.497970 0.509574 0.519979 0.529056 0.536680 0.542739 0.547140 0.549811 0.550706 0.549811 0.547140 0.542739 0.536680 0.529056 0.519979 0.509574 0.497970 0.485300 0.471695 0.457278 0.442167 0.426468 0.410279 0.393688 0.376771 0.359597 0.342223 0.324702 0.307077 0.289385 0.271658 0.253922 0.236201 0.218513 0.200873 0.183296 0.165791 0.148367 0.131031 0.113789 
0.103908 0.120770 0.137702 0.154699 0.171751 0.188848 0.205977 0.223124 0.240271 0.257398 0.274481 0.291490 0.308394 0.325155 0.341728 0.358064 0.374104 0.389785 0.405033 0.419768 0.433900 0.447333 0.459962 0.471680 0.482373 0.491931 0.500241 0.507202 0.512722 0.516724 0.519149 0.519961 0.519149 0.516724 0.512722 0.507202 0.500241 0.491931 0.482373 0.471680 0.459962 0.447333 0.433900 0.419768 0.405033 0.389785 0.374104 0.358064 0.341728 0.325155 0.308394 0.291490 0.274481 0.257398 0.240271 0.223124 0.205977 0.188848 0.171751 0.154699 0.137702 0.120770 0.103908 
0.093706 0.110187 0.126717 0.143289 0.159892 0.176514 0.193141 0.209758 0.226344 0.242880 0.259339 0.275692 0.291905 0.307942 0.323758 0.339305 0.354527 0.369363 0.383744 0.397597 0.410840 0.423386 0.435143 0.446016 0.455908 0.464723 0.472367 0.478755 0.483810 0.487469 0.489684 0.490426 0.489684 0.487469 0.483810 0.478755 0.472367 0.464723 0.455908 0.446016 0.435143 0.423386 0.410840 0.397597 0.383744 0.369363 0.354527 0.339305 0.323758 0.307942 0.291905 0.275692 0.259339 0.242880 0.226344 0.209758 0.193141 0.176514 0.159892 0.143289 0.126717 0.110187 0.093706 
0.083205 0.099307 0.115438 0.131589 0.147748 0.163903 0.180038 0.196137 0.212179 0.228141 0.243999 0.259721 0.275276 0.290625 0.305726 0.320532 0.334990 0.349043 0.362626 0.375672 0.388107 0.399853 0.410828 0.420948 0.430130 0.438292 0.445353 0.451242 0.455894 0.459256 0.461290 0.461971 0.461290 0.459256 0.455894 0.451242 0.445353 0.438292 0.430130 0.420948 0.410828 0.399853 0.388107 0.375672 0.362626 0.349043 0.334990 0.320532 0.305726 0.290625 0.275276 0.259721 0.243999 0.228141 0.212179 0.196137 0.180038 0.163903 0.147748 0.131589 0.115438 0.099307 0.083205 
0.072429 0.088155 0.103891 0.119626 0.135350 0.151046 0.166700 0.182294 0.197807 0.213216 0.228495 0.243615 0.258541 0.273238 0.287665 0.301776 0.315522 0.328849 0.341697 0.354004 0.365704 0.376725 0.386997 0.396445 0.404996 0.412580 0.419128 0.424579 0.428879 0.431983 0.433860 0.434487 0.433860 0.431983 0.428879 0.424579 0.419128 0.412580 0.404996 0.396445 0.386997 0.376725 0.365704 0.354004 0.341697 0.328849 0.315522 0.301776 0.287665 0.273238 0.258541 0.243615 0.228495 0.213216 0.197807 0.182294 0.166700 0.151046 0.135350 0.119626 0.103891 0.088155 0.072429 
0.061399 0.076753 0.092099 0.107426 0.122721 0.137970 0.153155 0.168259 0.183261 0.198136 0.212860 0.227403 0.241732 0.255812 0.269604 0.283065 0.296147 0.308800 0.320970 0.332600 0.343628 0.353993 0.363631 0.372475 0.380464 0.387534 0.393628 0.398693 0.402683 0.405561 0.407300 0.407881 0.407300 0.405561 0.402683 0.398693 0.393628 0.387534 0.380464 0.372475 0.363631 0.353993 0.343628 0.332600 0.320970 0.308800 0.296147 0.283065 0.269604 0.255812 0.241732 0.227403 0.212860 0.198136 0.183261 0.168259 0.153155 0.137970 0.122721 0.107426 0.092099 0.076753 0.061399 
0.050137 0.065123 0.080086 0.095012 0.109888 0.124699 0.139429 0.154059 0.168566 0.182929 0.197121 0.211114 0.224876 0.238372 0.251566 0.264417 0.276880 0.288909 0.300453 0.311461 0.321877 0.331646 0.340709 0.349011 0.356494 0.363106 0.368796 0.373519 0.377236 0.379914 0.381531 0.382071 0.381531 0.379914 0.377236 0.373519 0.368796 0.363106 0.356494 0.349011 0.340709 0.331646 0.321877 0.311461 0.300453 0.288909 0.276880 0.264417 0.251566 0.238372 0.224876 0.211114 0.197121 0.182929 0.168566 0.154059 0.139429 0.124699 0.109888 0.095012 0.080086 0.065123 0.050137 
0.038661 0.053286 0.067872 0.082405 0.096873 0.111259 0.125546 0.139717 0.153749 0.167619 0.181302 0.194771 0.207994 0.220940 0.233571 0.245851 0.257737 0.269186 0.280153 0.290589 0.300444 0.309669 0.318212 0.326023 0.333052 0.339253 0.344582 0.349000 0.352473 0.354974 0.356483 0.356988 0.356483 0.354974 0.352473 0.349000 0.344582 0.339253 0.333052 0.326023 0.318212 0.309669 0.300444 0.290589 0.280153 0.269186 0.257737 0.245851 0.233571 0.220940 0.207994 0.194771 0.181302 0.167619 0.153749 0.139717 0.125546 0.111259 0.096873 0.082405 0.067872 0.053286 0.038661 
0.026990 0.041261 0.055477 0.069627 0.083696 0.097669 0.111529 0.125256 0.138830 0.152228 0.165425 0.178395 0.191108 0.203533 0.215635 0.227380 0.238728 0.249639 0.260070 0.269980 0.279321 0.288049 0.296119 0.303485 0.310104 0.315935 0.320940 0.325085 0.328341 0.330684 0.332097 0.332569 0.332097 0.330684 0.328341 0.325085 0.320940 0.315935 0.310104 0.303485 0.296119 0.288049 0.279321 0.269980 0.260070 0.249639 0.238728 0.227380 0.215635 0.203533 0.191108 0.178395 0.165425 0.152228 0.138830 0.125256 0.111529 0.097669 0.083696 0.069627 0.055477 0.041261 0.026990 
0.015142 0.029065 0.042920 0.056696 0.070378 0.083950 0.097396 0.110696 0.123830 0.136775 0.149509 0.162004 0.174233 0.186166 0.197771 0.209014 0.219860 0.230270 0.240207 0.249630 0.258499 0.266773 0.274411 0.281373 0.287620 0.293117 0.297830 0.301730 0.304790 0.306991 0.308318 0.308762 0.308318 0.306991 0.304790 0.301730 0.297830 0.293117 0.287620 0.281373 0.274411 0.266773 0.258499 0.249630 0.240207 0.230270 0.219860 0.209014 0.197771 0.186166 0.174233 0.162004 0.149509 0.136775 0.123830 0.110696 0.097396 0.083950 0.070378 0.056696 0.042920 0.029065 0.015142 
0.003133 0.016715 0.030219 0.043630 0.056936 0.070120 0.083166 0.096054 0.108766 0.121279 0.133570 0.145614 0.157385 0.168853 0.179990 0.190763 0.201139 0.211084 0.220562 0.229536 0.237970 0.245826 0.253069 0.259662 0.265572 0.270766 0.275215 0.278892 0.281777 0.283851 0.285100 0.285517 0.285100 0.283851 0.281777 0.278892 0.275215 0.270766 0.265572 0.259662 0.253069 0.245826 0.237970 0.229536 0.220562 0.211084 0.201139 0.190763 0.179990 0.168853 0.157385 0.145614 0.133570 0.121279 0.108766 0.096054 0.083166 0.070120 0.056936 0.043630 0.030219 0.016715 0.003133 
-0.009022 0.004228 0.017388 0.030446 0.043387 0.056196 0.068855 0.081348 0.093654 0.105753 0.117622 0.129238 0.140574 0.151604 0.162300 0.172632 0.182570 0.192081 0.201132 0.209691 0.217723 0.225196 0.232077 0.238333 0.243934 0.248852 0.253061 0.256538 0.259263 0.261221 0.262401 0.262795 0.262401 0.261221 0.259263 0.256538 0.253061 0.248852 0.243934 0.238333 0.232077 0.225196 0.217723 0.209691 0.201132 0.192081 0.182570 0.172632 0.162300 0.151604 0.140574 0.129238 0.117622 0.105753 0.093654 0.081348 0.068855 0.056196 0.043387 0.030446 0.017388 0.004228 -0.009022 
-0.021308 -0.008383 0.004443 0.017157 0.029745 0.042191 0.054479 0.066591 0.078509 0.090212 0.101679 0.112887 0.123811 0.134428 0.144709 0.154627 0.164154 0.173260 0.181915 0.190088 0.197750 0.204869 0.211416 0.217363 0.222682 0.227349 0.231339 0.234633 0.237214 0.239067 0.240183 0.240556 0.240183 0.239067 0.237214 0.234633 0.231339 0.227349 0.222682 0.217363 0.211416 0.204869 0.197750 0.190088 0.181915 0.173260 0.164154 0.154627 0.144709 0.134428 0.123811 0.112887 0.101679 0.090212 0.078509 0.066591 0.054479 0.042191 0.029745 0.017157 0.004443 -0.008383 -0.021308 
-0.033713 -0.021104 -0.008602 0.003778 0.016024 0.028120 0.040050 0.051796 0.063342 0.074667 0.085750 0.096571 0.107106 0.117331 0.127221 0.136750 0.145893 0.154620 0.162906 0.170722 0.178039 0.184832 0.191072 0.196735 0.201796 0.206231 0.210022 0.213149 0.215598 0.217356 0.218414 0.218767 0.218414 0.217356 0.215598 0.213149 0.210022 0.206231 0.201796 0.196735 0.191072 0.184832 0.178039 0.170722 0.162906 0.154620 0.145893 0.136750 0.127221 0.117331 0.107106 0.096571 0.085750 0.074667 0.063342 0.051796 0.040050 0.028120 0.016024 0.003778 -0.008602 -0.021104 -0.033713 
