51 51
4.408545e-01 0 5
-0.942459 -0.926821 -0.911353 -0.896080 -0.881028 -0.866228 -0.851712 -0.837515 -0.823675 -0.810232 -0.797231 -0.784717 -0.772740 -0.761350 -0.750600 -0.740544 -0.731236 -0.722730 -0.715078 -0.708330 -0.702532 -0.697727 -0.693951 -0.691231 -0.689591 -0.689043 -0.689591 -0.691231 -0.693951 -0.697727 -0.702532 -0.708330 -0.715078 -0.722730 -0.731236 -0.740544 -0.750600 -0.761350 -0.772740 -0.784717 -0.797231 -0.810232 -0.823675 -0.837515 -0.851712 -0.866228 -0.881028 -0.896080 -0.911353 -0.926821 -0.942459 
-0.927145 -0.911019 -0.895044 -0.879247 -0.863655 -0.848298 -0.833210 -0.818426 -0.803988 -0.789938 -0.776323 -0.763192 -0.750600 -0.738601 -0.727254 -0.716619 -0.706757 -0.697727 -0.689591 -0.682405 -0.676222 -0.671092 -0.667056 -0.664147 -0.662392 -0.661805 -0.662392 -0.664147 -0.667056 -0.671092 -0.676222 -0.682405 -0.689591 -0.697727 -0.706757 -0.716619 -0.727254 -0.738601 -0.750600 -0.763192 -0.776323 -0.789938 -0.803988 -0.818426 -0.833210 -0.848298 -0.863655 -0.879247 -0.895044 -0.911019 -0.927145 
-0.912021 -0.895390 -0.878891 -0.862548 -0.846391 -0.830449 -0.814757 -0.799353 -0.784279 -0.769580 -0.755307 -0.741512 -0.728253 -0.715592 -0.703592 -0.692321 -0.681847 -0.672238 -0.663563 -0.655887 -0.649274 -0.643778 -0.639449 -0.636327 -0.634441 -0.633811 -0.634441 -0.636327 -0.639449 -0.643778 -0.649274 -0.655887 -0.663563 -0.672238 -0.681847 -0.692321 -0.703592 -0.715592 -0.728253 -0.741512 -0.755307 -0.769580 -0.784279 -0.799353 -0.814757 -0.830449 -0.846391 -0.862548 -0.878891 -0.895390 -0.912021 
-0.897113 -0.879961 -0.862917 -0.846008 -0.829261 -0.812706 -0.796379 -0.780319 -0.764569 -0.749178 -0.734197 -0.719686 -0.705705 -0.692321 -0.679606 -0.667635 -0.656483 -0.646230 -0.636953 -0.628729 -0.621629 -0.615720 -0.611060 -0.607696 -0.605662 -0.604982 -0.605662 -0.607696 -0.611060 -0.615720 -0.621629 -0.628729 -0.636953 -0.646230 -0.656483 -0.667635 -0.679606 -0.692321 -0.705705 -0.719686 -0.734197 -0.749178 -0.764569 -0.780319 -0.796379 -0.812706 -0.829261 -0.846008 -0.862917 -0.879961 -0.897113 
-0.882448 -0.864760 -0.847155 -0.829657 -0.812294 -0.795098 -0.778103 -0.761350 -0.744883 -0.728752 -0.713013 -0.697727 -0.682962 -0.668791 -0.655291 -0.642546 -0.630642 -0.619670 -0.609718 -0.600875 -0.593226 -0.586848 -0.581810 -0.578168 -0.575966 -0.575229 -0.575966 -0.578168 -0.581810 -0.586848 -0.593226 -0.600875 -0.609718 -0.619670 -0.630642 -0.642546 -0.655291 -0.668791 -0.682962 -0.697727 -0.713013 -0.728752 -0.744883 -0.761350 -0.778103 -0.795098 -0.812294 -0.829657 -0.847155 -0.864760 -0.882448 
-0.868058 -0.849818 -0.831634 -0.813527 -0.795525 -0.777659 -0.759963 -0.742478 -0.725249 -0.708330 -0.691777 -0.675656 -0.660039 -0.645006 -0.630642 -0.617041 -0.604301 -0.592522 -0.581810 -0.572266 -0.563991 -0.557077 -0.551606 -0.547646 -0.545249 -0.544446 -0.545249 -0.547646 -0.551606 -0.557077 -0.563991 -0.572266 -0.581810 -0.592522 -0.604301 -0.617041 -0.630642 -0.645006 -0.660039 -0.675656 -0.691777 -0.708330 -0.725249 -0.742478 -0.759963 -0.777659 -0.795525 -0.813527 -0.831634 -0.849818 -0.868058 
-0.853974 -0.835171 -0.816391 -0.797656 -0.778991 -0.760426 -0.741995 -0.723739 -0.705705 -0.687944 -0.670518 -0.653495 -0.636953 -0.620977 -0.605662 -0.591112 -0.577436 -0.564751 -0.553177 -0.542836 -0.533844 -0.526313 -0.520341 -0.516013 -0.513390 -0.512511 -0.513390 -0.516013 -0.520341 -0.526313 -0.533844 -0.542836 -0.553177 -0.564751 -0.577436 -0.591112 -0.605662 -0.620977 -0.636953 -0.653495 -0.670518 -0.687944 -0.705705 -0.723739 -0.741995 -0.760426 -0.778991 -0.797656 -0.816391 -0.835171 -0.853974 
-0.840234 -0.820856 -0.801466 -0.782083 -0.762732 -0.743441 -0.724243 -0.705178 -0.686290 -0.667635 -0.649274 -0.631278 -0.613730 -0.596722 -0.580358 -0.564751 -0.550027 -0.536319 -0.523766 -0.512511 -0.502693 -0.494447 -0.487893 -0.483133 -0.480244 -0.479276 -0.480244 -0.483133 -0.487893 -0.494447 -0.502693 -0.512511 -0.523766 -0.536319 -0.550027 -0.564751 -0.580358 -0.596722 -0.613730 -0.631278 -0.649274 -0.667635 -0.686290 -0.705178 -0.724243 -0.743441 -0.762732 -0.782083 -0.801466 -0.820856 -0.840234 
-0.826875 -0.806912 -0.786900 -0.766854 -0.746797 -0.726754 -0.706757 -0.686842 -0.667056 -0.647450 -0.628089 -0.609045 -0.590404 -0.572266 -0.554742 -0.537960 -0.522058 -0.507190 -0.493518 -0.481210 -0.470434 -0.461352 -0.454114 -0.448845 -0.445643 -0.444569 -0.445643 -0.448845 -0.454114 -0.461352 -0.470434 -0.481210 -0.493518 -0.507190 -0.522058 -0.537960 -0.554742 -0.572266 -0.590404 -0.609045 -0.628089 -0.647450 -0.667056 -0.686842 -0.706757 -0.726754 -0.746797 -0.766854 -0.786900 -0.806912 -0.826875 
-0.813938 -0.793385 -0.772740 -0.752017 -0.731236 -0.710418 -0.689591 -0.668791 -0.648059 -0.627448 -0.607019 -0.586848 -0.567022 -0.547646 -0.528841 -0.510746 -0.493518 -0.477331 -0.462374 -0.448845 -0.436949 -0.426884 -0.418835 -0.412960 -0.409383 -0.408182 -0.409383 -0.412960 -0.418835 -0.426884 -0.436949 -0.448845 -0.462374 -0.477331 -0.493518 -0.510746 -0.528841 -0.547646 -0.567022 -0.586848 -0.607019 -0.627448 -0.648059 -0.668791 -0.689591 -0.710418 -0.731236 -0.752017 -0.772740 -0.793385 -0.813938 
-0.801466 -0.780319 -0.759036 -0.737627 -0.716106 -0.694492 -0.672810 -0.651088 -0.629368 -0.607696 -0.586132 -0.564751 -0.543642 -0.522913 -0.502693 -0.483133 -0.464407 -0.446714 -0.430274 -0.415323 -0.402107 -0.390873 -0.381852 -0.375248 -0.371217 -0.369862 -0.371217 -0.375248 -0.381852 -0.390873 -0.402107 -0.415323 -0.430274 -0.446714 -0.464407 -0.483133 -0.502693 -0.522913 -0.543642 -0.564751 -0.586132 -0.607696 -0.629368 -0.651088 -0.672810 -0.694492 -0.716106 -0.737627 -0.759036 -0.780319 -0.801466 
-0.789505 -0.767765 -0.745841 -0.723739 -0.701469 -0.679044 -0.656483 -0.633811 -0.611060 -0.588274 -0.565510 -0.542836 -0.520341 -0.498136 -0.476354 -0.455158 -0.434739 -0.415323 -0.397163 -0.380543 -0.365761 -0.353125 -0.342928 -0.335433 -0.330846 -0.329302 -0.330846 -0.335433 -0.342928 -0.353125 -0.365761 -0.380543 -0.397163 -0.415323 -0.434739 -0.455158 -0.476354 -0.498136 -0.520341 -0.542836 -0.565510 -0.588274 -0.611060 -0.633811 -0.656483 -0.679044 -0.701469 -0.723739 -0.745841 -0.767765 -0.789505 
-0.778103 -0.755775 -0.733213 -0.710418 -0.687393 -0.664147 -0.640690 -0.617041 -0.593226 -0.569279 -0.545249 -0.521201 -0.497218 -0.473407 -0.449906 -0.426884 -0.404551 -0.383157 -0.362997 -0.344405 -0.327750 -0.313414 -0.301776 -0.293180 -0.287901 -0.286121 -0.287901 -0.293180 -0.301776 -0.313414 -0.327750 -0.344405 -0.362997 -0.383157 -0.404551 -0.426884 -0.449906 -0.473407 -0.497218 -0.521201 -0.545249 -0.569279 -0.593226 -0.617041 -0.640690 -0.664147 -0.687393 -0.710418 -0.733213 -0.755775 -0.778103 
-0.767310 -0.744403 -0.721210 -0.697727 -0.673950 -0.649879 -0.625518 -0.600875 -0.575966 -0.550817 -0.525466 -0.499966 -0.474392 -0.448845 -0.423459 -0.398406 -0.373910 -0.350246 -0.327750 -0.306819 -0.287901 -0.271483 -0.258056 -0.248078 -0.241925 -0.239845 -0.241925 -0.248078 -0.258056 -0.271483 -0.287901 -0.306819 -0.327750 -0.350246 -0.373910 -0.398406 -0.423459 -0.448845 -0.474392 -0.499966 -0.525466 -0.550817 -0.575966 -0.600875 -0.625518 -0.649879 -0.673950 -0.697727 -0.721210 -0.744403 -0.767310 
-0.757175 -0.733705 -0.709897 -0.685737 -0.661217 -0.636327 -0.611060 -0.585415 -0.559396 -0.533015 -0.506295 -0.479276 -0.452017 -0.424605 -0.397163 -0.369862 -0.342928 -0.316658 -0.291431 -0.267709 -0.246042 -0.227045 -0.211365 -0.199623 -0.192342 -0.189874 -0.192342 -0.199623 -0.211365 -0.227045 -0.246042 -0.267709 -0.291431 -0.316658 -0.342928 -0.369862 -0.397163 -0.424605 -0.452017 -0.479276 -0.506295 -0.533015 -0.559396 -0.585415 -0.611060 -0.636327 -0.661217 -0.685737 -0.709897 -0.733705 -0.757175 
-0.747751 -0.723739 -0.699335 -0.674520 -0.649274 -0.623579 -0.597417 -0.570775 -0.543642 -0.516013 -0.487893 -0.459300 -0.430274 -0.400878 -0.371217 -0.341444 -0.311778 -0.282528 -0.254106 -0.227045 -0.202010 -0.179783 -0.161224 -0.147189 -0.138424 -0.135441 -0.138424 -0.147189 -0.161224 -0.179783 -0.202010 -0.227045 -0.254106 -0.282528 -0.311778 -0.341444 -0.371217 -0.400878 -0.430274 -0.459300 -0.487893 -0.516013 -0.543642 -0.570775 -0.597417 -0.623579 -0.649274 -0.674520 -0.699335 -0.723739 -0.747751 
-0.739088 -0.714562 -0.689591 -0.664147 -0.638203 -0.611729 -0.584697 -0.557077 -0.528841 -0.499966 -0.470434 -0.440236 -0.409383 -0.377906 -0.345876 -0.313414 -0.280716 -0.248078 -0.215932 -0.184873 -0.155692 -0.129380 -0.107082 -0.090005 -0.079239 -0.075556 -0.079239 -0.090005 -0.107082 -0.129380 -0.155692 -0.184873 -0.215932 -0.248078 -0.280716 -0.313414 -0.345876 -0.377906 -0.409383 -0.440236 -0.470434 -0.499966 -0.528841 -0.557077 -0.584697 -0.611729 -0.638203 -0.664147 -0.689591 -0.714562 -0.739088 
-0.731236 -0.706231 -0.680728 -0.654693 -0.628089 -0.600875 -0.573009 -0.544446 -0.515141 -0.485045 -0.454114 -0.422309 -0.389600 -0.355978 -0.321461 -0.286121 -0.250101 -0.213657 -0.177204 -0.141375 -0.107082 -0.075556 -0.048333 -0.027130 -0.013592 -0.008930 -0.013592 -0.027130 -0.048333 -0.075556 -0.107082 -0.141375 -0.177204 -0.213657 -0.250101 -0.286121 -0.321461 -0.355978 -0.389600 -0.422309 -0.454114 -0.485045 -0.515141 -0.544446 -0.573009 -0.600875 -0.628089 -0.654693 -0.680728 -0.706231 -0.731236 
-0.724243 -0.698800 -0.672810 -0.646230 -0.619014 -0.591112 -0.562466 -0.533015 -0.502693 -0.471428 -0.439144 -0.405766 -0.371217 -0.335433 -0.298367 -0.260012 -0.220428 -0.179783 -0.138424 -0.096961 -0.056384 -0.018178 0.015625 0.042547 0.060040 0.066123 0.060040 0.042547 0.015625 -0.018178 -0.056384 -0.096961 -0.138424 -0.179783 -0.220428 -0.260012 -0.298367 -0.335433 -0.371217 -0.405766 -0.439144 -0.471428 -0.502693 -0.533015 -0.562466 -0.591112 -0.619014 -0.646230 -0.672810 -0.698800 -0.724243 
-0.718155 -0.692321 -0.665895 -0.638826 -0.611060 -0.582534 -0.553177 -0.522913 -0.491653 -0.459300 -0.425746 -0.390873 -0.354554 -0.316658 -0.277057 -0.235640 -0.192342 -0.147189 -0.100375 -0.052387 -0.004188 0.042547 0.085209 0.120227 0.143547 0.151770 0.143547 0.120227 0.085209 0.042547 -0.004188 -0.052387 -0.100375 -0.147189 -0.192342 -0.235640 -0.277057 -0.316658 -0.354554 -0.390873 -0.425746 -0.459300 -0.491653 -0.522913 -0.553177 -0.582534 -0.611060 -0.638826 -0.665895 -0.692321 -0.718155 
-0.713013 -0.686842 -0.660039 -0.632546 -0.604301 -0.575229 -0.545249 -0.514266 -0.482173 -0.448845 -0.414143 -0.377906 -0.339952 -0.300076 -0.258056 -0.213657 -0.166650 -0.116854 -0.064211 -0.008930 0.048257 0.105691 0.160241 0.206878 0.239044 0.250625 0.239044 0.206878 0.160241 0.105691 0.048257 -0.008930 -0.064211 -0.116854 -0.166650 -0.213657 -0.258056 -0.300076 -0.339952 -0.377906 -0.414143 -0.448845 -0.482173 -0.514266 -0.545249 -0.575229 -0.604301 -0.632546 -0.660039 -0.686842 -0.713013 
-0.708853 -0.682405 -0.655291 -0.627448 -0.598804 -0.569279 -0.538777 -0.507190 -0.474392 -0.440236 -0.404551 -0.367134 -0.327750 -0.286121 -0.241925 -0.194789 -0.144297 -0.090005 -0.031501 0.031465 0.098696 0.168973 0.239044 0.302273 0.348128 0.365167 0.348128 0.302273 0.239044 0.168973 0.098696 0.031465 -0.031501 -0.090005 -0.144297 -0.194789 -0.241925 -0.286121 -0.327750 -0.367134 -0.404551 -0.440236 -0.474392 -0.507190 -0.538777 -0.569279 -0.598804 -0.627448 -0.655291 -0.682405 -0.708853 
-0.705705 -0.679044 -0.651692 -0.623579 -0.594628 -0.564751 -0.533844 -0.501786 -0.468437 -0.433628 -0.397163 -0.358804 -0.318268 -0.275211 -0.229217 -0.179783 -0.126300 -0.068044 -0.004188 0.066123 0.143547 0.227913 0.316769 0.402523 0.469174 0.495136 0.469174 0.402523 0.316769 0.227913 0.143547 0.066123 -0.004188 -0.068044 -0.126300 -0.179783 -0.229217 -0.275211 -0.318268 -0.358804 -0.397163 -0.433628 -0.468437 -0.501786 -0.533844 -0.564751 -0.594628 -0.623579 -0.651692 -0.679044 -0.705705 
-0.703592 -0.676788 -0.649274 -0.620977 -0.591818 -0.561701 -0.530517 -0.498136 -0.464407 -0.429148 -0.392141 -0.353125 -0.311778 -0.267709 -0.220428 -0.169325 -0.113634 -0.052387 0.015625 0.091871 0.177984 0.275292 0.383255 0.495136 0.589639 0.628846 0.589639 0.495136 0.383255 0.275292 0.177984 0.091871 0.015625 -0.052387 -0.113634 -0.169325 -0.220428 -0.267709 -0.311778 -0.353125 -0.392141 -0.429148 -0.464407 -0.498136 -0.530517 -0.561701 -0.591818 -0.620977 -0.649274 -0.676788 -0.703592 
-0.702532 -0.675656 -0.648059 -0.619670 -0.590404 -0.560166 -0.528841 -0.496296 -0.462374 -0.426884 -0.389600 -0.350246 -0.308481 -0.263886 -0.215932 -0.163950 -0.107082 -0.044219 0.026085 0.105691 0.196916 0.302273 0.423131 0.554816 0.673631 0.725745 0.673631 0.554816 0.423131 0.302273 0.196916 0.105691 0.026085 -0.044219 -0.107082 -0.163950 -0.215932 -0.263886 -0.308481 -0.350246 -0.389600 -0.426884 -0.462374 -0.496296 -0.528841 -0.560166 -0.590404 -0.619670 -0.648059 -0.675656 -0.702532 
-0.702400 -0.675514 -0.647907 -0.619506 -0.590227 -0.559974 -0.528631 -0.496066 -0.462119 -0.426600 -0.389281 -0.349884 -0.308066 -0.263404 -0.215365 -0.163271 -0.106253 -0.043181 0.027420 0.107467 0.199373 0.305829 0.428514 0.563161 0.685886 0.740205 0.685886 0.563161 0.428514 0.305829 0.199373 0.107467 0.027420 -0.043181 -0.106253 -0.163271 -0.215365 -0.263404 -0.308066 -0.349884 -0.389281 -0.426600 -0.462119 -0.496066 -0.528631 -0.559974 -0.590227 -0.619506 -0.647907 -0.675514 -0.702400 
-0.702538 -0.675662 -0.648066 -0.619677 -0.590412 -0.560174 -0.528850 -0.496306 -0.462385 -0.426896 -0.389614 -0.350261 -0.308499 -0.263906 -0.215956 -0.163979 -0.107118 -0.044264 0.026027 0.105614 0.196810 0.302119 0.422900 0.554459 0.673109 0.725132 0.673109 0.554459 0.422900 0.302119 0.196810 0.105614 0.026027 -0.044264 -0.107118 -0.163979 -0.215956 -0.263906 -0.308499 -0.350261 -0.389614 -0.426896 -0.462385 -0.496306 -0.528850 -0.560174 -0.590412 -0.619677 -0.648066 -0.675662 -0.702538 
-0.703610 -0.676807 -0.649293 -0.620998 -0.591840 -0.561726 -0.530544 -0.498166 -0.464440 -0.429184 -0.392182 -0.353171 -0.311832 -0.267770 -0.220500 -0.169412 -0.113739 -0.052518 0.015459 0.091653 0.177688 0.274876 0.382652 0.494260 0.588449 0.627497 0.588449 0.494260 0.382652 0.274876 0.177688 0.091653 0.015459 -0.052518 -0.113739 -0.169412 -0.220500 -0.267770 -0.311832 -0.353171 -0.392182 -0.429184 -0.464440 -0.498166 -0.530544 -0.561726 -0.591840 -0.620998 -0.649293 -0.676807 -0.703610 
-0.705733 -0.679075 -0.651724 -0.623613 -0.594666 -0.564792 -0.533889 -0.501835 -0.468491 -0.433688 -0.397230 -0.358880 -0.318354 -0.275310 -0.229334 -0.179921 -0.126466 -0.068249 -0.004446 0.065793 0.143111 0.227326 0.315970 0.401453 0.467838 0.493680 0.467838 0.401453 0.315970 0.227326 0.143111 0.065793 -0.004446 -0.068249 -0.126466 -0.179921 -0.229334 -0.275310 -0.318354 -0.358880 -0.397230 -0.433688 -0.468491 -0.501835 -0.533889 -0.564792 -0.594666 -0.623613 -0.651724 -0.679075 -0.705733 
-0.708892 -0.682447 -0.655336 -0.627496 -0.598856 -0.569335 -0.538838 -0.507258 -0.474466 -0.440319 -0.404642 -0.367237 -0.327867 -0.286256 -0.242081 -0.194973 -0.144516 -0.090270 -0.031828 0.031056 0.098176 0.168306 0.238190 0.301210 0.346884 0.363848 0.346884 0.301210 0.238190 0.168306 0.098176 0.031056 -0.031828 -0.090270 -0.144516 -0.194973 -0.242081 -0.286256 -0.327867 -0.367237 -0.404642 -0.440319 -0.474466 -0.507258 -0.538838 -0.569335 -0.598856 -0.627496 -0.655336 -0.682447 -0.708892 
-0.713063 -0.686896 -0.660096 -0.632608 -0.604367 -0.575301 -0.545327 -0.514351 -0.482266 -0.448948 -0.414258 -0.378034 -0.340097 -0.300241 -0.258246 -0.213878 -0.166910 -0.117164 -0.064584 -0.009385 0.047699 0.105006 0.159409 0.205898 0.237947 0.249483 0.237947 0.205898 0.159409 0.105006 0.047699 -0.009385 -0.064584 -0.117164 -0.166910 -0.213878 -0.258246 -0.300241 -0.340097 -0.378034 -0.414258 -0.448948 -0.482266 -0.514351 -0.545327 -0.575301 -0.604367 -0.632608 -0.660096 -0.686896 -0.713063 
-0.718216 -0.692386 -0.665964 -0.638900 -0.611139 -0.582619 -0.553270 -0.523014 -0.491764 -0.459422 -0.425881 -0.391024 -0.354723 -0.316849 -0.277275 -0.235891 -0.192633 -0.147529 -0.100776 -0.052863 -0.004754 0.041879 0.084431 0.119346 0.142589 0.150785 0.142589 0.119346 0.084431 0.041879 -0.004754 -0.052863 -0.100776 -0.147529 -0.192633 -0.235891 -0.277275 -0.316849 -0.354723 -0.391024 -0.425881 -0.459422 -0.491764 -0.523014 -0.553270 -0.582619 -0.611139 -0.638900 -0.665964 -0.692386 -0.718216 
-0.724314 -0.698875 -0.672889 -0.646315 -0.619106 -0.591211 -0.562573 -0.533131 -0.502820 -0.471567 -0.439297 -0.405935 -0.371406 -0.335645 -0.298607 -0.260285 -0.220740 -0.180142 -0.138838 -0.097440 -0.056938 -0.018813 0.014908 0.041758 0.059200 0.065265 0.059200 0.041758 0.014908 -0.018813 -0.056938 -0.097440 -0.138838 -0.180142 -0.220740 -0.260285 -0.298607 -0.335645 -0.371406 -0.405935 -0.439297 -0.471567 -0.502820 -0.533131 -0.562573 -0.591211 -0.619106 -0.646315 -0.672889 -0.698875 -0.724314 
-0.731316 -0.706316 -0.680819 -0.654790 -0.628192 -0.600986 -0.573129 -0.544576 -0.515281 -0.485198 -0.454283 -0.422495 -0.389806 -0.356206 -0.321718 -0.286409 -0.250426 -0.214025 -0.177622 -0.141849 -0.107617 -0.076154 -0.048991 -0.027840 -0.014337 -0.009687 -0.014337 -0.027840 -0.048991 -0.076154 -0.107617 -0.141849 -0.177622 -0.214025 -0.250426 -0.286409 -0.321718 -0.356206 -0.389806 -0.422495 -0.454283 -0.485198 -0.515281 -0.544576 -0.573129 -0.600986 -0.628192 -0.654790 -0.680819 -0.706316 -0.731316 
-0.739177 -0.714657 -0.689691 -0.664254 -0.638317 -0.611851 -0.584828 -0.557219 -0.528995 -0.500133 -0.470616 -0.440436 -0.409602 -0.378148 -0.346144 -0.313712 -0.281048 -0.248449 -0.216345 -0.185333 -0.156202 -0.129939 -0.107688 -0.090648 -0.079907 -0.076233 -0.079907 -0.090648 -0.107688 -0.129939 -0.156202 -0.185333 -0.216345 -0.248449 -0.281048 -0.313712 -0.346144 -0.378148 -0.409602 -0.440436 -0.470616 -0.500133 -0.528995 -0.557219 -0.584828 -0.611851 -0.638317 -0.664254 -0.689691 -0.714657 -0.739177 
-0.747848 -0.723842 -0.699445 -0.674636 -0.649397 -0.623711 -0.597559 -0.570928 -0.543807 -0.516191 -0.488086 -0.459510 -0.430503 -0.401130 -0.371493 -0.341747 -0.312113 -0.282897 -0.254512 -0.227490 -0.202495 -0.180307 -0.161783 -0.147776 -0.139029 -0.136053 -0.139029 -0.147776 -0.161783 -0.180307 -0.202495 -0.227490 -0.254512 -0.282897 -0.312113 -0.341747 -0.371493 -0.401130 -0.430503 -0.459510 -0.488086 -0.516191 -0.543807 -0.570928 -0.597559 -0.623711 -0.649397 -0.674636 -0.699445 -0.723842 -0.747848 
-0.757280 -0.733816 -0.710014 -0.685862 -0.661350 -0.636468 -0.611211 -0.585577 -0.559570 -0.533202 -0.506498 -0.479495 -0.452254 -0.424863 -0.397444 -0.370168 -0.343262 -0.317023 -0.291826 -0.268137 -0.246503 -0.227537 -0.211884 -0.200164 -0.192896 -0.190433 -0.192896 -0.200164 -0.211884 -0.227537 -0.246503 -0.268137 -0.291826 -0.317023 -0.343262 -0.370168 -0.397444 -0.424863 -0.452254 -0.479495 -0.506498 -0.533202 -0.559570 -0.585577 -0.611211 -0.636468 -0.661350 -0.685862 -0.710014 -0.733816 -0.757280 
-0.767422 -0.744522 -0.721336 -0.697860 -0.674091 -0.650029 -0.625677 -0.601045 -0.576148 -0.551012 -0.525676 -0.500192 -0.474636 -0.449108 -0.423742 -0.398713 -0.374241 -0.350603 -0.328134 -0.307231 -0.288340 -0.271947 -0.258541 -0.248580 -0.242437 -0.240361 -0.242437 -0.248580 -0.258541 -0.271947 -0.288340 -0.307231 -0.328134 -0.350603 -0.374241 -0.398713 -0.423742 -0.449108 -0.474636 -0.500192 -0.525676 -0.551012 -0.576148 -0.601045 -0.625677 -0.650029 -0.674091 -0.697860 -0.721336 -0.744522 -0.767422 
-0.778223 -0.755900 -0.733345 -0.710558 -0.687541 -0.664304 -0.640857 -0.617219 -0.593414 -0.569480 -0.545464 -0.521431 -0.497465 -0.473672 -0.450190 -0.427189 -0.404878 -0.383507 -0.363370 -0.344801 -0.328168 -0.313852 -0.302231 -0.293648 -0.288378 -0.286601 -0.288378 -0.293648 -0.302231 -0.313852 -0.328168 -0.344801 -0.363370 -0.383507 -0.404878 -0.427189 -0.450190 -0.473672 -0.497465 -0.521431 -0.545464 -0.569480 -0.593414 -0.617219 -0.640857 -0.664304 -0.687541 -0.710558 -0.733345 -0.755900 -0.778223 
-0.789631 -0.767897 -0.745980 -0.723886 -0.701624 -0.679208 -0.656656 -0.633994 -0.611254 -0.588481 -0.565729 -0.543070 -0.520591 -0.498402 -0.476638 -0.455460 -0.435061 -0.415664 -0.397524 -0.380923 -0.366160 -0.353540 -0.343358 -0.335873 -0.331293 -0.329751 -0.331293 -0.335873 -0.343358 -0.353540 -0.366160 -0.380923 -0.397524 -0.415664 -0.435061 -0.455460 -0.476638 -0.498402 -0.520591 -0.543070 -0.565729 -0.588481 -0.611254 -0.633994 -0.656656 -0.679208 -0.701624 -0.723886 -0.745980 -0.767897 -0.789631 
-0.801597 -0.780457 -0.759180 -0.737779 -0.716266 -0.694661 -0.672988 -0.651277 -0.629567 -0.607906 -0.586355 -0.564988 -0.543893 -0.523179 -0.502975 -0.483431 -0.464723 -0.447047 -0.430624 -0.415689 -0.402489 -0.391269 -0.382260 -0.375663 -0.371638 -0.370285 -0.371638 -0.375663 -0.382260 -0.391269 -0.402489 -0.415689 -0.430624 -0.447047 -0.464723 -0.483431 -0.502975 -0.523179 -0.543893 -0.564988 -0.586355 -0.607906 -0.629567 -0.651277 -0.672988 -0.694661 -0.716266 -0.737779 -0.759180 -0.780457 -0.801597 
-0.814074 -0.793528 -0.772890 -0.752175 -0.731401 -0.710591 -0.689774 -0.668983 -0.648262 -0.627661 -0.607245 -0.587086 -0.567273 -0.547911 -0.529121 -0.511041 -0.493828 -0.477656 -0.462713 -0.449199 -0.437316 -0.427262 -0.419222 -0.413355 -0.409782 -0.408582 -0.409782 -0.413355 -0.419222 -0.427262 -0.437316 -0.449199 -0.462713 -0.477656 -0.493828 -0.511041 -0.529121 -0.547911 -0.567273 -0.587086 -0.607245 -0.627661 -0.648262 -0.668983 -0.689774 -0.710591 -0.731401 -0.752175 -0.772890 -0.793528 -0.814074 
-0.827016 -0.807060 -0.787054 -0.767016 -0.746966 -0.726932 -0.706943 -0.687038 -0.667261 -0.647666 -0.628316 -0.609284 -0.590656 -0.572530 -0.555019 -0.538250 -0.522362 -0.507507 -0.493848 -0.481552 -0.470787 -0.461715 -0.454485 -0.449222 -0.446024 -0.444951 -0.446024 -0.449222 -0.454485 -0.461715 -0.470787 -0.481552 -0.493848 -0.507507 -0.522362 -0.538250 -0.555019 -0.572530 -0.590656 -0.609284 -0.628316 -0.647666 -0.667261 -0.687038 -0.706943 -0.726932 -0.746966 -0.767016 -0.787054 -0.807060 -0.827016 
-0.840380 -0.821008 -0.801624 -0.782249 -0.762906 -0.743622 -0.724433 -0.705376 -0.686498 -0.667852 -0.649502 -0.631517 -0.613980 -0.596984 -0.580631 -0.565037 -0.550325 -0.536628 -0.524087 -0.512842 -0.503033 -0.494795 -0.488248 -0.483493 -0.480608 -0.479641 -0.480608 -0.483493 -0.488248 -0.494795 -0.503033 -0.512842 -0.524087 -0.536628 -0.550325 -0.565037 -0.580631 -0.596984 -0.613980 -0.631517 -0.649502 -0.667852 -0.686498 -0.705376 -0.724433 -0.743622 -0.762906 -0.782249 -0.801624 -0.821008 -0.840380 
-0.854124 -0.835327 -0.816554 -0.797825 -0.779167 -0.760610 -0.742187 -0.723940 -0.705914 -0.688163 -0.670746 -0.653734 -0.637202 -0.621237 -0.605933 -0.591393 -0.577727 -0.565053 -0.553489 -0.543157 -0.534173 -0.526649 -0.520684 -0.516359 -0.513738 -0.512860 -0.513738 -0.516359 -0.520684 -0.526649 -0.534173 -0.543157 -0.553489 -0.565053 -0.577727 -0.591393 -0.605933 -0.621237 -0.637202 -0.653734 -0.670746 -0.688163 -0.705914 -0.723940 -0.742187 -0.760610 -0.779167 -0.797825 -0.816554 -0.835327 -0.854124 
-0.868211 -0.849978 -0.831799 -0.813699 -0.795704 -0.777845 -0.760157 -0.742680 -0.725460 -0.708549 -0.692005 -0.675893 -0.660286 -0.645263 -0.630909 -0.617318 -0.604587 -0.592817 -0.582113 -0.572578 -0.564310 -0.557402 -0.551936 -0.547980 -0.545585 -0.544783 -0.545585 -0.547980 -0.551936 -0.557402 -0.564310 -0.572578 -0.582113 -0.592817 -0.604587 -0.617318 -0.630909 -0.645263 -0.660286 -0.675893 -0.692005 -0.708549 -0.725460 -0.742680 -0.760157 -0.777845 -0.795704 -0.813699 -0.831799 -0.849978 -0.868211 
-0.882604 -0.864922 -0.847323 -0.829832 -0.812476 -0.795286 -0.778299 -0.761553 -0.745094 -0.728971 -0.713241 -0.697964 -0.683208 -0.669045 -0.655554 -0.642818 -0.630923 -0.619958 -0.610014 -0.601178 -0.593535 -0.587162 -0.582129 -0.578491 -0.576291 -0.575554 -0.576291 -0.578491 -0.582129 -0.587162 -0.593535 -0.601178 -0.610014 -0.619958 -0.630923 -0.642818 -0.655554 -0.669045 -0.683208 -0.697964 -0.713241 -0.728971 -0.745094 -0.761553 -0.778299 -0.795286 -0.812476 -0.829832 -0.847323 -0.864922 -0.882604 
-0.897272 -0.880125 -0.863088 -0.846185 -0.829444 -0.812896 -0.796576 -0.780523 -0.764781 -0.749397 -0.734425 -0.719921 -0.705948 -0.692573 -0.679866 -0.667902 -0.656758 -0.646512 -0.637242 -0.629024 -0.621930 -0.616026 -0.611369 -0.608008 -0.605976 -0.605297 -0.605976 -0.608008 -0.611369 -0.616026 -0.621930 -0.629024 -0.637242 -0.646512 -0.656758 -0.667902 -0.679866 -0.692573 -0.705948 -0.719921 -0.734425 -0.749397 -0.764781 -0.780523 -0.796576 -0.812896 -0.829444 -0.846185 -0.863088 -0.880125 -0.897272 
-0.912182 -0.895557 -0.879063 -0.862727 -0.846575 -0.830640 -0.814955 -0.799558 -0.784491 -0.769799 -0.755533 -0.741746 -0.728495 -0.715841 -0.703848 -0.692584 -0.682117 -0.672515 -0.663846 -0.656176 -0.649567 -0.644075 -0.639749 -0.636630 -0.634746 -0.634116 -0.634746 -0.636630 -0.639749 -0.644075 -0.649567 -0.656176 -0.663846 -0.672515 -0.682117 -0.692584 -0.703848 -0.715841 -0.728495 -0.741746 -0.755533 -0.769799 -0.784491 -0.799558 -0.814955 -0.830640 -0.846575 -0.862727 -0.879063 -0.895557 -0.912182 
-0.927309 -0.911188 -0.895219 -0.879428 -0.863841 -0.848490 -0.833408 -0.818631 -0.804200 -0.790156 -0.776548 -0.763425 -0.750839 -0.738847 -0.727507 -0.716878 -0.707022 -0.697999 -0.689868 -0.682687 -0.676508 -0.671382 -0.667348 -0.664442 -0.662688 -0.662101 -0.662688 -0.664442 -0.667348 -0.671382 -0.676508 -0.682687 -0.689868 -0.697999 -0.707022 -0.716878 -0.727507 -0.738847 -0.750839 -0.763425 -0.776548 -0.790156 -0.804200 -0.818631 -0.833408 -0.848490 -0.863841 -0.879428 -0.895219 -0.911188 -0.927309 
-0.942625 -0.926992 -0.911529 -0.896261 -0.881215 -0.866421 -0.851911 -0.837720 -0.823886 -0.810450 -0.797455 -0.784947 -0.772977 -0.761593 -0.750849 -0.740799 -0.731497 -0.722996 -0.715349 -0.708605 -0.702812 -0.698010 -0.694236 -0.691519 -0.689879 -0.689332 -0.689879 -0.691519 -0.694236 -0.698010 -0.702812 -0.708605 -0.715349 -0.722996 -0.731497 -0.740799 -0.750849 -0.761593 -0.772977 -0.784947 -0.797455 -0.810450 -0.823886 -0.837720 -0.851911 -0.866421 -0.881215 -0.896261 -0.911529 -0.926992 -0.942625 
