37 37
5.066383e-02 0 5
-2.324438 -2.303327 -2.282498 -2.262020 -2.241971 -2.222442 -2.203534 -2.185360 -2.168045 -2.151724 -2.136542 -2.122651 -2.110205 -2.099356 -2.090248 -2.083013 -2.077759 -2.074573 -2.073504 -2.074573 -2.077759 -2.083013 -2.090248 -2.099356 -2.110205 -2.122651 -2.136542 -2.151724 -2.168045 -2.185360 -2.203534 -2.222442 -2.241971 -2.262020 -2.282498 -2.303327 -2.324438 
-2.303943 -2.281851 -2.259987 -2.238420 -2.217232 -2.196516 -2.176381 -2.156949 -2.138358 -2.120762 -2.104325 -2.089223 -2.075638 -2.063753 -2.053742 -2.045768 -2.039965 -2.036440 -2.035257 -2.036440 -2.039965 -2.045768 -2.053742 -2.063753 -2.075638 -2.089223 -2.104325 -2.120762 -2.138358 -2.156949 -2.176381 -2.196516 -2.217232 -2.238420 -2.259987 -2.281851 -2.303943 
-2.283787 -2.260666 -2.237707 -2.214979 -2.192566 -2.170563 -2.149086 -2.128266 -2.108255 -2.089223 -2.071359 -2.054868 -2.039965 -2.026870 -2.015799 -2.006949 -2.000492 -1.996562 -1.995243 -1.996562 -2.000492 -2.006949 -2.015799 -2.026870 -2.039965 -2.054868 -2.071359 -2.089223 -2.108255 -2.128266 -2.149086 -2.170563 -2.192566 -2.214979 -2.237707 -2.260666 -2.283787 
-2.264043 -2.239844 -2.215731 -2.191771 -2.168045 -2.144651 -2.121708 -2.099356 -2.077759 -2.057109 -2.037619 -2.019527 -2.003089 -1.988571 -1.976239 -1.966343 -1.959100 -1.954681 -1.953196 -1.954681 -1.959100 -1.966343 -1.976239 -1.988571 -2.003089 -2.019527 -2.037619 -2.057109 -2.077759 -2.099356 -2.121708 -2.144651 -2.168045 -2.191771 -2.215731 -2.239844 -2.264043 
-2.244791 -2.219473 -2.194150 -2.168886 -2.143758 -2.118863 -2.094322 -2.070282 -2.046917 -2.024439 -2.003089 -1.983143 -1.964906 -1.948702 -1.934860 -1.923697 -1.915496 -1.910479 -1.908790 -1.910479 -1.915496 -1.923697 -1.934860 -1.948702 -1.964906 -1.983143 -2.003089 -2.024439 -2.046917 -2.070282 -2.094322 -2.118863 -2.143758 -2.168886 -2.194150 -2.219473 -2.244791 
-2.226126 -2.199650 -2.173066 -2.146431 -2.119814 -2.093308 -2.067031 -2.041133 -2.015799 -1.991255 -1.967774 -1.945673 -1.925314 -1.907093 -1.891422 -1.878710 -1.869325 -1.863565 -1.861622 -1.863565 -1.869325 -1.878710 -1.891422 -1.907093 -1.925314 -1.945673 -1.967774 -1.991255 -2.015799 -2.041133 -2.067031 -2.093308 -2.119814 -2.146431 -2.173066 -2.199650 -2.226126 
-2.208149 -2.180486 -2.152599 -2.124532 -2.096344 -2.068118 -2.039965 -2.012032 -1.984508 -1.957633 -1.931707 -1.907093 -1.884217 -1.863565 -1.845657 -1.831022 -1.820153 -1.813453 -1.811189 -1.813453 -1.820153 -1.831022 -1.845657 -1.863565 -1.884217 -1.907093 -1.931707 -1.957633 -1.984508 -2.012032 -2.039965 -2.068118 -2.096344 -2.124532 -2.152599 -2.180486 -2.208149 
-2.190975 -2.162107 -2.132885 -2.103336 -2.073504 -2.043457 -2.013292 -1.983143 -1.953196 -1.923697 -1.894968 -1.867416 -1.841542 -1.817935 -1.797259 -1.780206 -1.767444 -1.759534 -1.756853 -1.759534 -1.767444 -1.780206 -1.797259 -1.817935 -1.841542 -1.867416 -1.894968 -1.923697 -1.953196 -1.983143 -2.013292 -2.043457 -2.073504 -2.103336 -2.132885 -2.162107 -2.190975 
-2.174727 -2.144651 -2.114077 -2.083013 -2.051481 -2.019527 -1.987222 -1.954681 -1.922072 -1.889635 -1.857702 -1.826718 -1.797259 -1.770038 -1.745896 -1.725756 -1.710535 -1.701034 -1.697801 -1.701034 -1.710535 -1.725756 -1.745896 -1.770038 -1.797259 -1.826718 -1.857702 -1.889635 -1.922072 -1.954681 -1.987222 -2.019527 -2.051481 -2.083013 -2.114077 -2.144651 -2.174727 
-2.159536 -2.128266 -2.096344 -2.063753 -2.030488 -1.996562 -1.962015 -1.926923 -1.891422 -1.855725 -1.820153 -1.785171 -1.751422 -1.719756 -1.691234 -1.667087 -1.648607 -1.636961 -1.632980 -1.636961 -1.648607 -1.667087 -1.691234 -1.719756 -1.751422 -1.785171 -1.820153 -1.855725 -1.891422 -1.926923 -1.962015 -1.996562 -2.030488 -2.063753 -2.096344 -2.128266 -2.159536 
-2.145542 -2.113112 -2.079869 -2.045768 -2.010768 -1.974842 -1.937984 -1.900217 -1.861622 -1.822356 -1.782698 -1.743097 -1.704233 -1.667087 -1.632980 -1.603556 -1.580658 -1.566045 -1.561014 -1.566045 -1.580658 -1.603556 -1.632980 -1.667087 -1.704233 -1.743097 -1.782698 -1.822356 -1.861622 -1.900217 -1.937984 -1.974842 -2.010768 -2.045768 -2.079869 -2.113112 -2.145542 
-2.132885 -2.099356 -2.064849 -2.029286 -1.992589 -1.954681 -1.915496 -1.874988 -1.833154 -1.790061 -1.745896 -1.701034 -1.656132 -1.612255 -1.570995 -1.534528 -1.505508 -1.486662 -1.480111 -1.486662 -1.505508 -1.534528 -1.570995 -1.612255 -1.656132 -1.701034 -1.745896 -1.790061 -1.833154 -1.874988 -1.915496 -1.954681 -1.992589 -2.029286 -2.064849 -2.099356 -2.132885 
-2.121708 -2.087164 -2.051481 -2.014547 -1.976239 -1.936425 -1.894968 -1.851735 -1.806612 -1.759534 -1.710535 -1.659827 -1.607937 -1.555898 -1.505508 -1.459562 -1.421880 -1.396802 -1.387961 -1.396802 -1.421880 -1.459562 -1.505508 -1.555898 -1.607937 -1.659827 -1.710535 -1.759534 -1.806612 -1.851735 -1.894968 -1.936425 -1.976239 -2.014547 -2.051481 -2.087164 -2.121708 
-2.112146 -2.076700 -2.039965 -2.001793 -1.962015 -1.920440 -1.876854 -1.831022 -1.782698 -1.731643 -1.677667 -1.620714 -1.561014 -1.499355 -1.437518 -1.378856 -1.328749 -1.294212 -1.281781 -1.294212 -1.328749 -1.378856 -1.437518 -1.499355 -1.561014 -1.620714 -1.677667 -1.731643 -1.782698 -1.831022 -1.876854 -1.920440 -1.962015 -2.001793 -2.039965 -2.076700 -2.112146 
-2.104325 -2.068118 -2.030488 -1.991255 -1.950206 -1.907093 -1.861622 -1.813453 -1.762193 -1.707400 -1.648607 -1.585377 -1.517451 -1.445045 -1.369471 -1.294212 -1.226368 -1.177201 -1.158939 -1.177201 -1.226368 -1.294212 -1.369471 -1.445045 -1.517451 -1.585377 -1.648607 -1.707400 -1.762193 -1.813453 -1.861622 -1.907093 -1.950206 -1.991255 -2.030488 -2.068118 -2.104325 
-2.098354 -2.061551 -2.023217 -1.983143 -1.941080 -1.896727 -1.849721 -1.799622 -1.745896 -1.687897 -1.624857 -1.555898 -1.480111 -1.396802 -1.306161 -1.210822 -1.118912 -1.047537 -1.019749 -1.047537 -1.118912 -1.210822 -1.306161 -1.396802 -1.480111 -1.555898 -1.624857 -1.687897 -1.745896 -1.799622 -1.849721 -1.896727 -1.941080 -1.983143 -2.023217 -2.061551 -2.098354 
-2.094322 -2.057109 -2.018288 -1.977631 -1.934860 -1.889635 -1.841542 -1.790061 -1.734546 -1.674180 -1.607937 -1.534528 -1.452390 -1.359787 -1.255311 -1.139556 -1.019749 -0.918660 -0.876752 -0.918660 -1.019749 -1.139556 -1.255311 -1.359787 -1.452390 -1.534528 -1.607937 -1.674180 -1.734546 -1.790061 -1.841542 -1.889635 -1.934860 -1.977631 -2.018288 -2.057109 -2.094322 
-2.092291 -2.054868 -2.015799 -1.974842 -1.931707 -1.886033 -1.837374 -1.785171 -1.728713 -1.667087 -1.599112 -1.523251 -1.437518 -1.339449 -1.226368 -1.096838 -0.955898 -0.828902 -0.773254 -0.828902 -0.955898 -1.096838 -1.226368 -1.339449 -1.437518 -1.523251 -1.599112 -1.667087 -1.728713 -1.785171 -1.837374 -1.886033 -1.931707 -1.974842 -2.015799 -2.054868 -2.092291 
-2.092036 -2.054587 -2.015486 -1.974492 -1.931311 -1.885580 -1.836850 -1.784555 -1.727976 -1.666189 -1.597991 -1.521811 -1.435607 -1.336809 -1.222554 -1.091074 -0.946973 -0.815813 -0.757820 -0.815813 -0.946973 -1.091074 -1.222554 -1.336809 -1.435607 -1.521811 -1.597991 -1.666189 -1.727976 -1.784555 -1.836850 -1.885580 -1.931311 -1.974492 -2.015486 -2.054587 -2.092036 
-2.092302 -2.054880 -2.015812 -1.974858 -1.931724 -1.886053 -1.837397 -1.785198 -1.728745 -1.667126 -1.599161 -1.523313 -1.437601 -1.339563 -1.226533 -1.097086 -0.956280 -0.829459 -0.773909 -0.829459 -0.956280 -1.097086 -1.226533 -1.339563 -1.437601 -1.523313 -1.599161 -1.667126 -1.728745 -1.785198 -1.837397 -1.886053 -1.931724 -1.974858 -2.015812 -2.054880 -2.092302 
-2.094355 -2.057145 -2.018328 -1.977676 -1.934910 -1.889693 -1.841609 -1.790139 -1.734639 -1.674294 -1.608077 -1.534707 -1.452625 -1.360106 -1.255757 -1.140202 -1.020686 -0.919932 -0.878192 -0.919932 -1.020686 -1.140202 -1.255757 -1.360106 -1.452625 -1.534707 -1.608077 -1.674294 -1.734639 -1.790139 -1.841609 -1.889693 -1.934910 -1.977676 -2.018328 -2.057145 -2.094355 
-2.098408 -2.061610 -2.023283 -1.983217 -1.941163 -1.896821 -1.849830 -1.799749 -1.746046 -1.688078 -1.625079 -1.556176 -1.480467 -1.397271 -1.306791 -1.211679 -1.120059 -1.048968 -1.021307 -1.048968 -1.120059 -1.211679 -1.306791 -1.397271 -1.480467 -1.556176 -1.625079 -1.688078 -1.746046 -1.799749 -1.849830 -1.896821 -1.941163 -1.983217 -2.023283 -2.061610 -2.098408 
-2.104399 -2.068199 -2.030578 -1.991356 -1.950319 -1.907221 -1.861769 -1.813623 -1.762392 -1.707637 -1.648893 -1.585730 -1.517892 -1.445605 -1.370188 -1.295129 -1.227509 -1.178535 -1.160352 -1.178535 -1.227509 -1.295129 -1.370188 -1.445605 -1.517892 -1.585730 -1.648893 -1.707637 -1.762392 -1.813623 -1.861769 -1.907221 -1.950319 -1.991356 -2.030578 -2.068199 -2.104399 
-2.112239 -2.076803 -2.040078 -2.001919 -1.962155 -1.920598 -1.877034 -1.831229 -1.782939 -1.731925 -1.678002 -1.621118 -1.561505 -1.499957 -1.438255 -1.379750 -1.329802 -1.295389 -1.283007 -1.295389 -1.329802 -1.379750 -1.438255 -1.499957 -1.561505 -1.621118 -1.678002 -1.731925 -1.782939 -1.831229 -1.877034 -1.920598 -1.962155 -2.001919 -2.040078 -2.076803 -2.112239 
-2.121819 -2.087286 -2.051615 -2.014696 -1.976404 -1.936610 -1.895176 -1.851972 -1.806884 -1.759850 -1.710904 -1.660261 -1.608451 -1.556508 -1.506228 -1.460399 -1.422828 -1.397831 -1.389021 -1.397831 -1.422828 -1.460399 -1.506228 -1.556508 -1.608451 -1.660261 -1.710904 -1.759850 -1.806884 -1.851972 -1.895176 -1.936610 -1.976404 -2.014696 -2.051615 -2.087286 -2.121819 
-2.133014 -2.099496 -2.065002 -2.029454 -1.992775 -1.954888 -1.915728 -1.875249 -1.833450 -1.790400 -1.746286 -1.701483 -1.656651 -1.612854 -1.571680 -1.535301 -1.506358 -1.487567 -1.481035 -1.487567 -1.506358 -1.535301 -1.571680 -1.612854 -1.656651 -1.701483 -1.746286 -1.790400 -1.833450 -1.875249 -1.915728 -1.954888 -1.992775 -2.029454 -2.065002 -2.099496 -2.133014 
-2.145685 -2.113268 -2.080039 -2.045953 -2.010972 -1.975068 -1.938234 -1.900497 -1.861936 -1.822710 -1.783099 -1.743550 -1.704746 -1.667665 -1.633625 -1.604267 -1.581424 -1.566849 -1.561831 -1.566849 -1.581424 -1.604267 -1.633625 -1.667665 -1.704746 -1.743550 -1.783099 -1.822710 -1.861936 -1.900497 -1.938234 -1.975068 -2.010972 -2.045953 -2.080039 -2.113268 -2.145685 
-2.159693 -2.128436 -2.096528 -2.063953 -2.030707 -1.996803 -1.962280 -1.927217 -1.891748 -1.856087 -1.820557 -1.785621 -1.751923 -1.720309 -1.691840 -1.667742 -1.649302 -1.637684 -1.633711 -1.637684 -1.649302 -1.667742 -1.691840 -1.720309 -1.751923 -1.785621 -1.820557 -1.856087 -1.891748 -1.927217 -1.962280 -1.996803 -2.030707 -2.063953 -2.096528 -2.128436 -2.159693 
-2.174896 -2.144833 -2.114273 -2.083226 -2.051713 -2.019779 -1.987498 -1.954984 -1.922405 -1.890001 -1.858105 -1.827160 -1.797743 -1.770565 -1.746465 -1.726362 -1.711172 -1.701690 -1.698464 -1.701690 -1.711172 -1.726362 -1.746465 -1.770565 -1.797743 -1.827160 -1.858105 -1.890001 -1.922405 -1.954984 -1.987498 -2.019779 -2.051713 -2.083226 -2.114273 -2.144833 -2.174896 
-2.191155 -2.162300 -2.133092 -2.103559 -2.073746 -2.043719 -2.013576 -1.983452 -1.953532 -1.924063 -1.895366 -1.867848 -1.842009 -1.818437 -1.797794 -1.780771 -1.768032 -1.760137 -1.757461 -1.760137 -1.768032 -1.780771 -1.797794 -1.818437 -1.842009 -1.867848 -1.895366 -1.924063 -1.953532 -1.983452 -2.013576 -2.043719 -2.073746 -2.103559 -2.133092 -2.162300 -2.191155 
-2.208338 -2.180688 -2.152816 -2.124764 -2.096593 -2.068386 -2.040254 -2.012344 -1.984845 -1.957996 -1.932098 -1.907513 -1.884667 -1.864043 -1.846162 -1.831551 -1.820700 -1.814011 -1.811750 -1.814011 -1.820700 -1.831551 -1.846162 -1.864043 -1.884667 -1.907513 -1.932098 -1.957996 -1.984845 -2.012344 -2.040254 -2.068386 -2.096593 -2.124764 -2.152816 -2.180688 -2.208338 
-2.226323 -2.199859 -2.173290 -2.146669 -2.120069 -2.093581 -2.067323 -2.041446 -2.016134 -1.991614 -1.968157 -1.946081 -1.925747 -1.907550 -1.891901 -1.879207 -1.869836 -1.864085 -1.862145 -1.864085 -1.869836 -1.879207 -1.891901 -1.907550 -1.925747 -1.946081 -1.968157 -1.991614 -2.016134 -2.041446 -2.067323 -2.093581 -2.120069 -2.146669 -2.173290 -2.199859 -2.226323 
-2.244995 -2.219689 -2.194380 -2.169130 -2.144017 -2.119139 -2.094616 -2.070595 -2.047250 -2.024793 -2.003464 -1.983540 -1.965324 -1.949139 -1.935315 -1.924167 -1.915977 -1.910967 -1.909281 -1.910967 -1.915977 -1.924167 -1.935315 -1.949139 -1.965324 -1.983540 -2.003464 -2.024793 -2.047250 -2.070595 -2.094616 -2.119139 -2.144017 -2.169130 -2.194380 -2.219689 -2.244995 
-2.264252 -2.240066 -2.215966 -2.192019 -2.168307 -2.144929 -2.122002 -2.099667 -2.078089 -2.057457 -2.037985 -2.019912 -2.003492 -1.988991 -1.976674 -1.966789 -1.959556 -1.955143 -1.953660 -1.955143 -1.959556 -1.966789 -1.976674 -1.988991 -2.003492 -2.019912 -2.037985 -2.057457 -2.078089 -2.099667 -2.122002 -2.144929 -2.168307 -2.192019 -2.215966 -2.240066 -2.264252 
-2.284002 -2.260892 -2.237944 -2.215230 -2.192830 -2.170842 -2.149380 -2.128576 -2.108580 -2.089565 -2.071717 -2.055242 -2.040355 -2.027274 -2.016215 -2.007375 -2.000926 -1.997001 -1.995683 -1.997001 -2.000926 -2.007375 -2.016215 -2.027274 -2.040355 -2.055242 -2.071717 -2.089565 -2.108580 -2.128576 -2.149380 -2.170842 -2.192830 -2.215230 -2.237944 -2.260892 -2.284002 
-2.304162 -2.282081 -2.260228 -2.238673 -2.217497 -2.196795 -2.176673 -2.157256 -2.138680 -2.121098 -2.104675 -2.089587 -2.076015 -2.064142 -2.054142 -2.046176 -2.040380 -2.036858 -2.035677 -2.036858 -2.040380 -2.046176 -2.054142 -2.064142 -2.076015 -2.089587 -2.104675 -2.121098 -2.138680 -2.157256 -2.176673 -2.196795 -2.217497 -2.238673 -2.260228 -2.282081 -2.304162 
-2.324660 -2.303559 -2.282741 -2.262274 -2.242237 -2.222720 -2.203825 -2.185664 -2.168361 -2.152054 -2.136885 -2.123006 -2.110571 -2.099732 -2.090633 -2.083405 -2.078157 -2.074974 -2.073907 -2.074974 -2.078157 -2.083405 -2.090633 -2.099732 -2.110571 -2.123006 -2.136885 -2.152054 -2.168361 -2.185664 -2.203825 -2.222720 -2.242237 -2.262274 -2.282741 -2.303559 -2.324660 
