37 37
4.340941e-02 0 5
-2.437280 -2.415981 -2.394967 -2.374309 -2.354085 -2.334387 -2.315316 -2.296986 -2.279524 -2.263065 -2.247757 -2.233750 -2.221201 -2.210263 -2.201081 -2.193787 -2.188492 -2.185279 -2.184202 -2.185279 -2.188492 -2.193787 -2.201081 -2.210263 -2.221201 -2.233750 -2.247757 -2.263065 -2.279524 -2.296986 -2.315316 -2.334387 -2.354085 -2.374309 -2.394967 -2.415981 -2.437280 
-2.416603 -2.394315 -2.372259 -2.350504 -2.329131 -2.308237 -2.287930 -2.268334 -2.249588 -2.231845 -2.215273 -2.200048 -2.186353 -2.174372 -2.164282 -2.156244 -2.150396 -2.146843 -2.145651 -2.146843 -2.150396 -2.156244 -2.164282 -2.174372 -2.186353 -2.200048 -2.215273 -2.231845 -2.249588 -2.268334 -2.287930 -2.308237 -2.329131 -2.350504 -2.372259 -2.394315 -2.416603 
-2.396269 -2.372943 -2.349784 -2.326859 -2.304253 -2.282064 -2.260405 -2.239412 -2.219235 -2.200048 -2.182039 -2.165417 -2.150396 -2.137199 -2.126041 -2.117123 -2.110617 -2.106657 -2.105327 -2.106657 -2.110617 -2.117123 -2.126041 -2.137199 -2.150396 -2.165417 -2.182039 -2.200048 -2.219235 -2.239412 -2.260405 -2.282064 -2.304253 -2.326859 -2.349784 -2.372943 -2.396269 
-2.376350 -2.351940 -2.327618 -2.303452 -2.279524 -2.255933 -2.232799 -2.210263 -2.188492 -2.167675 -2.148031 -2.129798 -2.113233 -2.098605 -2.086180 -2.076209 -2.068913 -2.064461 -2.062965 -2.064461 -2.068913 -2.076209 -2.086180 -2.098605 -2.113233 -2.129798 -2.148031 -2.167675 -2.188492 -2.210263 -2.232799 -2.255933 -2.279524 -2.303452 -2.327618 -2.351940 -2.376350 
-2.356930 -2.331392 -2.305851 -2.280372 -2.255033 -2.229931 -2.205189 -2.180953 -2.157403 -2.134748 -2.113233 -2.093136 -2.074762 -2.058438 -2.044495 -2.033252 -2.024992 -2.019940 -2.018239 -2.019940 -2.024992 -2.033252 -2.044495 -2.058438 -2.074762 -2.093136 -2.113233 -2.134748 -2.157403 -2.180953 -2.205189 -2.229931 -2.255033 -2.280372 -2.305851 -2.331392 -2.356930 
-2.338102 -2.311398 -2.284588 -2.257728 -2.230889 -2.204166 -2.177677 -2.151573 -2.126041 -2.101309 -2.077651 -2.055387 -2.034881 -2.016529 -2.000749 -1.987949 -1.978500 -1.972701 -1.970745 -1.972701 -1.978500 -1.987949 -2.000749 -2.016529 -2.034881 -2.055387 -2.077651 -2.101309 -2.126041 -2.151573 -2.177677 -2.204166 -2.230889 -2.257728 -2.284588 -2.311398 -2.338102 
-2.319971 -2.292071 -2.263948 -2.235646 -2.207226 -2.178772 -2.150396 -2.122245 -2.094511 -2.067435 -2.041320 -2.016529 -1.993494 -1.972701 -1.954673 -1.939943 -1.929003 -1.922260 -1.919981 -1.922260 -1.929003 -1.939943 -1.954673 -1.972701 -1.993494 -2.016529 -2.041320 -2.067435 -2.094511 -2.122245 -2.150396 -2.178772 -2.207226 -2.235646 -2.263948 -2.292071 -2.319971 
-2.302649 -2.273536 -2.244069 -2.214276 -2.184202 -2.153916 -2.123515 -2.093136 -2.062965 -2.033252 -2.004320 -1.976578 -1.950531 -1.926771 -1.905963 -1.888805 -1.875966 -1.868008 -1.865311 -1.868008 -1.875966 -1.888805 -1.905963 -1.926771 -1.950531 -1.976578 -2.004320 -2.033252 -2.062965 -2.093136 -2.123515 -2.153916 -2.184202 -2.214276 -2.244069 -2.273536 -2.302649 
-2.286262 -2.255933 -2.225105 -2.193787 -2.162003 -2.129798 -2.097245 -2.064461 -2.031616 -1.998950 -1.966799 -1.935611 -1.905963 -1.878575 -1.854290 -1.834032 -1.818726 -1.809172 -1.805922 -1.809172 -1.818726 -1.834032 -1.854290 -1.878575 -1.905963 -1.935611 -1.966799 -1.998950 -2.031616 -2.064461 -2.097245 -2.129798 -2.162003 -2.193787 -2.225105 -2.255933 -2.286262 
-2.270943 -2.239412 -2.207226 -2.174372 -2.140844 -2.106657 -2.071849 -2.036502 -2.000749 -1.964809 -1.929003 -1.893801 -1.859848 -1.827999 -1.799319 -1.775043 -1.756467 -1.744763 -1.740762 -1.744763 -1.756467 -1.775043 -1.799319 -1.827999 -1.859848 -1.893801 -1.929003 -1.964809 -2.000749 -2.036502 -2.071849 -2.106657 -2.140844 -2.174372 -2.207226 -2.239412 -2.270943 
-2.256831 -2.224133 -2.190618 -2.156244 -2.120971 -2.084773 -2.047642 -2.009606 -1.970745 -1.931221 -1.891313 -1.851474 -1.812389 -1.775043 -1.740762 -1.711196 -1.688192 -1.673514 -1.668461 -1.673514 -1.688192 -1.711196 -1.740762 -1.775043 -1.812389 -1.851474 -1.891313 -1.931221 -1.970745 -2.009606 -2.047642 -2.084773 -2.120971 -2.156244 -2.190618 -2.224133 -2.256831 
-2.244069 -2.210263 -2.175477 -2.139633 -2.102653 -2.064461 -2.024992 -1.984202 -1.942088 -1.898721 -1.854290 -1.809172 -1.764031 -1.719937 -1.678485 -1.641861 -1.612724 -1.593805 -1.587229 -1.593805 -1.612724 -1.641861 -1.678485 -1.719937 -1.764031 -1.809172 -1.854290 -1.898721 -1.942088 -1.984202 -2.024992 -2.064461 -2.102653 -2.139633 -2.175477 -2.210263 -2.244069 
-2.232799 -2.197972 -2.162003 -2.124780 -2.086180 -2.046072 -2.004320 -1.960791 -1.915375 -1.868008 -1.818726 -1.767745 -1.715597 -1.663323 -1.612724 -1.566605 -1.528794 -1.503636 -1.494768 -1.503636 -1.528794 -1.566605 -1.612724 -1.663323 -1.715597 -1.767745 -1.818726 -1.868008 -1.915375 -1.960791 -2.004320 -2.046072 -2.086180 -2.124780 -2.162003 -2.197972 -2.232799 
-2.223158 -2.187424 -2.150396 -2.111927 -2.071849 -2.029972 -1.986081 -1.939943 -1.891313 -1.839953 -1.785679 -1.728436 -1.668461 -1.606547 -1.544484 -1.485635 -1.435389 -1.400766 -1.388306 -1.400766 -1.435389 -1.485635 -1.544484 -1.606547 -1.668461 -1.728436 -1.785679 -1.839953 -1.891313 -1.939943 -1.986081 -2.029972 -2.071849 -2.111927 -2.150396 -2.187424 -2.223158 
-2.215273 -2.178772 -2.140844 -2.101309 -2.059953 -2.016529 -1.970745 -1.922260 -1.870683 -1.815574 -1.756467 -1.692933 -1.624714 -1.552037 -1.476222 -1.400766 -1.332777 -1.283525 -1.265235 -1.283525 -1.332777 -1.400766 -1.476222 -1.552037 -1.624714 -1.692933 -1.756467 -1.815574 -1.870683 -1.922260 -1.970745 -2.016529 -2.059953 -2.101309 -2.140844 -2.178772 -2.215273 
-2.209253 -2.172153 -2.133517 -2.093136 -2.050760 -2.006091 -1.958765 -1.908342 -1.854290 -1.795964 -1.732600 -1.663323 -1.587229 -1.503636 -1.412743 -1.317202 -1.225154 -1.153707 -1.125899 -1.153707 -1.225154 -1.317202 -1.412743 -1.503636 -1.587229 -1.663323 -1.732600 -1.795964 -1.854290 -1.908342 -1.958765 -2.006091 -2.050760 -2.093136 -2.133517 -2.172153 -2.209253 
-2.205189 -2.167675 -2.128550 -2.087582 -2.044495 -1.998950 -1.950531 -1.898721 -1.842873 -1.782174 -1.715597 -1.641861 -1.559408 -1.466511 -1.361778 -1.245825 -1.125899 -1.024774 -0.982867 -1.024774 -1.125899 -1.245825 -1.361778 -1.466511 -1.559408 -1.641861 -1.715597 -1.782174 -1.842873 -1.898721 -1.950531 -1.998950 -2.044495 -2.087582 -2.128550 -2.167675 -2.205189 
-2.203140 -2.165417 -2.126041 -2.084773 -2.041320 -1.995323 -1.946336 -1.893801 -1.837007 -1.775043 -1.706731 -1.630538 -1.544484 -1.446116 -1.332777 -1.203055 -1.062019 -0.935030 -0.879411 -0.935030 -1.062019 -1.203055 -1.332777 -1.446116 -1.544484 -1.630538 -1.706731 -1.775043 -1.837007 -1.893801 -1.946336 -1.995323 -2.041320 -2.084773 -2.126041 -2.165417 -2.203140 
-2.202884 -2.165133 -2.125726 -2.084420 -2.040921 -1.994867 -1.945808 -1.893181 -1.836266 -1.774140 -1.705605 -1.629092 -1.542567 -1.443470 -1.328956 -1.197284 -1.053092 -0.921946 -0.863989 -0.921946 -1.053092 -1.197284 -1.328956 -1.443470 -1.542567 -1.629092 -1.705605 -1.774140 -1.836266 -1.893181 -1.945808 -1.994867 -2.040921 -2.084420 -2.125726 -2.165133 -2.202884 
-2.203152 -2.165429 -2.126054 -2.084788 -2.041337 -1.995343 -1.946359 -1.893828 -1.837039 -1.775082 -1.706780 -1.630600 -1.544568 -1.446231 -1.332942 -1.203303 -1.062402 -0.935587 -0.880066 -0.935587 -1.062402 -1.203303 -1.332942 -1.446231 -1.544568 -1.630600 -1.706780 -1.775082 -1.837039 -1.893828 -1.946359 -1.995343 -2.041337 -2.084788 -2.126054 -2.165429 -2.203152 
-2.205222 -2.167712 -2.128590 -2.087627 -2.044546 -1.999009 -1.950598 -1.898800 -1.842967 -1.782288 -1.715739 -1.642041 -1.559643 -1.466830 -1.362225 -1.246472 -1.126837 -1.026047 -0.984308 -1.026047 -1.126837 -1.246472 -1.362225 -1.466830 -1.559643 -1.642041 -1.715739 -1.782288 -1.842967 -1.898800 -1.950598 -1.999009 -2.044546 -2.087627 -2.128590 -2.167712 -2.205222 
-2.209308 -2.172213 -2.133583 -2.093210 -2.050844 -2.006186 -1.958874 -1.908469 -1.854441 -1.796145 -1.732822 -1.663601 -1.587587 -1.504106 -1.413375 -1.318061 -1.226302 -1.155139 -1.127458 -1.155139 -1.226302 -1.318061 -1.413375 -1.504106 -1.587587 -1.663601 -1.732822 -1.796145 -1.854441 -1.908469 -1.958874 -2.006186 -2.050844 -2.093210 -2.133583 -2.172213 -2.209308 
-2.215348 -2.178855 -2.140936 -2.101410 -2.060067 -2.016659 -1.970893 -1.922431 -1.870883 -1.815812 -1.756756 -1.693287 -1.625157 -1.552599 -1.476941 -1.401684 -1.333920 -1.284861 -1.266650 -1.284861 -1.333920 -1.401684 -1.476941 -1.552599 -1.625157 -1.693287 -1.756756 -1.815812 -1.870883 -1.922431 -1.970893 -2.016659 -2.060067 -2.101410 -2.140936 -2.178855 -2.215348 
-2.223252 -2.187527 -2.150510 -2.112054 -2.071991 -2.030131 -1.986262 -1.940151 -1.891554 -1.840237 -1.786016 -1.728842 -1.668954 -1.607151 -1.545224 -1.486531 -1.436444 -1.401946 -1.389535 -1.401946 -1.436444 -1.486531 -1.545224 -1.607151 -1.668954 -1.728842 -1.786016 -1.840237 -1.891554 -1.940151 -1.986262 -2.030131 -2.071991 -2.112054 -2.150510 -2.187527 -2.223252 
-2.232912 -2.198095 -2.162138 -2.124929 -2.086346 -2.046258 -2.004530 -1.961030 -1.915650 -1.868326 -1.819097 -1.768182 -1.716114 -1.663935 -1.613446 -1.567445 -1.529745 -1.504668 -1.495830 -1.504668 -1.529745 -1.567445 -1.613446 -1.663935 -1.716114 -1.768182 -1.819097 -1.868326 -1.915650 -1.961030 -2.004530 -2.046258 -2.086346 -2.124929 -2.162138 -2.198095 -2.232912 
-2.244199 -2.210404 -2.175631 -2.139803 -2.102841 -2.064670 -2.025226 -1.984465 -1.942387 -1.899062 -1.854681 -1.809624 -1.764553 -1.720539 -1.679174 -1.642637 -1.613577 -1.594713 -1.588157 -1.594713 -1.613577 -1.642637 -1.679174 -1.720539 -1.764553 -1.809624 -1.854681 -1.899062 -1.942387 -1.984465 -2.025226 -2.064670 -2.102841 -2.139803 -2.175631 -2.210404 -2.244199 
-2.256976 -2.224290 -2.190789 -2.156431 -2.121177 -2.085000 -2.047894 -2.009888 -1.971061 -1.931577 -1.891715 -1.851930 -1.812905 -1.775624 -1.741411 -1.711910 -1.688962 -1.674321 -1.669281 -1.674321 -1.688962 -1.711910 -1.741411 -1.775624 -1.812905 -1.851930 -1.891715 -1.931577 -1.971061 -2.009888 -2.047894 -2.085000 -2.121177 -2.156431 -2.190789 -2.224290 -2.256976 
-2.271102 -2.239583 -2.207412 -2.174574 -2.141065 -2.106899 -2.072117 -2.036797 -2.001077 -1.965173 -1.929410 -1.894254 -1.860351 -1.828555 -1.799928 -1.775702 -1.757166 -1.745489 -1.741497 -1.745489 -1.757166 -1.775702 -1.799928 -1.828555 -1.860351 -1.894254 -1.929410 -1.965173 -2.001077 -2.036797 -2.072117 -2.106899 -2.141065 -2.174574 -2.207412 -2.239583 -2.271102 
-2.286433 -2.256117 -2.225303 -2.194002 -2.162236 -2.130052 -2.097524 -2.064766 -2.031951 -1.999319 -1.967204 -1.936056 -1.906451 -1.879105 -1.854862 -1.834642 -1.819366 -1.809832 -1.806589 -1.809832 -1.819366 -1.834642 -1.854862 -1.879105 -1.906451 -1.936056 -1.967204 -1.999319 -2.031951 -2.064766 -2.097524 -2.130052 -2.162236 -2.194002 -2.225303 -2.256117 -2.286433 
-2.302831 -2.273731 -2.244278 -2.214501 -2.184446 -2.154179 -2.123801 -2.093447 -2.063304 -2.033620 -2.004720 -1.977013 -1.951001 -1.927276 -1.906502 -1.889373 -1.876557 -1.868614 -1.865922 -1.868614 -1.876557 -1.889373 -1.906502 -1.927276 -1.951001 -1.977013 -2.004720 -2.033620 -2.063304 -2.093447 -2.123801 -2.154179 -2.184446 -2.214501 -2.244278 -2.273731 -2.302831 
-2.320161 -2.292275 -2.264166 -2.235880 -2.207478 -2.179043 -2.150687 -2.122559 -2.094850 -2.067801 -2.041714 -2.016953 -1.993947 -1.973183 -1.955182 -1.940475 -1.929553 -1.922821 -1.920546 -1.922821 -1.929553 -1.940475 -1.955182 -1.973183 -1.993947 -2.016953 -2.041714 -2.067801 -2.094850 -2.122559 -2.150687 -2.179043 -2.207478 -2.235880 -2.264166 -2.292275 -2.320161 
-2.338301 -2.311609 -2.284813 -2.257968 -2.231146 -2.204441 -2.177972 -2.151889 -2.126379 -2.101671 -2.078037 -2.055799 -2.035317 -2.016990 -2.001231 -1.988450 -1.979015 -1.973225 -1.971272 -1.973225 -1.979015 -1.988450 -2.001231 -2.016990 -2.035317 -2.055799 -2.078037 -2.101671 -2.126379 -2.151889 -2.177972 -2.204441 -2.231146 -2.257968 -2.284813 -2.311609 -2.338301 
-2.357136 -2.331610 -2.306083 -2.280618 -2.255294 -2.230209 -2.205485 -2.181269 -2.157739 -2.135105 -2.113611 -2.093535 -2.075183 -2.058878 -2.044953 -2.033725 -2.025477 -2.020432 -2.018733 -2.020432 -2.025477 -2.033725 -2.044953 -2.058878 -2.075183 -2.093535 -2.113611 -2.135105 -2.157739 -2.181269 -2.205485 -2.230209 -2.255294 -2.280618 -2.306083 -2.331610 -2.357136 
-2.376561 -2.352163 -2.327854 -2.303702 -2.279788 -2.256213 -2.233096 -2.210577 -2.188824 -2.168026 -2.148400 -2.130186 -2.113639 -2.099028 -2.086618 -2.076659 -2.069372 -2.064927 -2.063432 -2.064927 -2.069372 -2.076659 -2.086618 -2.099028 -2.113639 -2.130186 -2.148400 -2.168026 -2.188824 -2.210577 -2.233096 -2.256213 -2.279788 -2.303702 -2.327854 -2.352163 -2.376561 
-2.396485 -2.373171 -2.350024 -2.327112 -2.304520 -2.282345 -2.260702 -2.239724 -2.219563 -2.200392 -2.182401 -2.165794 -2.150789 -2.137605 -2.126460 -2.117552 -2.111054 -2.107099 -2.105771 -2.107099 -2.111054 -2.117552 -2.126460 -2.137605 -2.150789 -2.165794 -2.182401 -2.200392 -2.219563 -2.239724 -2.260702 -2.282345 -2.304520 -2.327112 -2.350024 -2.373171 -2.396485 
-2.416823 -2.394547 -2.372502 -2.350759 -2.329399 -2.308519 -2.288225 -2.268644 -2.249912 -2.232184 -2.215626 -2.200415 -2.186733 -2.174764 -2.164685 -2.156656 -2.150814 -2.147265 -2.146074 -2.147265 -2.150814 -2.156656 -2.164685 -2.174764 -2.186733 -2.200415 -2.215626 -2.232184 -2.249912 -2.268644 -2.288225 -2.308519 -2.329399 -2.350759 -2.372502 -2.394547 -2.416823 
-2.437504 -2.416215 -2.395212 -2.374566 -2.354354 -2.334668 -2.315609 -2.297292 -2.279843 -2.263398 -2.248102 -2.234108 -2.221570 -2.210642 -2.201469 -2.194183 -2.188893 -2.185683 -2.184608 -2.185683 -2.188893 -2.194183 -2.201469 -2.210642 -2.221570 -2.234108 -2.248102 -2.263398 -2.279843 -2.297292 -2.315609 -2.334668 -2.354354 -2.374566 -2.395212 -2.416215 -2.437504 
