77 77
2.450540e+01 0 5
0.525887 0.536395 0.546846 0.557236 0.567555 0.577796 0.587950 0.598008 0.607960 0.617796 0.627504 0.637074 0.646494 0.655749 0.664828 0.673716 0.682398 0.690861 0.699087 0.707061 0.714766 0.722187 0.729305 0.736104 0.742566 0.748674 0.754411 0.759761 0.764708 0.769236 0.773330 0.776978 0.780166 0.782883 0.785120 0.786869 0.788122 0.788876 0.789128 0.788876 0.788122 0.786869 0.785120 0.782883 0.780166 0.776978 0.773330 0.769236 0.764708 0.759761 0.754411 0.748674 0.742566 0.736104 0.729305 0.722187 0.714766 0.707061 0.699087 0.690861 0.682398 0.673716 0.664828 0.655749 0.646494 0.637074 0.627504 0.617796 0.607960 0.598008 0.587950 0.577796 0.567555 0.557236 0.546846 0.536395 0.525887 
0.535687 0.546412 0.557088 0.567706 0.578260 0.588740 0.599139 0.609447 0.619653 0.629748 0.639720 0.649557 0.659247 0.668777 0.678132 0.687298 0.696260 0.705002 0.713507 0.721759 0.729740 0.737432 0.744817 0.751877 0.758592 0.764945 0.770917 0.776490 0.781646 0.786368 0.790641 0.794450 0.797781 0.800621 0.802960 0.804788 0.806100 0.806889 0.807152 0.806889 0.806100 0.804788 0.802960 0.800621 0.797781 0.794450 0.790641 0.786368 0.781646 0.776490 0.770917 0.764945 0.758592 0.751877 0.744817 0.737432 0.729740 0.721759 0.713507 0.705002 0.696260 0.687298 0.678132 0.668777 0.659247 0.649557 0.639720 0.629748 0.619653 0.609447 0.599139 0.588740 0.578260 0.567706 0.557088 0.546412 0.535687 
0.545401 0.556349 0.567253 0.578105 0.588898 0.599625 0.610275 0.620839 0.631308 0.641670 0.651915 0.662029 0.672000 0.681814 0.691457 0.700914 0.710168 0.719203 0.728002 0.736546 0.744817 0.752797 0.760464 0.767801 0.774785 0.781399 0.787620 0.793431 0.798811 0.803742 0.808207 0.812190 0.815674 0.818646 0.821095 0.823011 0.824384 0.825211 0.825487 0.825211 0.824384 0.823011 0.821095 0.818646 0.815674 0.812190 0.808207 0.803742 0.798811 0.793431 0.787620 0.781399 0.774785 0.767801 0.760464 0.752797 0.744817 0.736546 0.728002 0.719203 0.710168 0.700914 0.691457 0.681814 0.672000 0.662029 0.651915 0.641670 0.631308 0.620839 0.610275 0.599625 0.588898 0.578105 0.567253 0.556349 0.545401 
0.555022 0.566196 0.577332 0.588424 0.599463 0.610440 0.621348 0.632177 0.642916 0.653554 0.664080 0.674481 0.684743 0.694854 0.704797 0.714556 0.724116 0.733459 0.742566 0.751418 0.759996 0.768278 0.776246 0.783876 0.791147 0.798038 0.804527 0.810592 0.816212 0.821368 0.826040 0.830209 0.833858 0.836974 0.839541 0.841551 0.842992 0.843860 0.844149 0.843860 0.842992 0.841551 0.839541 0.836974 0.833858 0.830209 0.826040 0.821368 0.816212 0.810592 0.804527 0.798038 0.791147 0.783876 0.776246 0.768278 0.759996 0.751418 0.742566 0.733459 0.724116 0.714556 0.704797 0.694854 0.684743 0.674481 0.664080 0.653554 0.642916 0.632177 0.621348 0.610440 0.599463 0.588424 0.577332 0.566196 0.555022 
0.564541 0.575945 0.587319 0.598654 0.609943 0.621179 0.632351 0.643451 0.654467 0.665390 0.676206 0.686904 0.697469 0.707887 0.718142 0.728219 0.738098 0.747763 0.757194 0.766370 0.775272 0.783876 0.792160 0.800103 0.807680 0.814867 0.821641 0.827980 0.833858 0.839255 0.844149 0.848520 0.852349 0.855619 0.858315 0.860426 0.861941 0.862853 0.863157 0.862853 0.861941 0.860426 0.858315 0.855619 0.852349 0.848520 0.844149 0.839255 0.833858 0.827980 0.821641 0.814867 0.807680 0.800103 0.792160 0.783876 0.775272 0.766370 0.757194 0.747763 0.738098 0.728219 0.718142 0.707887 0.697469 0.686904 0.676206 0.665390 0.654467 0.643451 0.632351 0.621179 0.609943 0.598654 0.587319 0.575945 0.564541 
0.573948 0.585587 0.597202 0.608785 0.620330 0.631829 0.643272 0.654650 0.665953 0.677168 0.688285 0.699289 0.710168 0.720906 0.731486 0.741893 0.752107 0.762109 0.771881 0.781399 0.790641 0.799586 0.808207 0.816482 0.824384 0.831889 0.838969 0.845601 0.851757 0.857414 0.862549 0.867138 0.871160 0.874598 0.877435 0.879656 0.881251 0.882211 0.882532 0.882211 0.881251 0.879656 0.877435 0.874598 0.871160 0.867138 0.862549 0.857414 0.851757 0.845601 0.838969 0.831889 0.824384 0.816482 0.808207 0.799586 0.790641 0.781399 0.771881 0.762109 0.752107 0.741893 0.731486 0.720906 0.710168 0.699289 0.688285 0.677168 0.665953 0.654650 0.643272 0.631829 0.620330 0.608785 0.597202 0.585587 0.573948 
0.583236 0.595112 0.606971 0.618808 0.630614 0.642382 0.654102 0.665765 0.677361 0.688878 0.700304 0.711626 0.722829 0.733898 0.744817 0.755568 0.766132 0.776490 0.786618 0.796496 0.806100 0.815405 0.824384 0.833013 0.841263 0.849106 0.856516 0.863462 0.869918 0.875856 0.881251 0.886077 0.890310 0.893931 0.896920 0.899261 0.900943 0.901956 0.902294 0.901956 0.900943 0.899261 0.896920 0.893931 0.890310 0.886077 0.881251 0.875856 0.869918 0.863462 0.856516 0.849106 0.841263 0.833013 0.824384 0.815405 0.806100 0.796496 0.786618 0.776490 0.766132 0.755568 0.744817 0.733898 0.722829 0.711626 0.700304 0.688878 0.677361 0.665765 0.654102 0.642382 0.630614 0.618808 0.606971 0.595112 0.583236 
0.592393 0.604509 0.616618 0.628711 0.640783 0.652825 0.664828 0.676783 0.688680 0.700507 0.712252 0.723901 0.735441 0.746855 0.758126 0.769236 0.780166 0.790894 0.801399 0.811656 0.821641 0.831328 0.840688 0.849694 0.858315 0.866523 0.874285 0.881571 0.888350 0.894593 0.900270 0.905353 0.909816 0.913636 0.916791 0.919265 0.921042 0.922112 0.922470 0.922112 0.921042 0.919265 0.916791 0.913636 0.909816 0.905353 0.900270 0.894593 0.888350 0.881571 0.874285 0.866523 0.858315 0.849694 0.840688 0.831328 0.821641 0.811656 0.801399 0.790894 0.780166 0.769236 0.758126 0.746855 0.735441 0.723901 0.712252 0.700507 0.688680 0.676783 0.664828 0.652825 0.640783 0.628711 0.616618 0.604509 0.592393 
0.601410 0.613769 0.626129 0.638483 0.650825 0.663146 0.675439 0.687692 0.699898 0.712043 0.724116 0.736104 0.747991 0.759761 0.771398 0.782883 0.794195 0.805313 0.816212 0.826870 0.837258 0.847350 0.857115 0.866523 0.875542 0.884139 0.892281 0.899933 0.907063 0.913636 0.919619 0.924983 0.929697 0.933735 0.937073 0.939691 0.941573 0.942707 0.943086 0.942707 0.941573 0.939691 0.937073 0.933735 0.929697 0.924983 0.919619 0.913636 0.907063 0.899933 0.892281 0.884139 0.875542 0.866523 0.857115 0.847350 0.837258 0.826870 0.816212 0.805313 0.794195 0.782883 0.771398 0.759761 0.747991 0.736104 0.724116 0.712043 0.699898 0.687692 0.675439 0.663146 0.650825 0.638483 0.626129 0.613769 0.601410 
0.610275 0.622880 0.635494 0.648113 0.660729 0.673334 0.685921 0.698479 0.711000 0.723472 0.735883 0.748218 0.760464 0.772605 0.784622 0.796496 0.808207 0.819733 0.831048 0.842127 0.852941 0.863462 0.873658 0.883495 0.892940 0.901956 0.910507 0.918556 0.926065 0.932997 0.939316 0.944986 0.949975 0.954252 0.957790 0.960568 0.962565 0.963769 0.964171 0.963769 0.962565 0.960568 0.957790 0.954252 0.949975 0.944986 0.939316 0.932997 0.926065 0.918556 0.910507 0.901956 0.892940 0.883495 0.873658 0.863462 0.852941 0.842127 0.831048 0.819733 0.808207 0.796496 0.784622 0.772605 0.760464 0.748218 0.735883 0.723472 0.711000 0.698479 0.685921 0.673334 0.660729 0.648113 0.635494 0.622880 0.610275 
0.618977 0.631829 0.644701 0.657587 0.670480 0.683374 0.696260 0.709130 0.721973 0.734779 0.747536 0.760230 0.772846 0.785369 0.797781 0.810061 0.822188 0.834140 0.845892 0.857414 0.868680 0.879656 0.890310 0.900606 0.910507 0.919975 0.928968 0.937446 0.945367 0.952690 0.959375 0.965381 0.970672 0.975212 0.978972 0.981926 0.984051 0.985332 0.985761 0.985332 0.984051 0.981926 0.978972 0.975212 0.970672 0.965381 0.959375 0.952690 0.945367 0.937446 0.928968 0.919975 0.910507 0.900606 0.890310 0.879656 0.868680 0.857414 0.845892 0.834140 0.822188 0.810061 0.797781 0.785369 0.772846 0.760230 0.747536 0.734779 0.721973 0.709130 0.696260 0.683374 0.670480 0.657587 0.644701 0.631829 0.618977 
0.627504 0.640605 0.653736 0.666892 0.680066 0.693252 0.706442 0.719628 0.732800 0.745948 0.759060 0.772122 0.785120 0.798038 0.810858 0.823559 0.836122 0.848520 0.860729 0.872719 0.884461 0.895921 0.907063 0.917849 0.928240 0.938193 0.947663 0.956607 0.964977 0.972728 0.979814 0.986189 0.991813 0.996645 1.000650 1.003799 1.006066 1.007433 1.007891 1.007433 1.006066 1.003799 1.000650 0.996645 0.991813 0.986189 0.979814 0.972728 0.964977 0.956607 0.947663 0.938193 0.928240 0.917849 0.907063 0.895921 0.884461 0.872719 0.860729 0.848520 0.836122 0.823559 0.810858 0.798038 0.785120 0.772122 0.759060 0.745948 0.732800 0.719628 0.706442 0.693252 0.680066 0.666892 0.653736 0.640605 0.627504 
0.635845 0.649196 0.662587 0.676014 0.689472 0.702953 0.716451 0.729958 0.743465 0.756961 0.770436 0.783876 0.797266 0.810592 0.823834 0.836974 0.849988 0.862853 0.875542 0.888025 0.900270 0.912242 0.923904 0.935215 0.946131 0.956607 0.966595 0.976044 0.984905 0.993124 1.000650 1.007433 1.013425 1.018580 1.022858 1.026224 1.028650 1.030114 1.030603 1.030114 1.028650 1.026224 1.022858 1.018580 1.013425 1.007433 1.000650 0.993124 0.984905 0.976044 0.966595 0.956607 0.946131 0.935215 0.923904 0.912242 0.900270 0.888025 0.875542 0.862853 0.849988 0.836974 0.823834 0.810592 0.797266 0.783876 0.770436 0.756961 0.743465 0.729958 0.716451 0.702953 0.689472 0.676014 0.662587 0.649196 0.635845 
0.643986 0.657587 0.671239 0.684939 0.698682 0.712461 0.726270 0.740103 0.753949 0.767801 0.781646 0.795472 0.809265 0.823011 0.836689 0.850282 0.863767 0.877119 0.890310 0.903311 0.916088 0.928604 0.940819 0.952690 0.964171 0.975212 0.985761 0.995761 1.005157 1.013890 1.021903 1.029137 1.035538 1.041053 1.045636 1.049245 1.051848 1.053420 1.053946 1.053420 1.051848 1.049245 1.045636 1.041053 1.035538 1.029137 1.021903 1.013890 1.005157 0.995761 0.985761 0.975212 0.964171 0.952690 0.940819 0.928604 0.916088 0.903311 0.890310 0.877119 0.863767 0.850282 0.836689 0.823011 0.809265 0.795472 0.781646 0.767801 0.753949 0.740103 0.726270 0.712461 0.698682 0.684939 0.671239 0.657587 0.643986 
0.651915 0.665765 0.679679 0.693652 0.707680 0.721759 0.735883 0.750044 0.764234 0.778446 0.792668 0.806889 0.821095 0.835271 0.849400 0.863462 0.877435 0.891294 0.905012 0.918556 0.931894 0.944986 0.957790 0.970262 0.982350 0.994001 1.005157 1.015759 1.025741 1.035041 1.043591 1.051326 1.058182 1.064100 1.069024 1.072908 1.075711 1.077405 1.077972 1.077405 1.075711 1.072908 1.069024 1.064100 1.058182 1.051326 1.043591 1.035041 1.025741 1.015759 1.005157 0.994001 0.982350 0.970262 0.957790 0.944986 0.931894 0.918556 0.905012 0.891294 0.877435 0.863462 0.849400 0.835271 0.821095 0.806889 0.792668 0.778446 0.764234 0.750044 0.735883 0.721759 0.707680 0.693652 0.679679 0.665765 0.651915 
0.659617 0.673716 0.687890 0.702136 0.716451 0.730831 0.745269 0.759761 0.774300 0.788876 0.803481 0.818104 0.832732 0.847350 0.861941 0.876487 0.890966 0.905353 0.919619 0.933735 0.947663 0.961365 0.974797 0.987910 1.000650 1.012960 1.024778 1.036035 1.046663 1.056587 1.065733 1.074026 1.081393 1.087763 1.093073 1.097266 1.100296 1.102129 1.102742 1.102129 1.100296 1.097266 1.093073 1.087763 1.081393 1.074026 1.065733 1.056587 1.046663 1.036035 1.024778 1.012960 1.000650 0.987910 0.974797 0.961365 0.947663 0.933735 0.919619 0.905353 0.890966 0.876487 0.861941 0.847350 0.832732 0.818104 0.803481 0.788876 0.774300 0.759761 0.745269 0.730831 0.716451 0.702136 0.687890 0.673716 0.659617 
0.667080 0.681425 0.695858 0.710376 0.724977 0.739656 0.754411 0.769236 0.784124 0.799069 0.814062 0.829092 0.844149 0.859219 0.874285 0.889329 0.904330 0.919265 0.934104 0.948817 0.963367 0.977715 0.991813 1.005611 1.019053 1.032076 1.044612 1.056587 1.067924 1.078539 1.088349 1.097266 1.105207 1.112088 1.117835 1.122380 1.125669 1.127660 1.128326 1.127660 1.125669 1.122380 1.117835 1.112088 1.105207 1.097266 1.088349 1.078539 1.067924 1.056587 1.044612 1.032076 1.019053 1.005611 0.991813 0.977715 0.963367 0.948817 0.934104 0.919265 0.904330 0.889329 0.874285 0.859219 0.844149 0.829092 0.814062 0.799069 0.784124 0.769236 0.754411 0.739656 0.724977 0.710376 0.695858 0.681425 0.667080 
0.674289 0.688878 0.703567 0.718354 0.733239 0.748218 0.763289 0.778446 0.793685 0.809001 0.824384 0.839828 0.855320 0.870849 0.886400 0.901956 0.917496 0.932997 0.948432 0.963769 0.978972 0.994001 1.008807 1.023337 1.037532 1.051326 1.064643 1.077405 1.089523 1.100906 1.111456 1.121075 1.129663 1.137125 1.143370 1.148319 1.151905 1.154077 1.154805 1.154077 1.151905 1.148319 1.143370 1.137125 1.129663 1.121075 1.111456 1.100906 1.089523 1.077405 1.064643 1.051326 1.037532 1.023337 1.008807 0.994001 0.978972 0.963769 0.948432 0.932997 0.917496 0.901956 0.886400 0.870849 0.855320 0.839828 0.824384 0.809001 0.793685 0.778446 0.763289 0.748218 0.733239 0.718354 0.703567 0.688878 0.674289 
0.681231 0.696059 0.711000 0.726055 0.741220 0.756497 0.771881 0.787370 0.802960 0.818646 0.834423 0.850282 0.866215 0.882211 0.898256 0.914335 0.930428 0.946513 0.962565 0.978553 0.994440 1.010186 1.025741 1.041053 1.056057 1.070683 1.084852 1.098475 1.111456 1.123692 1.135071 1.145481 1.154805 1.162929 1.169746 1.175160 1.179089 1.181472 1.182271 1.181472 1.179089 1.175160 1.169746 1.162929 1.154805 1.145481 1.135071 1.123692 1.111456 1.098475 1.084852 1.070683 1.056057 1.041053 1.025741 1.010186 0.994440 0.978553 0.962565 0.946513 0.930428 0.914335 0.898256 0.882211 0.866215 0.850282 0.834423 0.818646 0.802960 0.787370 0.771881 0.756497 0.741220 0.726055 0.711000 0.696059 0.681231 
0.687890 0.702953 0.718142 0.733459 0.748902 0.764471 0.780166 0.795984 0.811923 0.827980 0.844149 0.860426 0.876803 0.893270 0.909816 0.926427 0.943086 0.959772 0.976461 0.993124 1.009725 1.026224 1.042573 1.058716 1.074587 1.090112 1.105207 1.119775 1.133710 1.146897 1.159208 1.170513 1.180676 1.189561 1.197039 1.202993 1.207323 1.209952 1.210834 1.209952 1.207323 1.202993 1.197039 1.189561 1.180676 1.170513 1.159208 1.146897 1.133710 1.119775 1.105207 1.090112 1.074587 1.058716 1.042573 1.026224 1.009725 0.993124 0.976461 0.959772 0.943086 0.926427 0.909816 0.893270 0.876803 0.860426 0.844149 0.827980 0.811923 0.795984 0.780166 0.764471 0.748902 0.733459 0.718142 0.702953 0.687890 
0.694252 0.709545 0.724977 0.740549 0.756264 0.772122 0.788122 0.804265 0.820550 0.836974 0.853535 0.870228 0.887049 0.903990 0.921042 0.938193 0.955427 0.972728 0.990073 1.007433 1.024778 1.042066 1.059250 1.076275 1.093073 1.109568 1.125669 1.141274 1.156265 1.170513 1.183875 1.196198 1.207323 1.217087 1.225334 1.231920 1.236721 1.239642 1.240623 1.239642 1.236721 1.231920 1.225334 1.217087 1.207323 1.196198 1.183875 1.170513 1.156265 1.141274 1.125669 1.109568 1.093073 1.076275 1.059250 1.042066 1.024778 1.007433 0.990073 0.972728 0.955427 0.938193 0.921042 0.903990 0.887049 0.870228 0.853535 0.836974 0.820550 0.804265 0.788122 0.772122 0.756264 0.740549 0.724977 0.709545 0.694252 
0.700304 0.715819 0.731486 0.747309 0.763289 0.779428 0.795728 0.812190 0.828814 0.845601 0.862549 0.879656 0.896920 0.914335 0.931894 0.949588 0.967406 0.985332 1.003347 1.021426 1.039539 1.057650 1.075711 1.093669 1.111456 1.128994 1.146188 1.162929 1.179089 1.194524 1.209073 1.222558 1.234791 1.245578 1.254728 1.262061 1.267422 1.270690 1.271789 1.270690 1.267422 1.262061 1.254728 1.245578 1.234791 1.222558 1.209073 1.194524 1.179089 1.162929 1.146188 1.128994 1.111456 1.093669 1.075711 1.057650 1.039539 1.021426 1.003347 0.985332 0.967406 0.949588 0.931894 0.914335 0.896920 0.879656 0.862549 0.845601 0.828814 0.812190 0.795728 0.779428 0.763289 0.747309 0.731486 0.715819 0.700304 
0.706030 0.721759 0.737654 0.753719 0.769955 0.786368 0.802960 0.819733 0.836689 0.853832 0.871160 0.888676 0.906378 0.924263 0.942328 0.960568 0.978972 0.997531 1.016227 1.035041 1.053946 1.072908 1.091885 1.110825 1.129663 1.148319 1.166697 1.184681 1.202134 1.218899 1.234791 1.249607 1.263125 1.275110 1.285327 1.293552 1.299586 1.303274 1.304514 1.303274 1.299586 1.293552 1.285327 1.275110 1.263125 1.249607 1.234791 1.218899 1.202134 1.184681 1.166697 1.148319 1.129663 1.110825 1.091885 1.072908 1.053946 1.035041 1.016227 0.997531 0.978972 0.960568 0.942328 0.924263 0.906378 0.888676 0.871160 0.853832 0.836689 0.819733 0.802960 0.786368 0.769955 0.753719 0.737654 0.721759 0.706030 
0.711417 0.727352 0.743465 0.759761 0.776246 0.792922 0.809795 0.826870 0.844149 0.861638 0.879338 0.897253 0.915385 0.933735 0.952301 0.971082 0.990073 1.009266 1.028650 1.048210 1.067924 1.087763 1.107691 1.127660 1.147607 1.167456 1.187110 1.206451 1.225334 1.243585 1.261001 1.277347 1.292362 1.305761 1.317253 1.326553 1.333405 1.337605 1.339021 1.337605 1.333405 1.326553 1.317253 1.305761 1.292362 1.277347 1.261001 1.243585 1.225334 1.206451 1.187110 1.167456 1.147607 1.127660 1.107691 1.087763 1.067924 1.048210 1.028650 1.009266 0.990073 0.971082 0.952301 0.933735 0.915385 0.897253 0.879338 0.861638 0.844149 0.826870 0.809795 0.792922 0.776246 0.759761 0.743465 0.727352 0.711417 
0.716451 0.732581 0.748902 0.765420 0.782140 0.799069 0.816212 0.833576 0.851167 0.868989 0.887049 0.905353 0.923904 0.942707 0.961765 0.981079 1.000650 1.020475 1.040548 1.060859 1.081393 1.102129 1.123035 1.144072 1.165184 1.186298 1.207323 1.228138 1.248594 1.268507 1.287652 1.305761 1.322526 1.337605 1.350634 1.361246 1.369108 1.373945 1.375578 1.373945 1.369108 1.361246 1.350634 1.337605 1.322526 1.305761 1.287652 1.268507 1.248594 1.228138 1.207323 1.186298 1.165184 1.144072 1.123035 1.102129 1.081393 1.060859 1.040548 1.020475 1.000650 0.981079 0.961765 0.942707 0.923904 0.905353 0.887049 0.868989 0.851167 0.833576 0.816212 0.799069 0.782140 0.765420 0.748902 0.732581 0.716451 
0.721119 0.737432 0.753949 0.770676 0.787620 0.804788 0.822188 0.839828 0.857715 0.875856 0.894262 0.912938 0.931894 0.951136 0.970672 0.990507 1.010646 1.031093 1.051848 1.072908 1.094265 1.115907 1.137812 1.159949 1.182271 1.204717 1.227200 1.249607 1.271789 1.293552 1.314655 1.334798 1.353621 1.370710 1.385607 1.397842 1.406967 1.412609 1.414519 1.412609 1.406967 1.397842 1.385607 1.370710 1.353621 1.334798 1.314655 1.293552 1.271789 1.249607 1.227200 1.204717 1.182271 1.159949 1.137812 1.115907 1.094265 1.072908 1.051848 1.031093 1.010646 0.990507 0.970672 0.951136 0.931894 0.912938 0.894262 0.875856 0.857715 0.839828 0.822188 0.804788 0.787620 0.770676 0.753949 0.737432 0.721119 
0.725407 0.741893 0.758592 0.775515 0.792668 0.810061 0.827702 0.845601 0.863767 0.882211 0.900943 0.919975 0.939316 0.958978 0.978972 0.999310 1.020000 1.041053 1.062475 1.084272 1.106446 1.128994 1.151905 1.175160 1.198727 1.222558 1.246580 1.270690 1.294748 1.318561 1.341875 1.364361 1.385607 1.405115 1.422311 1.436579 1.447312 1.453991 1.456259 1.453991 1.447312 1.436579 1.422311 1.405115 1.385607 1.364361 1.341875 1.318561 1.294748 1.270690 1.246580 1.222558 1.198727 1.175160 1.151905 1.128994 1.106446 1.084272 1.062475 1.041053 1.020000 0.999310 0.978972 0.958978 0.939316 0.919975 0.900943 0.882211 0.863767 0.845601 0.827702 0.810061 0.792668 0.775515 0.758592 0.741893 0.725407 
0.729305 0.745948 0.762817 0.779920 0.797266 0.814867 0.832732 0.850872 0.869298 0.888025 0.907063 0.926427 0.946131 0.966190 0.986619 1.007433 1.028650 1.050284 1.072350 1.094863 1.117835 1.141274 1.165184 1.189561 1.214390 1.239642 1.265265 1.291176 1.317253 1.343314 1.369108 1.394285 1.418384 1.440815 1.460861 1.477712 1.490533 1.498577 1.501321 1.498577 1.490533 1.477712 1.460861 1.440815 1.418384 1.394285 1.369108 1.343314 1.317253 1.291176 1.265265 1.239642 1.214390 1.189561 1.165184 1.141274 1.117835 1.094863 1.072350 1.050284 1.028650 1.007433 0.986619 0.966190 0.946131 0.926427 0.907063 0.888025 0.869298 0.850872 0.832732 0.814867 0.797266 0.779920 0.762817 0.745948 0.729305 
0.732800 0.749587 0.766608 0.783876 0.801399 0.819189 0.837258 0.855619 0.874285 0.893270 0.912590 0.932261 0.952301 0.972728 0.993562 1.014823 1.036534 1.058716 1.081393 1.104589 1.128326 1.152627 1.177511 1.202993 1.229079 1.255763 1.283023 1.310806 1.339021 1.367516 1.396057 1.424299 1.451744 1.477712 1.501321 1.521502 1.537085 1.546974 1.550369 1.546974 1.537085 1.521502 1.501321 1.477712 1.451744 1.424299 1.396057 1.367516 1.339021 1.310806 1.283023 1.255763 1.229079 1.202993 1.177511 1.152627 1.128326 1.104589 1.081393 1.058716 1.036534 1.014823 0.993562 0.972728 0.952301 0.932261 0.912590 0.893270 0.874285 0.855619 0.837258 0.819189 0.801399 0.783876 0.766608 0.749587 0.732800 
0.735883 0.752797 0.769955 0.787370 0.805050 0.823011 0.841263 0.859822 0.878703 0.897922 0.917496 0.937446 0.957790 0.978553 0.999756 1.021426 1.043591 1.066279 1.089523 1.113356 1.137812 1.162929 1.188742 1.215286 1.242594 1.270690 1.299586 1.329272 1.359703 1.390777 1.422311 1.453991 1.485320 1.515554 1.543630 1.568153 1.587472 1.599925 1.604237 1.599925 1.587472 1.568153 1.543630 1.515554 1.485320 1.453991 1.422311 1.390777 1.359703 1.329272 1.299586 1.270690 1.242594 1.215286 1.188742 1.162929 1.137812 1.113356 1.089523 1.066279 1.043591 1.021426 0.999756 0.978553 0.957790 0.937446 0.917496 0.897922 0.878703 0.859822 0.841263 0.823011 0.805050 0.787370 0.769955 0.752797 0.735883 
0.738543 0.755568 0.772846 0.790389 0.808207 0.826316 0.844729 0.863462 0.882532 0.901956 0.921755 0.941950 0.962565 0.983625 1.005157 1.027192 1.049764 1.072908 1.096664 1.121075 1.146188 1.172054 1.198727 1.226265 1.254728 1.284173 1.314655 1.346217 1.378877 1.412609 1.447312 1.482757 1.518508 1.553815 1.587472 1.617704 1.642173 1.658297 1.663952 1.658297 1.642173 1.617704 1.587472 1.553815 1.518508 1.482757 1.447312 1.412609 1.378877 1.346217 1.314655 1.284173 1.254728 1.226265 1.198727 1.172054 1.146188 1.121075 1.096664 1.072908 1.049764 1.027192 1.005157 0.983625 0.962565 0.941950 0.921755 0.901956 0.882532 0.863462 0.844729 0.826316 0.808207 0.790389 0.772846 0.755568 0.738543 
0.740773 0.757893 0.775272 0.792922 0.810858 0.829092 0.847642 0.866523 0.885753 0.905353 0.925343 0.945749 0.966595 0.987910 1.009725 1.032076 1.055000 1.078539 1.102742 1.127660 1.153351 1.179881 1.207323 1.235754 1.265265 1.295949 1.327909 1.361246 1.396057 1.432416 1.470343 1.509755 1.550369 1.591546 1.632053 1.669759 1.701422 1.722964 1.730662 1.722964 1.701422 1.669759 1.632053 1.591546 1.550369 1.509755 1.470343 1.432416 1.396057 1.361246 1.327909 1.295949 1.265265 1.235754 1.207323 1.179881 1.153351 1.127660 1.102742 1.078539 1.055000 1.032076 1.009725 0.987910 0.966595 0.945749 0.925343 0.905353 0.885753 0.866523 0.847642 0.829092 0.810858 0.792922 0.775272 0.757893 0.740773 
0.742566 0.759761 0.777222 0.794961 0.812991 0.831328 0.849988 0.868989 0.888350 0.908093 0.928240 0.948817 0.969852 0.991377 1.013425 1.036035 1.059250 1.083117 1.107691 1.133032 1.159208 1.186298 1.214390 1.243585 1.273998 1.305761 1.339021 1.373945 1.410714 1.449518 1.490533 1.533882 1.579543 1.627164 1.675727 1.722964 1.764632 1.794317 1.805238 1.794317 1.764632 1.722964 1.675727 1.627164 1.579543 1.533882 1.490533 1.449518 1.410714 1.373945 1.339021 1.305761 1.273998 1.243585 1.214390 1.186298 1.159208 1.133032 1.107691 1.083117 1.059250 1.036035 1.013425 0.991377 0.969852 0.948817 0.928240 0.908093 0.888350 0.868989 0.849988 0.831328 0.812991 0.794961 0.777222 0.759761 0.742566 
0.743915 0.761169 0.778691 0.796496 0.814598 0.833013 0.851757 0.870849 0.890310 0.910161 0.930428 0.951136 0.972316 0.994001 1.016227 1.039037 1.062475 1.086595 1.111456 1.137125 1.163679 1.191206 1.219809 1.249607 1.280738 1.313366 1.347681 1.383908 1.422311 1.463196 1.506910 1.553815 1.604237 1.658297 1.715537 1.774064 1.828982 1.870703 1.886743 1.870703 1.828982 1.774064 1.715537 1.658297 1.604237 1.553815 1.506910 1.463196 1.422311 1.383908 1.347681 1.313366 1.280738 1.249607 1.219809 1.191206 1.163679 1.137125 1.111456 1.086595 1.062475 1.039037 1.016227 0.994001 0.972316 0.951136 0.930428 0.910161 0.890310 0.870849 0.851757 0.833013 0.814598 0.796496 0.778691 0.761169 0.743915 
0.744817 0.762109 0.779674 0.797523 0.815674 0.834140 0.852941 0.872095 0.891623 0.911547 0.931894 0.952690 0.973968 0.995761 1.018108 1.041053 1.064643 1.088935 1.113992 1.139884 1.166697 1.194524 1.223480 1.253696 1.285327 1.318561 1.353621 1.390777 1.430361 1.472774 1.518508 1.568153 1.622383 1.681867 1.746959 1.816768 1.886743 1.944215 1.967670 1.944215 1.886743 1.816768 1.746959 1.681867 1.622383 1.568153 1.518508 1.472774 1.430361 1.390777 1.353621 1.318561 1.285327 1.253696 1.223480 1.194524 1.166697 1.139884 1.113992 1.088935 1.064643 1.041053 1.018108 0.995761 0.973968 0.952690 0.931894 0.911547 0.891623 0.872095 0.852941 0.834140 0.815674 0.797523 0.779674 0.762109 0.744817 
0.745269 0.762581 0.780166 0.798038 0.816212 0.834705 0.853535 0.872719 0.892281 0.912242 0.932629 0.953470 0.974797 0.996645 1.019053 1.042066 1.065733 1.090112 1.115267 1.141274 1.168217 1.196198 1.225334 1.255763 1.287652 1.321198 1.356644 1.394285 1.434488 1.477712 1.524535 1.575681 1.632053 1.694702 1.764632 1.841968 1.923198 1.994208 2.024774 1.994208 1.923198 1.841968 1.764632 1.694702 1.632053 1.575681 1.524535 1.477712 1.434488 1.394285 1.356644 1.321198 1.287652 1.255763 1.225334 1.196198 1.168217 1.141274 1.115267 1.090112 1.065733 1.042066 1.019053 0.996645 0.974797 0.953470 0.932629 0.912242 0.892281 0.872719 0.853535 0.834705 0.816212 0.798038 0.780166 0.762581 0.745269 
0.745326 0.762640 0.780227 0.798102 0.816280 0.834776 0.853609 0.872797 0.892363 0.912329 0.932721 0.953568 0.974901 0.996755 1.019171 1.042192 1.065870 1.090259 1.115427 1.141448 1.168408 1.196408 1.225567 1.256023 1.287944 1.321529 1.357024 1.394727 1.435009 1.478337 1.525299 1.576640 1.633292 1.696362 1.766950 1.845347 1.928251 2.001426 2.033198 2.001426 1.928251 1.845347 1.766950 1.696362 1.633292 1.576640 1.525299 1.478337 1.435009 1.394727 1.357024 1.321529 1.287944 1.256023 1.225567 1.196408 1.168408 1.141448 1.115427 1.090259 1.065870 1.042192 1.019171 0.996755 0.974901 0.953568 0.932721 0.912329 0.892363 0.872797 0.853609 0.834776 0.816280 0.798102 0.780227 0.762640 0.745326 
0.745326 0.762640 0.780227 0.798102 0.816280 0.834776 0.853609 0.872797 0.892363 0.912329 0.932721 0.953568 0.974901 0.996755 1.019171 1.042192 1.065869 1.090259 1.115427 1.141448 1.168408 1.196408 1.225566 1.256023 1.287943 1.321529 1.357024 1.394726 1.435009 1.478336 1.525298 1.576640 1.633291 1.696361 1.766948 1.845343 1.928246 2.001419 2.033190 2.001419 1.928246 1.845343 1.766948 1.696361 1.633291 1.576640 1.525298 1.478336 1.435009 1.394726 1.357024 1.321529 1.287943 1.256023 1.225566 1.196408 1.168408 1.141448 1.115427 1.090259 1.065869 1.042192 1.019171 0.996755 0.974901 0.953568 0.932721 0.912329 0.892363 0.872797 0.853609 0.834776 0.816280 0.798102 0.780227 0.762640 0.745326 
0.745326 0.762640 0.780227 0.798102 0.816280 0.834776 0.853609 0.872797 0.892363 0.912329 0.932721 0.953568 0.974901 0.996755 1.019171 1.042192 1.065869 1.090259 1.115427 1.141448 1.168408 1.196408 1.225566 1.256023 1.287943 1.321529 1.357023 1.394726 1.435008 1.478336 1.525298 1.576639 1.633291 1.696360 1.766947 1.845343 1.928245 2.001417 2.033188 2.001417 1.928245 1.845343 1.766947 1.696360 1.633291 1.576639 1.525298 1.478336 1.435008 1.394726 1.357023 1.321529 1.287943 1.256023 1.225566 1.196408 1.168408 1.141448 1.115427 1.090259 1.065869 1.042192 1.019171 0.996755 0.974901 0.953568 0.932721 0.912329 0.892363 0.872797 0.853609 0.834776 0.816280 0.798102 0.780227 0.762640 0.745326 
0.745326 0.762640 0.780227 0.798102 0.816280 0.834776 0.853609 0.872797 0.892363 0.912329 0.932721 0.953568 0.974901 0.996755 1.019171 1.042192 1.065870 1.090259 1.115427 1.141448 1.168408 1.196408 1.225566 1.256023 1.287944 1.321529 1.357024 1.394727 1.435009 1.478337 1.525299 1.576640 1.633292 1.696362 1.766950 1.845346 1.928250 2.001425 2.033197 2.001425 1.928250 1.845346 1.766950 1.696362 1.633292 1.576640 1.525299 1.478337 1.435009 1.394727 1.357024 1.321529 1.287944 1.256023 1.225566 1.196408 1.168408 1.141448 1.115427 1.090259 1.065870 1.042192 1.019171 0.996755 0.974901 0.953568 0.932721 0.912329 0.892363 0.872797 0.853609 0.834776 0.816280 0.798102 0.780227 0.762640 0.745326 
0.745326 0.762640 0.780227 0.798102 0.816280 0.834776 0.853609 0.872797 0.892363 0.912329 0.932721 0.953568 0.974901 0.996755 1.019171 1.042192 1.065870 1.090259 1.115427 1.141448 1.168408 1.196408 1.225567 1.256023 1.287944 1.321529 1.357024 1.394727 1.435009 1.478337 1.525299 1.576640 1.633292 1.696362 1.766950 1.845347 1.928251 2.001426 2.033199 2.001426 1.928251 1.845347 1.766950 1.696362 1.633292 1.576640 1.525299 1.478337 1.435009 1.394727 1.357024 1.321529 1.287944 1.256023 1.225567 1.196408 1.168408 1.141448 1.115427 1.090259 1.065870 1.042192 1.019171 0.996755 0.974901 0.953568 0.932721 0.912329 0.892363 0.872797 0.853609 0.834776 0.816280 0.798102 0.780227 0.762640 0.745326 
0.745267 0.762579 0.780164 0.798036 0.816210 0.834703 0.853532 0.872717 0.892278 0.912239 0.932626 0.953467 0.974793 0.996641 1.019049 1.042061 1.065728 1.090107 1.115262 1.141268 1.168211 1.196191 1.225326 1.255754 1.287641 1.321186 1.356630 1.394269 1.434470 1.477690 1.524508 1.575648 1.632009 1.694644 1.764551 1.841850 1.923021 1.993958 2.024482 1.993958 1.923021 1.841850 1.764551 1.694644 1.632009 1.575648 1.524508 1.477690 1.434470 1.394269 1.356630 1.321186 1.287641 1.255754 1.225326 1.196191 1.168211 1.141268 1.115262 1.090107 1.065728 1.042061 1.019049 0.996641 0.974793 0.953467 0.932626 0.912239 0.892278 0.872717 0.853532 0.834703 0.816210 0.798036 0.780164 0.762579 0.745267 
0.744812 0.762103 0.779667 0.797517 0.815667 0.834133 0.852933 0.872087 0.891614 0.911538 0.931884 0.952680 0.973957 0.995750 1.018096 1.041040 1.064629 1.088920 1.113975 1.139866 1.166677 1.194502 1.223456 1.253669 1.285297 1.318527 1.353581 1.390731 1.430307 1.472710 1.518430 1.568056 1.622258 1.681702 1.746736 1.816456 1.886303 1.943632 1.967015 1.943632 1.886303 1.816456 1.746736 1.681702 1.622258 1.568056 1.518430 1.472710 1.430307 1.390731 1.353581 1.318527 1.285297 1.253669 1.223456 1.194502 1.166677 1.139866 1.113975 1.088920 1.064629 1.041040 1.018096 0.995750 0.973957 0.952680 0.931884 0.911538 0.891614 0.872087 0.852933 0.834133 0.815667 0.797517 0.779667 0.762103 0.744812 
0.743905 0.761158 0.778680 0.796485 0.814587 0.833001 0.851744 0.870836 0.890296 0.910146 0.930412 0.951119 0.972298 0.993981 1.016207 1.039015 1.062451 1.086570 1.111428 1.137095 1.163646 1.191170 1.219769 1.249562 1.280689 1.313310 1.347616 1.383833 1.422224 1.463093 1.506785 1.553663 1.604046 1.658053 1.715217 1.773641 1.828431 1.870027 1.886012 1.870027 1.828431 1.773641 1.715217 1.658053 1.604046 1.553663 1.506785 1.463093 1.422224 1.383833 1.347616 1.313310 1.280689 1.249562 1.219769 1.191170 1.163646 1.137095 1.111428 1.086570 1.062451 1.039015 1.016207 0.993981 0.972298 0.951119 0.930412 0.910146 0.890296 0.870836 0.851744 0.833001 0.814587 0.796485 0.778680 0.761158 0.743905 
0.742552 0.759747 0.777207 0.794945 0.812974 0.831311 0.849970 0.868970 0.888330 0.908072 0.928218 0.948793 0.969827 0.991350 1.013397 1.036005 1.059217 1.083082 1.107653 1.132990 1.159163 1.186248 1.214335 1.243524 1.273930 1.305684 1.338934 1.373845 1.410598 1.449381 1.490371 1.533687 1.579304 1.626867 1.675356 1.722500 1.764067 1.793664 1.804550 1.793664 1.764067 1.722500 1.675356 1.626867 1.579304 1.533687 1.490371 1.449381 1.410598 1.373845 1.338934 1.305684 1.273930 1.243524 1.214335 1.186248 1.159163 1.132990 1.107653 1.083082 1.059217 1.036005 1.013397 0.991350 0.969827 0.948793 0.928218 0.908072 0.888330 0.868970 0.849970 0.831311 0.812974 0.794945 0.777207 0.759747 0.742552 
0.740755 0.757874 0.775252 0.792902 0.810837 0.829070 0.847619 0.866498 0.885727 0.905326 0.925315 0.945719 0.966563 0.987876 1.009689 1.032037 1.054958 1.078494 1.102693 1.127607 1.153294 1.179819 1.207254 1.235678 1.265180 1.295854 1.327802 1.361124 1.395917 1.432253 1.470152 1.509529 1.550099 1.591222 1.631663 1.669294 1.700884 1.722368 1.730044 1.722368 1.700884 1.669294 1.631663 1.591222 1.550099 1.509529 1.470152 1.432253 1.395917 1.361124 1.327802 1.295854 1.265180 1.235678 1.207254 1.179819 1.153294 1.127607 1.102693 1.078494 1.054958 1.032037 1.009689 0.987876 0.966563 0.945719 0.925315 0.905326 0.885727 0.866498 0.847619 0.829070 0.810837 0.792902 0.775252 0.757874 0.740755 
0.738522 0.755546 0.772823 0.790364 0.808182 0.826289 0.844701 0.863433 0.882501 0.901923 0.921721 0.941914 0.962527 0.983584 1.005113 1.027146 1.049714 1.072854 1.096606 1.121012 1.146120 1.171980 1.198646 1.226175 1.254628 1.284062 1.314530 1.346076 1.378717 1.412425 1.447100 1.482511 1.518222 1.553480 1.587083 1.617257 1.641673 1.657760 1.663400 1.657760 1.641673 1.617257 1.587083 1.553480 1.518222 1.482511 1.447100 1.412425 1.378717 1.346076 1.314530 1.284062 1.254628 1.226175 1.198646 1.171980 1.146120 1.121012 1.096606 1.072854 1.049714 1.027146 1.005113 0.983584 0.962527 0.941914 0.921721 0.901923 0.882501 0.863433 0.844701 0.826289 0.808182 0.790364 0.772823 0.755546 0.738522 
0.735857 0.752770 0.769928 0.787341 0.805021 0.822979 0.841230 0.859787 0.878666 0.897883 0.917456 0.937403 0.957745 0.978505 0.999705 1.021372 1.043533 1.066217 1.089456 1.113283 1.137734 1.162843 1.188648 1.215184 1.242481 1.270565 1.299447 1.329116 1.359527 1.390579 1.422085 1.453733 1.485027 1.515219 1.543252 1.567732 1.587013 1.599439 1.603741 1.599439 1.587013 1.567732 1.543252 1.515219 1.485027 1.453733 1.422085 1.390579 1.359527 1.329116 1.299447 1.270565 1.242481 1.215184 1.188648 1.162843 1.137734 1.113283 1.089456 1.066217 1.043533 1.021372 0.999705 0.978505 0.957745 0.937403 0.917456 0.897883 0.878666 0.859787 0.841230 0.822979 0.805021 0.787341 0.769928 0.752770 0.735857 
0.732771 0.749556 0.766577 0.783843 0.801365 0.819153 0.837221 0.855580 0.874243 0.893226 0.912544 0.932213 0.952250 0.972674 0.993504 1.014762 1.036468 1.058645 1.081317 1.104507 1.128238 1.152532 1.177408 1.202880 1.228955 1.255627 1.282872 1.310639 1.338834 1.367307 1.395823 1.424036 1.451450 1.477384 1.500959 1.521106 1.536661 1.546532 1.549919 1.546532 1.536661 1.521106 1.500959 1.477384 1.451450 1.424036 1.395823 1.367307 1.338834 1.310639 1.282872 1.255627 1.228955 1.202880 1.177408 1.152532 1.128238 1.104507 1.081317 1.058645 1.036468 1.014762 0.993504 0.972674 0.952250 0.932213 0.912544 0.893226 0.874243 0.855580 0.837221 0.819153 0.801365 0.783843 0.766577 0.749556 0.732771 
0.729273 0.745914 0.762781 0.779883 0.797228 0.814827 0.832690 0.850828 0.869252 0.887976 0.907012 0.926373 0.946074 0.966129 0.986555 1.007365 1.028577 1.050206 1.072267 1.094774 1.117739 1.141170 1.165071 1.189438 1.214257 1.239496 1.265105 1.291000 1.317058 1.343099 1.368870 1.394022 1.418094 1.440496 1.460515 1.477341 1.490140 1.498171 1.500910 1.498171 1.490140 1.477341 1.460515 1.440496 1.418094 1.394022 1.368870 1.343099 1.317058 1.291000 1.265105 1.239496 1.214257 1.189438 1.165071 1.141170 1.117739 1.094774 1.072267 1.050206 1.028577 1.007365 0.986555 0.966129 0.946074 0.926373 0.907012 0.887976 0.869252 0.850828 0.832690 0.814827 0.797228 0.779883 0.762781 0.745914 0.729273 
0.725372 0.741855 0.758553 0.775474 0.792626 0.810017 0.827656 0.845552 0.863716 0.882158 0.900887 0.919915 0.939253 0.958912 0.978903 0.999236 1.019921 1.040969 1.062385 1.084176 1.106343 1.128882 1.151785 1.175030 1.198586 1.222405 1.246413 1.270508 1.294548 1.318343 1.341636 1.364100 1.385323 1.404808 1.421981 1.436229 1.446947 1.453615 1.455879 1.453615 1.446947 1.436229 1.421981 1.404808 1.385323 1.364100 1.341636 1.318343 1.294548 1.270508 1.246413 1.222405 1.198586 1.175030 1.151785 1.128882 1.106343 1.084176 1.062385 1.040969 1.019921 0.999236 0.978903 0.958912 0.939253 0.919915 0.900887 0.882158 0.863716 0.845552 0.827656 0.810017 0.792626 0.775474 0.758553 0.741855 0.725372 
0.721080 0.737392 0.753907 0.770632 0.787574 0.804740 0.822138 0.839775 0.857659 0.875798 0.894201 0.912874 0.931826 0.951065 0.970596 0.990427 1.010561 1.031003 1.051752 1.072805 1.094155 1.115789 1.137686 1.159812 1.182124 1.204558 1.227028 1.249420 1.271586 1.293333 1.314417 1.334541 1.353344 1.370414 1.385294 1.397513 1.406625 1.412259 1.414166 1.412259 1.406625 1.397513 1.385294 1.370414 1.353344 1.334541 1.314417 1.293333 1.271586 1.249420 1.227028 1.204558 1.182124 1.159812 1.137686 1.115789 1.094155 1.072805 1.051752 1.031003 1.010561 0.990427 0.970596 0.951065 0.931826 0.912874 0.894201 0.875798 0.857659 0.839775 0.822138 0.804740 0.787574 0.770632 0.753907 0.737392 0.721080 
0.716409 0.732537 0.748856 0.765372 0.782090 0.799017 0.816158 0.833519 0.851107 0.868927 0.886984 0.905284 0.923831 0.942631 0.961684 0.980994 1.000560 1.020379 1.040446 1.060750 1.081277 1.102005 1.122903 1.143930 1.165032 1.186135 1.207147 1.227948 1.248390 1.268288 1.287416 1.305509 1.322258 1.337321 1.350334 1.360934 1.368786 1.373617 1.375248 1.373617 1.368786 1.360934 1.350334 1.337321 1.322258 1.305509 1.287416 1.268288 1.248390 1.227948 1.207147 1.186135 1.165032 1.143930 1.122903 1.102005 1.081277 1.060750 1.040446 1.020379 1.000560 0.980994 0.961684 0.942631 0.923831 0.905284 0.886984 0.868927 0.851107 0.833519 0.816158 0.799017 0.782090 0.765372 0.748856 0.732537 0.716409 
0.711371 0.727304 0.743416 0.759710 0.776192 0.792866 0.809737 0.826809 0.844086 0.861571 0.879268 0.897180 0.915308 0.933654 0.952216 0.970992 0.989978 1.009165 1.028543 1.048096 1.067803 1.087635 1.107555 1.127514 1.147451 1.167289 1.186932 1.206261 1.225130 1.243368 1.260769 1.277101 1.292101 1.305487 1.316967 1.326256 1.333101 1.337296 1.338710 1.337296 1.333101 1.326256 1.316967 1.305487 1.292101 1.277101 1.260769 1.243368 1.225130 1.206261 1.186932 1.167289 1.147451 1.127514 1.107555 1.087635 1.067803 1.048096 1.028543 1.009165 0.989978 0.970992 0.952216 0.933654 0.915308 0.897180 0.879268 0.861571 0.844086 0.826809 0.809737 0.792866 0.776192 0.759710 0.743416 0.727304 0.711371 
0.705981 0.721709 0.737602 0.753664 0.769899 0.786309 0.802898 0.819668 0.836622 0.853761 0.871087 0.888599 0.906297 0.924178 0.942239 0.960474 0.978873 0.997426 1.016116 1.034923 1.053821 1.072776 1.091745 1.110676 1.129505 1.148150 1.166517 1.184490 1.201932 1.218684 1.234563 1.249367 1.262873 1.274847 1.285054 1.293270 1.299297 1.302981 1.304220 1.302981 1.299297 1.293270 1.285054 1.274847 1.262873 1.249367 1.234563 1.218684 1.201932 1.184490 1.166517 1.148150 1.129505 1.110676 1.091745 1.072776 1.053821 1.034923 1.016116 0.997426 0.978873 0.960474 0.942239 0.924178 0.906297 0.888599 0.871087 0.853761 0.836622 0.819668 0.802898 0.786309 0.769899 0.753664 0.737602 0.721709 0.705981 
0.700252 0.715765 0.731430 0.747251 0.763229 0.779365 0.795663 0.812122 0.828743 0.845527 0.862471 0.879575 0.896835 0.914246 0.931800 0.949490 0.967303 0.985224 1.003232 1.021305 1.039412 1.057514 1.075568 1.093517 1.111296 1.128824 1.146008 1.162738 1.178888 1.194312 1.208850 1.222324 1.234546 1.245324 1.254465 1.261791 1.267147 1.270412 1.271509 1.270412 1.267147 1.261791 1.254465 1.245324 1.234546 1.222324 1.208850 1.194312 1.178888 1.162738 1.146008 1.128824 1.111296 1.093517 1.075568 1.057514 1.039412 1.021305 1.003232 0.985224 0.967303 0.949490 0.931800 0.914246 0.896835 0.879575 0.862471 0.845527 0.828743 0.812122 0.795663 0.779365 0.763229 0.747251 0.731430 0.715765 0.700252 
0.694198 0.709488 0.724918 0.740489 0.756201 0.772056 0.788054 0.804194 0.820475 0.836896 0.853454 0.870144 0.886961 0.903898 0.920945 0.938091 0.955321 0.972616 0.989955 1.007309 1.024647 1.041928 1.059105 1.076121 1.092911 1.109397 1.125489 1.141085 1.156066 1.170305 1.183657 1.195970 1.207085 1.216841 1.225081 1.231661 1.236458 1.239376 1.240356 1.239376 1.236458 1.231661 1.225081 1.216841 1.207085 1.195970 1.183657 1.170305 1.156066 1.141085 1.125489 1.109397 1.092911 1.076121 1.059105 1.041928 1.024647 1.007309 0.989955 0.972616 0.955321 0.938091 0.920945 0.903898 0.886961 0.870144 0.853454 0.836896 0.820475 0.804194 0.788054 0.772056 0.756201 0.740489 0.724918 0.709488 0.694198 
0.687833 0.702894 0.718081 0.733395 0.748836 0.764403 0.780094 0.795910 0.811846 0.827899 0.844065 0.860339 0.876711 0.893174 0.909716 0.926322 0.942976 0.959657 0.976341 0.992997 1.009592 1.026085 1.042426 1.058561 1.074425 1.089942 1.105028 1.119587 1.133514 1.146691 1.158995 1.170291 1.180446 1.189323 1.196795 1.202744 1.207070 1.209698 1.210579 1.209698 1.207070 1.202744 1.196795 1.189323 1.180446 1.170291 1.158995 1.146691 1.133514 1.119587 1.105028 1.089942 1.074425 1.058561 1.042426 1.026085 1.009592 0.992997 0.976341 0.959657 0.942976 0.926322 0.909716 0.893174 0.876711 0.860339 0.844065 0.827899 0.811846 0.795910 0.780094 0.764403 0.748836 0.733395 0.718081 0.702894 0.687833 
0.681171 0.695997 0.710936 0.725988 0.741152 0.756425 0.771807 0.787293 0.802880 0.818563 0.834336 0.850192 0.866121 0.882113 0.898153 0.914227 0.930315 0.946396 0.962442 0.978424 0.994305 1.010044 1.025593 1.040898 1.055895 1.070513 1.084674 1.098289 1.111262 1.123490 1.134862 1.145264 1.154581 1.162699 1.169511 1.174920 1.178846 1.181228 1.182026 1.181228 1.178846 1.174920 1.169511 1.162699 1.154581 1.145264 1.134862 1.123490 1.111262 1.098289 1.084674 1.070513 1.055895 1.040898 1.025593 1.010044 0.994305 0.978424 0.962442 0.946396 0.930315 0.914227 0.898153 0.882113 0.866121 0.850192 0.834336 0.818563 0.802880 0.787293 0.771807 0.756425 0.741152 0.725988 0.710936 0.695997 0.681171 
0.674227 0.688814 0.703500 0.718286 0.733168 0.748144 0.763212 0.778366 0.793603 0.808915 0.824295 0.839735 0.855224 0.870749 0.886295 0.901846 0.917382 0.932878 0.948307 0.963639 0.978836 0.993858 1.008658 1.023182 1.037370 1.051157 1.064467 1.077221 1.089332 1.100708 1.111251 1.120864 1.129446 1.136902 1.143143 1.148088 1.151671 1.153841 1.154568 1.153841 1.151671 1.148088 1.143143 1.136902 1.129446 1.120864 1.111251 1.100708 1.089332 1.077221 1.064467 1.051157 1.037370 1.023182 1.008658 0.993858 0.978836 0.963639 0.948307 0.932878 0.917382 0.901846 0.886295 0.870749 0.855224 0.839735 0.824295 0.808915 0.793603 0.778366 0.763212 0.748144 0.733168 0.718286 0.703500 0.688814 0.674227 
0.667016 0.681359 0.695789 0.710305 0.724903 0.739580 0.754332 0.769154 0.784039 0.798981 0.813970 0.828997 0.844050 0.859116 0.874177 0.889217 0.904214 0.919143 0.933978 0.948685 0.963230 0.977571 0.991664 1.005456 1.018891 1.031908 1.044437 1.056406 1.067736 1.078345 1.088148 1.097060 1.104995 1.111872 1.117615 1.122157 1.125443 1.127432 1.128098 1.127432 1.125443 1.122157 1.117615 1.111872 1.104995 1.097060 1.088148 1.078345 1.067736 1.056406 1.044437 1.031908 1.018891 1.005456 0.991664 0.977571 0.963230 0.948685 0.933978 0.919143 0.904214 0.889217 0.874177 0.859116 0.844050 0.828997 0.813970 0.798981 0.784039 0.769154 0.754332 0.739580 0.724903 0.710305 0.695789 0.681359 0.667016 
0.659551 0.673647 0.687819 0.702063 0.716375 0.730752 0.745188 0.759677 0.774213 0.788786 0.803388 0.818007 0.832631 0.847245 0.861832 0.876374 0.890848 0.905230 0.919492 0.933602 0.947525 0.961222 0.974648 0.987755 1.000489 1.012794 1.024605 1.035856 1.046478 1.056396 1.065537 1.073825 1.081187 1.087553 1.092859 1.097050 1.100077 1.101908 1.102521 1.101908 1.100077 1.097050 1.092859 1.087553 1.081187 1.073825 1.065537 1.056396 1.046478 1.035856 1.024605 1.012794 1.000489 0.987755 0.974648 0.961222 0.947525 0.933602 0.919492 0.905230 0.890848 0.876374 0.861832 0.847245 0.832631 0.818007 0.803388 0.788786 0.774213 0.759677 0.745188 0.730752 0.716375 0.702063 0.687819 0.673647 0.659551 
0.651846 0.665694 0.679606 0.693576 0.707603 0.721679 0.735799 0.749957 0.764145 0.778354 0.792572 0.806790 0.820992 0.835165 0.849289 0.863347 0.877316 0.891170 0.904883 0.918423 0.931755 0.944842 0.957642 0.970107 0.982190 0.993835 1.004986 1.015582 1.025560 1.034854 1.043399 1.051129 1.057981 1.063895 1.068817 1.072698 1.075499 1.077192 1.077758 1.077192 1.075499 1.072698 1.068817 1.063895 1.057981 1.051129 1.043399 1.034854 1.025560 1.015582 1.004986 0.993835 0.982190 0.970107 0.957642 0.944842 0.931755 0.918423 0.904883 0.891170 0.877316 0.863347 0.849289 0.835165 0.820992 0.806790 0.792572 0.778354 0.764145 0.749957 0.735799 0.721679 0.707603 0.693576 0.679606 0.665694 0.651846 
0.643916 0.657514 0.671164 0.684862 0.698602 0.712379 0.726185 0.740015 0.753858 0.767706 0.781548 0.795371 0.809161 0.822902 0.836577 0.850166 0.863647 0.876994 0.890181 0.903177 0.915949 0.928460 0.940670 0.952537 0.964013 0.975048 0.985592 0.995587 1.004978 1.013707 1.021715 1.028945 1.035342 1.040853 1.045433 1.049041 1.051642 1.053213 1.053738 1.053213 1.051642 1.049041 1.045433 1.040853 1.035342 1.028945 1.021715 1.013707 1.004978 0.995587 0.985592 0.975048 0.964013 0.952537 0.940670 0.928460 0.915949 0.903177 0.890181 0.876994 0.863647 0.850166 0.836577 0.822902 0.809161 0.795371 0.781548 0.767706 0.753858 0.740015 0.726185 0.712379 0.698602 0.684862 0.671164 0.657514 0.643916 
0.635773 0.649121 0.662510 0.675935 0.689390 0.702869 0.716364 0.729868 0.743372 0.756866 0.770337 0.783773 0.797161 0.810482 0.823721 0.836857 0.849867 0.862728 0.875412 0.887890 0.900131 0.912099 0.923756 0.935062 0.945973 0.956445 0.966428 0.975873 0.984729 0.992943 1.000466 1.007245 1.013234 1.018386 1.022661 1.026025 1.028449 1.029912 1.030401 1.029912 1.028449 1.026025 1.022661 1.018386 1.013234 1.007245 1.000466 0.992943 0.984729 0.975873 0.966428 0.956445 0.945973 0.935062 0.923756 0.912099 0.900131 0.887890 0.875412 0.862728 0.849867 0.836857 0.823721 0.810482 0.797161 0.783773 0.770337 0.756866 0.743372 0.729868 0.716364 0.702869 0.689390 0.675935 0.662510 0.649121 0.635773 
0.627430 0.640529 0.653658 0.666811 0.679983 0.693166 0.706354 0.719537 0.732706 0.745851 0.758959 0.772018 0.785013 0.797927 0.810744 0.823442 0.836000 0.848394 0.860599 0.872585 0.884323 0.895778 0.906916 0.917698 0.928084 0.938032 0.947498 0.956438 0.964804 0.972551 0.979633 0.986005 0.991626 0.996455 1.000458 1.003605 1.005870 1.007237 1.007694 1.007237 1.005870 1.003605 1.000458 0.996455 0.991626 0.986005 0.979633 0.972551 0.964804 0.956438 0.947498 0.938032 0.928084 0.917698 0.906916 0.895778 0.884323 0.872585 0.860599 0.848394 0.836000 0.823442 0.810744 0.797927 0.785013 0.772018 0.758959 0.745851 0.732706 0.719537 0.706354 0.693166 0.679983 0.666811 0.653658 0.640529 0.627430 
0.618901 0.631751 0.644621 0.657505 0.670395 0.683287 0.696170 0.709037 0.721877 0.734681 0.747434 0.760125 0.772738 0.785258 0.797666 0.809942 0.822066 0.834014 0.845761 0.857280 0.868542 0.879514 0.890164 0.900456 0.910353 0.919816 0.928805 0.937279 0.945197 0.952516 0.959197 0.965200 0.970488 0.975027 0.978785 0.981736 0.983860 0.985141 0.985569 0.985141 0.983860 0.981736 0.978785 0.975027 0.970488 0.965200 0.959197 0.952516 0.945197 0.937279 0.928805 0.919816 0.910353 0.900456 0.890164 0.879514 0.868542 0.857280 0.845761 0.834014 0.822066 0.809942 0.797666 0.785258 0.772738 0.760125 0.747434 0.734681 0.721877 0.709037 0.696170 0.683287 0.670395 0.657505 0.644621 0.631751 0.618901 
0.610198 0.622800 0.635413 0.648029 0.660642 0.673245 0.685829 0.698385 0.710904 0.723372 0.735780 0.748113 0.760355 0.772493 0.784506 0.796377 0.808085 0.819606 0.830918 0.841993 0.852803 0.863320 0.873512 0.883346 0.892787 0.901799 0.910347 0.918392 0.925897 0.932826 0.939142 0.944809 0.949795 0.954070 0.957607 0.960383 0.962379 0.963582 0.963984 0.963582 0.962379 0.960383 0.957607 0.954070 0.949795 0.944809 0.939142 0.932826 0.925897 0.918392 0.910347 0.901799 0.892787 0.883346 0.873512 0.863320 0.852803 0.841993 0.830918 0.819606 0.808085 0.796377 0.784506 0.772493 0.760355 0.748113 0.735780 0.723372 0.710904 0.698385 0.685829 0.673245 0.660642 0.648029 0.635413 0.622800 0.610198 
0.601331 0.613688 0.626046 0.638398 0.650738 0.663056 0.675346 0.687597 0.699800 0.711942 0.724013 0.735997 0.747881 0.759649 0.771282 0.782764 0.794072 0.805186 0.816083 0.826736 0.837121 0.847209 0.856970 0.866374 0.875390 0.883983 0.892122 0.899771 0.906897 0.913467 0.919448 0.924809 0.929521 0.933557 0.936893 0.939510 0.941391 0.942524 0.942903 0.942524 0.941391 0.939510 0.936893 0.933557 0.929521 0.924809 0.919448 0.913467 0.906897 0.899771 0.892122 0.883983 0.875390 0.866374 0.856970 0.847209 0.837121 0.826736 0.816083 0.805186 0.794072 0.782764 0.771282 0.759649 0.747881 0.735997 0.724013 0.711942 0.699800 0.687597 0.675346 0.663056 0.650738 0.638398 0.626046 0.613688 0.601331 
0.592313 0.604428 0.616534 0.628625 0.640694 0.652734 0.664734 0.676687 0.688581 0.700406 0.712148 0.723794 0.735331 0.746741 0.758009 0.769116 0.780043 0.790768 0.801269 0.811523 0.821505 0.831188 0.840545 0.849547 0.858165 0.866369 0.874128 0.881411 0.888187 0.894427 0.900102 0.905182 0.909643 0.913461 0.916615 0.919088 0.920864 0.921934 0.922291 0.921934 0.920864 0.919088 0.916615 0.913461 0.909643 0.905182 0.900102 0.894427 0.888187 0.881411 0.874128 0.866369 0.858165 0.849547 0.840545 0.831188 0.821505 0.811523 0.801269 0.790768 0.780043 0.769116 0.758009 0.746741 0.735331 0.723794 0.712148 0.700406 0.688581 0.676687 0.664734 0.652734 0.640694 0.628625 0.616534 0.604428 0.592313 
0.583155 0.595029 0.606886 0.618721 0.630524 0.642290 0.654007 0.665668 0.677261 0.688775 0.700199 0.711518 0.722718 0.733785 0.744701 0.755449 0.766009 0.776363 0.786489 0.796364 0.805964 0.815265 0.824242 0.832867 0.841114 0.848955 0.856361 0.863304 0.869758 0.875694 0.881086 0.885909 0.890141 0.893760 0.896747 0.899088 0.900769 0.901781 0.902119 0.901781 0.900769 0.899088 0.896747 0.893760 0.890141 0.885909 0.881086 0.875694 0.869758 0.863304 0.856361 0.848955 0.841114 0.832867 0.824242 0.815265 0.805964 0.796364 0.786489 0.776363 0.766009 0.755449 0.744701 0.733785 0.722718 0.711518 0.700199 0.688775 0.677261 0.665668 0.654007 0.642290 0.630524 0.618721 0.606886 0.595029 0.583155 
0.573866 0.585503 0.597115 0.608697 0.620240 0.631736 0.643177 0.654552 0.665852 0.677065 0.688179 0.699181 0.710057 0.720791 0.731369 0.741773 0.751984 0.761984 0.771752 0.781267 0.790506 0.799447 0.808066 0.816338 0.824237 0.831739 0.838817 0.845445 0.851599 0.857254 0.862386 0.866973 0.870994 0.874431 0.877266 0.879486 0.881080 0.882040 0.882360 0.882040 0.881080 0.879486 0.877266 0.874431 0.870994 0.866973 0.862386 0.857254 0.851599 0.845445 0.838817 0.831739 0.824237 0.816338 0.808066 0.799447 0.790506 0.781267 0.771752 0.761984 0.751984 0.741773 0.731369 0.720791 0.710057 0.699181 0.688179 0.677065 0.665852 0.654552 0.643177 0.631736 0.620240 0.608697 0.597115 0.585503 0.573866 
0.564458 0.575860 0.587231 0.598565 0.609852 0.621085 0.632255 0.643352 0.654366 0.665286 0.676100 0.686795 0.697358 0.707773 0.718026 0.728099 0.737976 0.747638 0.757065 0.766239 0.775137 0.783738 0.792020 0.799960 0.807534 0.814719 0.821490 0.827826 0.833703 0.839097 0.843989 0.848358 0.852185 0.855454 0.858149 0.860259 0.861773 0.862685 0.862989 0.862685 0.861773 0.860259 0.858149 0.855454 0.852185 0.848358 0.843989 0.839097 0.833703 0.827826 0.821490 0.814719 0.807534 0.799960 0.792020 0.783738 0.775137 0.766239 0.757065 0.747638 0.737976 0.728099 0.718026 0.707773 0.697358 0.686795 0.676100 0.665286 0.654366 0.643352 0.632255 0.621085 0.609852 0.598565 0.587231 0.575860 0.564458 
0.554938 0.566110 0.577245 0.588334 0.599370 0.610346 0.621252 0.632078 0.642814 0.653450 0.663973 0.674372 0.684632 0.694739 0.704680 0.714437 0.723994 0.733334 0.742438 0.751287 0.759862 0.768142 0.776107 0.783734 0.791003 0.797891 0.804378 0.810440 0.816059 0.821213 0.825882 0.830049 0.833698 0.836812 0.839378 0.841387 0.842828 0.843695 0.843984 0.843695 0.842828 0.841387 0.839378 0.836812 0.833698 0.830049 0.825882 0.821213 0.816059 0.810440 0.804378 0.797891 0.791003 0.783734 0.776107 0.768142 0.759862 0.751287 0.742438 0.733334 0.723994 0.714437 0.704680 0.694739 0.684632 0.674372 0.663973 0.653450 0.642814 0.632078 0.621252 0.610346 0.599370 0.588334 0.577245 0.566110 0.554938 
0.545316 0.556262 0.567164 0.578014 0.588805 0.599529 0.610177 0.620740 0.631206 0.641566 0.651808 0.661920 0.671888 0.681700 0.691340 0.700794 0.710046 0.719078 0.727874 0.736416 0.744685 0.752662 0.760327 0.767660 0.774643 0.781254 0.787473 0.793281 0.798660 0.803589 0.808052 0.812033 0.815516 0.818487 0.820935 0.822849 0.824223 0.825049 0.825325 0.825049 0.824223 0.822849 0.820935 0.818487 0.815516 0.812033 0.808052 0.803589 0.798660 0.793281 0.787473 0.781254 0.774643 0.767660 0.760327 0.752662 0.744685 0.736416 0.727874 0.719078 0.710046 0.700794 0.691340 0.681700 0.671888 0.661920 0.651808 0.641566 0.631206 0.620740 0.610177 0.599529 0.588805 0.578014 0.567164 0.556262 0.545316 
0.535601 0.546325 0.556998 0.567615 0.578166 0.588645 0.599041 0.609347 0.619551 0.629643 0.639613 0.649448 0.659136 0.668663 0.678015 0.687179 0.696138 0.704878 0.713381 0.721630 0.729609 0.737298 0.744681 0.751738 0.758451 0.764802 0.770771 0.776342 0.781496 0.786217 0.790488 0.794296 0.797625 0.800464 0.802802 0.804630 0.805941 0.806730 0.806993 0.806730 0.805941 0.804630 0.802802 0.800464 0.797625 0.794296 0.790488 0.786217 0.781496 0.776342 0.770771 0.764802 0.758451 0.751738 0.744681 0.737298 0.729609 0.721630 0.713381 0.704878 0.696138 0.687179 0.678015 0.668663 0.659136 0.649448 0.639613 0.629643 0.619551 0.609347 0.599041 0.588645 0.578166 0.567615 0.556998 0.546325 0.535601 
0.525801 0.536306 0.546756 0.557144 0.567461 0.577700 0.587852 0.597907 0.607857 0.617691 0.627397 0.636965 0.646382 0.655635 0.664711 0.673597 0.682277 0.690737 0.698961 0.706932 0.714636 0.722054 0.729170 0.735966 0.742426 0.748532 0.754267 0.759616 0.764561 0.769087 0.773180 0.776826 0.780012 0.782729 0.784965 0.786713 0.787966 0.788720 0.788971 0.788720 0.787966 0.786713 0.784965 0.782729 0.780012 0.776826 0.773180 0.769087 0.764561 0.759616 0.754267 0.748532 0.742426 0.735966 0.729170 0.722054 0.714636 0.706932 0.698961 0.690737 0.682277 0.673597 0.664711 0.655635 0.646382 0.636965 0.627397 0.617691 0.607857 0.597907 0.587852 0.577700 0.567461 0.557144 0.546756 0.536306 0.525801 
