43 43
1.280509e-01 0 5
-1.739717 -1.721365 -1.703240 -1.685385 -1.667845 -1.650674 -1.633931 -1.617679 -1.601990 -1.586940 -1.572610 -1.559088 -1.546465 -1.534834 -1.524289 -1.514922 -1.506822 -1.500070 -1.494737 -1.490884 -1.488553 -1.487773 -1.488553 -1.490884 -1.494737 -1.500070 -1.506822 -1.514922 -1.524289 -1.534834 -1.546465 -1.559088 -1.572610 -1.586940 -1.601990 -1.617679 -1.633931 -1.650674 -1.667845 -1.685385 -1.703240 -1.721365 -1.739717 
-1.721821 -1.702766 -1.683907 -1.665284 -1.646947 -1.628951 -1.611355 -1.594229 -1.577649 -1.561698 -1.546465 -1.532049 -1.518550 -1.506077 -1.494737 -1.484638 -1.475884 -1.468572 -1.462787 -1.458601 -1.456067 -1.455218 -1.456067 -1.458601 -1.462787 -1.468572 -1.475884 -1.484638 -1.494737 -1.506077 -1.518550 -1.532049 -1.546465 -1.561698 -1.577649 -1.594229 -1.611355 -1.628951 -1.646947 -1.665284 -1.683907 -1.702766 -1.721821 
-1.704187 -1.684400 -1.664770 -1.645341 -1.626160 -1.607283 -1.588774 -1.570705 -1.553157 -1.536220 -1.519993 -1.504584 -1.490108 -1.476688 -1.464448 -1.453516 -1.444013 -1.436057 -1.429749 -1.425178 -1.422407 -1.421479 -1.422407 -1.425178 -1.429749 -1.436057 -1.444013 -1.453516 -1.464448 -1.476688 -1.490108 -1.504584 -1.519993 -1.536220 -1.553157 -1.570705 -1.588774 -1.607283 -1.626160 -1.645341 -1.664770 -1.684400 -1.704187 
-1.686858 -1.666310 -1.645877 -1.625599 -1.605526 -1.585713 -1.566225 -1.547139 -1.528540 -1.510524 -1.493200 -1.476688 -1.461118 -1.446629 -1.433366 -1.421479 -1.411114 -1.402411 -1.395495 -1.390473 -1.387426 -1.386405 -1.387426 -1.390473 -1.395495 -1.402411 -1.411114 -1.421479 -1.433366 -1.446629 -1.461118 -1.476688 -1.493200 -1.510524 -1.528540 -1.547139 -1.566225 -1.585713 -1.605526 -1.625599 -1.645877 -1.666310 -1.686858 
-1.669883 -1.648548 -1.627278 -1.606112 -1.585098 -1.564291 -1.543758 -1.523576 -1.503835 -1.484638 -1.466103 -1.448362 -1.431562 -1.415862 -1.401431 -1.388445 -1.377079 -1.367503 -1.359873 -1.354320 -1.350946 -1.349814 -1.350946 -1.354320 -1.359873 -1.367503 -1.377079 -1.388445 -1.401431 -1.415862 -1.431562 -1.448362 -1.466103 -1.484638 -1.503835 -1.523576 -1.543758 -1.564291 -1.585098 -1.606112 -1.627278 -1.648548 -1.669883 
-1.653318 -1.631171 -1.609033 -1.586940 -1.564937 -1.543078 -1.521430 -1.500070 -1.479090 -1.458601 -1.438728 -1.419616 -1.401431 -1.384353 -1.368580 -1.354320 -1.341785 -1.331182 -1.322705 -1.316519 -1.312753 -1.311489 -1.312753 -1.316519 -1.322705 -1.331182 -1.341785 -1.354320 -1.368580 -1.384353 -1.401431 -1.419616 -1.438728 -1.458601 -1.479090 -1.500070 -1.521430 -1.543078 -1.564937 -1.586940 -1.609033 -1.631171 -1.653318 
-1.637221 -1.614241 -1.591207 -1.568151 -1.545114 -1.522147 -1.499312 -1.476688 -1.454368 -1.432465 -1.411114 -1.390473 -1.370724 -1.352074 -1.334753 -1.319007 -1.305094 -1.293271 -1.283780 -1.276832 -1.272592 -1.271167 -1.272592 -1.276832 -1.283780 -1.293271 -1.305094 -1.319007 -1.334753 -1.352074 -1.370724 -1.390473 -1.411114 -1.432465 -1.454368 -1.476688 -1.499312 -1.522147 -1.545114 -1.568151 -1.591207 -1.614241 -1.637221 
-1.621657 -1.597829 -1.573875 -1.549825 -1.525711 -1.501580 -1.477490 -1.453516 -1.429749 -1.406305 -1.383323 -1.360973 -1.339457 -1.319007 -1.299891 -1.282402 -1.266854 -1.253566 -1.242847 -1.234968 -1.230148 -1.228525 -1.230148 -1.234968 -1.242847 -1.253566 -1.266854 -1.282402 -1.299891 -1.319007 -1.339457 -1.360973 -1.383323 -1.406305 -1.429749 -1.453516 -1.477490 -1.501580 -1.525711 -1.549825 -1.573875 -1.597829 -1.621657 
-1.606698 -1.582010 -1.557121 -1.532049 -1.506822 -1.481477 -1.456067 -1.430657 -1.405335 -1.380215 -1.355438 -1.331182 -1.307667 -1.285152 -1.263947 -1.244400 -1.226894 -1.211831 -1.199606 -1.190577 -1.185034 -1.183164 -1.185034 -1.190577 -1.199606 -1.211831 -1.226894 -1.244400 -1.263947 -1.285152 -1.307667 -1.331182 -1.355438 -1.380215 -1.405335 -1.430657 -1.456067 -1.481477 -1.506822 -1.532049 -1.557121 -1.582010 -1.606698 
-1.592419 -1.566868 -1.541033 -1.514922 -1.488553 -1.461953 -1.435162 -1.408236 -1.381254 -1.354320 -1.327575 -1.301199 -1.275424 -1.250539 -1.226894 -1.204902 -1.185034 -1.167795 -1.153700 -1.143227 -1.136769 -1.134586 -1.136769 -1.143227 -1.153700 -1.167795 -1.185034 -1.204902 -1.226894 -1.250539 -1.275424 -1.301199 -1.327575 -1.354320 -1.381254 -1.408236 -1.435162 -1.461953 -1.488553 -1.514922 -1.541033 -1.566868 -1.592419 
-1.578900 -1.552492 -1.525711 -1.498553 -1.471024 -1.443138 -1.414917 -1.386405 -1.357662 -1.328781 -1.299891 -1.271167 -1.242847 -1.215240 -1.188740 -1.163832 -1.141089 -1.121154 -1.104703 -1.092385 -1.084748 -1.082159 -1.084748 -1.092385 -1.104703 -1.121154 -1.141089 -1.163832 -1.188740 -1.215240 -1.242847 -1.271167 -1.299891 -1.328781 -1.357662 -1.386405 -1.414917 -1.443138 -1.471024 -1.498553 -1.525711 -1.552492 -1.578900 
-1.566225 -1.538977 -1.511260 -1.483061 -1.454368 -1.425178 -1.395495 -1.365340 -1.334753 -1.303801 -1.272592 -1.241286 -1.210113 -1.179392 -1.149553 -1.121154 -1.094889 -1.071575 -1.052111 -1.037393 -1.028202 -1.025074 -1.028202 -1.037393 -1.052111 -1.071575 -1.094889 -1.121154 -1.149553 -1.179392 -1.210113 -1.241286 -1.272592 -1.303801 -1.334753 -1.365340 -1.395495 -1.425178 -1.454368 -1.483061 -1.511260 -1.538977 -1.566225 
-1.554482 -1.526420 -1.497793 -1.468572 -1.438728 -1.408236 -1.377079 -1.345248 -1.312753 -1.279628 -1.245945 -1.211831 -1.177489 -1.143227 -1.109494 -1.076913 -1.046310 -1.018718 -0.995339 -0.977434 -0.966146 -0.962285 -0.966146 -0.977434 -0.995339 -1.018718 -1.046310 -1.076913 -1.109494 -1.143227 -1.177489 -1.211831 -1.245945 -1.279628 -1.312753 -1.345248 -1.377079 -1.408236 -1.438728 -1.468572 -1.497793 -1.526420 -1.554482 
-1.543758 -1.514922 -1.485424 -1.455218 -1.424256 -1.392490 -1.359873 -1.326364 -1.291932 -1.256566 -1.220286 -1.183164 -1.145350 -1.107108 -1.068870 -1.031297 -0.995339 -0.962285 -0.933742 -0.911511 -0.897316 -0.892427 -0.897316 -0.911511 -0.933742 -0.962285 -0.995339 -1.031297 -1.068870 -1.107108 -1.145350 -1.183164 -1.220286 -1.256566 -1.291932 -1.326364 -1.359873 -1.392490 -1.424256 -1.455218 -1.485424 -1.514922 -1.543758 
-1.534139 -1.504584 -1.474271 -1.443138 -1.411114 -1.378127 -1.344098 -1.308945 -1.272592 -1.234968 -1.196025 -1.155753 -1.114211 -1.071575 -1.028202 -0.984727 -0.942184 -0.902124 -0.866678 -0.838442 -0.820093 -0.813711 -0.820093 -0.838442 -0.866678 -0.902124 -0.942184 -0.984727 -1.028202 -1.071575 -1.114211 -1.155753 -1.196025 -1.234968 -1.272592 -1.308945 -1.344098 -1.378127 -1.411114 -1.443138 -1.474271 -1.504584 -1.534139 
-1.525711 -1.495503 -1.464448 -1.432465 -1.399463 -1.365340 -1.329984 -1.293271 -1.255069 -1.215240 -1.173647 -1.130174 -1.084748 -1.037393 -0.988307 -0.937994 -0.887455 -0.838442 -0.793689 -0.756943 -0.732467 -0.723834 -0.732467 -0.756943 -0.793689 -0.838442 -0.887455 -0.937994 -0.988307 -1.037393 -1.084748 -1.130174 -1.173647 -1.215240 -1.255069 -1.293271 -1.329984 -1.365340 -1.399463 -1.432465 -1.464448 -1.495503 -1.525711 
-1.518550 -1.487773 -1.456067 -1.423333 -1.389460 -1.354320 -1.317765 -1.279628 -1.239718 -1.197820 -1.153700 -1.107108 -1.057802 -1.005585 -0.950390 -0.892427 -0.832452 -0.772197 -0.714942 -0.665968 -0.632176 -0.620007 -0.632176 -0.665968 -0.714942 -0.772197 -0.832452 -0.892427 -0.950390 -1.005585 -1.057802 -1.107108 -1.153700 -1.197820 -1.239718 -1.279628 -1.317765 -1.354320 -1.389460 -1.423333 -1.456067 -1.487773 -1.518550 
-1.512729 -1.481477 -1.449226 -1.415862 -1.381254 -1.345248 -1.307667 -1.268298 -1.226894 -1.183164 -1.136769 -1.087315 -1.034360 -0.977434 -0.916094 -0.850065 -0.779537 -0.705773 -0.632176 -0.565716 -0.517489 -0.499563 -0.517489 -0.565716 -0.632176 -0.705773 -0.779537 -0.850065 -0.916094 -0.977434 -1.034360 -1.087315 -1.136769 -1.183164 -1.226894 -1.268298 -1.307667 -1.345248 -1.381254 -1.415862 -1.449226 -1.481477 -1.512729 
-1.508307 -1.476688 -1.444013 -1.410157 -1.374973 -1.338287 -1.299891 -1.259538 -1.216931 -1.171708 -1.123434 -1.071575 -1.015489 -0.954409 -0.887455 -0.813711 -0.732467 -0.643870 -0.550473 -0.460249 -0.390066 -0.362716 -0.390066 -0.460249 -0.550473 -0.643870 -0.732467 -0.813711 -0.887455 -0.954409 -1.015489 -1.071575 -1.123434 -1.171708 -1.216931 -1.259538 -1.299891 -1.338287 -1.374973 -1.410157 -1.444013 -1.476688 -1.508307 
-1.505331 -1.473462 -1.440498 -1.406305 -1.370724 -1.333567 -1.294606 -1.253566 -1.210113 -1.163832 -1.114211 -1.060607 -1.002209 -0.937994 -0.866678 -0.786698 -0.696312 -0.594081 -0.480530 -0.362716 -0.263101 -0.221751 -0.263101 -0.362716 -0.480530 -0.594081 -0.696312 -0.786698 -0.866678 -0.937994 -1.002209 -1.060607 -1.114211 -1.163832 -1.210113 -1.253566 -1.294606 -1.333567 -1.370724 -1.406305 -1.440498 -1.473462 -1.505331 
-1.503835 -1.471839 -1.438728 -1.404363 -1.368580 -1.331182 -1.291932 -1.250539 -1.206649 -1.159819 -1.109494 -1.054970 -0.995339 -0.929429 -0.855708 -0.772197 -0.676430 -0.565716 -0.438554 -0.299818 -0.174501 -0.119502 -0.174501 -0.299818 -0.438554 -0.565716 -0.676430 -0.772197 -0.855708 -0.929429 -0.995339 -1.054970 -1.109494 -1.159819 -1.206649 -1.250539 -1.291932 -1.331182 -1.368580 -1.404363 -1.438728 -1.471839 -1.503835 
-1.503648 -1.471635 -1.438506 -1.404120 -1.368311 -1.330883 -1.291596 -1.250159 -1.206213 -1.159313 -1.108899 -1.054258 -0.994469 -0.928341 -0.854308 -0.770334 -0.673849 -0.561977 -0.432888 -0.291020 -0.161569 -0.104239 -0.161569 -0.291020 -0.432888 -0.561977 -0.673849 -0.770334 -0.854308 -0.928341 -0.994469 -1.054258 -1.108899 -1.159313 -1.206213 -1.250159 -1.291596 -1.330883 -1.368311 -1.404120 -1.438506 -1.471635 -1.503648 
-1.503843 -1.471847 -1.438737 -1.404374 -1.368592 -1.331195 -1.291946 -1.250556 -1.206668 -1.159841 -1.109520 -1.055001 -0.995377 -0.929476 -0.855769 -0.772278 -0.676542 -0.565878 -0.438798 -0.300195 -0.175052 -0.120150 -0.175052 -0.300195 -0.438798 -0.565878 -0.676542 -0.772278 -0.855769 -0.929476 -0.995377 -1.055001 -1.109520 -1.159841 -1.206668 -1.250556 -1.291946 -1.331195 -1.368592 -1.404374 -1.438737 -1.471847 -1.503843 
-1.505355 -1.473488 -1.440526 -1.406336 -1.370759 -1.333605 -1.294649 -1.253615 -1.210169 -1.163897 -1.114287 -1.060697 -1.002319 -0.938130 -0.866852 -0.786927 -0.696622 -0.594519 -0.481164 -0.363639 -0.264356 -0.223173 -0.264356 -0.363639 -0.481164 -0.594519 -0.696622 -0.786927 -0.866852 -0.938130 -1.002319 -1.060697 -1.114287 -1.163897 -1.210169 -1.253615 -1.294649 -1.333605 -1.370759 -1.406336 -1.440526 -1.473488 -1.505355 
-1.508347 -1.476731 -1.444060 -1.410209 -1.375030 -1.338350 -1.299961 -1.259618 -1.217021 -1.171813 -1.123556 -1.071720 -1.015664 -0.954624 -0.887725 -0.814058 -0.732925 -0.644487 -0.551313 -0.461376 -0.391474 -0.364250 -0.391474 -0.461376 -0.551313 -0.644487 -0.732925 -0.814058 -0.887725 -0.954624 -1.015664 -1.071720 -1.123556 -1.171813 -1.217021 -1.259618 -1.299961 -1.338350 -1.375030 -1.410209 -1.444060 -1.476731 -1.508347 
-1.512784 -1.481537 -1.449291 -1.415933 -1.381332 -1.345335 -1.307763 -1.268406 -1.227017 -1.183306 -1.136933 -1.087508 -1.034590 -0.977712 -0.916437 -0.850494 -0.780083 -0.706474 -0.633073 -0.566834 -0.518798 -0.500951 -0.518798 -0.566834 -0.633073 -0.706474 -0.780083 -0.850494 -0.916437 -0.977712 -1.034590 -1.087508 -1.136933 -1.183306 -1.227017 -1.268406 -1.307763 -1.345335 -1.381332 -1.415933 -1.449291 -1.481537 -1.512784 
-1.518620 -1.487849 -1.456149 -1.423423 -1.389559 -1.354428 -1.317886 -1.279763 -1.239870 -1.197994 -1.153899 -1.107340 -1.058074 -1.005910 -0.950782 -0.892904 -0.833038 -0.772916 -0.715815 -0.666997 -0.633328 -0.621207 -0.633328 -0.666997 -0.715815 -0.772916 -0.833038 -0.892904 -0.950782 -1.005910 -1.058074 -1.107340 -1.153899 -1.197994 -1.239870 -1.279763 -1.317886 -1.354428 -1.389559 -1.423423 -1.456149 -1.487849 -1.518620 
-1.525795 -1.495594 -1.464547 -1.432572 -1.399580 -1.365468 -1.330126 -1.293429 -1.255247 -1.215440 -1.173876 -1.130436 -1.085053 -1.037750 -0.988727 -0.938492 -0.888048 -0.839142 -0.794505 -0.757868 -0.733472 -0.724869 -0.733472 -0.757868 -0.794505 -0.839142 -0.888048 -0.938492 -0.988727 -1.037750 -1.085053 -1.130436 -1.173876 -1.215440 -1.255247 -1.293429 -1.330126 -1.365468 -1.399580 -1.432572 -1.464547 -1.495594 -1.525795 
-1.534237 -1.504688 -1.474384 -1.443260 -1.411248 -1.378274 -1.344259 -1.309124 -1.272791 -1.235191 -1.196277 -1.156039 -1.114539 -1.071951 -1.028636 -0.985230 -0.942765 -0.902791 -0.867429 -0.839270 -0.820974 -0.814612 -0.820974 -0.839270 -0.867429 -0.902791 -0.942765 -0.985230 -1.028636 -1.071951 -1.114539 -1.156039 -1.196277 -1.235191 -1.272791 -1.309124 -1.344259 -1.378274 -1.411248 -1.443260 -1.474384 -1.504688 -1.534237 
-1.543867 -1.515040 -1.485551 -1.455355 -1.424405 -1.392652 -1.360051 -1.326559 -1.292148 -1.256806 -1.220555 -1.183467 -1.145691 -1.107494 -1.069308 -1.031793 -0.995899 -0.962912 -0.934432 -0.912255 -0.898097 -0.893221 -0.898097 -0.912255 -0.934432 -0.962912 -0.995899 -1.031793 -1.069308 -1.107494 -1.145691 -1.183467 -1.220555 -1.256806 -1.292148 -1.326559 -1.360051 -1.392652 -1.424405 -1.455355 -1.485551 -1.515040 -1.543867 
-1.554603 -1.526549 -1.497932 -1.468722 -1.438890 -1.408412 -1.377271 -1.345458 -1.312984 -1.279883 -1.246227 -1.212144 -1.177837 -1.143616 -1.109928 -1.077396 -1.046845 -1.019305 -0.995974 -0.978108 -0.966846 -0.962995 -0.966846 -0.978108 -0.995974 -1.019305 -1.046845 -1.077396 -1.109928 -1.143616 -1.177837 -1.212144 -1.246227 -1.279883 -1.312984 -1.345458 -1.377271 -1.408412 -1.438890 -1.468722 -1.497932 -1.526549 -1.554603 
-1.566357 -1.539117 -1.511411 -1.483222 -1.454542 -1.425365 -1.395699 -1.365562 -1.334994 -1.304066 -1.272882 -1.241605 -1.210465 -1.179779 -1.149979 -1.121621 -1.095398 -1.072125 -1.052697 -1.038009 -1.028837 -1.025716 -1.028837 -1.038009 -1.052697 -1.072125 -1.095398 -1.121621 -1.149979 -1.179779 -1.210465 -1.241605 -1.272882 -1.304066 -1.334994 -1.365562 -1.395699 -1.425365 -1.454542 -1.483222 -1.511411 -1.539117 -1.566357 
-1.579041 -1.552643 -1.525871 -1.498725 -1.471208 -1.443335 -1.415131 -1.386636 -1.357913 -1.329053 -1.300187 -1.271489 -1.243198 -1.215622 -1.189156 -1.164282 -1.141573 -1.121670 -1.105248 -1.092952 -1.085329 -1.082745 -1.085329 -1.092952 -1.105248 -1.121670 -1.141573 -1.164282 -1.189156 -1.215622 -1.243198 -1.271489 -1.300187 -1.329053 -1.357913 -1.386636 -1.415131 -1.443335 -1.471208 -1.498725 -1.525871 -1.552643 -1.579041 
-1.592568 -1.567027 -1.541202 -1.515102 -1.488746 -1.462159 -1.435383 -1.408474 -1.381510 -1.354597 -1.327874 -1.301522 -1.275773 -1.250915 -1.227298 -1.205335 -1.185495 -1.168282 -1.154209 -1.143753 -1.137306 -1.135127 -1.137306 -1.143753 -1.154209 -1.168282 -1.185495 -1.205335 -1.227298 -1.250915 -1.275773 -1.301522 -1.327874 -1.354597 -1.381510 -1.408474 -1.435383 -1.462159 -1.488746 -1.515102 -1.541202 -1.567027 -1.592568 
-1.606855 -1.582177 -1.557297 -1.532236 -1.507022 -1.481691 -1.456294 -1.430900 -1.405596 -1.380494 -1.355738 -1.331504 -1.308011 -1.285520 -1.264339 -1.244816 -1.227333 -1.212291 -1.200084 -1.191069 -1.185535 -1.183668 -1.185535 -1.191069 -1.200084 -1.212291 -1.227333 -1.244816 -1.264339 -1.285520 -1.308011 -1.331504 -1.355738 -1.380494 -1.405596 -1.430900 -1.456294 -1.481691 -1.507022 -1.532236 -1.557297 -1.582177 -1.606855 
-1.621821 -1.598002 -1.574059 -1.550019 -1.525917 -1.501799 -1.477723 -1.453763 -1.430013 -1.406586 -1.383622 -1.361292 -1.339795 -1.319367 -1.300271 -1.282802 -1.267273 -1.254003 -1.243298 -1.235431 -1.230617 -1.228997 -1.230617 -1.235431 -1.243298 -1.254003 -1.267273 -1.282802 -1.300271 -1.319367 -1.339795 -1.361292 -1.383622 -1.406586 -1.430013 -1.453763 -1.477723 -1.501799 -1.525917 -1.550019 -1.574059 -1.598002 -1.621821 
-1.637391 -1.614420 -1.591396 -1.568351 -1.545325 -1.522370 -1.499548 -1.476938 -1.454633 -1.432746 -1.411412 -1.390788 -1.371057 -1.352425 -1.335122 -1.319393 -1.305497 -1.293688 -1.284208 -1.277269 -1.273035 -1.271612 -1.273035 -1.277269 -1.284208 -1.293688 -1.305497 -1.319393 -1.335122 -1.352425 -1.371057 -1.390788 -1.411412 -1.432746 -1.454633 -1.476938 -1.499548 -1.522370 -1.545325 -1.568351 -1.591396 -1.614420 -1.637391 
-1.653493 -1.631355 -1.609227 -1.587144 -1.565152 -1.543305 -1.521669 -1.500322 -1.479356 -1.458881 -1.439023 -1.419927 -1.401758 -1.384696 -1.368938 -1.354693 -1.342171 -1.331581 -1.323113 -1.316935 -1.313174 -1.311911 -1.313174 -1.316935 -1.323113 -1.331581 -1.342171 -1.354693 -1.368938 -1.384696 -1.401758 -1.419927 -1.439023 -1.458881 -1.479356 -1.500322 -1.521669 -1.543305 -1.565152 -1.587144 -1.609227 -1.631355 -1.653493 
-1.670064 -1.648737 -1.627476 -1.606320 -1.585316 -1.564520 -1.543999 -1.523829 -1.504101 -1.484917 -1.466396 -1.448669 -1.431883 -1.416196 -1.401779 -1.388805 -1.377451 -1.367886 -1.360264 -1.354717 -1.351346 -1.350216 -1.351346 -1.354717 -1.360264 -1.367886 -1.377451 -1.388805 -1.401779 -1.416196 -1.431883 -1.448669 -1.466396 -1.484917 -1.504101 -1.523829 -1.543999 -1.564520 -1.585316 -1.606320 -1.627476 -1.648737 -1.670064 
-1.687042 -1.666503 -1.646079 -1.625810 -1.605746 -1.585944 -1.566467 -1.547393 -1.528805 -1.510801 -1.493490 -1.476990 -1.461432 -1.446955 -1.433705 -1.421829 -1.411474 -1.402779 -1.395870 -1.390853 -1.387810 -1.386789 -1.387810 -1.390853 -1.395870 -1.402779 -1.411474 -1.421829 -1.433705 -1.446955 -1.461432 -1.476990 -1.493490 -1.510801 -1.528805 -1.547393 -1.566467 -1.585944 -1.605746 -1.625810 -1.646079 -1.666503 -1.687042 
-1.704375 -1.684596 -1.664975 -1.645554 -1.626382 -1.607515 -1.589016 -1.570958 -1.553421 -1.536495 -1.520279 -1.504881 -1.490417 -1.477007 -1.464778 -1.453855 -1.444361 -1.436412 -1.430110 -1.425543 -1.422776 -1.421849 -1.422776 -1.425543 -1.430110 -1.436412 -1.444361 -1.453855 -1.464778 -1.477007 -1.490417 -1.504881 -1.520279 -1.536495 -1.553421 -1.570958 -1.589016 -1.607515 -1.626382 -1.645554 -1.664975 -1.684596 -1.704375 
-1.722012 -1.702965 -1.684114 -1.665500 -1.647171 -1.629184 -1.611598 -1.594482 -1.577912 -1.561970 -1.546748 -1.532341 -1.518853 -1.506389 -1.495058 -1.484968 -1.476221 -1.468915 -1.463136 -1.458953 -1.456422 -1.455574 -1.456422 -1.458953 -1.463136 -1.468915 -1.476221 -1.484968 -1.495058 -1.506389 -1.518853 -1.532341 -1.546748 -1.561970 -1.577912 -1.594482 -1.611598 -1.629184 -1.647171 -1.665500 -1.684114 -1.702965 -1.722012 
-1.739910 -1.721566 -1.703449 -1.685601 -1.668070 -1.650908 -1.634173 -1.617931 -1.602251 -1.587210 -1.572889 -1.559377 -1.546762 -1.535140 -1.524603 -1.515243 -1.507149 -1.500403 -1.495075 -1.491225 -1.488896 -1.488117 -1.488896 -1.491225 -1.495075 -1.500403 -1.507149 -1.515243 -1.524603 -1.535140 -1.546762 -1.559377 -1.572889 -1.587210 -1.602251 -1.617931 -1.634173 -1.650908 -1.668070 -1.685601 -1.703449 -1.721566 -1.739910 
