35 35
3.719374e-02 0 5
-2.505614 -2.483360 -2.461411 -2.439851 -2.418773 -2.398290 -2.378524 -2.359618 -2.341724 -2.325013 -2.309661 -2.295853 -2.283774 -2.273601 -2.265498 -2.259603 -2.256021 -2.254820 -2.256021 -2.259603 -2.265498 -2.273601 -2.283774 -2.295853 -2.309661 -2.325013 -2.341724 -2.359618 -2.378524 -2.398290 -2.418773 -2.439851 -2.461411 -2.483360 -2.505614 
-2.484051 -2.460685 -2.437559 -2.414754 -2.392372 -2.370527 -2.349355 -2.329008 -2.309661 -2.291504 -2.274745 -2.259603 -2.246300 -2.235054 -2.226065 -2.219508 -2.215517 -2.214177 -2.215517 -2.219508 -2.226065 -2.235054 -2.246300 -2.259603 -2.274745 -2.291504 -2.309661 -2.329008 -2.349355 -2.370527 -2.392372 -2.414754 -2.437559 -2.460685 -2.484051 
-2.462860 -2.438324 -2.413946 -2.389810 -2.366017 -2.342686 -2.319961 -2.298009 -2.277022 -2.257219 -2.238840 -2.222145 -2.207403 -2.194882 -2.184836 -2.177484 -2.172999 -2.171491 -2.172999 -2.177484 -2.184836 -2.194882 -2.207403 -2.222145 -2.238840 -2.257219 -2.277022 -2.298009 -2.319961 -2.342686 -2.366017 -2.389810 -2.413946 -2.438324 -2.462860 
-2.442131 -2.416366 -2.390666 -2.365109 -2.339794 -2.314844 -2.290409 -2.266667 -2.243830 -2.222145 -2.201891 -2.183377 -2.166930 -2.152883 -2.141558 -2.133238 -2.128148 -2.126435 -2.128148 -2.133238 -2.141558 -2.152883 -2.166930 -2.183377 -2.201891 -2.222145 -2.243830 -2.266667 -2.290409 -2.314844 -2.339794 -2.365109 -2.390666 -2.416366 -2.442131 
-2.421961 -2.394918 -2.367827 -2.340760 -2.313813 -2.287106 -2.260790 -2.235054 -2.210128 -2.186288 -2.163856 -2.143198 -2.124714 -2.108821 -2.095931 -2.086416 -2.080577 -2.078608 -2.080577 -2.086416 -2.095931 -2.108821 -2.124714 -2.143198 -2.163856 -2.186288 -2.210128 -2.235054 -2.260790 -2.287106 -2.313813 -2.340760 -2.367827 -2.394918 -2.421961 
-2.402466 -2.374101 -2.345558 -2.316899 -2.288210 -2.259603 -2.231228 -2.203277 -2.175995 -2.149685 -2.124714 -2.101515 -2.080577 -2.062426 -2.047598 -2.036586 -2.029799 -2.027506 -2.029799 -2.036586 -2.047598 -2.062426 -2.080577 -2.101515 -2.124714 -2.149685 -2.175995 -2.203277 -2.231228 -2.259603 -2.288210 -2.316899 -2.345558 -2.374101 -2.402466 
-2.383771 -2.354052 -2.324007 -2.293684 -2.263151 -2.232508 -2.201891 -2.171491 -2.141558 -2.112417 -2.084481 -2.058256 -2.034339 -2.013398 -1.996132 -1.983213 -1.975208 -1.972494 -1.975208 -1.983213 -1.996132 -2.013398 -2.034339 -2.058256 -2.084481 -2.112417 -2.141558 -2.171491 -2.201891 -2.232508 -2.263151 -2.293684 -2.324007 -2.354052 -2.383771 
-2.366017 -2.334927 -2.303348 -2.271304 -2.238840 -2.206033 -2.172999 -2.139909 -2.107009 -2.074635 -2.043237 -2.013398 -1.985838 -1.961407 -1.941032 -1.925638 -1.916031 -1.912763 -1.916031 -1.925638 -1.941032 -1.961407 -1.985838 -2.013398 -2.043237 -2.074635 -2.107009 -2.139909 -2.172999 -2.206033 -2.238840 -2.271304 -2.303348 -2.334927 -2.366017 
-2.349355 -2.316899 -2.283774 -2.249975 -2.215517 -2.180442 -2.144831 -2.108821 -2.072630 -2.036586 -2.001159 -1.966998 -1.934963 -1.906124 -1.881719 -1.863047 -1.851285 -1.847263 -1.851285 -1.863047 -1.881719 -1.906124 -1.934963 -1.966998 -2.001159 -2.036586 -2.072630 -2.108821 -2.144831 -2.180442 -2.215517 -2.249975 -2.283774 -2.316899 -2.349355 
-2.333947 -2.300153 -2.265498 -2.229944 -2.193464 -2.156053 -2.117741 -2.078608 -2.038818 -1.998655 -1.958574 -1.919266 -1.881719 -1.847263 -1.817556 -1.794447 -1.779704 -1.774629 -1.779704 -1.794447 -1.817556 -1.847263 -1.881719 -1.919266 -1.958574 -1.998655 -2.038818 -2.078608 -2.117741 -2.156053 -2.193464 -2.229944 -2.265498 -2.300153 -2.333947 
-2.319961 -2.284888 -2.248754 -2.211483 -2.172999 -2.133238 -2.092157 -2.049757 -2.006109 -1.961407 -1.916031 -1.870650 -1.826337 -1.784697 -1.747918 -1.718667 -1.699678 -1.693078 -1.699678 -1.718667 -1.747918 -1.784697 -1.826337 -1.870650 -1.916031 -1.961407 -2.006109 -2.049757 -2.092157 -2.133238 -2.172999 -2.211483 -2.248754 -2.284888 -2.319961 
-2.307568 -2.271304 -2.233783 -2.194882 -2.154472 -2.112417 -2.068586 -2.022870 -1.975208 -1.925638 -1.874383 -1.821978 -1.769469 -1.718667 -1.672382 -1.634449 -1.609216 -1.600322 -1.609216 -1.634449 -1.672382 -1.718667 -1.769469 -1.821978 -1.874383 -1.925638 -1.975208 -2.022870 -2.068586 -2.112417 -2.154472 -2.194882 -2.233783 -2.271304 -2.307568 
-2.296932 -2.259603 -2.220829 -2.180442 -2.138253 -2.094049 -2.047598 -1.998655 -1.946987 -1.892410 -1.834877 -1.774629 -1.712467 -1.650188 -1.591165 -1.540792 -1.506095 -1.493610 -1.506095 -1.540792 -1.591165 -1.650188 -1.712467 -1.774629 -1.834877 -1.892410 -1.946987 -1.998655 -2.047598 -2.094049 -2.138253 -2.180442 -2.220829 -2.259603 -2.296932 
-2.288210 -2.249975 -2.210128 -2.168457 -2.124714 -2.078608 -2.029799 -1.977898 -1.922468 -1.863047 -1.799209 -1.730703 -1.657766 -1.581727 -1.506095 -1.437986 -1.388668 -1.370359 -1.388668 -1.437986 -1.506095 -1.581727 -1.657766 -1.730703 -1.799209 -1.863047 -1.922468 -1.977898 -2.029799 -2.078608 -2.124714 -2.168457 -2.210128 -2.249975 -2.288210 
-2.281536 -2.242589 -2.201891 -2.159195 -2.114200 -2.066545 -2.015791 -1.961407 -1.902751 -1.839061 -1.769469 -1.693078 -1.609216 -1.518097 -1.422388 -1.330243 -1.258762 -1.230949 -1.258762 -1.330243 -1.422388 -1.518097 -1.609216 -1.693078 -1.769469 -1.839061 -1.902751 -1.961407 -2.015791 -2.066545 -2.114200 -2.159195 -2.201891 -2.242589 -2.281536 
-2.277022 -2.237582 -2.196295 -2.152883 -2.107009 -2.058256 -2.006109 -1.949923 -1.888887 -1.821978 -1.747918 -1.665161 -1.571991 -1.467033 -1.350930 -1.230949 -1.129850 -1.087972 -1.129850 -1.230949 -1.350930 -1.467033 -1.571991 -1.665161 -1.747918 -1.821978 -1.888887 -1.949923 -2.006109 -2.058256 -2.107009 -2.152883 -2.196295 -2.237582 -2.277022 
-2.274745 -2.235054 -2.193464 -2.149685 -2.103356 -2.054034 -2.001159 -1.944023 -1.881719 -1.813070 -1.736549 -1.650188 -1.551545 -1.437986 -1.308129 -1.167078 -1.040181 -0.984633 -1.040181 -1.167078 -1.308129 -1.437986 -1.551545 -1.650188 -1.736549 -1.813070 -1.881719 -1.944023 -2.001159 -2.054034 -2.103356 -2.149685 -2.193464 -2.235054 -2.274745 
-2.274460 -2.234736 -2.193109 -2.149283 -2.102897 -2.053502 -2.000535 -1.943278 -1.880811 -1.811938 -1.735099 -1.648265 -1.548892 -1.434159 -1.302356 -1.158154 -1.027113 -0.969233 -1.027113 -1.158154 -1.302356 -1.434159 -1.548892 -1.648265 -1.735099 -1.811938 -1.880811 -1.943278 -2.000535 -2.053502 -2.102897 -2.149283 -2.193109 -2.234736 -2.274460 
-2.274758 -2.235067 -2.193480 -2.149702 -2.103376 -2.054057 -2.001186 -1.944055 -1.881758 -1.813119 -1.736612 -1.650272 -1.551660 -1.438151 -1.308378 -1.167460 -1.040738 -0.985286 -1.040738 -1.167460 -1.308378 -1.438151 -1.551660 -1.650272 -1.736612 -1.813119 -1.881758 -1.944055 -2.001186 -2.054057 -2.103376 -2.149702 -2.193480 -2.235067 -2.274758 
-2.277059 -2.237623 -2.196341 -2.152935 -2.107068 -2.058324 -2.006189 -1.950018 -1.889001 -1.822120 -1.748099 -1.665397 -1.572310 -1.467482 -1.351578 -1.231887 -1.131122 -1.089412 -1.131122 -1.231887 -1.351578 -1.467482 -1.572310 -1.665397 -1.748099 -1.822120 -1.889001 -1.950018 -2.006189 -2.058324 -2.107068 -2.152935 -2.196341 -2.237623 -2.277059 
-2.281597 -2.242656 -2.201966 -2.159279 -2.114296 -2.066655 -2.015920 -1.961559 -1.902933 -1.839285 -1.769749 -1.693437 -1.609687 -1.518730 -1.423248 -1.331392 -1.260194 -1.232509 -1.260194 -1.331392 -1.423248 -1.518730 -1.609687 -1.693437 -1.769749 -1.839285 -1.902933 -1.961559 -2.015920 -2.066655 -2.114296 -2.159279 -2.201966 -2.242656 -2.281597 
-2.288293 -2.250067 -2.210230 -2.168572 -2.124844 -2.078756 -2.029971 -1.978100 -1.922708 -1.863337 -1.799564 -1.731148 -1.658329 -1.582448 -1.507015 -1.439131 -1.390006 -1.371775 -1.390006 -1.439131 -1.507015 -1.582448 -1.658329 -1.731148 -1.799564 -1.863337 -1.922708 -1.978100 -2.029971 -2.078756 -2.124844 -2.168572 -2.210230 -2.250067 -2.288293 
-2.297037 -2.259718 -2.220957 -2.180585 -2.138414 -2.094232 -2.047807 -1.998898 -1.947272 -1.892749 -1.835285 -1.775124 -1.713072 -1.650930 -1.592064 -1.541850 -1.507277 -1.494841 -1.507277 -1.541850 -1.592064 -1.650930 -1.713072 -1.775124 -1.835285 -1.892749 -1.947272 -1.998898 -2.047807 -2.094232 -2.138414 -2.180585 -2.220957 -2.259718 -2.297037 
-2.307692 -2.271440 -2.233933 -2.195050 -2.154659 -2.112628 -2.068827 -2.023146 -1.975527 -1.926011 -1.874822 -1.822497 -1.770084 -1.719392 -1.673225 -1.635403 -1.610251 -1.601388 -1.610251 -1.635403 -1.673225 -1.719392 -1.770084 -1.822497 -1.874822 -1.926011 -1.975527 -2.023146 -2.068827 -2.112628 -2.154659 -2.195050 -2.233933 -2.271440 -2.307692 
-2.320103 -2.285043 -2.248925 -2.211672 -2.173209 -2.133473 -2.092422 -2.050058 -2.006453 -1.961801 -1.916485 -1.871174 -1.826942 -1.785388 -1.748698 -1.719524 -1.700589 -1.694009 -1.700589 -1.719524 -1.748698 -1.785388 -1.826942 -1.871174 -1.916485 -1.961801 -2.006453 -2.050058 -2.092422 -2.133473 -2.173209 -2.211672 -2.248925 -2.285043 -2.320103 
-2.334105 -2.300326 -2.265687 -2.230151 -2.193693 -2.156308 -2.118025 -2.078926 -2.039176 -1.999060 -1.959033 -1.919785 -1.882303 -1.847915 -1.818273 -1.795220 -1.780515 -1.775453 -1.780515 -1.795220 -1.818273 -1.847915 -1.882303 -1.919785 -1.959033 -1.999060 -2.039176 -2.078926 -2.118025 -2.156308 -2.193693 -2.230151 -2.265687 -2.300326 -2.334105 
-2.349528 -2.317086 -2.283978 -2.250198 -2.215762 -2.180712 -2.145129 -2.109151 -2.072998 -2.036995 -2.001614 -1.967505 -1.935523 -1.906736 -1.882381 -1.863750 -1.852014 -1.848002 -1.852014 -1.863750 -1.882381 -1.906736 -1.935523 -1.967505 -2.001614 -2.036995 -2.072998 -2.109151 -2.145129 -2.180712 -2.215762 -2.250198 -2.283978 -2.317086 -2.349528 
-2.366202 -2.335127 -2.303565 -2.271539 -2.239097 -2.206313 -2.173306 -2.140247 -2.107380 -2.075043 -2.043685 -2.013888 -1.986372 -1.961983 -1.941645 -1.926282 -1.916695 -1.913433 -1.916695 -1.926282 -1.941645 -1.961983 -1.986372 -2.013888 -2.043685 -2.075043 -2.107380 -2.140247 -2.173306 -2.206313 -2.239097 -2.271539 -2.303565 -2.335127 -2.366202 
-2.383967 -2.354263 -2.324235 -2.293930 -2.263417 -2.232796 -2.202205 -2.171832 -2.141929 -2.112820 -2.084919 -2.058730 -2.034848 -2.013940 -1.996703 -1.983808 -1.975817 -1.973109 -1.975817 -1.983808 -1.996703 -2.013940 -2.034848 -2.058730 -2.084919 -2.112820 -2.141929 -2.171832 -2.202205 -2.232796 -2.263417 -2.293930 -2.324235 -2.354263 -2.383967 
-2.402671 -2.374321 -2.345793 -2.317152 -2.288482 -2.259897 -2.231545 -2.203619 -2.176364 -2.150082 -2.125140 -2.101971 -2.081062 -2.062938 -2.048133 -2.037139 -2.030364 -2.028074 -2.030364 -2.037139 -2.048133 -2.062938 -2.081062 -2.101971 -2.125140 -2.150082 -2.176364 -2.203619 -2.231545 -2.259897 -2.288482 -2.317152 -2.345793 -2.374321 -2.402671 
-2.422175 -2.395146 -2.368070 -2.341020 -2.314091 -2.287403 -2.261108 -2.235394 -2.210493 -2.186677 -2.164271 -2.143638 -2.125177 -2.109306 -2.096435 -2.086934 -2.081104 -2.079138 -2.081104 -2.086934 -2.096435 -2.109306 -2.125177 -2.143638 -2.164271 -2.186677 -2.210493 -2.235394 -2.261108 -2.287403 -2.314091 -2.341020 -2.368070 -2.395146 -2.422175 
-2.442351 -2.416600 -2.390914 -2.365373 -2.340075 -2.315143 -2.290727 -2.267005 -2.244189 -2.222526 -2.202294 -2.183801 -2.167374 -2.153345 -2.142035 -2.133726 -2.128644 -2.126933 -2.128644 -2.133726 -2.142035 -2.153345 -2.167374 -2.183801 -2.202294 -2.222526 -2.244189 -2.267005 -2.290727 -2.315143 -2.340075 -2.365373 -2.390914 -2.416600 -2.442351 
-2.463086 -2.438562 -2.414198 -2.390077 -2.366300 -2.342986 -2.320278 -2.298344 -2.277376 -2.257592 -2.239231 -2.222554 -2.207829 -2.195323 -2.185289 -2.177946 -2.173467 -2.171962 -2.173467 -2.177946 -2.185289 -2.195323 -2.207829 -2.222554 -2.239231 -2.257592 -2.277376 -2.298344 -2.320278 -2.342986 -2.366300 -2.390077 -2.414198 -2.438562 -2.463086 
-2.484281 -2.460927 -2.437814 -2.415023 -2.392656 -2.370826 -2.349670 -2.329339 -2.310008 -2.291868 -2.275125 -2.259999 -2.246710 -2.235476 -2.226498 -2.219949 -2.215963 -2.214625 -2.215963 -2.219949 -2.226498 -2.235476 -2.246710 -2.259999 -2.275125 -2.291868 -2.310008 -2.329339 -2.349670 -2.370826 -2.392656 -2.415023 -2.437814 -2.460927 -2.484281 
-2.505847 -2.483605 -2.461669 -2.440121 -2.419057 -2.398587 -2.378836 -2.359944 -2.342066 -2.325369 -2.310031 -2.296236 -2.284169 -2.274008 -2.265913 -2.260024 -2.256447 -2.255246 -2.256447 -2.260024 -2.265913 -2.274008 -2.284169 -2.296236 -2.310031 -2.325369 -2.342066 -2.359944 -2.378836 -2.398587 -2.419057 -2.440121 -2.461669 -2.483605 -2.505847 
