45 45
1.744258e-01 0 5
-1.536821 -1.519228 -1.501845 -1.484710 -1.467864 -1.451351 -1.435221 -1.419528 -1.404334 -1.389701 -1.375699 -1.362402 -1.349886 -1.338232 -1.327519 -1.317830 -1.309242 -1.301829 -1.295662 -1.290798 -1.287287 -1.285165 -1.284455 -1.285165 -1.287287 -1.290798 -1.295662 -1.301829 -1.309242 -1.317830 -1.327519 -1.338232 -1.349886 -1.362402 -1.375699 -1.389701 -1.404334 -1.419528 -1.435221 -1.451351 -1.467864 -1.484710 -1.501845 -1.519228 -1.536821 
-1.519644 -1.501413 -1.483366 -1.465540 -1.447976 -1.430721 -1.413826 -1.397349 -1.381354 -1.365911 -1.351094 -1.336986 -1.323671 -1.311240 -1.299784 -1.289397 -1.280170 -1.272190 -1.265537 -1.260283 -1.256486 -1.254190 -1.253422 -1.254190 -1.256486 -1.260283 -1.265537 -1.272190 -1.280170 -1.289397 -1.299784 -1.311240 -1.323671 -1.336986 -1.351094 -1.365911 -1.381354 -1.397349 -1.413826 -1.430721 -1.447976 -1.465540 -1.483366 -1.501413 -1.519644 
-1.502708 -1.483815 -1.465074 -1.446522 -1.428201 -1.410158 -1.392448 -1.375129 -1.358271 -1.341947 -1.326240 -1.311240 -1.297040 -1.283744 -1.271456 -1.260283 -1.250332 -1.241706 -1.234500 -1.228799 -1.224673 -1.222175 -1.221339 -1.222175 -1.224673 -1.228799 -1.234500 -1.241706 -1.250332 -1.260283 -1.271456 -1.283744 -1.297040 -1.311240 -1.326240 -1.341947 -1.358271 -1.375129 -1.392448 -1.410158 -1.428201 -1.446522 -1.465074 -1.483815 -1.502708 
-1.486050 -1.466471 -1.447007 -1.427696 -1.408577 -1.389701 -1.371121 -1.352900 -1.335110 -1.317830 -1.301149 -1.285165 -1.269985 -1.255723 -1.242498 -1.230436 -1.219661 -1.210295 -1.202451 -1.196233 -1.191726 -1.188995 -1.188080 -1.188995 -1.191726 -1.196233 -1.202451 -1.210295 -1.219661 -1.230436 -1.242498 -1.255723 -1.269985 -1.285165 -1.301149 -1.317830 -1.335110 -1.352900 -1.371121 -1.389701 -1.408577 -1.427696 -1.447007 -1.466471 -1.486050 
-1.469714 -1.449425 -1.429211 -1.409105 -1.389149 -1.369391 -1.349886 -1.330699 -1.311903 -1.293584 -1.275837 -1.258769 -1.242498 -1.227154 -1.212873 -1.199799 -1.188080 -1.177861 -1.169279 -1.162459 -1.157506 -1.154502 -1.153494 -1.154502 -1.157506 -1.162459 -1.169279 -1.177861 -1.188080 -1.199799 -1.212873 -1.227154 -1.242498 -1.258769 -1.275837 -1.293584 -1.311903 -1.330699 -1.349886 -1.369391 -1.389149 -1.409105 -1.429211 -1.449425 -1.469714 
-1.453746 -1.432726 -1.411734 -1.390802 -1.369968 -1.349281 -1.328794 -1.308573 -1.288695 -1.269247 -1.250332 -1.232067 -1.214581 -1.198021 -1.182542 -1.168312 -1.155506 -1.144297 -1.134852 -1.127325 -1.121848 -1.118519 -1.117402 -1.118519 -1.121848 -1.127325 -1.134852 -1.144297 -1.155506 -1.168312 -1.182542 -1.198021 -1.214581 -1.232067 -1.250332 -1.269247 -1.288695 -1.308573 -1.328794 -1.349281 -1.369968 -1.390802 -1.411734 -1.432726 -1.453746 
-1.438196 -1.416427 -1.394633 -1.372843 -1.351094 -1.329430 -1.307904 -1.286581 -1.265537 -1.244866 -1.224673 -1.205084 -1.186243 -1.168312 -1.151471 -1.135914 -1.121848 -1.109481 -1.099020 -1.090656 -1.084552 -1.080836 -1.079588 -1.080836 -1.084552 -1.090656 -1.099020 -1.109481 -1.121848 -1.135914 -1.151471 -1.168312 -1.186243 -1.205084 -1.224673 -1.244866 -1.265537 -1.286581 -1.307904 -1.329430 -1.351094 -1.372843 -1.394633 -1.416427 -1.438196 
-1.423120 -1.400587 -1.377970 -1.355296 -1.332595 -1.309909 -1.287287 -1.264791 -1.242498 -1.220501 -1.198911 -1.177861 -1.157506 -1.138029 -1.119632 -1.102543 -1.087007 -1.073277 -1.061609 -1.052240 -1.045382 -1.041197 -1.039790 -1.041197 -1.045382 -1.052240 -1.061609 -1.073277 -1.087007 -1.102543 -1.119632 -1.138029 -1.157506 -1.177861 -1.198911 -1.220501 -1.242498 -1.264791 -1.287287 -1.309909 -1.332595 -1.355296 -1.377970 -1.400587 -1.423120 
-1.408577 -1.385269 -1.361814 -1.338232 -1.314548 -1.290798 -1.267026 -1.243289 -1.219661 -1.196233 -1.173118 -1.150455 -1.128411 -1.107184 -1.087007 -1.068142 -1.050880 -1.035532 -1.022414 -1.011830 -1.004051 -0.999291 -0.997689 -0.999291 -1.004051 -1.011830 -1.022414 -1.035532 -1.050880 -1.068142 -1.087007 -1.107184 -1.128411 -1.150455 -1.173118 -1.196233 -1.219661 -1.243289 -1.267026 -1.290798 -1.314548 -1.338232 -1.361814 -1.385269 -1.408577 
-1.394633 -1.370545 -1.346241 -1.321733 -1.297040 -1.272190 -1.247218 -1.222175 -1.197128 -1.172162 -1.147389 -1.122950 -1.099020 -1.075816 -1.053595 -1.032663 -1.013364 -0.996078 -0.981203 -0.969129 -0.960211 -0.954735 -0.952889 -0.954735 -0.960211 -0.969129 -0.981203 -0.996078 -1.013364 -1.032663 -1.053595 -1.075816 -1.099020 -1.122950 -1.147389 -1.172162 -1.197128 -1.222175 -1.247218 -1.272190 -1.297040 -1.321733 -1.346241 -1.370545 -1.394633 
-1.381354 -1.356488 -1.331332 -1.305889 -1.280170 -1.254190 -1.227977 -1.201569 -1.175023 -1.148414 -1.121848 -1.095461 -1.069433 -1.043993 -1.019426 -0.996078 -0.974360 -0.954735 -0.937706 -0.923780 -0.913432 -0.907051 -0.904894 -0.907051 -0.913432 -0.923780 -0.937706 -0.954735 -0.974360 -0.996078 -1.019426 -1.043993 -1.069433 -1.095461 -1.121848 -1.148414 -1.175023 -1.201569 -1.227977 -1.254190 -1.280170 -1.305889 -1.331332 -1.356488 -1.381354 
-1.368813 -1.343179 -1.317175 -1.290798 -1.264043 -1.236917 -1.209431 -1.181610 -1.153494 -1.125145 -1.096651 -1.068142 -1.039790 -1.011830 -0.984569 -0.958396 -0.933791 -0.911320 -0.891621 -0.875363 -0.863188 -0.855640 -0.853080 -0.855640 -0.863188 -0.875363 -0.891621 -0.911320 -0.933791 -0.958396 -0.984569 -1.011830 -1.039790 -1.068142 -1.096651 -1.125145 -1.153494 -1.181610 -1.209431 -1.236917 -1.264043 -1.290798 -1.317175 -1.343179 -1.368813 
-1.357083 -1.330699 -1.303864 -1.276563 -1.248778 -1.220501 -1.191726 -1.162459 -1.132718 -1.102543 -1.072001 -1.041197 -1.010290 -0.979506 -0.949162 -0.919683 -0.891621 -0.865663 -0.842619 -0.823376 -0.808825 -0.799738 -0.796645 -0.799738 -0.808825 -0.823376 -0.842619 -0.865663 -0.891621 -0.919683 -0.949162 -0.979506 -1.010290 -1.041197 -1.072001 -1.102543 -1.132718 -1.162459 -1.191726 -1.220501 -1.248778 -1.276563 -1.303864 -1.330699 -1.357083 
-1.346241 -1.319135 -1.291496 -1.263294 -1.234500 -1.205084 -1.175023 -1.144297 -1.112898 -1.080836 -1.048142 -1.014890 -0.981203 -0.947282 -0.913432 -0.880098 -0.847895 -0.817642 -0.790361 -0.767242 -0.749534 -0.738370 -0.734551 -0.738370 -0.749534 -0.767242 -0.790361 -0.817642 -0.847895 -0.880098 -0.913432 -0.947282 -0.981203 -1.014890 -1.048142 -1.080836 -1.112898 -1.144297 -1.175023 -1.205084 -1.234500 -1.263294 -1.291496 -1.319135 -1.346241 
-1.336361 -1.308573 -1.280170 -1.251107 -1.221339 -1.190818 -1.159496 -1.127325 -1.094266 -1.060286 -1.025375 -0.989553 -0.952889 -0.915530 -0.877740 -0.839945 -0.802798 -0.767242 -0.734551 -0.706318 -0.684326 -0.670282 -0.665445 -0.670282 -0.684326 -0.706318 -0.734551 -0.767242 -0.802798 -0.839945 -0.877740 -0.915530 -0.952889 -0.989553 -1.025375 -1.060286 -1.094266 -1.127325 -1.159496 -1.190818 -1.221339 -1.251107 -1.280170 -1.308573 -1.336361 
-1.327519 -1.299100 -1.269985 -1.240116 -1.209431 -1.177861 -1.145331 -1.111763 -1.077078 -1.041197 -1.004051 -0.965592 -0.925809 -0.884760 -0.842619 -0.799738 -0.756747 -0.714669 -0.675040 -0.639969 -0.612029 -0.593871 -0.587556 -0.593871 -0.612029 -0.639969 -0.675040 -0.714669 -0.756747 -0.799738 -0.842619 -0.884760 -0.925809 -0.965592 -1.004051 -1.041197 -1.077078 -1.111763 -1.145331 -1.177861 -1.209431 -1.240116 -1.269985 -1.299100 -1.327519 
-1.319786 -1.290798 -1.261038 -1.230436 -1.198911 -1.166372 -1.132718 -1.097838 -1.061609 -1.023898 -0.984569 -0.943487 -0.900534 -0.855640 -0.808825 -0.760287 -0.710523 -0.660526 -0.612029 -0.567741 -0.531372 -0.507146 -0.498601 -0.507146 -0.531372 -0.567741 -0.612029 -0.660526 -0.710523 -0.760287 -0.808825 -0.855640 -0.900534 -0.943487 -0.984569 -1.023898 -1.061609 -1.097838 -1.132718 -1.166372 -1.198911 -1.230436 -1.261038 -1.290798 -1.319786 
-1.313228 -1.283744 -1.253422 -1.222175 -1.189908 -1.156508 -1.121848 -1.085781 -1.048142 -1.008741 -0.967365 -0.923780 -0.877740 -0.829003 -0.777374 -0.722786 -0.665445 -0.606102 -0.546471 -0.489799 -0.441318 -0.407864 -0.395816 -0.407864 -0.441318 -0.489799 -0.546471 -0.606102 -0.665445 -0.722786 -0.777374 -0.829003 -0.877740 -0.923780 -0.967365 -1.008741 -1.048142 -1.085781 -1.121848 -1.156508 -1.189908 -1.222175 -1.253422 -1.283744 -1.313228 
-1.307904 -1.278009 -1.247218 -1.215433 -1.182542 -1.148414 -1.112898 -1.075816 -1.036958 -0.996078 -0.952889 -0.907051 -0.858177 -0.805827 -0.749534 -0.688860 -0.623531 -0.553735 -0.480723 -0.407864 -0.342063 -0.294310 -0.276559 -0.294310 -0.342063 -0.407864 -0.480723 -0.553735 -0.623531 -0.688860 -0.749534 -0.805827 -0.858177 -0.907051 -0.952889 -0.996078 -1.036958 -1.075816 -1.112898 -1.148414 -1.182542 -1.215433 -1.247218 -1.278009 -1.307904 
-1.303864 -1.273653 -1.242498 -1.210295 -1.176917 -1.142220 -1.106030 -1.068142 -1.028310 -0.986239 -0.941572 -0.893874 -0.842619 -0.787167 -0.726761 -0.660526 -0.587556 -0.507146 -0.419441 -0.326970 -0.237629 -0.168126 -0.141039 -0.168126 -0.237629 -0.326970 -0.419441 -0.507146 -0.587556 -0.660526 -0.726761 -0.787167 -0.842619 -0.893874 -0.941572 -0.986239 -1.028310 -1.068142 -1.106030 -1.142220 -1.176917 -1.210295 -1.242498 -1.273653 -1.303864 
-1.301149 -1.270721 -1.239319 -1.206829 -1.173118 -1.138029 -1.101373 -1.062926 -1.022414 -0.979506 -0.933791 -0.884760 -0.831776 -0.774035 -0.710523 -0.639969 -0.560822 -0.471356 -0.370147 -0.257712 -0.141039 -0.042377 -0.001419 -0.042377 -0.141039 -0.257712 -0.370147 -0.471356 -0.560822 -0.639969 -0.710523 -0.774035 -0.831776 -0.884760 -0.933791 -0.979506 -1.022414 -1.062926 -1.101373 -1.138029 -1.173118 -1.206829 -1.239319 -1.270721 -1.301149 
-1.299784 -1.269247 -1.237720 -1.205084 -1.171204 -1.135914 -1.099020 -1.060286 -1.019426 -0.976085 -0.929826 -0.880098 -0.826203 -0.767242 -0.702051 -0.629115 -0.546471 -0.451676 -0.342063 -0.216145 -0.078744 0.045385 0.099869 0.045385 -0.078744 -0.216145 -0.342063 -0.451676 -0.546471 -0.629115 -0.702051 -0.767242 -0.826203 -0.880098 -0.929826 -0.976085 -1.019426 -1.060286 -1.099020 -1.135914 -1.171204 -1.205084 -1.237720 -1.269247 -1.299784 
-1.299613 -1.269063 -1.237519 -1.204866 -1.170964 -1.135649 -1.098725 -1.059955 -1.019050 -0.975654 -0.929326 -0.879510 -0.825499 -0.766382 -0.700975 -0.627729 -0.544626 -0.449120 -0.338360 -0.210533 -0.070030 0.058195 0.114990 0.058195 -0.070030 -0.210533 -0.338360 -0.449120 -0.544626 -0.627729 -0.700975 -0.766382 -0.825499 -0.879510 -0.929326 -0.975654 -1.019050 -1.059955 -1.098725 -1.135649 -1.170964 -1.204866 -1.237519 -1.269063 -1.299613 
-1.299791 -1.269255 -1.237728 -1.205094 -1.171214 -1.135926 -1.099033 -1.060301 -1.019442 -0.976103 -0.929847 -0.880124 -0.826233 -0.767279 -0.702098 -0.629175 -0.546550 -0.451786 -0.342223 -0.216386 -0.079117 0.044839 0.099228 0.044839 -0.079117 -0.216386 -0.342223 -0.451786 -0.546550 -0.629175 -0.702098 -0.767279 -0.826233 -0.880124 -0.929847 -0.976103 -1.019442 -1.060301 -1.099033 -1.135926 -1.171214 -1.205094 -1.237728 -1.269255 -1.299791 
-1.301171 -1.270745 -1.239345 -1.206857 -1.173149 -1.138063 -1.101411 -1.062968 -1.022462 -0.979561 -0.933855 -0.884835 -0.831865 -0.774144 -0.710658 -0.640141 -0.561049 -0.471664 -0.370581 -0.258340 -0.141953 -0.043620 -0.002828 -0.043620 -0.141953 -0.258340 -0.370581 -0.471664 -0.561049 -0.640141 -0.710658 -0.774144 -0.831865 -0.884835 -0.933855 -0.979561 -1.022462 -1.062968 -1.101411 -1.138063 -1.173149 -1.206857 -1.239345 -1.270745 -1.301171 
-1.303901 -1.273692 -1.242541 -1.210341 -1.176968 -1.142276 -1.106092 -1.068211 -1.028389 -0.986329 -0.941675 -0.893995 -0.842762 -0.787340 -0.726973 -0.660793 -0.587900 -0.507599 -0.420052 -0.327802 -0.238744 -0.169520 -0.142558 -0.169520 -0.238744 -0.327802 -0.420052 -0.507599 -0.587900 -0.660793 -0.726973 -0.787340 -0.842762 -0.893995 -0.941675 -0.986329 -1.028389 -1.068211 -1.106092 -1.142276 -1.176968 -1.210341 -1.242541 -1.273692 -1.303901 
-1.307954 -1.278064 -1.247277 -1.215497 -1.182612 -1.148491 -1.112984 -1.075911 -1.037065 -0.996200 -0.953028 -0.907213 -0.858367 -0.806054 -0.749809 -0.689199 -0.623955 -0.554275 -0.481416 -0.408752 -0.343170 -0.295606 -0.277933 -0.295606 -0.343170 -0.408752 -0.481416 -0.554275 -0.623955 -0.689199 -0.749809 -0.806054 -0.858367 -0.907213 -0.953028 -0.996200 -1.037065 -1.075911 -1.112984 -1.148491 -1.182612 -1.215497 -1.247277 -1.278064 -1.307954 
-1.313292 -1.283813 -1.253496 -1.222256 -1.189996 -1.156604 -1.121954 -1.085900 -1.048276 -1.008892 -0.967536 -0.923977 -0.877969 -0.829272 -0.777695 -0.723173 -0.665917 -0.606682 -0.547182 -0.490663 -0.442337 -0.409005 -0.397004 -0.409005 -0.442337 -0.490663 -0.547182 -0.606682 -0.665917 -0.723173 -0.777695 -0.829272 -0.877969 -0.923977 -0.967536 -1.008892 -1.048276 -1.085900 -1.121954 -1.156604 -1.189996 -1.222256 -1.253496 -1.283813 -1.313292 
-1.319863 -1.290880 -1.261128 -1.230533 -1.199016 -1.166487 -1.132845 -1.097978 -1.061765 -1.024073 -0.984767 -0.943713 -0.900794 -0.855941 -0.809178 -0.760703 -0.711017 -0.661113 -0.612723 -0.568548 -0.532288 -0.508140 -0.499625 -0.508140 -0.532288 -0.568548 -0.612723 -0.661113 -0.711017 -0.760703 -0.809178 -0.855941 -0.900794 -0.943713 -0.984767 -1.024073 -1.061765 -1.097978 -1.132845 -1.166487 -1.199016 -1.230533 -1.261128 -1.290880 -1.319863 
-1.327608 -1.299196 -1.270088 -1.240228 -1.209552 -1.177992 -1.145475 -1.111922 -1.077254 -1.041393 -1.004271 -0.965840 -0.926091 -0.885083 -0.842990 -0.800167 -0.757244 -0.715243 -0.675699 -0.640712 -0.612848 -0.594743 -0.588448 -0.594743 -0.612848 -0.640712 -0.675699 -0.715243 -0.757244 -0.800167 -0.842990 -0.885083 -0.926091 -0.965840 -1.004271 -1.041393 -1.077254 -1.111922 -1.145475 -1.177992 -1.209552 -1.240228 -1.270088 -1.299196 -1.327608 
-1.336462 -1.308681 -1.280286 -1.251232 -1.221474 -1.190965 -1.159656 -1.127501 -1.094459 -1.060500 -1.025613 -0.989819 -0.953187 -0.915867 -0.878121 -0.840378 -0.803289 -0.767796 -0.735171 -0.707001 -0.685062 -0.671055 -0.666231 -0.671055 -0.685062 -0.707001 -0.735171 -0.767796 -0.803289 -0.840378 -0.878121 -0.915867 -0.953187 -0.989819 -1.025613 -1.060500 -1.094459 -1.127501 -1.159656 -1.190965 -1.221474 -1.251232 -1.280286 -1.308681 -1.336462 
-1.346352 -1.319254 -1.291624 -1.263431 -1.234648 -1.205244 -1.175196 -1.144486 -1.113105 -1.081063 -1.048394 -1.015168 -0.981512 -0.947626 -0.913817 -0.880527 -0.848373 -0.818170 -0.790941 -0.767869 -0.750201 -0.739063 -0.735253 -0.739063 -0.750201 -0.767869 -0.790941 -0.818170 -0.848373 -0.880527 -0.913817 -0.947626 -0.981512 -1.015168 -1.048394 -1.081063 -1.113105 -1.144486 -1.175196 -1.205244 -1.234648 -1.263431 -1.291624 -1.319254 -1.346352 
-1.357205 -1.330828 -1.304003 -1.276711 -1.248937 -1.220673 -1.191911 -1.162660 -1.132937 -1.102782 -1.072262 -1.041484 -1.010605 -0.979853 -0.949545 -0.920104 -0.892083 -0.866166 -0.843162 -0.823956 -0.809434 -0.800365 -0.797279 -0.800365 -0.809434 -0.823956 -0.843162 -0.866166 -0.892083 -0.920104 -0.949545 -0.979853 -1.010605 -1.041484 -1.072262 -1.102782 -1.132937 -1.162660 -1.191911 -1.220673 -1.248937 -1.276711 -1.304003 -1.330828 -1.357205 
-1.368944 -1.343317 -1.317323 -1.290955 -1.264212 -1.237098 -1.209626 -1.181821 -1.153722 -1.125392 -1.096920 -1.068434 -1.040108 -1.012177 -0.984947 -0.958807 -0.934235 -0.911798 -0.892131 -0.875901 -0.863749 -0.856214 -0.853660 -0.856214 -0.863749 -0.875901 -0.892131 -0.911798 -0.934235 -0.958807 -0.984947 -1.012177 -1.040108 -1.068434 -1.096920 -1.125392 -1.153722 -1.181821 -1.209626 -1.237098 -1.264212 -1.290955 -1.317323 -1.343317 -1.368944 
-1.381493 -1.356635 -1.331488 -1.306056 -1.280347 -1.254380 -1.228180 -1.201788 -1.175257 -1.148667 -1.122120 -1.095756 -1.069751 -1.044337 -1.019797 -0.996477 -0.974787 -0.955190 -0.938186 -0.924283 -0.913953 -0.907583 -0.905429 -0.907583 -0.913953 -0.924283 -0.938186 -0.955190 -0.974787 -0.996477 -1.019797 -1.044337 -1.069751 -1.095756 -1.122120 -1.148667 -1.175257 -1.201788 -1.228180 -1.254380 -1.280347 -1.306056 -1.331488 -1.356635 -1.381493 
-1.394779 -1.370700 -1.346405 -1.321907 -1.297225 -1.272387 -1.247428 -1.222400 -1.197368 -1.172419 -1.147665 -1.123246 -1.099337 -1.076155 -1.053958 -1.033050 -1.013775 -0.996512 -0.981657 -0.969601 -0.960697 -0.955230 -0.953386 -0.955230 -0.960697 -0.969601 -0.981657 -0.996512 -1.013775 -1.033050 -1.053958 -1.076155 -1.099337 -1.123246 -1.147665 -1.172419 -1.197368 -1.222400 -1.247428 -1.272387 -1.297225 -1.321907 -1.346405 -1.370700 -1.394779 
-1.408731 -1.385431 -1.361985 -1.338412 -1.314739 -1.291001 -1.267241 -1.243518 -1.219905 -1.196493 -1.173395 -1.150750 -1.128725 -1.107518 -1.087361 -1.068517 -1.051275 -1.035947 -1.022846 -1.012276 -1.004508 -0.999755 -0.998155 -0.999755 -1.004508 -1.012276 -1.022846 -1.035947 -1.051275 -1.068517 -1.087361 -1.107518 -1.128725 -1.150750 -1.173395 -1.196493 -1.219905 -1.243518 -1.267241 -1.291001 -1.314739 -1.338412 -1.361985 -1.385431 -1.408731 
-1.423279 -1.400754 -1.378147 -1.355482 -1.332792 -1.310116 -1.287506 -1.265024 -1.242745 -1.220763 -1.199188 -1.178154 -1.157817 -1.138357 -1.119978 -1.102907 -1.087388 -1.073674 -1.062020 -1.052663 -1.045814 -1.041634 -1.040229 -1.041634 -1.045814 -1.052663 -1.062020 -1.073674 -1.087388 -1.102907 -1.119978 -1.138357 -1.157817 -1.178154 -1.199188 -1.220763 -1.242745 -1.265024 -1.287506 -1.310116 -1.332792 -1.355482 -1.378147 -1.400754 -1.423279 
-1.438361 -1.416600 -1.394814 -1.373034 -1.351295 -1.329642 -1.308127 -1.286816 -1.265786 -1.245128 -1.224949 -1.205376 -1.186550 -1.168635 -1.151809 -1.136267 -1.122215 -1.109862 -1.099413 -1.091059 -1.084962 -1.081250 -1.080004 -1.081250 -1.084962 -1.091059 -1.099413 -1.109862 -1.122215 -1.136267 -1.151809 -1.168635 -1.186550 -1.205376 -1.224949 -1.245128 -1.265786 -1.286816 -1.308127 -1.329642 -1.351295 -1.373034 -1.394814 -1.416600 -1.438361 
-1.453915 -1.432904 -1.411920 -1.390997 -1.370173 -1.349496 -1.329020 -1.308810 -1.288944 -1.269509 -1.250607 -1.232356 -1.214884 -1.198337 -1.182872 -1.168655 -1.155862 -1.144664 -1.135229 -1.127711 -1.122239 -1.118914 -1.117798 -1.118914 -1.122239 -1.127711 -1.135229 -1.144664 -1.155862 -1.168655 -1.182872 -1.198337 -1.214884 -1.232356 -1.250607 -1.269509 -1.288944 -1.308810 -1.329020 -1.349496 -1.370173 -1.390997 -1.411920 -1.432904 -1.453915 
-1.469888 -1.449607 -1.429400 -1.409303 -1.389357 -1.369608 -1.350114 -1.330937 -1.312153 -1.293845 -1.276110 -1.259054 -1.242796 -1.227464 -1.213195 -1.200133 -1.188425 -1.178215 -1.169642 -1.162829 -1.157882 -1.154880 -1.153874 -1.154880 -1.157882 -1.162829 -1.169642 -1.178215 -1.188425 -1.200133 -1.213195 -1.227464 -1.242796 -1.259054 -1.276110 -1.293845 -1.312153 -1.330937 -1.350114 -1.369608 -1.389357 -1.409303 -1.429400 -1.449607 -1.469888 
-1.486228 -1.466656 -1.447200 -1.427897 -1.408787 -1.389920 -1.371349 -1.353139 -1.335359 -1.318090 -1.301420 -1.285447 -1.270278 -1.256027 -1.242813 -1.230761 -1.219995 -1.210637 -1.202801 -1.196589 -1.192087 -1.189358 -1.188444 -1.189358 -1.192087 -1.196589 -1.202801 -1.210637 -1.219995 -1.230761 -1.242813 -1.256027 -1.270278 -1.285447 -1.301420 -1.318090 -1.335359 -1.353139 -1.371349 -1.389920 -1.408787 -1.427897 -1.447200 -1.466656 -1.486228 
-1.502888 -1.484003 -1.465270 -1.446726 -1.428413 -1.410379 -1.392677 -1.375368 -1.358520 -1.342206 -1.326509 -1.311518 -1.297329 -1.284042 -1.271764 -1.260600 -1.250657 -1.242038 -1.234839 -1.229142 -1.225020 -1.222525 -1.221690 -1.222525 -1.225020 -1.229142 -1.234839 -1.242038 -1.250657 -1.260600 -1.271764 -1.284042 -1.297329 -1.311518 -1.326509 -1.342206 -1.358520 -1.375368 -1.392677 -1.410379 -1.428413 -1.446726 -1.465270 -1.484003 -1.502888 
-1.519827 -1.501604 -1.483564 -1.465746 -1.448189 -1.430942 -1.414056 -1.397588 -1.381602 -1.366167 -1.351360 -1.337261 -1.323955 -1.311532 -1.300085 -1.289706 -1.280486 -1.272513 -1.265866 -1.260616 -1.256823 -1.254528 -1.253761 -1.254528 -1.256823 -1.260616 -1.265866 -1.272513 -1.280486 -1.289706 -1.300085 -1.311532 -1.323955 -1.337261 -1.351360 -1.366167 -1.381602 -1.397588 -1.414056 -1.430942 -1.448189 -1.465746 -1.483564 -1.501604 -1.519827 
-1.537007 -1.519420 -1.502045 -1.484917 -1.468078 -1.451573 -1.435451 -1.419766 -1.404580 -1.389955 -1.375962 -1.362673 -1.350166 -1.338519 -1.327814 -1.318132 -1.309550 -1.302144 -1.295981 -1.291121 -1.287613 -1.285493 -1.284783 -1.285493 -1.287613 -1.291121 -1.295981 -1.302144 -1.309550 -1.318132 -1.327814 -1.338519 -1.350166 -1.362673 -1.375962 -1.389955 -1.404580 -1.419766 -1.435451 -1.451573 -1.468078 -1.484917 -1.502045 -1.519420 -1.537007 
