61 61
1.771422e+00 0 5
-0.226858 -0.213683 -0.200627 -0.187704 -0.174930 -0.162322 -0.149897 -0.137674 -0.125675 -0.113920 -0.102433 -0.091239 -0.080364 -0.069833 -0.059677 -0.049922 -0.040600 -0.031742 -0.023377 -0.015537 -0.008253 -0.001555 0.004529 0.009970 0.014742 0.018823 0.022192 0.024831 0.026726 0.027867 0.028248 0.027867 0.026726 0.024831 0.022192 0.018823 0.014742 0.009970 0.004529 -0.001555 -0.008253 -0.015537 -0.023377 -0.031742 -0.040600 -0.049922 -0.059677 -0.069833 -0.080364 -0.091239 -0.102433 -0.113920 -0.125675 -0.137674 -0.149897 -0.162322 -0.174930 -0.187704 -0.200627 -0.213683 -0.226858 
-0.213909 -0.200395 -0.186990 -0.173708 -0.160566 -0.147580 -0.134768 -0.122151 -0.109750 -0.097587 -0.085687 -0.074075 -0.062779 -0.051827 -0.041250 -0.031078 -0.021345 -0.012084 -0.003327 0.004889 0.012533 0.019569 0.025967 0.031694 0.036723 0.041026 0.044581 0.047367 0.049368 0.050574 0.050977 0.050574 0.049368 0.047367 0.044581 0.041026 0.036723 0.031694 0.025967 0.019569 0.012533 0.004889 -0.003327 -0.012084 -0.021345 -0.031078 -0.041250 -0.051827 -0.062779 -0.074075 -0.085687 -0.097587 -0.109750 -0.122151 -0.134768 -0.147580 -0.160566 -0.173708 -0.186990 -0.200395 -0.213909 
-0.201091 -0.187228 -0.173464 -0.159811 -0.146288 -0.132910 -0.119697 -0.106668 -0.093847 -0.081255 -0.068919 -0.056866 -0.045125 -0.033726 -0.022701 -0.012084 -0.001910 0.007785 0.016963 0.025588 0.033621 0.041026 0.047766 0.053807 0.059116 0.063663 0.067422 0.070370 0.072489 0.073766 0.074192 0.073766 0.072489 0.070370 0.067422 0.063663 0.059116 0.053807 0.047766 0.041026 0.033621 0.025588 0.016963 0.007785 -0.001910 -0.012084 -0.022701 -0.033726 -0.045125 -0.056866 -0.068919 -0.081255 -0.093847 -0.106668 -0.119697 -0.132910 -0.146288 -0.159811 -0.173464 -0.187228 -0.201091 
-0.188418 -0.174197 -0.160063 -0.146029 -0.132112 -0.118328 -0.104697 -0.091239 -0.077978 -0.064937 -0.052143 -0.039625 -0.027412 -0.015537 -0.004035 0.007059 0.017706 0.027867 0.037502 0.046569 0.055026 0.062833 0.069947 0.076332 0.081949 0.086765 0.090749 0.093876 0.096125 0.097481 0.097934 0.097481 0.096125 0.093876 0.090749 0.086765 0.081949 0.076332 0.069947 0.062833 0.055026 0.046569 0.037502 0.027867 0.017706 0.007059 -0.004035 -0.015537 -0.027412 -0.039625 -0.052143 -0.064937 -0.077978 -0.091239 -0.104697 -0.118328 -0.132112 -0.146029 -0.160063 -0.174197 -0.188418 
-0.175906 -0.161319 -0.146805 -0.132378 -0.118054 -0.103849 -0.089785 -0.075880 -0.062160 -0.048648 -0.035372 -0.022362 -0.009650 0.002730 0.014742 0.026346 0.037502 0.048166 0.058295 0.067842 0.076761 0.085007 0.092533 0.099295 0.105252 0.110365 0.114599 0.117925 0.120318 0.121761 0.122244 0.121761 0.120318 0.117925 0.114599 0.110365 0.105252 0.099295 0.092533 0.085007 0.076761 0.067842 0.058295 0.048166 0.037502 0.026346 0.014742 0.002730 -0.009650 -0.022362 -0.035372 -0.048648 -0.062160 -0.075880 -0.089785 -0.103849 -0.118054 -0.132378 -0.146805 -0.161319 -0.175906 
-0.163572 -0.148611 -0.133707 -0.118876 -0.104132 -0.089493 -0.074978 -0.060609 -0.046409 -0.032404 -0.018622 -0.005093 0.008148 0.021066 0.033621 0.045772 0.057475 0.068683 0.079347 0.089417 0.098841 0.107568 0.115547 0.122726 0.129060 0.134502 0.139014 0.142561 0.145115 0.146656 0.147171 0.146656 0.145115 0.142561 0.139014 0.134502 0.129060 0.122726 0.115547 0.107568 0.098841 0.089417 0.079347 0.068683 0.057475 0.045772 0.033621 0.021066 0.008148 -0.005093 -0.018622 -0.032404 -0.046409 -0.060609 -0.074978 -0.089493 -0.104132 -0.118876 -0.133707 -0.148611 -0.163572 
-0.151435 -0.136091 -0.120789 -0.105543 -0.090367 -0.075279 -0.060299 -0.045446 -0.030746 -0.016224 -0.001910 0.012166 0.025967 0.039456 0.052592 0.065329 0.077621 0.089417 0.100662 0.111302 0.121280 0.130536 0.139014 0.146656 0.153408 0.159218 0.164040 0.167835 0.170570 0.172221 0.172773 0.172221 0.170570 0.167835 0.164040 0.159218 0.153408 0.146656 0.139014 0.130536 0.121280 0.111302 0.100662 0.089417 0.077621 0.065329 0.052592 0.039456 0.025967 0.012166 -0.001910 -0.016224 -0.030746 -0.045446 -0.060299 -0.075279 -0.090367 -0.105543 -0.120789 -0.136091 -0.151435 
-0.139514 -0.123781 -0.108072 -0.092400 -0.076781 -0.061230 -0.045768 -0.030414 -0.015193 -0.000131 0.014742 0.029394 0.043788 0.057885 0.071640 0.085007 0.097934 0.110365 0.122244 0.133507 0.144092 0.153932 0.162963 0.171119 0.178338 0.184559 0.189730 0.193804 0.196743 0.198517 0.199111 0.198517 0.196743 0.193804 0.189730 0.184559 0.178338 0.171119 0.162963 0.153932 0.144092 0.133507 0.122244 0.110365 0.097934 0.085007 0.071640 0.057885 0.043788 0.029394 0.014742 -0.000131 -0.015193 -0.030414 -0.045768 -0.061230 -0.076781 -0.092400 -0.108072 -0.123781 -0.139514 
-0.127830 -0.111701 -0.095577 -0.079471 -0.063396 -0.047370 -0.031410 -0.015537 0.000226 0.015851 0.031310 0.046569 0.061590 0.076332 0.090749 0.104791 0.118402 0.131524 0.144092 0.156038 0.167291 0.177777 0.187423 0.196153 0.203895 0.210579 0.216144 0.220533 0.223702 0.225618 0.226259 0.225618 0.223702 0.220533 0.216144 0.210579 0.203895 0.196153 0.187423 0.177777 0.167291 0.156038 0.144092 0.131524 0.118402 0.104791 0.090749 0.076332 0.061590 0.046569 0.031310 0.015851 0.000226 -0.015537 -0.031410 -0.047370 -0.063396 -0.079471 -0.095577 -0.111701 -0.127830 
-0.116404 -0.099874 -0.083329 -0.066780 -0.050240 -0.033726 -0.017253 -0.000843 0.015481 0.031694 0.047766 0.063663 0.079347 0.094774 0.109898 0.124664 0.139014 0.152884 0.166204 0.178899 0.190890 0.202093 0.212424 0.221798 0.230128 0.237336 0.243348 0.248096 0.251529 0.253605 0.254300 0.253605 0.251529 0.248096 0.243348 0.237336 0.230128 0.221798 0.212424 0.202093 0.190890 0.178899 0.166204 0.152884 0.139014 0.124664 0.109898 0.094774 0.079347 0.063663 0.047766 0.031694 0.015481 -0.000843 -0.017253 -0.033726 -0.050240 -0.066780 -0.083329 -0.099874 -0.116404 
-0.105261 -0.088325 -0.071353 -0.054354 -0.037340 -0.020326 -0.003327 0.013636 0.030543 0.047367 0.064079 0.080646 0.097028 0.113183 0.129060 0.144603 0.159751 0.174433 0.188575 0.202093 0.214900 0.226901 0.237999 0.248096 0.257094 0.264897 0.271418 0.276579 0.280314 0.282576 0.283333 0.282576 0.280314 0.276579 0.271418 0.264897 0.257094 0.248096 0.237999 0.226901 0.214900 0.202093 0.188575 0.174433 0.159751 0.144603 0.129060 0.113183 0.097028 0.080646 0.064079 0.047367 0.030543 0.013636 -0.003327 -0.020326 -0.037340 -0.054354 -0.071353 -0.088325 -0.105261 
-0.094424 -0.077080 -0.059677 -0.042222 -0.024726 -0.007202 0.010335 0.027867 0.045375 0.062833 0.080212 0.097481 0.114599 0.131524 0.148204 0.164580 0.180588 0.196153 0.211193 0.225618 0.239329 0.252220 0.264180 0.275096 0.284852 0.293336 0.300443 0.306079 0.310165 0.312641 0.313470 0.312641 0.310165 0.306079 0.300443 0.293336 0.284852 0.275096 0.264180 0.252220 0.239329 0.225618 0.211193 0.196153 0.180588 0.164580 0.148204 0.131524 0.114599 0.097481 0.080212 0.062833 0.045375 0.027867 0.010335 -0.007202 -0.024726 -0.042222 -0.059677 -0.077080 -0.094424 
-0.083919 -0.066166 -0.048329 -0.030414 -0.012430 0.005611 0.023698 0.041813 0.059939 0.078052 0.096125 0.114127 0.132019 0.149757 0.167291 0.184559 0.201495 0.218018 0.234041 0.249465 0.264180 0.278068 0.291001 0.302847 0.313470 0.322738 0.330523 0.336711 0.341205 0.343932 0.344846 0.343932 0.341205 0.336711 0.330523 0.322738 0.313470 0.302847 0.291001 0.278068 0.264180 0.249465 0.234041 0.218018 0.201495 0.184559 0.167291 0.149757 0.132019 0.114127 0.096125 0.078052 0.059939 0.041813 0.023698 0.005611 -0.012430 -0.030414 -0.048329 -0.066166 -0.083919 
-0.073773 -0.055612 -0.037340 -0.018963 -0.000487 0.018078 0.036723 0.055433 0.074192 0.092980 0.111771 0.130536 0.149239 0.167835 0.186275 0.204497 0.222431 0.239995 0.257094 0.273620 0.289453 0.304459 0.318492 0.331399 0.343020 0.353196 0.361771 0.368606 0.373582 0.376605 0.377620 0.376605 0.373582 0.368606 0.361771 0.353196 0.343020 0.331399 0.318492 0.304459 0.289453 0.273620 0.257094 0.239995 0.222431 0.204497 0.186275 0.167835 0.149239 0.130536 0.111771 0.092980 0.074192 0.055433 0.036723 0.018078 -0.000487 -0.018963 -0.037340 -0.055612 -0.073773 
-0.064013 -0.045446 -0.026742 -0.007903 0.011066 0.030159 0.049368 0.068683 0.088088 0.107568 0.127100 0.146656 0.166204 0.185702 0.205101 0.224340 0.243348 0.262039 0.280314 0.298057 0.315136 0.331399 0.346683 0.360807 0.373582 0.384816 0.394320 0.401921 0.407469 0.410846 0.411980 0.410846 0.407469 0.401921 0.394320 0.384816 0.373582 0.360807 0.346683 0.331399 0.315136 0.298057 0.280314 0.262039 0.243348 0.224340 0.205101 0.185702 0.166204 0.146656 0.127100 0.107568 0.088088 0.068683 0.049368 0.030159 0.011066 -0.007903 -0.026742 -0.045446 -0.064013 
-0.054669 -0.035701 -0.016568 0.002730 0.022192 0.041813 0.061590 0.081514 0.101576 0.121761 0.142052 0.162426 0.182852 0.203293 0.223702 0.244022 0.264180 0.284092 0.303652 0.322738 0.341205 0.358887 0.375594 0.391119 0.405238 0.417716 0.428322 0.436838 0.443073 0.446877 0.448156 0.446877 0.443073 0.436838 0.428322 0.417716 0.405238 0.391119 0.375594 0.358887 0.341205 0.322738 0.303652 0.284092 0.264180 0.244022 0.223702 0.203293 0.182852 0.162426 0.142052 0.121761 0.101576 0.081514 0.061590 0.041813 0.022192 0.002730 -0.016568 -0.035701 -0.054669 
-0.045768 -0.026407 -0.006851 0.012900 0.032849 0.052996 0.073340 0.093876 0.114599 0.135500 0.156566 0.177777 0.199111 0.220533 0.242003 0.263465 0.284852 0.306079 0.327040 0.347605 0.367621 0.386903 0.405238 0.422384 0.438075 0.452026 0.463951 0.473572 0.480642 0.484968 0.486425 0.484968 0.480642 0.473572 0.463951 0.452026 0.438075 0.422384 0.405238 0.386903 0.367621 0.347605 0.327040 0.306079 0.284852 0.263465 0.242003 0.220533 0.199111 0.177777 0.156566 0.135500 0.114599 0.093876 0.073340 0.052996 0.032849 0.012900 -0.006851 -0.026407 -0.045768 
-0.037340 -0.017596 0.002372 0.022568 0.042997 0.063663 0.084569 0.105714 0.127100 0.148721 0.170570 0.192636 0.214900 0.237336 0.259911 0.282576 0.305268 0.327907 0.350388 0.372580 0.394320 0.415409 0.435607 0.454635 0.472178 0.487889 0.501407 0.512377 0.520478 0.525451 0.527129 0.525451 0.520478 0.512377 0.501407 0.487889 0.472178 0.454635 0.435607 0.415409 0.394320 0.372580 0.350388 0.327907 0.305268 0.282576 0.259911 0.237336 0.214900 0.192636 0.170570 0.148721 0.127100 0.105714 0.084569 0.063663 0.042997 0.022568 0.002372 -0.017596 -0.037340 
-0.029416 -0.009301 0.011066 0.031694 0.052592 0.073766 0.095224 0.116972 0.139014 0.161354 0.183989 0.206918 0.230128 0.253605 0.277323 0.301243 0.325312 0.349458 0.373582 0.397555 0.421210 0.444335 0.466668 0.487889 0.507624 0.525451 0.540915 0.553556 0.562946 0.568735 0.570692 0.568735 0.562946 0.553556 0.540915 0.525451 0.507624 0.487889 0.466668 0.444335 0.421210 0.397555 0.373582 0.349458 0.325312 0.301243 0.277323 0.253605 0.230128 0.206918 0.183989 0.161354 0.139014 0.116972 0.095224 0.073766 0.052592 0.031694 0.011066 -0.009301 -0.029416 
-0.022023 -0.001555 0.019196 0.040240 0.061590 0.083257 0.105252 0.127589 0.150277 0.173325 0.196743 0.220533 0.244698 0.269231 0.294119 0.319337 0.344846 0.370587 0.396473 0.422384 0.448156 0.473572 0.498348 0.522126 0.544470 0.564862 0.582729 0.597465 0.608494 0.615330 0.617648 0.615330 0.608494 0.597465 0.582729 0.564862 0.544470 0.522126 0.498348 0.473572 0.448156 0.422384 0.396473 0.370587 0.344846 0.319337 0.294119 0.269231 0.244698 0.220533 0.196743 0.173325 0.150277 0.127589 0.105252 0.083257 0.061590 0.040240 0.019196 -0.001555 -0.022023 
-0.015193 0.005611 0.026726 0.048166 0.069947 0.092086 0.114599 0.137504 0.160818 0.184559 0.208744 0.233386 0.258500 0.284092 0.310165 0.336711 0.363709 0.391119 0.418876 0.446877 0.474972 0.502948 0.530513 0.557274 0.582729 0.606253 0.627117 0.644522 0.657673 0.665882 0.668674 0.665882 0.657673 0.644522 0.627117 0.606253 0.582729 0.557274 0.530513 0.502948 0.474972 0.446877 0.418876 0.391119 0.363709 0.336711 0.310165 0.284092 0.258500 0.233386 0.208744 0.184559 0.160818 0.137504 0.114599 0.092086 0.069947 0.048166 0.026726 0.005611 -0.015193 
-0.008952 0.012166 0.033621 0.055433 0.077621 0.100206 0.123210 0.146656 0.170570 0.194977 0.219903 0.245375 0.271418 0.298057 0.325312 0.353196 0.381711 0.410846 0.440563 0.470791 0.501407 0.532220 0.562946 0.593174 0.622341 0.649706 0.674348 0.695202 0.711157 0.721208 0.724644 0.721208 0.711157 0.695202 0.674348 0.649706 0.622341 0.593174 0.562946 0.532220 0.501407 0.470791 0.440563 0.410846 0.381711 0.353196 0.325312 0.298057 0.271418 0.245375 0.219903 0.194977 0.170570 0.146656 0.123210 0.100206 0.077621 0.055433 0.033621 0.012166 -0.008952 
-0.003327 0.018078 0.039848 0.062004 0.084569 0.107568 0.131030 0.154983 0.179461 0.204497 0.230128 0.256393 0.283333 0.310988 0.339400 0.368606 0.398641 0.429524 0.461259 0.493819 0.527129 0.561043 0.595311 0.629536 0.663118 0.695202 0.724644 0.750024 0.769763 0.782352 0.786685 0.782352 0.769763 0.750024 0.724644 0.695202 0.663118 0.629536 0.595311 0.561043 0.527129 0.493819 0.461259 0.429524 0.398641 0.368606 0.339400 0.310988 0.283333 0.256393 0.230128 0.204497 0.179461 0.154983 0.131030 0.107568 0.084569 0.062004 0.039848 0.018078 -0.003327 
0.001655 0.023321 0.045375 0.067842 0.090749 0.114127 0.138007 0.162426 0.187423 0.213042 0.239329 0.266336 0.294119 0.322738 0.352257 0.382743 0.414262 0.446877 0.480642 0.515590 0.551715 0.588949 0.627117 0.665882 0.704661 0.742522 0.778089 0.809485 0.834442 0.850635 0.856262 0.850635 0.834442 0.809485 0.778089 0.742522 0.704661 0.665882 0.627117 0.588949 0.551715 0.515590 0.480642 0.446877 0.414262 0.382743 0.352257 0.322738 0.294119 0.266336 0.239329 0.213042 0.187423 0.162426 0.138007 0.114127 0.090749 0.067842 0.045375 0.023321 0.001655 
0.005973 0.027867 0.050172 0.072914 0.096125 0.119838 0.144092 0.168927 0.194390 0.220533 0.247414 0.275096 0.303652 0.333160 0.363709 0.395395 0.428322 0.462602 0.498348 0.535666 0.574646 0.615330 0.657673 0.701471 0.746247 0.791091 0.834442 0.873900 0.906205 0.927677 0.935240 0.927677 0.906205 0.873900 0.834442 0.791091 0.746247 0.701471 0.657673 0.615330 0.574646 0.535666 0.498348 0.462602 0.428322 0.395395 0.363709 0.333160 0.303652 0.275096 0.247414 0.220533 0.194390 0.168927 0.144092 0.119838 0.096125 0.072914 0.050172 0.027867 0.005973 
0.009605 0.031694 0.054213 0.077191 0.100662 0.124664 0.149239 0.174433 0.200301 0.226901 0.254300 0.282576 0.311813 0.342111 0.373582 0.406351 0.440563 0.476379 0.513979 0.553556 0.595311 0.639434 0.686066 0.735226 0.786685 0.839730 0.892805 0.943027 0.985820 1.015259 1.025843 1.015259 0.985820 0.943027 0.892805 0.839730 0.786685 0.735226 0.686066 0.639434 0.595311 0.553556 0.513979 0.476379 0.440563 0.406351 0.373582 0.342111 0.311813 0.282576 0.254300 0.226901 0.200301 0.174433 0.149239 0.124664 0.100662 0.077191 0.054213 0.031694 0.009605 
0.012533 0.034782 0.057475 0.080646 0.104330 0.128569 0.153408 0.178899 0.205101 0.232079 0.259911 0.288682 0.318492 0.349458 0.381711 0.415409 0.450731 0.487889 0.527129 0.568735 0.613033 0.660382 0.711157 0.765696 0.824175 0.886351 0.951050 1.015259 1.072949 1.114645 1.130108 1.114645 1.072949 1.015259 0.951050 0.886351 0.824175 0.765696 0.711157 0.660382 0.613033 0.568735 0.527129 0.487889 0.450731 0.415409 0.381711 0.349458 0.318492 0.288682 0.259911 0.232079 0.205101 0.178899 0.153408 0.128569 0.104330 0.080646 0.057475 0.034782 0.012533 
0.014742 0.037112 0.059939 0.083257 0.107104 0.131524 0.156566 0.182285 0.208744 0.236015 0.264180 0.293336 0.323594 0.355081 0.387951 0.422384 0.458592 0.496830 0.537405 0.580686 0.627117 0.677230 0.731652 0.791091 0.856262 0.927677 1.005079 1.086144 1.163956 1.224168 1.247562 1.224168 1.163956 1.086144 1.005079 0.927677 0.856262 0.791091 0.731652 0.677230 0.627117 0.580686 0.537405 0.496830 0.458592 0.422384 0.387951 0.355081 0.323594 0.293336 0.264180 0.236015 0.208744 0.182285 0.156566 0.131524 0.107104 0.083257 0.059939 0.037112 0.014742 
0.016222 0.038673 0.061590 0.085007 0.108964 0.133507 0.158686 0.184559 0.211193 0.238663 0.267057 0.296476 0.327040 0.358887 0.392183 0.427125 0.463951 0.502948 0.544470 0.588949 0.636926 0.689077 0.746247 0.809485 0.880052 0.959324 1.048361 1.146506 1.247562 1.332456 1.367563 1.332456 1.247562 1.146506 1.048361 0.959324 0.880052 0.809485 0.746247 0.689077 0.636926 0.588949 0.544470 0.502948 0.463951 0.427125 0.392183 0.358887 0.327040 0.296476 0.267057 0.238663 0.211193 0.184559 0.158686 0.133507 0.108964 0.085007 0.061590 0.038673 0.016222 
0.016963 0.039456 0.062418 0.085885 0.109898 0.134502 0.159751 0.185702 0.212424 0.239995 0.268505 0.298057 0.328776 0.360807 0.394320 0.429524 0.466668 0.506057 0.548069 0.593174 0.641966 0.695202 0.753856 0.819187 0.892805 0.976691 1.072949 1.182597 1.301220 1.407591 1.454076 1.407591 1.301220 1.182597 1.072949 0.976691 0.892805 0.819187 0.753856 0.695202 0.641966 0.593174 0.548069 0.506057 0.466668 0.429524 0.394320 0.360807 0.328776 0.298057 0.268505 0.239995 0.212424 0.185702 0.159751 0.134502 0.109898 0.085885 0.062418 0.039456 0.016963 
0.017056 0.039554 0.062521 0.085995 0.110014 0.134627 0.159884 0.185845 0.212579 0.240162 0.268686 0.298256 0.328994 0.361047 0.394588 0.429825 0.467009 0.506448 0.548522 0.593707 0.642603 0.695978 0.754823 0.820425 0.894443 0.978943 1.076187 1.187462 1.308710 1.418531 1.466956 1.418531 1.308710 1.187462 1.076187 0.978943 0.894443 0.820425 0.754823 0.695978 0.642603 0.593707 0.548522 0.506448 0.467009 0.429825 0.394588 0.361047 0.328994 0.298256 0.268686 0.240162 0.212579 0.185845 0.159884 0.134627 0.110014 0.085995 0.062521 0.039554 0.017056 
0.016959 0.039452 0.062413 0.085880 0.109893 0.134497 0.159745 0.185696 0.212418 0.239988 0.268497 0.298049 0.328767 0.360796 0.394309 0.429511 0.466653 0.506040 0.548049 0.593151 0.641939 0.695169 0.753814 0.819133 0.892734 0.976593 1.072810 1.182388 1.300899 1.407125 1.453529 1.407125 1.300899 1.182388 1.072810 0.976593 0.892734 0.819133 0.753814 0.695169 0.641939 0.593151 0.548049 0.506040 0.466653 0.429511 0.394309 0.360796 0.328767 0.298049 0.268497 0.239988 0.212418 0.185696 0.159745 0.134497 0.109893 0.085880 0.062413 0.039452 0.016959 
0.016210 0.038661 0.061576 0.084993 0.108949 0.133491 0.158669 0.184541 0.211173 0.238642 0.267034 0.296451 0.327012 0.358856 0.392148 0.427086 0.463907 0.502898 0.544412 0.588881 0.636845 0.688979 0.746126 0.809331 0.879851 0.959052 1.047981 1.145960 1.246773 1.331390 1.366357 1.331390 1.246773 1.145960 1.047981 0.959052 0.879851 0.809331 0.746126 0.688979 0.636845 0.588881 0.544412 0.502898 0.463907 0.427086 0.392148 0.358856 0.327012 0.296451 0.267034 0.238642 0.211173 0.184541 0.158669 0.133491 0.108949 0.084993 0.061576 0.038661 0.016210 
0.014722 0.037091 0.059917 0.083233 0.107079 0.131497 0.156537 0.182254 0.208711 0.235979 0.264142 0.293294 0.323547 0.355030 0.387895 0.422320 0.458520 0.496749 0.537311 0.580576 0.626987 0.677074 0.731461 0.790851 0.855956 0.927275 1.004542 1.085416 1.162987 1.222963 1.246251 1.222963 1.162987 1.085416 1.004542 0.927275 0.855956 0.790851 0.731461 0.677074 0.626987 0.580576 0.537311 0.496749 0.458520 0.422320 0.387895 0.355030 0.323547 0.293294 0.264142 0.235979 0.208711 0.182254 0.156537 0.131497 0.107079 0.083233 0.059917 0.037091 0.014722 
0.012505 0.034752 0.057444 0.080613 0.104295 0.128532 0.153368 0.178857 0.205055 0.232030 0.259858 0.288624 0.318429 0.349388 0.381634 0.415322 0.450633 0.487778 0.527002 0.568588 0.612860 0.660177 0.710910 0.765392 0.823795 0.885872 0.950437 1.014478 1.071981 1.113515 1.128912 1.113515 1.071981 1.014478 0.950437 0.885872 0.823795 0.765392 0.710910 0.660177 0.612860 0.568588 0.527002 0.487778 0.450633 0.415322 0.381634 0.349388 0.318429 0.288624 0.259858 0.232030 0.205055 0.178857 0.153368 0.128532 0.104295 0.080613 0.057444 0.034752 0.012505 
0.009569 0.031657 0.054174 0.077149 0.100618 0.124617 0.149188 0.174380 0.200243 0.226838 0.254233 0.282502 0.311733 0.342023 0.373485 0.406243 0.440442 0.476243 0.513823 0.553377 0.595104 0.639191 0.685776 0.734878 0.786262 0.839214 0.892173 0.942263 0.984922 1.014256 1.024799 1.014256 0.984922 0.942263 0.892173 0.839214 0.786262 0.734878 0.685776 0.639191 0.595104 0.553377 0.513823 0.476243 0.440442 0.406243 0.373485 0.342023 0.311733 0.282502 0.254233 0.226838 0.200243 0.174380 0.149188 0.124617 0.100618 0.077149 0.054174 0.031657 0.009569 
0.005930 0.027822 0.050124 0.072864 0.096072 0.119782 0.144031 0.168862 0.194321 0.220459 0.247333 0.275009 0.303557 0.333056 0.363594 0.395267 0.428180 0.462443 0.498168 0.535461 0.574411 0.615058 0.657355 0.701096 0.745804 0.790565 0.833824 0.873182 0.905393 0.926796 0.934334 0.926796 0.905393 0.873182 0.833824 0.790565 0.745804 0.701096 0.657355 0.615058 0.574411 0.535461 0.498168 0.462443 0.428180 0.395267 0.363594 0.333056 0.303557 0.275009 0.247333 0.220459 0.194321 0.168862 0.144031 0.119782 0.096072 0.072864 0.050124 0.027822 0.005930 
0.001605 0.023268 0.045319 0.067783 0.090687 0.114061 0.137937 0.162351 0.187343 0.212955 0.239235 0.266235 0.294009 0.322618 0.352126 0.382598 0.414102 0.446699 0.480442 0.515364 0.551459 0.588656 0.626780 0.665494 0.704212 0.742006 0.777498 0.808820 0.833711 0.849858 0.855468 0.849858 0.833711 0.808820 0.777498 0.742006 0.704212 0.665494 0.626780 0.588656 0.551459 0.515364 0.480442 0.446699 0.414102 0.382598 0.352126 0.322618 0.294009 0.266235 0.239235 0.212955 0.187343 0.162351 0.137937 0.114061 0.090687 0.067783 0.045319 0.023268 0.001605 
-0.003385 0.018018 0.039785 0.061937 0.084498 0.107493 0.130950 0.154899 0.179370 0.204400 0.230024 0.256281 0.283211 0.310855 0.339254 0.368447 0.398465 0.429330 0.461043 0.493577 0.526857 0.560737 0.594966 0.629145 0.662675 0.694703 0.724087 0.749411 0.769102 0.781660 0.785981 0.781660 0.769102 0.749411 0.724087 0.694703 0.662675 0.629145 0.594966 0.560737 0.526857 0.493577 0.461043 0.429330 0.398465 0.368447 0.339254 0.310855 0.283211 0.256281 0.230024 0.204400 0.179370 0.154899 0.130950 0.107493 0.084498 0.061937 0.039785 0.018018 -0.003385 
-0.009016 0.012099 0.033551 0.055359 0.077542 0.100123 0.123121 0.146562 0.170470 0.194869 0.219788 0.245251 0.271285 0.297913 0.325155 0.353024 0.381523 0.410639 0.440335 0.470538 0.501126 0.531908 0.562597 0.592785 0.621909 0.649228 0.673824 0.694636 0.710557 0.720585 0.724013 0.720585 0.710557 0.694636 0.673824 0.649228 0.621909 0.592785 0.562597 0.531908 0.501126 0.470538 0.440335 0.410639 0.381523 0.353024 0.325155 0.297913 0.271285 0.245251 0.219788 0.194869 0.170470 0.146562 0.123121 0.100123 0.077542 0.055359 0.033551 0.012099 -0.009016 
-0.015263 0.005538 0.026648 0.048084 0.069861 0.091995 0.114503 0.137402 0.160709 0.184443 0.208619 0.233253 0.258356 0.283937 0.309997 0.336528 0.363510 0.390903 0.418639 0.446616 0.474685 0.502633 0.530165 0.556892 0.582310 0.605797 0.626625 0.643998 0.657123 0.665315 0.668102 0.665315 0.657123 0.643998 0.626625 0.605797 0.582310 0.556892 0.530165 0.502633 0.474685 0.446616 0.418639 0.390903 0.363510 0.336528 0.309997 0.283937 0.258356 0.233253 0.208619 0.184443 0.160709 0.137402 0.114503 0.091995 0.069861 0.048084 0.026648 0.005538 -0.015263 
-0.022100 -0.001635 0.019112 0.040152 0.061496 0.083158 0.105148 0.127478 0.150159 0.173200 0.196609 0.220391 0.244545 0.269067 0.293942 0.319146 0.344640 0.370363 0.396229 0.422118 0.447867 0.473256 0.498004 0.521753 0.544066 0.564429 0.582266 0.596978 0.607987 0.614810 0.617123 0.614810 0.607987 0.596978 0.582266 0.564429 0.544066 0.521753 0.498004 0.473256 0.447867 0.422118 0.396229 0.370363 0.344640 0.319146 0.293942 0.269067 0.244545 0.220391 0.196609 0.173200 0.150159 0.127478 0.105148 0.083158 0.061496 0.040152 0.019112 -0.001635 -0.022100 
-0.029498 -0.009387 0.010976 0.031599 0.052492 0.073661 0.095113 0.116854 0.138890 0.161221 0.183849 0.206767 0.229968 0.253434 0.277139 0.301045 0.325099 0.349228 0.373334 0.397287 0.420920 0.444023 0.466330 0.487526 0.507236 0.525038 0.540479 0.553100 0.562474 0.568253 0.570207 0.568253 0.562474 0.553100 0.540479 0.525038 0.507236 0.487526 0.466330 0.444023 0.420920 0.397287 0.373334 0.349228 0.325099 0.301045 0.277139 0.253434 0.229968 0.206767 0.183849 0.161221 0.138890 0.116854 0.095113 0.073661 0.052492 0.031599 0.010976 -0.009387 -0.029498 
-0.037428 -0.017688 0.002275 0.022467 0.042891 0.063551 0.084451 0.105590 0.126968 0.148582 0.170423 0.192479 0.214733 0.237159 0.259721 0.282372 0.305050 0.327674 0.350138 0.372312 0.394032 0.415100 0.435276 0.454283 0.471804 0.487495 0.500994 0.511948 0.520037 0.525002 0.526677 0.525002 0.520037 0.511948 0.500994 0.487495 0.471804 0.454283 0.435276 0.415100 0.394032 0.372312 0.350138 0.327674 0.305050 0.282372 0.259721 0.237159 0.214733 0.192479 0.170423 0.148582 0.126968 0.105590 0.084451 0.063551 0.042891 0.022467 0.002275 -0.017688 -0.037428 
-0.045861 -0.026504 -0.006953 0.012793 0.032738 0.052879 0.073216 0.093746 0.114462 0.135355 0.156412 0.177615 0.198938 0.220350 0.241808 0.263258 0.284631 0.305843 0.326788 0.347337 0.367335 0.386599 0.404915 0.422043 0.437715 0.451650 0.463559 0.473166 0.480227 0.484547 0.486001 0.484547 0.480227 0.473166 0.463559 0.451650 0.437715 0.422043 0.404915 0.386599 0.367335 0.347337 0.326788 0.305843 0.284631 0.263258 0.241808 0.220350 0.198938 0.177615 0.156412 0.135355 0.114462 0.093746 0.073216 0.052879 0.032738 0.012793 -0.006953 -0.026504 -0.045861 
-0.054767 -0.035803 -0.016675 0.002619 0.022075 0.041691 0.061461 0.081379 0.101433 0.121611 0.141894 0.162259 0.182675 0.203106 0.223504 0.243812 0.263957 0.283855 0.303401 0.322471 0.340923 0.358588 0.375280 0.390789 0.404891 0.417355 0.427948 0.436454 0.442680 0.446479 0.447757 0.446479 0.442680 0.436454 0.427948 0.417355 0.404891 0.390789 0.375280 0.358588 0.340923 0.322471 0.303401 0.283855 0.263957 0.243812 0.223504 0.203106 0.182675 0.162259 0.141894 0.121611 0.101433 0.081379 0.061461 0.041691 0.022075 0.002619 -0.016675 -0.035803 -0.054767 
-0.064116 -0.045553 -0.026854 -0.008020 0.010944 0.030032 0.049235 0.068542 0.087941 0.107413 0.126937 0.146485 0.166023 0.185512 0.204900 0.224127 0.243123 0.261802 0.280064 0.297793 0.314858 0.331107 0.346376 0.360486 0.373248 0.384469 0.393963 0.401555 0.407096 0.410469 0.411602 0.410469 0.407096 0.401555 0.393963 0.384469 0.373248 0.360486 0.346376 0.331107 0.314858 0.297793 0.280064 0.261802 0.243123 0.224127 0.204900 0.185512 0.166023 0.146485 0.126937 0.107413 0.087941 0.068542 0.049235 0.030032 0.010944 -0.008020 -0.026854 -0.045553 -0.064116 
-0.073880 -0.055723 -0.037456 -0.019084 -0.000614 0.017946 0.036585 0.055289 0.074041 0.092821 0.111605 0.130361 0.149055 0.167642 0.186072 0.204283 0.222206 0.239759 0.256845 0.273359 0.289179 0.304172 0.318193 0.331088 0.342698 0.352862 0.361429 0.368256 0.373226 0.376246 0.377260 0.376246 0.373226 0.368256 0.361429 0.352862 0.342698 0.331088 0.318193 0.304172 0.289179 0.273359 0.256845 0.239759 0.222206 0.204283 0.186072 0.167642 0.149055 0.130361 0.111605 0.092821 0.074041 0.055289 0.036585 0.017946 -0.000614 -0.019084 -0.037456 -0.055723 -0.073880 
-0.084030 -0.066282 -0.048449 -0.030539 -0.012561 0.005475 0.023556 0.041665 0.059784 0.077890 0.095955 0.113949 0.131832 0.149562 0.167086 0.184345 0.201270 0.217783 0.233795 0.249207 0.263911 0.277787 0.290709 0.302544 0.313158 0.322416 0.330194 0.336375 0.340865 0.343589 0.344502 0.343589 0.340865 0.336375 0.330194 0.322416 0.313158 0.302544 0.290709 0.277787 0.263911 0.249207 0.233795 0.217783 0.201270 0.184345 0.167086 0.149562 0.131832 0.113949 0.095955 0.077890 0.059784 0.041665 0.023556 0.005475 -0.012561 -0.030539 -0.048449 -0.066282 -0.084030 
-0.094539 -0.077199 -0.059800 -0.042350 -0.024860 -0.007342 0.010190 0.027716 0.045217 0.062668 0.080040 0.097301 0.114411 0.131327 0.147998 0.164365 0.180364 0.195919 0.210949 0.225363 0.239064 0.251945 0.263896 0.274802 0.284550 0.293026 0.300126 0.305756 0.309838 0.312311 0.313140 0.312311 0.309838 0.305756 0.300126 0.293026 0.284550 0.274802 0.263896 0.251945 0.239064 0.225363 0.210949 0.195919 0.180364 0.164365 0.147998 0.131327 0.114411 0.097301 0.080040 0.062668 0.045217 0.027716 0.010190 -0.007342 -0.024860 -0.042350 -0.059800 -0.077199 -0.094539 
-0.105379 -0.088448 -0.071480 -0.054486 -0.037477 -0.020468 -0.003476 0.013482 0.030382 0.047199 0.063905 0.080464 0.096839 0.112985 0.128854 0.144389 0.159527 0.174201 0.188333 0.201842 0.214639 0.226631 0.237721 0.247810 0.256800 0.264597 0.271112 0.276268 0.279999 0.282259 0.283015 0.282259 0.279999 0.276268 0.271112 0.264597 0.256800 0.247810 0.237721 0.226631 0.214639 0.201842 0.188333 0.174201 0.159527 0.144389 0.128854 0.112985 0.096839 0.080464 0.063905 0.047199 0.030382 0.013482 -0.003476 -0.020468 -0.037477 -0.054486 -0.071480 -0.088448 -0.105379 
-0.116526 -0.100000 -0.083459 -0.066915 -0.050380 -0.033871 -0.017404 -0.001000 0.015318 0.031525 0.047590 0.063480 0.079156 0.094576 0.109692 0.124450 0.138792 0.152654 0.165965 0.178652 0.190634 0.201829 0.212153 0.221519 0.229843 0.237045 0.243051 0.247795 0.251225 0.253300 0.253994 0.253300 0.251225 0.247795 0.243051 0.237045 0.229843 0.221519 0.212153 0.201829 0.190634 0.178652 0.165965 0.152654 0.138792 0.124450 0.109692 0.094576 0.079156 0.063480 0.047590 0.031525 0.015318 -0.001000 -0.017404 -0.033871 -0.050380 -0.066915 -0.083459 -0.100000 -0.116526 
-0.127954 -0.111829 -0.095710 -0.079608 -0.063539 -0.047518 -0.031563 -0.015696 0.000061 0.015680 0.031133 0.046385 0.061399 0.076134 0.090543 0.104578 0.118182 0.131295 0.143855 0.155794 0.167039 0.177519 0.187157 0.195881 0.203617 0.210296 0.215856 0.220242 0.223408 0.225322 0.225962 0.225322 0.223408 0.220242 0.215856 0.210296 0.203617 0.195881 0.187157 0.177519 0.167039 0.155794 0.143855 0.131295 0.118182 0.104578 0.090543 0.076134 0.061399 0.046385 0.031133 0.015680 0.000061 -0.015696 -0.031563 -0.047518 -0.063539 -0.079608 -0.095710 -0.111829 -0.127954 
-0.139641 -0.123912 -0.108207 -0.092540 -0.076926 -0.061380 -0.045923 -0.030575 -0.015359 -0.000303 0.014564 0.029209 0.043597 0.057686 0.071435 0.084795 0.097714 0.110139 0.122010 0.133267 0.143844 0.153679 0.162703 0.170854 0.178067 0.184284 0.189451 0.193521 0.196457 0.198231 0.198824 0.198231 0.196457 0.193521 0.189451 0.184284 0.178067 0.170854 0.162703 0.153679 0.143844 0.133267 0.122010 0.110139 0.097714 0.084795 0.071435 0.057686 0.043597 0.029209 0.014564 -0.000303 -0.015359 -0.030575 -0.045923 -0.061380 -0.076926 -0.092540 -0.108207 -0.123912 -0.139641 
-0.151564 -0.136225 -0.120927 -0.105685 -0.090514 -0.075431 -0.060456 -0.045609 -0.030914 -0.016398 -0.002089 0.011980 0.025775 0.039258 0.052387 0.065119 0.077404 0.089193 0.100432 0.111065 0.121037 0.130287 0.138760 0.146396 0.153143 0.158949 0.163768 0.167560 0.170293 0.171942 0.172494 0.171942 0.170293 0.167560 0.163768 0.158949 0.153143 0.146396 0.138760 0.130287 0.121037 0.111065 0.100432 0.089193 0.077404 0.065119 0.052387 0.039258 0.025775 0.011980 -0.002089 -0.016398 -0.030914 -0.045609 -0.060456 -0.075431 -0.090514 -0.105685 -0.120927 -0.136225 -0.151564 
-0.163704 -0.148747 -0.133847 -0.119020 -0.104281 -0.089647 -0.075137 -0.060773 -0.046578 -0.032578 -0.018801 -0.005279 0.007957 0.020869 0.033418 0.045563 0.057259 0.068461 0.079119 0.089183 0.098602 0.107323 0.115297 0.122472 0.128801 0.134240 0.138749 0.142293 0.144846 0.146385 0.146900 0.146385 0.144846 0.142293 0.138749 0.134240 0.128801 0.122472 0.115297 0.107323 0.098602 0.089183 0.079119 0.068461 0.057259 0.045563 0.033418 0.020869 0.007957 -0.005279 -0.018801 -0.032578 -0.046578 -0.060773 -0.075137 -0.089647 -0.104281 -0.119020 -0.133847 -0.148747 -0.163704 
-0.176039 -0.161457 -0.146947 -0.132524 -0.118204 -0.104004 -0.089944 -0.076045 -0.062329 -0.048823 -0.035552 -0.022548 -0.009841 0.002534 0.014540 0.026138 0.037288 0.047947 0.058070 0.067612 0.076526 0.084766 0.092288 0.099046 0.104999 0.110109 0.114340 0.117663 0.120055 0.121497 0.121979 0.121497 0.120055 0.117663 0.114340 0.110109 0.104999 0.099046 0.092288 0.084766 0.076526 0.067612 0.058070 0.047947 0.037288 0.026138 0.014540 0.002534 -0.009841 -0.022548 -0.035552 -0.048823 -0.062329 -0.076045 -0.089944 -0.104004 -0.118204 -0.132524 -0.146947 -0.161457 -0.176039 
-0.188553 -0.174337 -0.160206 -0.146177 -0.132263 -0.118484 -0.104858 -0.091405 -0.078148 -0.065113 -0.052324 -0.039810 -0.027602 -0.015733 -0.004236 0.006853 0.017494 0.027650 0.037280 0.046342 0.054794 0.062596 0.069707 0.076088 0.081701 0.086514 0.090496 0.093621 0.095868 0.097223 0.097675 0.097223 0.095868 0.093621 0.090496 0.086514 0.081701 0.076088 0.069707 0.062596 0.054794 0.046342 0.037280 0.027650 0.017494 0.006853 -0.004236 -0.015733 -0.027602 -0.039810 -0.052324 -0.065113 -0.078148 -0.091405 -0.104858 -0.118484 -0.132263 -0.146177 -0.160206 -0.174337 -0.188553 
-0.201228 -0.187369 -0.173608 -0.159960 -0.146441 -0.133067 -0.119859 -0.106835 -0.094017 -0.081431 -0.069100 -0.057052 -0.045315 -0.033921 -0.022901 -0.012289 -0.002120 0.007570 0.016744 0.025364 0.033393 0.040794 0.047530 0.053567 0.058873 0.063417 0.067174 0.070120 0.072238 0.073514 0.073940 0.073514 0.072238 0.070120 0.067174 0.063417 0.058873 0.053567 0.047530 0.040794 0.033393 0.025364 0.016744 0.007570 -0.002120 -0.012289 -0.022901 -0.033921 -0.045315 -0.057052 -0.069100 -0.081431 -0.094017 -0.106835 -0.119859 -0.133067 -0.146441 -0.159960 -0.173608 -0.187369 -0.201228 
-0.214048 -0.200537 -0.187136 -0.173858 -0.160720 -0.147738 -0.134931 -0.122318 -0.109921 -0.097763 -0.085867 -0.074259 -0.062968 -0.052021 -0.041448 -0.031282 -0.021553 -0.012296 -0.003544 0.004668 0.012308 0.019341 0.025735 0.031459 0.036485 0.040785 0.044338 0.047122 0.049123 0.050328 0.050730 0.050328 0.049123 0.047122 0.044338 0.040785 0.036485 0.031459 0.025735 0.019341 0.012308 0.004668 -0.003544 -0.012296 -0.021553 -0.031282 -0.041448 -0.052021 -0.062968 -0.074259 -0.085867 -0.097763 -0.109921 -0.122318 -0.134931 -0.147738 -0.160720 -0.173858 -0.187136 -0.200537 -0.214048 
-0.226998 -0.213826 -0.200774 -0.187855 -0.175085 -0.162481 -0.150060 -0.137841 -0.125846 -0.114095 -0.102613 -0.091424 -0.080552 -0.070026 -0.059874 -0.050124 -0.040806 -0.031952 -0.023591 -0.015755 -0.008475 -0.001780 0.004300 0.009738 0.014508 0.018587 0.021954 0.024591 0.026485 0.027626 0.028007 0.027626 0.026485 0.024591 0.021954 0.018587 0.014508 0.009738 0.004300 -0.001780 -0.008475 -0.015755 -0.023591 -0.031952 -0.040806 -0.050124 -0.059874 -0.070026 -0.080552 -0.091424 -0.102613 -0.114095 -0.125846 -0.137841 -0.150060 -0.162481 -0.175085 -0.187855 -0.200774 -0.213826 -0.226998 
