73 73
1.131596e+01 0 5
0.346232 0.357250 0.368197 0.379067 0.389849 0.400535 0.411114 0.421575 0.431907 0.442097 0.452134 0.462002 0.471689 0.481179 0.490456 0.499504 0.508307 0.516847 0.525106 0.533065 0.540706 0.548009 0.554957 0.561529 0.567707 0.573471 0.578805 0.583690 0.588110 0.592050 0.595495 0.598433 0.600852 0.602744 0.604101 0.604917 0.605189 0.604917 0.604101 0.602744 0.600852 0.598433 0.595495 0.592050 0.588110 0.583690 0.578805 0.573471 0.567707 0.561529 0.554957 0.548009 0.540706 0.533065 0.525106 0.516847 0.508307 0.499504 0.490456 0.481179 0.471689 0.462002 0.452134 0.442097 0.431907 0.421575 0.411114 0.400535 0.389849 0.379067 0.368197 0.357250 0.346232 
0.356779 0.368037 0.379231 0.390353 0.401393 0.412343 0.423191 0.433927 0.444539 0.455014 0.465340 0.475501 0.485484 0.495273 0.504851 0.514202 0.523307 0.532148 0.540706 0.548961 0.556894 0.564483 0.571708 0.578549 0.584985 0.590996 0.596561 0.601662 0.606281 0.610400 0.614004 0.617078 0.619612 0.621593 0.623014 0.623869 0.624155 0.623869 0.623014 0.621593 0.619612 0.617078 0.614004 0.610400 0.606281 0.601662 0.596561 0.590996 0.584985 0.578549 0.571708 0.564483 0.556894 0.548961 0.540706 0.532148 0.523307 0.514202 0.504851 0.495273 0.485484 0.475501 0.465340 0.455014 0.444539 0.433927 0.423191 0.412343 0.401393 0.390353 0.379231 0.368037 0.356779 
0.367236 0.378739 0.390185 0.401565 0.412871 0.424092 0.435217 0.446237 0.457138 0.467908 0.478534 0.489000 0.499292 0.509393 0.519286 0.528953 0.538376 0.547535 0.556409 0.564977 0.573219 0.581112 0.588633 0.595761 0.602473 0.608747 0.614561 0.619894 0.624726 0.629039 0.632814 0.636037 0.638693 0.640772 0.642263 0.643160 0.643460 0.643160 0.642263 0.640772 0.638693 0.636037 0.632814 0.629039 0.624726 0.619894 0.614561 0.608747 0.602473 0.595761 0.588633 0.581112 0.573219 0.564977 0.556409 0.547535 0.538376 0.528953 0.519286 0.509393 0.499292 0.489000 0.478534 0.467908 0.457138 0.446237 0.435217 0.424092 0.412871 0.401565 0.390185 0.378739 0.367236 
0.377593 0.389346 0.401050 0.412695 0.424272 0.435771 0.447183 0.458495 0.469695 0.480771 0.491707 0.502491 0.513104 0.523531 0.533754 0.543753 0.553510 0.563003 0.572211 0.581112 0.589682 0.597897 0.605734 0.613169 0.620177 0.626733 0.632814 0.638397 0.643460 0.647981 0.651942 0.655326 0.658115 0.660299 0.661867 0.662810 0.663125 0.662810 0.661867 0.660299 0.658115 0.655326 0.651942 0.647981 0.643460 0.638397 0.632814 0.626733 0.620177 0.613169 0.605734 0.597897 0.589682 0.581112 0.572211 0.563003 0.553510 0.543753 0.533754 0.523531 0.513104 0.502491 0.491707 0.480771 0.469695 0.458495 0.447183 0.435771 0.424272 0.412695 0.401050 0.389346 0.377593 
0.387841 0.399849 0.411816 0.423731 0.435587 0.447372 0.459078 0.470691 0.482200 0.493592 0.504851 0.515963 0.526912 0.537679 0.548247 0.558595 0.568703 0.578549 0.588110 0.597362 0.606281 0.614840 0.623014 0.630777 0.638101 0.644961 0.651330 0.657183 0.662495 0.667243 0.671406 0.674963 0.677898 0.680197 0.681847 0.682840 0.683172 0.682840 0.681847 0.680197 0.677898 0.674963 0.671406 0.667243 0.662495 0.657183 0.651330 0.644961 0.638101 0.630777 0.623014 0.614840 0.606281 0.597362 0.588110 0.578549 0.568703 0.558595 0.548247 0.537679 0.526912 0.515963 0.504851 0.493592 0.482200 0.470691 0.459078 0.447372 0.435587 0.423731 0.411816 0.399849 0.387841 
0.397969 0.410238 0.422472 0.434664 0.446804 0.458883 0.470890 0.482814 0.494642 0.506360 0.517954 0.529408 0.540706 0.551829 0.562757 0.573471 0.583949 0.594167 0.604101 0.613725 0.623014 0.631940 0.640474 0.648588 0.656253 0.663440 0.670120 0.676265 0.681847 0.686841 0.691222 0.694969 0.698063 0.700487 0.702228 0.703276 0.703626 0.703276 0.702228 0.700487 0.698063 0.694969 0.691222 0.686841 0.681847 0.676265 0.670120 0.663440 0.656253 0.648588 0.640474 0.631940 0.623014 0.613725 0.604101 0.594167 0.583949 0.573471 0.562757 0.551829 0.540706 0.529408 0.517954 0.506360 0.494642 0.482814 0.470890 0.458883 0.446804 0.434664 0.422472 0.410238 0.397969 
0.407968 0.420500 0.433008 0.445482 0.457913 0.470292 0.482609 0.494852 0.507008 0.519064 0.531004 0.542813 0.554474 0.565968 0.577274 0.588372 0.599238 0.609848 0.620177 0.630197 0.639880 0.649196 0.658115 0.666607 0.674638 0.682178 0.689194 0.695655 0.701530 0.706792 0.711412 0.715367 0.718634 0.721194 0.723035 0.724143 0.724513 0.724143 0.723035 0.721194 0.718634 0.715367 0.711412 0.706792 0.701530 0.695655 0.689194 0.682178 0.674638 0.666607 0.658115 0.649196 0.639880 0.630197 0.620177 0.609848 0.599238 0.588372 0.577274 0.565968 0.554474 0.542813 0.531004 0.519064 0.507008 0.494852 0.482609 0.470292 0.457913 0.445482 0.433008 0.420500 0.407968 
0.417825 0.430626 0.443410 0.456172 0.468900 0.481587 0.494221 0.506792 0.519286 0.531690 0.543989 0.556166 0.568205 0.580085 0.591786 0.603286 0.614561 0.625585 0.636331 0.646771 0.656873 0.666607 0.675939 0.684835 0.693261 0.701182 0.708562 0.715367 0.721562 0.727115 0.731997 0.736179 0.739636 0.742348 0.744297 0.745472 0.745864 0.745472 0.744297 0.742348 0.739636 0.736179 0.731997 0.727115 0.721562 0.715367 0.708562 0.701182 0.693261 0.684835 0.675939 0.666607 0.656873 0.646771 0.636331 0.625585 0.614561 0.603286 0.591786 0.580085 0.568205 0.556166 0.543989 0.531690 0.519286 0.506792 0.494221 0.481587 0.468900 0.456172 0.443410 0.430626 0.417825 
0.427529 0.440601 0.453668 0.466721 0.479753 0.492753 0.505713 0.518619 0.531461 0.544224 0.556894 0.569453 0.581884 0.594167 0.606281 0.618202 0.629907 0.641367 0.652555 0.663440 0.673990 0.684169 0.693944 0.703276 0.712128 0.720461 0.728236 0.735415 0.741959 0.747833 0.753001 0.757433 0.761099 0.763977 0.766048 0.767295 0.767712 0.767295 0.766048 0.763977 0.761099 0.757433 0.753001 0.747833 0.741959 0.735415 0.728236 0.720461 0.712128 0.703276 0.693944 0.684169 0.673990 0.663440 0.652555 0.641367 0.629907 0.618202 0.606281 0.594167 0.581884 0.569453 0.556894 0.544224 0.531461 0.518619 0.505713 0.492753 0.479753 0.466721 0.453668 0.440601 0.427529 
0.437067 0.450414 0.463766 0.477116 0.490456 0.503777 0.517068 0.530319 0.543518 0.556651 0.569703 0.582657 0.595495 0.608198 0.620743 0.633106 0.645262 0.657183 0.668839 0.680197 0.691222 0.701879 0.712128 0.721929 0.731242 0.740022 0.748228 0.755815 0.762741 0.768966 0.774450 0.779157 0.783055 0.786118 0.788321 0.789650 0.790094 0.789650 0.788321 0.786118 0.783055 0.779157 0.774450 0.768966 0.762741 0.755815 0.748228 0.740022 0.731242 0.721929 0.712128 0.701879 0.691222 0.680197 0.668839 0.657183 0.645262 0.633106 0.620743 0.608198 0.595495 0.582657 0.569703 0.556651 0.543518 0.530319 0.517068 0.503777 0.490456 0.477116 0.463766 0.450414 0.437067 
0.446426 0.460050 0.473691 0.487342 0.500995 0.514641 0.528272 0.541875 0.555440 0.568953 0.582399 0.595761 0.609022 0.622161 0.635155 0.647981 0.660612 0.673019 0.685169 0.697029 0.708562 0.719729 0.730488 0.740796 0.750606 0.759873 0.768547 0.776582 0.783928 0.790539 0.796371 0.801384 0.805539 0.808806 0.811159 0.812578 0.813053 0.812578 0.811159 0.808806 0.805539 0.801384 0.796371 0.790539 0.783928 0.776582 0.768547 0.759873 0.750606 0.740796 0.730488 0.719729 0.708562 0.697029 0.685169 0.673019 0.660612 0.647981 0.635155 0.622161 0.609022 0.595761 0.582399 0.568953 0.555440 0.541875 0.528272 0.514641 0.500995 0.487342 0.473691 0.460050 0.446426 
0.455593 0.469496 0.483429 0.497384 0.511354 0.525331 0.539306 0.553270 0.567209 0.581112 0.594963 0.608747 0.622445 0.636037 0.649500 0.662810 0.675939 0.688857 0.701530 0.713924 0.725998 0.737711 0.749019 0.759873 0.770224 0.780020 0.789207 0.797731 0.805539 0.812578 0.818797 0.824149 0.828591 0.832086 0.834605 0.836126 0.836634 0.836126 0.834605 0.832086 0.828591 0.824149 0.818797 0.812578 0.805539 0.797731 0.789207 0.780020 0.770224 0.759873 0.749019 0.737711 0.725998 0.713924 0.701530 0.688857 0.675939 0.662810 0.649500 0.636037 0.622445 0.608747 0.594963 0.581112 0.567209 0.553270 0.539306 0.525331 0.511354 0.497384 0.483429 0.469496 0.455593 
0.464552 0.478737 0.492963 0.507224 0.521515 0.535828 0.550154 0.564483 0.578805 0.593107 0.607375 0.621593 0.635743 0.649805 0.663756 0.677571 0.691222 0.704678 0.717905 0.730865 0.743516 0.755815 0.767712 0.779157 0.790094 0.800467 0.810216 0.819280 0.827599 0.835111 0.841760 0.847490 0.852253 0.856005 0.858711 0.860345 0.860892 0.860345 0.858711 0.856005 0.852253 0.847490 0.841760 0.835111 0.827599 0.819280 0.810216 0.800467 0.790094 0.779157 0.767712 0.755815 0.743516 0.730865 0.717905 0.704678 0.691222 0.677571 0.663756 0.649805 0.635743 0.621593 0.607375 0.593107 0.578805 0.564483 0.550154 0.535828 0.521515 0.507224 0.492963 0.478737 0.464552 
0.473290 0.487756 0.502277 0.516847 0.531461 0.546113 0.560794 0.575495 0.590207 0.604917 0.619612 0.634276 0.648892 0.663440 0.677898 0.692240 0.706439 0.720461 0.734272 0.747833 0.761099 0.774025 0.786557 0.798641 0.810216 0.821219 0.831585 0.841244 0.850128 0.858168 0.865297 0.871452 0.876576 0.880617 0.883534 0.885297 0.885887 0.885297 0.883534 0.880617 0.876576 0.871452 0.865297 0.858168 0.850128 0.841244 0.831585 0.821219 0.810216 0.798641 0.786557 0.774025 0.761099 0.747833 0.734272 0.720461 0.706439 0.692240 0.677898 0.663440 0.648892 0.634276 0.619612 0.604917 0.590207 0.575495 0.560794 0.546113 0.531461 0.516847 0.502277 0.487756 0.473290 
0.481791 0.496538 0.511354 0.526234 0.541173 0.556166 0.571206 0.586284 0.601392 0.616518 0.631649 0.646771 0.661867 0.676917 0.691901 0.706792 0.721562 0.736179 0.750606 0.764804 0.778726 0.792323 0.805539 0.818315 0.830584 0.842277 0.853321 0.863638 0.873151 0.881781 0.889449 0.896083 0.901614 0.905983 0.909140 0.911050 0.911689 0.911050 0.909140 0.905983 0.901614 0.896083 0.889449 0.881781 0.873151 0.863638 0.853321 0.842277 0.830584 0.818315 0.805539 0.792323 0.778726 0.764804 0.750606 0.736179 0.721562 0.706792 0.691901 0.676917 0.661867 0.646771 0.631649 0.616518 0.601392 0.586284 0.571206 0.556166 0.541173 0.526234 0.511354 0.496538 0.481791 
0.490039 0.505066 0.520176 0.535366 0.550631 0.565968 0.581369 0.596828 0.612336 0.627884 0.643460 0.659050 0.674638 0.690207 0.705733 0.721194 0.736561 0.751802 0.766879 0.781751 0.796371 0.810687 0.824639 0.838164 0.851189 0.863638 0.875430 0.886478 0.896692 0.905983 0.914259 0.921434 0.927429 0.932172 0.935605 0.937682 0.938378 0.937682 0.935605 0.932172 0.927429 0.921434 0.914259 0.905983 0.896692 0.886478 0.875430 0.863638 0.851189 0.838164 0.824639 0.810687 0.796371 0.781751 0.766879 0.751802 0.736561 0.721194 0.705733 0.690207 0.674638 0.659050 0.643460 0.627884 0.612336 0.596828 0.581369 0.565968 0.550631 0.535366 0.520176 0.505066 0.490039 
0.498019 0.513323 0.528726 0.544224 0.559815 0.575495 0.591259 0.607101 0.623014 0.638989 0.655017 0.671084 0.687176 0.703276 0.719363 0.735415 0.751403 0.767295 0.783055 0.798641 0.814003 0.829088 0.843832 0.858168 0.872018 0.885297 0.897916 0.909776 0.920775 0.930810 0.939774 0.947567 0.954092 0.959264 0.963013 0.965285 0.966046 0.965285 0.963013 0.959264 0.954092 0.947567 0.939774 0.930810 0.920775 0.909776 0.897916 0.885297 0.872018 0.858168 0.843832 0.829088 0.814003 0.798641 0.783055 0.767295 0.751403 0.735415 0.719363 0.703276 0.687176 0.671084 0.655017 0.638989 0.623014 0.607101 0.591259 0.575495 0.559815 0.544224 0.528726 0.513323 0.498019 
0.505713 0.521292 0.536984 0.552789 0.568703 0.584726 0.600852 0.617078 0.633398 0.649805 0.666289 0.682840 0.699446 0.716090 0.732754 0.749415 0.766048 0.782620 0.799097 0.815434 0.831585 0.847490 0.863087 0.878301 0.893050 0.907242 0.920775 0.933541 0.945422 0.956298 0.966046 0.974545 0.981681 0.987351 0.991467 0.993964 0.994801 0.993964 0.991467 0.987351 0.981681 0.974545 0.966046 0.956298 0.945422 0.933541 0.920775 0.907242 0.893050 0.878301 0.863087 0.847490 0.831585 0.815434 0.799097 0.782620 0.766048 0.749415 0.732754 0.716090 0.699446 0.682840 0.666289 0.649805 0.633398 0.617078 0.600852 0.584726 0.568703 0.552789 0.536984 0.521292 0.505713 
0.513104 0.528953 0.544931 0.561039 0.577274 0.593636 0.610124 0.626733 0.643460 0.660299 0.677244 0.694285 0.711412 0.728611 0.745864 0.763153 0.780452 0.797731 0.814957 0.832086 0.849070 0.865852 0.882364 0.898529 0.914259 0.929453 0.944000 0.957778 0.970652 0.982485 0.993130 1.002443 1.010287 1.016536 1.021082 1.023844 1.024771 1.023844 1.021082 1.016536 1.010287 1.002443 0.993130 0.982485 0.970652 0.957778 0.944000 0.929453 0.914259 0.898529 0.882364 0.865852 0.849070 0.832086 0.814957 0.797731 0.780452 0.763153 0.745864 0.728611 0.711412 0.694285 0.677244 0.660299 0.643460 0.626733 0.610124 0.593636 0.577274 0.561039 0.544931 0.528953 0.513104 
0.520176 0.536290 0.552548 0.568953 0.585504 0.602203 0.619047 0.636037 0.653169 0.670441 0.687847 0.705381 0.723035 0.740796 0.758651 0.776582 0.794566 0.812578 0.830584 0.848543 0.866408 0.884121 0.901614 0.918806 0.935605 0.951901 0.967574 0.982485 0.996483 1.009405 1.021082 1.031340 1.040012 1.046941 1.051995 1.055071 1.056104 1.055071 1.051995 1.046941 1.040012 1.031340 1.021082 1.009405 0.996483 0.982485 0.967574 0.951901 0.935605 0.918806 0.901614 0.884121 0.866408 0.848543 0.830584 0.812578 0.794566 0.776582 0.758651 0.740796 0.723035 0.705381 0.687847 0.670441 0.653169 0.636037 0.619047 0.602203 0.585504 0.568953 0.552548 0.536290 0.520176 
0.526912 0.543283 0.559815 0.576511 0.593372 0.610400 0.627596 0.644961 0.662495 0.680197 0.698063 0.716090 0.734272 0.752601 0.771065 0.789650 0.808338 0.827104 0.845918 0.864743 0.883534 0.902234 0.920775 0.939075 0.957037 0.974545 0.991467 1.007649 1.022920 1.037092 1.049963 1.061324 1.070970 1.078708 1.084368 1.087820 1.088980 1.087820 1.084368 1.078708 1.070970 1.061324 1.049963 1.037092 1.022920 1.007649 0.991467 0.974545 0.957037 0.939075 0.920775 0.902234 0.883534 0.864743 0.845918 0.827104 0.808338 0.789650 0.771065 0.752601 0.734272 0.716090 0.698063 0.680197 0.662495 0.644961 0.627596 0.610400 0.593372 0.576511 0.559815 0.543283 0.526912 
0.533294 0.549915 0.566712 0.583690 0.600852 0.618202 0.635743 0.653477 0.671406 0.689531 0.707853 0.726370 0.745080 0.763977 0.783055 0.802303 0.821706 0.841244 0.860892 0.880617 0.900376 0.920117 0.939774 0.959264 0.978489 0.997327 1.015635 1.033245 1.049963 1.065571 1.079831 1.092490 1.103294 1.112000 1.118392 1.122300 1.123615 1.122300 1.118392 1.112000 1.103294 1.092490 1.079831 1.065571 1.049963 1.033245 1.015635 0.997327 0.978489 0.959264 0.939774 0.920117 0.900376 0.880617 0.860892 0.841244 0.821706 0.802303 0.783055 0.763977 0.745080 0.726370 0.707853 0.689531 0.671406 0.653477 0.635743 0.618202 0.600852 0.583690 0.566712 0.549915 0.533294 
0.539306 0.556166 0.573219 0.590470 0.607923 0.625585 0.643460 0.661553 0.679867 0.698408 0.717178 0.736179 0.755411 0.774875 0.794566 0.814480 0.834605 0.854929 0.875430 0.896083 0.916849 0.937682 0.958520 0.979284 0.999874 1.020167 1.040012 1.059225 1.077589 1.094855 1.110740 1.124937 1.137131 1.147010 1.154297 1.158766 1.160272 1.158766 1.154297 1.147010 1.137131 1.124937 1.110740 1.094855 1.077589 1.059225 1.040012 1.020167 0.999874 0.979284 0.958520 0.937682 0.916849 0.896083 0.875430 0.854929 0.834605 0.814480 0.794566 0.774875 0.755411 0.736179 0.717178 0.698408 0.679867 0.661553 0.643460 0.625585 0.607923 0.590470 0.573219 0.556166 0.539306 
0.544931 0.562020 0.579316 0.596828 0.614561 0.632522 0.650719 0.669159 0.687847 0.706792 0.725998 0.745472 0.765218 0.785240 0.805539 0.826116 0.846965 0.868081 0.889449 0.911050 0.932856 0.954825 0.976905 0.999022 1.021082 1.042961 1.064503 1.085514 1.105754 1.124937 1.142732 1.158766 1.172642 1.183962 1.192357 1.197527 1.199273 1.197527 1.192357 1.183962 1.172642 1.158766 1.142732 1.124937 1.105754 1.085514 1.064503 1.042961 1.021082 0.999022 0.976905 0.954825 0.932856 0.911050 0.889449 0.868081 0.846965 0.826116 0.805539 0.785240 0.765218 0.745472 0.725998 0.706792 0.687847 0.669159 0.650719 0.632522 0.614561 0.596828 0.579316 0.562020 0.544931 
0.550154 0.567458 0.584985 0.602744 0.620743 0.638989 0.657494 0.676265 0.695312 0.714644 0.734272 0.754204 0.774450 0.795017 0.815913 0.837143 0.858711 0.880617 0.902856 0.925418 0.948285 0.971427 0.994801 1.018346 1.041975 1.065571 1.088980 1.112000 1.134373 1.155778 1.175827 1.194069 1.210005 1.223115 1.232907 1.238967 1.241019 1.238967 1.232907 1.223115 1.210005 1.194069 1.175827 1.155778 1.134373 1.112000 1.088980 1.065571 1.041975 1.018346 0.994801 0.971427 0.948285 0.925418 0.902856 0.880617 0.858711 0.837143 0.815913 0.795017 0.774450 0.754204 0.734272 0.714644 0.695312 0.676265 0.657494 0.638989 0.620743 0.602744 0.584985 0.567458 0.550154 
0.554957 0.572463 0.590207 0.608198 0.626446 0.644961 0.663756 0.682840 0.702228 0.721929 0.741959 0.762330 0.783055 0.804149 0.825623 0.847490 0.869762 0.892447 0.915551 0.939075 0.963013 0.987351 1.012059 1.037092 1.062380 1.087820 1.113267 1.138520 1.163311 1.187288 1.210005 1.230918 1.249399 1.264767 1.276348 1.283563 1.286015 1.283563 1.276348 1.264767 1.249399 1.230918 1.210005 1.187288 1.163311 1.138520 1.113267 1.087820 1.062380 1.037092 1.012059 0.987351 0.963013 0.939075 0.915551 0.892447 0.869762 0.847490 0.825623 0.804149 0.783055 0.762330 0.741959 0.721929 0.702228 0.682840 0.663756 0.644961 0.626446 0.608198 0.590207 0.572463 0.554957 
0.559327 0.577019 0.594963 0.613169 0.631649 0.650414 0.669479 0.688857 0.708562 0.728611 0.749019 0.769804 0.790984 0.812578 0.834605 0.857085 0.880036 0.903479 0.927429 0.951901 0.976905 1.002443 1.028506 1.055071 1.082090 1.109485 1.137131 1.164844 1.192357 1.219301 1.245175 1.269335 1.290993 1.309248 1.323167 1.331914 1.334900 1.331914 1.323167 1.309248 1.290993 1.269335 1.245175 1.219301 1.192357 1.164844 1.137131 1.109485 1.082090 1.055071 1.028506 1.002443 0.976905 0.951901 0.927429 0.903479 0.880036 0.857085 0.834605 0.812578 0.790984 0.769804 0.749019 0.728611 0.708562 0.688857 0.669479 0.650414 0.631649 0.613169 0.594963 0.577019 0.559327 
0.563250 0.581112 0.599238 0.617640 0.636331 0.655326 0.674638 0.694285 0.714284 0.734653 0.755411 0.776582 0.798186 0.820248 0.842795 0.865852 0.889449 0.913614 0.938378 0.963769 0.989814 1.016536 1.043951 1.072063 1.100857 1.130289 1.160272 1.190656 1.221201 1.251538 1.281135 1.309248 1.334900 1.356900 1.373936 1.384768 1.388491 1.384768 1.373936 1.356900 1.334900 1.309248 1.281135 1.251538 1.221201 1.190656 1.160272 1.130289 1.100857 1.072063 1.043951 1.016536 0.989814 0.963769 0.938378 0.913614 0.889449 0.865852 0.842795 0.820248 0.798186 0.776582 0.755411 0.734653 0.714284 0.694285 0.674638 0.655326 0.636331 0.617640 0.599238 0.581112 0.563250 
0.566712 0.584726 0.603015 0.621593 0.640474 0.659674 0.679210 0.699100 0.719363 0.740022 0.761099 0.782620 0.804612 0.827104 0.850128 0.873720 0.897916 0.922757 0.948285 0.974545 1.001584 1.029448 1.058181 1.087820 1.118392 1.149901 1.182315 1.215542 1.249399 1.283563 1.317504 1.350409 1.381103 1.408024 1.429307 1.443060 1.447828 1.443060 1.429307 1.408024 1.381103 1.350409 1.317504 1.283563 1.249399 1.215542 1.182315 1.149901 1.118392 1.087820 1.058181 1.029448 1.001584 0.974545 0.948285 0.922757 0.897916 0.873720 0.850128 0.827104 0.804612 0.782620 0.761099 0.740022 0.719363 0.699100 0.679210 0.659674 0.640474 0.621593 0.603015 0.584726 0.566712 
0.569703 0.587849 0.606281 0.625012 0.644060 0.663440 0.683172 0.703276 0.723773 0.744688 0.766048 0.787879 0.810216 0.833091 0.856544 0.880617 0.905355 0.930810 0.957037 0.984098 1.012059 1.040991 1.070970 1.102073 1.134373 1.167935 1.202801 1.238967 1.276348 1.314721 1.353633 1.392272 1.429307 1.462743 1.489925 1.507897 1.514210 1.507897 1.489925 1.462743 1.429307 1.392272 1.353633 1.314721 1.276348 1.238967 1.202801 1.167935 1.134373 1.102073 1.070970 1.040991 1.012059 0.984098 0.957037 0.930810 0.905355 0.880617 0.856544 0.833091 0.810216 0.787879 0.766048 0.744688 0.723773 0.703276 0.683172 0.663440 0.644060 0.625012 0.606281 0.587849 0.569703 
0.572211 0.590470 0.609022 0.627884 0.647073 0.666607 0.686506 0.706792 0.727489 0.748623 0.770224 0.792323 0.814957 0.838164 0.861988 0.886478 0.911689 0.937682 0.964526 0.992297 1.021082 1.050977 1.082090 1.114539 1.148452 1.183962 1.221201 1.260280 1.301259 1.344086 1.388491 1.433802 1.478670 1.520700 1.556193 1.580442 1.589128 1.580442 1.556193 1.520700 1.478670 1.433802 1.388491 1.344086 1.301259 1.260280 1.221201 1.183962 1.148452 1.114539 1.082090 1.050977 1.021082 0.992297 0.964526 0.937682 0.911689 0.886478 0.861988 0.838164 0.814957 0.792323 0.770224 0.748623 0.727489 0.706792 0.686506 0.666607 0.647073 0.627884 0.609022 0.590470 0.572211 
0.574229 0.592578 0.611228 0.630197 0.649500 0.669159 0.689194 0.709628 0.730488 0.751802 0.773600 0.795919 0.818797 0.842277 0.866408 0.891245 0.916849 0.943292 0.970652 0.999022 1.028506 1.059225 1.091315 1.124937 1.160272 1.197527 1.236931 1.278730 1.323167 1.370431 1.420563 1.473240 1.527376 1.580442 1.627583 1.661351 1.673812 1.661351 1.627583 1.580442 1.527376 1.473240 1.420563 1.370431 1.323167 1.278730 1.236931 1.197527 1.160272 1.124937 1.091315 1.059225 1.028506 0.999022 0.970652 0.943292 0.916849 0.891245 0.866408 0.842277 0.818797 0.795919 0.773600 0.751802 0.730488 0.709628 0.689194 0.669159 0.649500 0.630197 0.611228 0.592578 0.574229 
0.575749 0.594167 0.612891 0.631940 0.651330 0.671084 0.691222 0.711770 0.732754 0.754204 0.776154 0.798641 0.821706 0.845395 0.869762 0.894866 0.920775 0.947567 0.975330 1.004168 1.034202 1.065571 1.098440 1.133005 1.169495 1.208185 1.249399 1.293520 1.340985 1.392272 1.447828 1.507897 1.572072 1.638295 1.700975 1.748926 1.767436 1.748926 1.700975 1.638295 1.572072 1.507897 1.447828 1.392272 1.340985 1.293520 1.249399 1.208185 1.169495 1.133005 1.098440 1.065571 1.034202 1.004168 0.975330 0.947567 0.920775 0.894866 0.869762 0.845395 0.821706 0.798641 0.776154 0.754204 0.732754 0.711770 0.691222 0.671084 0.651330 0.631940 0.612891 0.594167 0.575749 
0.576765 0.595229 0.614004 0.633106 0.652555 0.672373 0.692580 0.713204 0.734272 0.755815 0.777867 0.800467 0.823659 0.847490 0.872018 0.897304 0.923420 0.950450 0.978489 1.007649 1.038062 1.069882 1.103294 1.138520 1.175827 1.215542 1.258066 1.303893 1.353633 1.408024 1.467932 1.534251 1.607551 1.686991 1.767436 1.834075 1.861406 1.834075 1.767436 1.686991 1.607551 1.534251 1.467932 1.408024 1.353633 1.303893 1.258066 1.215542 1.175827 1.138520 1.103294 1.069882 1.038062 1.007649 0.978489 0.950450 0.923420 0.897304 0.872018 0.847490 0.823659 0.800467 0.777867 0.755815 0.734272 0.713204 0.692580 0.672373 0.652555 0.633106 0.614004 0.595229 0.576765 
0.577274 0.595761 0.614561 0.633690 0.653169 0.673019 0.693261 0.713924 0.735034 0.756623 0.778726 0.801384 0.824639 0.848543 0.873151 0.898529 0.924751 0.951901 0.980081 1.009405 1.040012 1.072063 1.105754 1.141320 1.179051 1.219301 1.262513 1.309248 1.360213 1.416310 1.478670 1.548645 1.627583 1.715870 1.809648 1.892420 1.928251 1.892420 1.809648 1.715870 1.627583 1.548645 1.478670 1.416310 1.360213 1.309248 1.262513 1.219301 1.179051 1.141320 1.105754 1.072063 1.040012 1.009405 0.980081 0.951901 0.924751 0.898529 0.873151 0.848543 0.824639 0.801384 0.778726 0.756623 0.735034 0.713924 0.693261 0.673019 0.653169 0.633690 0.614561 0.595761 0.577274 
0.577338 0.595828 0.614631 0.633764 0.653246 0.673099 0.693347 0.714014 0.735129 0.756724 0.778834 0.801499 0.824762 0.848675 0.873293 0.898683 0.924917 0.952083 0.980280 1.009625 1.040256 1.072337 1.106063 1.141673 1.179457 1.219774 1.263075 1.309925 1.361048 1.417366 1.480048 1.550509 1.630214 1.719749 1.815515 1.900870 1.938146 1.900870 1.815515 1.719749 1.630214 1.550509 1.480048 1.417366 1.361048 1.309925 1.263075 1.219774 1.179457 1.141673 1.106063 1.072337 1.040256 1.009625 0.980280 0.952083 0.924917 0.898683 0.873293 0.848675 0.824762 0.801499 0.778834 0.756724 0.735129 0.714014 0.693347 0.673099 0.653246 0.633764 0.614631 0.595828 0.577338 
0.577338 0.595828 0.614631 0.633764 0.653246 0.673099 0.693347 0.714014 0.735129 0.756724 0.778834 0.801498 0.824762 0.848675 0.873293 0.898682 0.924917 0.952083 0.980280 1.009625 1.040256 1.072336 1.106062 1.141672 1.179456 1.219774 1.263074 1.309925 1.361047 1.417365 1.480046 1.550507 1.630211 1.719746 1.815510 1.900862 1.938137 1.900862 1.815510 1.719746 1.630211 1.550507 1.480046 1.417365 1.361047 1.309925 1.263074 1.219774 1.179456 1.141672 1.106062 1.072336 1.040256 1.009625 0.980280 0.952083 0.924917 0.898682 0.873293 0.848675 0.824762 0.801498 0.778834 0.756724 0.735129 0.714014 0.693347 0.673099 0.653246 0.633764 0.614631 0.595828 0.577338 
0.577338 0.595828 0.614631 0.633764 0.653246 0.673099 0.693347 0.714014 0.735129 0.756724 0.778834 0.801498 0.824762 0.848675 0.873293 0.898682 0.924917 0.952083 0.980280 1.009625 1.040256 1.072336 1.106062 1.141672 1.179456 1.219774 1.263074 1.309924 1.361047 1.417365 1.480046 1.550506 1.630211 1.719745 1.815508 1.900860 1.938134 1.900860 1.815508 1.719745 1.630211 1.550506 1.480046 1.417365 1.361047 1.309924 1.263074 1.219774 1.179456 1.141672 1.106062 1.072336 1.040256 1.009625 0.980280 0.952083 0.924917 0.898682 0.873293 0.848675 0.824762 0.801498 0.778834 0.756724 0.735129 0.714014 0.693347 0.673099 0.653246 0.633764 0.614631 0.595828 0.577338 
0.577266 0.595752 0.614552 0.633681 0.653159 0.673008 0.693250 0.713912 0.735021 0.756609 0.778712 0.801369 0.824623 0.848525 0.873132 0.898509 0.924728 0.951877 0.980054 1.009376 1.039979 1.072026 1.105713 1.141274 1.178997 1.219238 1.262439 1.309158 1.360102 1.416169 1.478487 1.548398 1.627234 1.715358 1.808879 1.891318 1.926965 1.891318 1.808879 1.715358 1.627234 1.548398 1.478487 1.416169 1.360102 1.309158 1.262439 1.219238 1.178997 1.141274 1.105713 1.072026 1.039979 1.009376 0.980054 0.951877 0.924728 0.898509 0.873132 0.848525 0.824623 0.801369 0.778712 0.756609 0.735021 0.713912 0.693250 0.673008 0.653159 0.633681 0.614552 0.595752 0.577266 
0.576740 0.595203 0.613976 0.633078 0.652525 0.672341 0.692547 0.713169 0.734235 0.755775 0.777825 0.800422 0.823611 0.847439 0.871962 0.897244 0.923355 0.950379 0.978411 1.007564 1.037967 1.069776 1.103175 1.138384 1.175670 1.215360 1.257851 1.303634 1.353316 1.407627 1.467420 1.533570 1.606615 1.685668 1.765559 1.831569 1.858587 1.831569 1.765559 1.685668 1.606615 1.533570 1.467420 1.407627 1.353316 1.303634 1.257851 1.215360 1.175670 1.138384 1.103175 1.069776 1.037967 1.007564 0.978411 0.950379 0.923355 0.897244 0.871962 0.847439 0.823611 0.800422 0.777825 0.755775 0.734235 0.713169 0.692547 0.672341 0.652525 0.633078 0.613976 0.595203 0.576740 
0.575708 0.594124 0.612846 0.631892 0.651281 0.671032 0.691167 0.711712 0.732692 0.754139 0.776085 0.798567 0.821627 0.845311 0.869671 0.894768 0.920668 0.947450 0.975202 1.004028 1.034046 1.065398 1.098245 1.132784 1.169241 1.207891 1.249054 1.293108 1.340486 1.391654 1.447048 1.506889 1.570743 1.636523 1.698647 1.746060 1.764329 1.746060 1.698647 1.636523 1.570743 1.506889 1.447048 1.391654 1.340486 1.293108 1.249054 1.207891 1.169241 1.132784 1.098245 1.065398 1.034046 1.004028 0.975202 0.947450 0.920668 0.894768 0.869671 0.845311 0.821627 0.798567 0.776085 0.754139 0.732692 0.711712 0.691167 0.671032 0.651281 0.631892 0.612846 0.594124 0.575708 
0.574172 0.592518 0.611166 0.630131 0.649431 0.669086 0.689117 0.709548 0.730403 0.751711 0.773504 0.795817 0.818688 0.842160 0.866282 0.891109 0.916702 0.943131 0.970477 0.998830 1.028293 1.058988 1.091050 1.124637 1.159930 1.197133 1.236471 1.278188 1.322518 1.369644 1.419592 1.472026 1.525846 1.578518 1.625222 1.658617 1.670927 1.658617 1.625222 1.578518 1.525846 1.472026 1.419592 1.369644 1.322518 1.278188 1.236471 1.197133 1.159930 1.124637 1.091050 1.058988 1.028293 0.998830 0.970477 0.943131 0.916702 0.891109 0.866282 0.842160 0.818688 0.795817 0.773504 0.751711 0.730403 0.709548 0.689117 0.669086 0.649431 0.630131 0.611166 0.592518 0.574172 
0.572138 0.590393 0.608942 0.627800 0.646985 0.666514 0.686408 0.706689 0.727380 0.748508 0.770102 0.792193 0.814818 0.838015 0.861828 0.886306 0.911503 0.937480 0.964305 0.992055 1.020815 1.050682 1.081760 1.114168 1.148031 1.183481 1.220646 1.259633 1.300497 1.343179 1.387401 1.432484 1.477076 1.518792 1.553969 1.577973 1.586565 1.577973 1.553969 1.518792 1.477076 1.432484 1.387401 1.343179 1.300497 1.259633 1.220646 1.183481 1.148031 1.114168 1.081760 1.050682 1.020815 0.992055 0.964305 0.937480 0.911503 0.886306 0.861828 0.838015 0.814818 0.792193 0.770102 0.748508 0.727380 0.706689 0.686408 0.666514 0.646985 0.627800 0.608942 0.590393 0.572138 
0.569614 0.587756 0.606183 0.624910 0.643953 0.663328 0.683054 0.703151 0.723642 0.744549 0.765900 0.787722 0.810048 0.832912 0.856352 0.880410 0.905132 0.930568 0.956774 0.983810 1.011743 1.040643 1.070583 1.101640 1.133886 1.167383 1.202170 1.238241 1.275506 1.313739 1.352481 1.390920 1.427728 1.460924 1.487884 1.505693 1.511945 1.505693 1.487884 1.460924 1.427728 1.390920 1.352481 1.313739 1.275506 1.238241 1.202170 1.167383 1.133886 1.101640 1.070583 1.040643 1.011743 0.983810 0.956774 0.930568 0.905132 0.880410 0.856352 0.832912 0.810048 0.787722 0.765900 0.744549 0.723642 0.703151 0.683054 0.663328 0.643953 0.624910 0.606183 0.587756 0.569614 
0.566608 0.584617 0.602901 0.621474 0.640349 0.659543 0.679072 0.698954 0.719210 0.739860 0.760927 0.782437 0.804417 0.826896 0.849906 0.873481 0.897658 0.922478 0.947983 0.974216 1.001224 1.029052 1.057743 1.087334 1.117849 1.149291 1.181626 1.214759 1.248506 1.282540 1.316331 1.349067 1.379580 1.406320 1.427443 1.441085 1.445813 1.441085 1.427443 1.406320 1.379580 1.349067 1.316331 1.282540 1.248506 1.214759 1.181626 1.149291 1.117849 1.087334 1.057743 1.029052 1.001224 0.974216 0.947983 0.922478 0.897658 0.873481 0.849906 0.826896 0.804417 0.782437 0.760927 0.739860 0.719210 0.698954 0.679072 0.659543 0.640349 0.621474 0.602901 0.584617 0.566608 
0.563130 0.580987 0.599108 0.617504 0.636189 0.655176 0.674481 0.694120 0.714109 0.734468 0.755216 0.776374 0.797965 0.820013 0.842544 0.865583 0.889160 0.913303 0.938041 0.963402 0.989414 1.016099 1.043471 1.071533 1.100269 1.129635 1.159541 1.189836 1.220278 1.250499 1.279967 1.307940 1.333448 1.355311 1.372231 1.382985 1.386680 1.382985 1.372231 1.355311 1.333448 1.307940 1.279967 1.250499 1.220278 1.189836 1.159541 1.129635 1.100269 1.071533 1.043471 1.016099 0.989414 0.963402 0.938041 0.913303 0.889160 0.865583 0.842544 0.820013 0.797965 0.776374 0.755216 0.734468 0.714109 0.694120 0.674481 0.655176 0.636189 0.617504 0.599108 0.580987 0.563130 
0.559193 0.576880 0.594817 0.613017 0.631489 0.650247 0.669303 0.688672 0.708367 0.728405 0.748801 0.769574 0.790740 0.812318 0.834328 0.856788 0.879718 0.903137 0.927060 0.951502 0.976472 1.001971 1.027991 1.054506 1.081468 1.108798 1.136371 1.164001 1.191422 1.218263 1.244027 1.268073 1.289617 1.307766 1.321599 1.330289 1.333256 1.330289 1.321599 1.307766 1.289617 1.268073 1.244027 1.218263 1.191422 1.164001 1.136371 1.108798 1.081468 1.054506 1.027991 1.001971 0.976472 0.951502 0.927060 0.903137 0.879718 0.856788 0.834328 0.812318 0.790740 0.769574 0.748801 0.728405 0.708367 0.688672 0.669303 0.650247 0.631489 0.613017 0.594817 0.576880 0.559193 
0.554809 0.572309 0.590046 0.608029 0.626269 0.644777 0.663562 0.682637 0.702013 0.721704 0.741721 0.762078 0.782788 0.803865 0.825321 0.847168 0.869418 0.892078 0.915154 0.938647 0.962551 0.986849 1.011514 1.036499 1.061732 1.087111 1.112489 1.137667 1.162375 1.186263 1.208887 1.229706 1.248096 1.263382 1.274898 1.282070 1.284508 1.282070 1.274898 1.263382 1.248096 1.229706 1.208887 1.186263 1.162375 1.137667 1.112489 1.087111 1.061732 1.036499 1.011514 0.986849 0.962551 0.938647 0.915154 0.892078 0.869418 0.847168 0.825321 0.803865 0.782788 0.762078 0.741721 0.721704 0.702013 0.682637 0.663562 0.644777 0.626269 0.608029 0.590046 0.572309 0.554809 
0.549992 0.567289 0.584809 0.602560 0.620551 0.638789 0.657283 0.676044 0.695080 0.714400 0.734014 0.753932 0.774162 0.794711 0.815588 0.836798 0.858343 0.880223 0.902434 0.924965 0.947798 0.970902 0.994233 1.017731 1.041308 1.064847 1.088193 1.111145 1.133445 1.154773 1.174743 1.192907 1.208769 1.221815 1.231557 1.237585 1.239626 1.237585 1.231557 1.221815 1.208769 1.192907 1.174743 1.154773 1.133445 1.111145 1.088193 1.064847 1.041308 1.017731 0.994233 0.970902 0.947798 0.924965 0.902434 0.880223 0.858343 0.836798 0.815588 0.794711 0.774162 0.753932 0.734014 0.714400 0.695080 0.676044 0.657283 0.638789 0.620551 0.602560 0.584809 0.567289 0.549992 
0.544756 0.561838 0.579126 0.596630 0.614354 0.632306 0.650493 0.668921 0.687598 0.706529 0.725722 0.745181 0.764911 0.784915 0.805195 0.825750 0.846576 0.867666 0.889006 0.910576 0.932348 0.954280 0.976319 0.998392 1.020402 1.042228 1.063713 1.084663 1.104838 1.123955 1.141683 1.157653 1.171469 1.182738 1.191093 1.196238 1.197975 1.196238 1.191093 1.182738 1.171469 1.157653 1.141683 1.123955 1.104838 1.084663 1.063713 1.042228 1.020402 0.998392 0.976319 0.954280 0.932348 0.910576 0.889006 0.867666 0.846576 0.825750 0.805195 0.784915 0.764911 0.745181 0.725722 0.706529 0.687598 0.668921 0.650493 0.632306 0.614354 0.596630 0.579126 0.561838 0.544756 
0.539118 0.555971 0.573015 0.590257 0.607702 0.625354 0.643218 0.661299 0.679602 0.698130 0.716885 0.735870 0.755086 0.774532 0.794203 0.814095 0.834197 0.854495 0.874969 0.895591 0.916325 0.937122 0.957921 0.978642 0.999187 1.019431 1.039223 1.058382 1.076690 1.093898 1.109726 1.123870 1.136015 1.145853 1.153107 1.157556 1.159056 1.157556 1.153107 1.145853 1.136015 1.123870 1.109726 1.093898 1.076690 1.058382 1.039223 1.019431 0.999187 0.978642 0.957921 0.937122 0.916325 0.895591 0.874969 0.854495 0.834197 0.814095 0.794203 0.774532 0.755086 0.735870 0.716885 0.698130 0.679602 0.661299 0.643218 0.625354 0.607702 0.590257 0.573015 0.555971 0.539118 
0.533094 0.549707 0.566496 0.583465 0.600617 0.617957 0.635487 0.653209 0.671125 0.689237 0.707544 0.726046 0.744739 0.763618 0.782676 0.801902 0.821282 0.840795 0.860416 0.880111 0.899839 0.919545 0.939165 0.958616 0.977798 0.996591 1.014852 1.032413 1.049082 1.064640 1.078852 1.091466 1.102230 1.110901 1.117267 1.121159 1.122469 1.121159 1.117267 1.110901 1.102230 1.091466 1.078852 1.064640 1.049082 1.032413 1.014852 0.996591 0.977798 0.958616 0.939165 0.919545 0.899839 0.880111 0.860416 0.840795 0.821282 0.801902 0.782676 0.763618 0.744739 0.726046 0.707544 0.689237 0.671125 0.653209 0.635487 0.617957 0.600617 0.583465 0.566496 0.549707 0.533094 
0.526700 0.543063 0.559587 0.576273 0.593124 0.610141 0.627327 0.644680 0.662201 0.679889 0.697740 0.715751 0.733916 0.752227 0.770671 0.789235 0.807900 0.826641 0.845429 0.864226 0.882986 0.901653 0.920160 0.938423 0.956345 0.973813 0.990692 1.006831 1.022059 1.036187 1.049017 1.060340 1.069952 1.077661 1.083300 1.086738 1.087894 1.086738 1.083300 1.077661 1.069952 1.060340 1.049017 1.036187 1.022059 1.006831 0.990692 0.973813 0.956345 0.938423 0.920160 0.901653 0.882986 0.864226 0.845429 0.826641 0.807900 0.789235 0.770671 0.752227 0.733916 0.715751 0.697740 0.679889 0.662201 0.644680 0.627327 0.610141 0.593124 0.576273 0.559587 0.543063 0.526700 
0.519953 0.536059 0.552308 0.568703 0.585245 0.601932 0.618765 0.635743 0.652862 0.670120 0.687511 0.705030 0.722666 0.740409 0.758244 0.776154 0.794116 0.812104 0.830084 0.848016 0.865852 0.883534 0.900994 0.918152 0.934915 0.951174 0.966809 0.981681 0.995640 1.008526 1.020167 1.030392 1.039035 1.045940 1.050977 1.054042 1.055071 1.054042 1.050977 1.045940 1.039035 1.030392 1.020167 1.008526 0.995640 0.981681 0.966809 0.951174 0.934915 0.918152 0.900994 0.883534 0.865852 0.848016 0.830084 0.812104 0.794116 0.776154 0.758244 0.740409 0.722666 0.705030 0.687511 0.670120 0.652862 0.635743 0.618765 0.601932 0.585245 0.568703 0.552308 0.536059 0.519953 
0.512871 0.528711 0.544680 0.560778 0.577003 0.593354 0.609830 0.626427 0.643141 0.659966 0.676896 0.693922 0.711031 0.728212 0.745446 0.762715 0.779992 0.797248 0.814449 0.831552 0.848509 0.865261 0.881743 0.897876 0.913573 0.928733 0.943246 0.956989 0.969830 0.981629 0.992243 1.001529 1.009348 1.015577 1.020108 1.022861 1.023784 1.022861 1.020108 1.015577 1.009348 1.001529 0.992243 0.981629 0.969830 0.956989 0.943246 0.928733 0.913573 0.897876 0.881743 0.865261 0.848509 0.831552 0.814449 0.797248 0.779992 0.762715 0.745446 0.728212 0.711031 0.693922 0.676896 0.659966 0.643141 0.626427 0.609830 0.593354 0.577003 0.560778 0.544680 0.528711 0.512871 
0.505469 0.521039 0.536723 0.552517 0.568422 0.584433 0.600548 0.616762 0.633068 0.649461 0.665930 0.682466 0.699055 0.715681 0.732326 0.748968 0.765579 0.782129 0.798582 0.814895 0.831019 0.846898 0.862466 0.877651 0.892369 0.906530 0.920032 0.932767 0.944618 0.955466 0.965187 0.973662 0.980776 0.986429 0.990532 0.993022 0.993856 0.993022 0.990532 0.986429 0.980776 0.973662 0.965187 0.955466 0.944618 0.932767 0.920032 0.906530 0.892369 0.877651 0.862466 0.846898 0.831019 0.814895 0.798582 0.782129 0.765579 0.748968 0.732326 0.715681 0.699055 0.682466 0.665930 0.649461 0.633068 0.616762 0.600548 0.584433 0.568422 0.552517 0.536723 0.521039 0.505469 
0.497766 0.513062 0.528455 0.543943 0.559524 0.575192 0.590945 0.606774 0.622674 0.638636 0.654649 0.670700 0.686776 0.702858 0.718928 0.734960 0.750927 0.766798 0.782536 0.798098 0.813435 0.828494 0.843213 0.857521 0.871343 0.884595 0.897185 0.909017 0.919990 0.929999 0.938940 0.946711 0.953218 0.958376 0.962114 0.964379 0.965138 0.964379 0.962114 0.958376 0.953218 0.946711 0.938940 0.929999 0.919990 0.909017 0.897185 0.884595 0.871343 0.857521 0.843213 0.828494 0.813435 0.798098 0.782536 0.766798 0.750927 0.734960 0.718928 0.702858 0.686776 0.670700 0.654649 0.638636 0.622674 0.606774 0.590945 0.575192 0.559524 0.543943 0.528455 0.513062 0.497766 
0.489778 0.504795 0.519896 0.535076 0.550331 0.565656 0.581045 0.596492 0.611987 0.627522 0.643083 0.658658 0.674230 0.689781 0.705291 0.720733 0.736080 0.751300 0.766356 0.781205 0.795803 0.810094 0.824022 0.837521 0.850521 0.862945 0.874712 0.885735 0.895925 0.905193 0.913448 0.920605 0.926584 0.931314 0.934737 0.936809 0.937503 0.936809 0.934737 0.931314 0.926584 0.920605 0.913448 0.905193 0.895925 0.885735 0.874712 0.862945 0.850521 0.837521 0.824022 0.810094 0.795803 0.781205 0.766356 0.751300 0.736080 0.720733 0.705291 0.689781 0.674230 0.658658 0.643083 0.627522 0.611987 0.596492 0.581045 0.565656 0.550331 0.535076 0.519896 0.504795 0.489778 
0.481521 0.496259 0.511065 0.525935 0.540864 0.555846 0.570874 0.585940 0.601035 0.616147 0.631264 0.646371 0.661451 0.676486 0.691452 0.706325 0.721076 0.735673 0.750081 0.764257 0.778158 0.791732 0.804925 0.817677 0.829923 0.841593 0.852614 0.862910 0.872401 0.881010 0.888660 0.895278 0.900795 0.905152 0.908302 0.910207 0.910844 0.910207 0.908302 0.905152 0.900795 0.895278 0.888660 0.881010 0.872401 0.862910 0.852614 0.841593 0.829923 0.817677 0.804925 0.791732 0.778158 0.764257 0.750081 0.735673 0.721076 0.706325 0.691452 0.676486 0.661451 0.646371 0.631264 0.616147 0.601035 0.585940 0.570874 0.555846 0.540864 0.525935 0.511065 0.496259 0.481521 
0.473012 0.487469 0.501980 0.516540 0.531144 0.545785 0.560454 0.575143 0.589842 0.604539 0.619220 0.633870 0.648471 0.663003 0.677444 0.691769 0.705949 0.719953 0.733745 0.747285 0.760532 0.773436 0.785947 0.798010 0.809563 0.820545 0.830890 0.840529 0.849394 0.857416 0.864529 0.870670 0.875781 0.879812 0.882722 0.884481 0.885069 0.884481 0.882722 0.879812 0.875781 0.870670 0.864529 0.857416 0.849394 0.840529 0.830890 0.820545 0.809563 0.798010 0.785947 0.773436 0.760532 0.747285 0.733745 0.719953 0.705949 0.691769 0.677444 0.663003 0.648471 0.633870 0.619220 0.604539 0.589842 0.575143 0.560454 0.545785 0.531144 0.516540 0.501980 0.487469 0.473012 
0.464267 0.478442 0.492659 0.506910 0.521191 0.535492 0.549807 0.564124 0.578434 0.592723 0.606977 0.621181 0.635316 0.649363 0.663298 0.677096 0.690730 0.704169 0.717377 0.730318 0.742950 0.755229 0.767107 0.778532 0.789450 0.799803 0.809533 0.818579 0.826880 0.834377 0.841011 0.846728 0.851480 0.855223 0.857923 0.859553 0.860099 0.859553 0.857923 0.855223 0.851480 0.846728 0.841011 0.834377 0.826880 0.818579 0.809533 0.799803 0.789450 0.778532 0.767107 0.755229 0.742950 0.730318 0.717377 0.704169 0.690730 0.677096 0.663298 0.649363 0.635316 0.621181 0.606977 0.592723 0.578434 0.564124 0.549807 0.535492 0.521191 0.506910 0.492659 0.478442 0.464267 
0.455300 0.469195 0.483118 0.497063 0.511023 0.524989 0.538953 0.552905 0.566832 0.580722 0.594560 0.608330 0.622014 0.635591 0.649039 0.662333 0.675445 0.688346 0.701002 0.713378 0.725435 0.737130 0.748419 0.759255 0.769587 0.779365 0.788535 0.797043 0.804836 0.811860 0.818066 0.823406 0.827838 0.831326 0.833839 0.835356 0.835863 0.835356 0.833839 0.831326 0.827838 0.823406 0.818066 0.811860 0.804836 0.797043 0.788535 0.779365 0.769587 0.759255 0.748419 0.737130 0.725435 0.713378 0.701002 0.688346 0.675445 0.662333 0.649039 0.635591 0.622014 0.608330 0.594560 0.580722 0.566832 0.552905 0.538953 0.524989 0.511023 0.497063 0.483118 0.469195 0.455300 
0.446127 0.459743 0.473374 0.487015 0.500658 0.514294 0.527913 0.541505 0.555058 0.568559 0.581992 0.595341 0.608587 0.621712 0.634692 0.647502 0.660118 0.672508 0.684642 0.696485 0.708001 0.719151 0.729893 0.740184 0.749978 0.759228 0.767887 0.775906 0.783238 0.789836 0.795657 0.800659 0.804806 0.808066 0.810413 0.811830 0.812303 0.811830 0.810413 0.808066 0.804806 0.800659 0.795657 0.789836 0.783238 0.775906 0.767887 0.759228 0.749978 0.740184 0.729893 0.719151 0.708001 0.696485 0.684642 0.672508 0.660118 0.647502 0.634692 0.621712 0.608587 0.595341 0.581992 0.568559 0.555058 0.541505 0.527913 0.514294 0.500658 0.487015 0.473374 0.459743 0.446127 
0.436762 0.450100 0.463443 0.476784 0.490113 0.503424 0.516704 0.529944 0.543132 0.556252 0.569291 0.582233 0.595058 0.607746 0.620277 0.632626 0.644767 0.656673 0.668313 0.679655 0.690665 0.701306 0.711539 0.721325 0.730622 0.739387 0.747578 0.755151 0.762065 0.768278 0.773751 0.778449 0.782340 0.785396 0.787595 0.788921 0.789364 0.788921 0.787595 0.785396 0.782340 0.778449 0.773751 0.768278 0.762065 0.755151 0.747578 0.739387 0.730622 0.721325 0.711539 0.701306 0.690665 0.679655 0.668313 0.656673 0.644767 0.632626 0.620277 0.607746 0.595058 0.582233 0.569291 0.556252 0.543132 0.529944 0.516704 0.503424 0.490113 0.476784 0.463443 0.450100 0.436762 
0.427218 0.440282 0.453339 0.466383 0.479405 0.492395 0.505344 0.518240 0.531070 0.543822 0.556479 0.569026 0.581444 0.593713 0.605814 0.617721 0.629412 0.640858 0.652031 0.662901 0.673436 0.683601 0.693360 0.702678 0.711516 0.719835 0.727597 0.734763 0.741296 0.747158 0.752317 0.756740 0.760400 0.763272 0.765338 0.766584 0.767000 0.766584 0.765338 0.763272 0.760400 0.756740 0.752317 0.747158 0.741296 0.734763 0.727597 0.719835 0.711516 0.702678 0.693360 0.683601 0.673436 0.662901 0.652031 0.640858 0.629412 0.617721 0.605814 0.593713 0.581444 0.569026 0.556479 0.543822 0.531070 0.518240 0.505344 0.492395 0.479405 0.466383 0.453339 0.440282 0.427218 
0.417509 0.430301 0.443077 0.455829 0.468548 0.481225 0.493849 0.506409 0.518892 0.531284 0.543571 0.555737 0.567763 0.579630 0.591318 0.602805 0.614066 0.625077 0.635809 0.646235 0.656323 0.666043 0.675361 0.684244 0.692657 0.700565 0.707933 0.714726 0.720910 0.726454 0.731327 0.735501 0.738952 0.741659 0.743604 0.744777 0.745168 0.744777 0.743604 0.741659 0.738952 0.735501 0.731327 0.726454 0.720910 0.714726 0.707933 0.700565 0.692657 0.684244 0.675361 0.666043 0.656323 0.646235 0.635809 0.625077 0.614066 0.602805 0.591318 0.579630 0.567763 0.555737 0.543571 0.531284 0.518892 0.506409 0.493849 0.481225 0.468548 0.455829 0.443077 0.430301 0.417509 
0.407648 0.420172 0.432670 0.445135 0.457557 0.469926 0.482233 0.494465 0.506611 0.518655 0.530584 0.542382 0.554031 0.565512 0.576806 0.587891 0.598744 0.609342 0.619657 0.629664 0.639334 0.648637 0.657544 0.666023 0.674042 0.681570 0.688574 0.695025 0.700890 0.706143 0.710755 0.714703 0.717964 0.720520 0.722357 0.723463 0.723833 0.723463 0.722357 0.720520 0.717964 0.714703 0.710755 0.706143 0.700890 0.695025 0.688574 0.681570 0.674042 0.666023 0.657544 0.648637 0.639334 0.629664 0.619657 0.609342 0.598744 0.587891 0.576806 0.565512 0.554031 0.542382 0.530584 0.518655 0.506611 0.494465 0.482233 0.469926 0.457557 0.445135 0.432670 0.420172 0.407648 
0.397645 0.409905 0.422130 0.434313 0.446444 0.458514 0.470511 0.482424 0.494242 0.505949 0.517532 0.528975 0.540261 0.551372 0.562289 0.572991 0.583457 0.593662 0.603584 0.613196 0.622473 0.631386 0.639908 0.648011 0.655665 0.662841 0.669510 0.675645 0.681218 0.686203 0.690578 0.694318 0.697407 0.699826 0.701564 0.702610 0.702960 0.702610 0.701564 0.699826 0.697407 0.694318 0.690578 0.686203 0.681218 0.675645 0.669510 0.662841 0.655665 0.648011 0.639908 0.631386 0.622473 0.613196 0.603584 0.593662 0.583457 0.572991 0.562289 0.551372 0.540261 0.528975 0.517532 0.505949 0.494242 0.482424 0.470511 0.458514 0.446444 0.434313 0.422130 0.409905 0.397645 
0.387512 0.399513 0.411470 0.423377 0.435223 0.447000 0.458695 0.470299 0.481798 0.493179 0.504428 0.515529 0.526467 0.537223 0.547780 0.558116 0.568213 0.578047 0.587596 0.596837 0.605743 0.614291 0.622454 0.630206 0.637520 0.644370 0.650729 0.656573 0.661877 0.666617 0.670773 0.674324 0.677255 0.679549 0.681197 0.682189 0.682520 0.682189 0.681197 0.679549 0.677255 0.674324 0.670773 0.666617 0.661877 0.656573 0.650729 0.644370 0.637520 0.630206 0.622454 0.614291 0.605743 0.596837 0.587596 0.578047 0.568213 0.558116 0.547780 0.537223 0.526467 0.515529 0.504428 0.493179 0.481798 0.470299 0.458695 0.447000 0.435223 0.423377 0.411470 0.399513 0.387512 
0.377260 0.389006 0.400701 0.412337 0.423906 0.435396 0.446798 0.458101 0.469291 0.480357 0.491283 0.502056 0.512659 0.523075 0.533287 0.543276 0.553021 0.562503 0.571700 0.580590 0.589149 0.597354 0.605180 0.612605 0.619602 0.626149 0.632222 0.637796 0.642851 0.647366 0.651321 0.654698 0.657484 0.659664 0.661229 0.662171 0.662485 0.662171 0.661229 0.659664 0.657484 0.654698 0.651321 0.647366 0.642851 0.637796 0.632222 0.626149 0.619602 0.612605 0.605180 0.597354 0.589149 0.580590 0.571700 0.562503 0.553021 0.543276 0.533287 0.523075 0.512659 0.502056 0.491283 0.480357 0.469291 0.458101 0.446798 0.435396 0.423906 0.412337 0.400701 0.389006 0.377260 
0.366900 0.378395 0.389833 0.401205 0.412502 0.423714 0.434831 0.445841 0.456733 0.467493 0.478109 0.488565 0.498847 0.508937 0.518820 0.528477 0.537889 0.547037 0.555901 0.564459 0.572691 0.580573 0.588085 0.595203 0.601906 0.608171 0.613977 0.619302 0.624127 0.628433 0.632203 0.635421 0.638073 0.640148 0.641637 0.642533 0.642832 0.642533 0.641637 0.640148 0.638073 0.635421 0.632203 0.628433 0.624127 0.619302 0.613977 0.608171 0.601906 0.595203 0.588085 0.580573 0.572691 0.564459 0.555901 0.547037 0.537889 0.528477 0.518820 0.508937 0.498847 0.488565 0.478109 0.467493 0.456733 0.445841 0.434831 0.423714 0.412502 0.401205 0.389833 0.378395 0.366900 
0.356440 0.367691 0.378877 0.389990 0.401022 0.411963 0.422803 0.433530 0.444132 0.454598 0.464914 0.475066 0.485039 0.494818 0.504386 0.513727 0.522822 0.531653 0.540201 0.548447 0.556370 0.563949 0.571166 0.577998 0.584425 0.590427 0.595985 0.601079 0.605691 0.609804 0.613402 0.616472 0.619002 0.620980 0.622399 0.623253 0.623538 0.623253 0.622399 0.620980 0.619002 0.616472 0.613402 0.609804 0.605691 0.601079 0.595985 0.590427 0.584425 0.577998 0.571166 0.563949 0.556370 0.548447 0.540201 0.531653 0.522822 0.513727 0.504386 0.494818 0.485039 0.475066 0.464914 0.454598 0.444132 0.433530 0.422803 0.411963 0.401022 0.389990 0.378877 0.367691 0.356440 
0.345891 0.356901 0.367840 0.378702 0.389476 0.400154 0.410724 0.421176 0.431499 0.441681 0.451708 0.461567 0.471244 0.480725 0.489993 0.499032 0.507825 0.516355 0.524604 0.532554 0.540186 0.547481 0.554420 0.560983 0.567153 0.572910 0.578236 0.583115 0.587529 0.591463 0.594903 0.597837 0.600253 0.602142 0.603496 0.604311 0.604583 0.604311 0.603496 0.602142 0.600253 0.597837 0.594903 0.591463 0.587529 0.583115 0.578236 0.572910 0.567153 0.560983 0.554420 0.547481 0.540186 0.532554 0.524604 0.516355 0.507825 0.499032 0.489993 0.480725 0.471244 0.461567 0.451708 0.441681 0.431499 0.421176 0.410724 0.400154 0.389476 0.378702 0.367840 0.356901 0.345891 
