35 35
3.186807e-02 0 5
-2.615896 -2.593440 -2.571293 -2.549538 -2.528272 -2.507607 -2.487667 -2.468596 -2.450547 -2.433692 -2.418209 -2.404285 -2.392104 -2.381847 -2.373677 -2.367733 -2.364122 -2.362911 -2.364122 -2.367733 -2.373677 -2.381847 -2.392104 -2.404285 -2.418209 -2.433692 -2.450547 -2.468596 -2.487667 -2.507607 -2.528272 -2.549538 -2.571293 -2.593440 -2.615896 
-2.594137 -2.570560 -2.547225 -2.524217 -2.501637 -2.479600 -2.458244 -2.437722 -2.418209 -2.399899 -2.383001 -2.367733 -2.354321 -2.342984 -2.333923 -2.327313 -2.323291 -2.321940 -2.323291 -2.327313 -2.333923 -2.342984 -2.354321 -2.367733 -2.383001 -2.399899 -2.418209 -2.437722 -2.458244 -2.479600 -2.501637 -2.524217 -2.547225 -2.570560 -2.594137 
-2.572755 -2.547997 -2.523402 -2.499052 -2.475050 -2.451517 -2.428597 -2.406459 -2.385297 -2.365330 -2.346801 -2.329971 -2.315112 -2.302492 -2.292367 -2.284958 -2.280439 -2.278920 -2.280439 -2.284958 -2.292367 -2.302492 -2.315112 -2.329971 -2.346801 -2.365330 -2.385297 -2.406459 -2.428597 -2.451517 -2.475050 -2.499052 -2.523402 -2.547997 -2.572755 
-2.551838 -2.525844 -2.499916 -2.474134 -2.448600 -2.423437 -2.398795 -2.374855 -2.351831 -2.329971 -2.309557 -2.290897 -2.274324 -2.260170 -2.248759 -2.240377 -2.235251 -2.233525 -2.235251 -2.240377 -2.248759 -2.260170 -2.274324 -2.290897 -2.309557 -2.329971 -2.351831 -2.374855 -2.398795 -2.423437 -2.448600 -2.474134 -2.499916 -2.525844 -2.551838 
-2.531489 -2.504206 -2.476876 -2.449575 -2.422397 -2.395464 -2.368929 -2.342984 -2.317858 -2.293831 -2.271226 -2.250412 -2.231791 -2.215782 -2.202799 -2.193217 -2.187337 -2.185354 -2.187337 -2.193217 -2.202799 -2.215782 -2.231791 -2.250412 -2.271226 -2.293831 -2.317858 -2.342984 -2.368929 -2.395464 -2.422397 -2.449575 -2.476876 -2.504206 -2.531489 
-2.511820 -2.483205 -2.454414 -2.425509 -2.396577 -2.367733 -2.339127 -2.310953 -2.283458 -2.256947 -2.231791 -2.208423 -2.187337 -2.169061 -2.154131 -2.143046 -2.136214 -2.133905 -2.136214 -2.143046 -2.154131 -2.169061 -2.187337 -2.208423 -2.231791 -2.256947 -2.283458 -2.310953 -2.339127 -2.367733 -2.396577 -2.425509 -2.454414 -2.483205 -2.511820 
-2.492960 -2.462981 -2.432678 -2.402098 -2.371311 -2.340417 -2.309557 -2.278920 -2.248759 -2.219404 -2.191268 -2.164862 -2.140784 -2.119705 -2.102330 -2.089331 -2.081276 -2.078546 -2.081276 -2.089331 -2.102330 -2.119705 -2.140784 -2.164862 -2.191268 -2.219404 -2.248759 -2.278920 -2.309557 -2.340417 -2.371311 -2.402098 -2.432678 -2.462981 -2.492960 
-2.475050 -2.443692 -2.411843 -2.379531 -2.346801 -2.313731 -2.280439 -2.247099 -2.213957 -2.181353 -2.149741 -2.119705 -2.091972 -2.067392 -2.046896 -2.031415 -2.021754 -2.018467 -2.021754 -2.031415 -2.046896 -2.067392 -2.091972 -2.119705 -2.149741 -2.181353 -2.213957 -2.247099 -2.280439 -2.313731 -2.346801 -2.379531 -2.411843 -2.443692 -2.475050 
-2.458244 -2.425509 -2.392104 -2.358026 -2.323291 -2.287940 -2.252057 -2.215782 -2.179335 -2.143046 -2.107388 -2.073017 -2.040793 -2.011791 -1.987256 -1.968488 -1.956667 -1.952625 -1.956667 -1.968488 -1.987256 -2.011791 -2.040793 -2.073017 -2.107388 -2.143046 -2.179335 -2.215782 -2.252057 -2.287940 -2.323291 -2.358026 -2.392104 -2.425509 -2.458244 
-2.442703 -2.408622 -2.373677 -2.337833 -2.301063 -2.263364 -2.224766 -2.185354 -2.145292 -2.104869 -2.064542 -2.025007 -1.987256 -1.952625 -1.922776 -1.899563 -1.884756 -1.879660 -1.884756 -1.899563 -1.922776 -1.952625 -1.987256 -2.025007 -2.064542 -2.104869 -2.145292 -2.185354 -2.224766 -2.263364 -2.301063 -2.337833 -2.373677 -2.408622 -2.442703 
-2.428597 -2.393227 -2.356795 -2.319224 -2.280439 -2.240377 -2.198999 -2.156305 -2.112370 -2.067392 -2.021754 -1.976129 -1.931599 -1.889771 -1.852841 -1.823477 -1.804421 -1.797798 -1.804421 -1.823477 -1.852841 -1.889771 -1.931599 -1.976129 -2.021754 -2.067392 -2.112370 -2.156305 -2.198999 -2.240377 -2.280439 -2.319224 -2.356795 -2.393227 -2.428597 
-2.416098 -2.379531 -2.341702 -2.302492 -2.261771 -2.219404 -2.175262 -2.129239 -2.081276 -2.031415 -1.979882 -1.927219 -1.874478 -1.823477 -1.777033 -1.738985 -1.713682 -1.704766 -1.713682 -1.738985 -1.777033 -1.823477 -1.874478 -1.927219 -1.979882 -2.031415 -2.081276 -2.129239 -2.175262 -2.219404 -2.261771 -2.302492 -2.341702 -2.379531 -2.416098 
-2.405373 -2.367733 -2.328645 -2.287940 -2.245430 -2.200904 -2.154131 -2.104869 -2.052886 -1.998004 -1.940180 -1.879660 -1.817255 -1.754771 -1.695586 -1.645101 -1.610339 -1.597834 -1.610339 -1.645101 -1.695586 -1.754771 -1.817255 -1.879660 -1.940180 -1.998004 -2.052886 -2.104869 -2.154131 -2.200904 -2.245430 -2.287940 -2.328645 -2.367733 -2.405373 
-2.396577 -2.358026 -2.317858 -2.275862 -2.231791 -2.185354 -2.136214 -2.083983 -2.028227 -1.968488 -1.904346 -1.835559 -1.762371 -1.686125 -1.610339 -1.542135 -1.492772 -1.474451 -1.492772 -1.542135 -1.610339 -1.686125 -1.762371 -1.835559 -1.904346 -1.968488 -2.028227 -2.083983 -2.136214 -2.185354 -2.231791 -2.275862 -2.317858 -2.358026 -2.396577 
-2.389848 -2.350580 -2.309557 -2.266530 -2.221200 -2.173208 -2.122115 -2.067392 -2.008400 -1.944383 -1.874478 -1.797798 -1.713682 -1.622362 -1.526521 -1.434320 -1.362841 -1.335040 -1.362841 -1.434320 -1.526521 -1.622362 -1.713682 -1.797798 -1.874478 -1.944383 -2.008400 -2.067392 -2.122115 -2.173208 -2.221200 -2.266530 -2.309557 -2.350580 -2.389848 
-2.385297 -2.345533 -2.303916 -2.260170 -2.213957 -2.164862 -2.112370 -2.055840 -1.994462 -1.927219 -1.852841 -1.769789 -1.676366 -1.571218 -1.455014 -1.335040 -1.234030 -1.192209 -1.234030 -1.335040 -1.455014 -1.571218 -1.676366 -1.769789 -1.852841 -1.927219 -1.994462 -2.055840 -2.112370 -2.164862 -2.213957 -2.260170 -2.303916 -2.345533 -2.385297 
-2.383001 -2.342984 -2.301063 -2.256947 -2.210278 -2.160610 -2.107388 -2.049905 -1.987256 -1.918270 -1.841427 -1.754771 -1.655876 -1.542135 -1.412203 -1.271217 -1.144498 -1.089061 -1.144498 -1.271217 -1.412203 -1.542135 -1.655876 -1.754771 -1.841427 -1.918270 -1.987256 -2.049905 -2.107388 -2.160610 -2.210278 -2.256947 -2.301063 -2.342984 -2.383001 
-2.382713 -2.342664 -2.300705 -2.256542 -2.209815 -2.160075 -2.106760 -2.049156 -1.986343 -1.917133 -1.839971 -1.752841 -1.653217 -1.538304 -1.406429 -1.262302 -1.131454 -1.073696 -1.131454 -1.262302 -1.406429 -1.538304 -1.653217 -1.752841 -1.839971 -1.917133 -1.986343 -2.049156 -2.106760 -2.160075 -2.209815 -2.256542 -2.300705 -2.342664 -2.382713 
-2.383013 -2.342997 -2.301079 -2.256965 -2.210298 -2.160634 -2.107416 -2.049938 -1.987295 -1.918319 -1.841491 -1.754854 -1.655991 -1.542300 -1.412451 -1.271599 -1.145054 -1.089714 -1.145054 -1.271599 -1.412451 -1.542300 -1.655991 -1.754854 -1.841491 -1.918319 -1.987295 -2.049938 -2.107416 -2.160634 -2.210298 -2.256965 -2.301079 -2.342997 -2.383013 
-2.385334 -2.345574 -2.303962 -2.260222 -2.214016 -2.164930 -2.112450 -2.055935 -1.994577 -1.927361 -1.853022 -1.770026 -1.676687 -1.571667 -1.455661 -1.335977 -1.235300 -1.193647 -1.235300 -1.335977 -1.455661 -1.571667 -1.676687 -1.770026 -1.853022 -1.927361 -1.994577 -2.055935 -2.112450 -2.164930 -2.214016 -2.260222 -2.303962 -2.345574 -2.385334 
-2.389909 -2.350647 -2.309632 -2.266615 -2.221297 -2.173319 -2.122244 -2.067544 -2.008584 -1.944608 -1.874760 -1.798158 -1.714155 -1.622996 -1.527382 -1.435469 -1.364273 -1.336599 -1.364273 -1.435469 -1.527382 -1.622996 -1.714155 -1.798158 -1.874760 -1.944608 -2.008584 -2.067544 -2.122244 -2.173319 -2.221297 -2.266615 -2.309632 -2.350647 -2.389909 
-2.396661 -2.358119 -2.317961 -2.275978 -2.231922 -2.185504 -2.136387 -2.084186 -2.028468 -1.968779 -1.904703 -1.836005 -1.762936 -1.686848 -1.611261 -1.543281 -1.494111 -1.475869 -1.494111 -1.543281 -1.611261 -1.686848 -1.762936 -1.836005 -1.904703 -1.968779 -2.028468 -2.084186 -2.136387 -2.185504 -2.231922 -2.275978 -2.317961 -2.358119 -2.396661 
-2.405479 -2.367849 -2.328773 -2.288084 -2.245592 -2.201088 -2.154342 -2.105113 -2.053173 -1.998345 -1.940589 -1.880157 -1.817863 -1.755515 -1.696487 -1.646161 -1.611523 -1.599067 -1.611523 -1.646161 -1.696487 -1.755515 -1.817863 -1.880157 -1.940589 -1.998345 -2.053173 -2.105113 -2.154342 -2.201088 -2.245592 -2.288084 -2.328773 -2.367849 -2.405479 
-2.416224 -2.379668 -2.341854 -2.302661 -2.261960 -2.219617 -2.175505 -2.129517 -2.081597 -2.031790 -1.980323 -1.927740 -1.875096 -1.824206 -1.777879 -1.739941 -1.714720 -1.705835 -1.714720 -1.739941 -1.777879 -1.824206 -1.875096 -1.927740 -1.980323 -2.031790 -2.081597 -2.129517 -2.175505 -2.219617 -2.261960 -2.302661 -2.341854 -2.379668 -2.416224 
-2.428741 -2.393384 -2.356968 -2.319414 -2.280651 -2.240614 -2.199266 -2.156607 -2.112716 -2.067788 -2.022211 -1.976657 -1.932206 -1.890465 -1.853623 -1.824338 -1.805336 -1.798733 -1.805336 -1.824338 -1.853623 -1.890465 -1.932206 -1.976657 -2.022211 -2.067788 -2.112716 -2.156607 -2.199266 -2.240614 -2.280651 -2.319414 -2.356968 -2.393384 -2.428741 
-2.442862 -2.408795 -2.373867 -2.338042 -2.301294 -2.263621 -2.225052 -2.185674 -2.145653 -2.105276 -2.065003 -2.025528 -1.987843 -1.953281 -1.923497 -1.900340 -1.885571 -1.880488 -1.885571 -1.900340 -1.923497 -1.953281 -1.987843 -2.025528 -2.065003 -2.105276 -2.145653 -2.185674 -2.225052 -2.263621 -2.301294 -2.338042 -2.373867 -2.408795 -2.442862 
-2.458418 -2.425698 -2.392310 -2.358251 -2.323537 -2.288211 -2.252357 -2.216115 -2.179705 -2.143457 -2.107847 -2.073526 -2.041356 -2.012407 -1.987921 -1.969194 -1.957400 -1.953368 -1.957400 -1.969194 -1.987921 -2.012407 -2.041356 -2.073526 -2.107847 -2.143457 -2.179705 -2.216115 -2.252357 -2.288211 -2.323537 -2.358251 -2.392310 -2.425698 -2.458418 
-2.475237 -2.443893 -2.412062 -2.379768 -2.347059 -2.314013 -2.280748 -2.247439 -2.214331 -2.181764 -2.150192 -2.120199 -2.092509 -2.067971 -2.047513 -2.032062 -2.022421 -2.019142 -2.022421 -2.032062 -2.047513 -2.067971 -2.092509 -2.120199 -2.150192 -2.181764 -2.214331 -2.247439 -2.280748 -2.314013 -2.347059 -2.379768 -2.412062 -2.443893 -2.475237 
-2.493158 -2.463194 -2.432907 -2.402345 -2.371579 -2.340708 -2.309872 -2.279263 -2.249133 -2.219810 -2.191709 -2.165339 -2.141296 -2.120251 -2.102905 -2.089929 -2.081889 -2.079164 -2.081889 -2.089929 -2.102905 -2.120251 -2.141296 -2.165339 -2.191709 -2.219810 -2.249133 -2.279263 -2.309872 -2.340708 -2.371579 -2.402345 -2.432907 -2.463194 -2.493158 
-2.512027 -2.483427 -2.454651 -2.425765 -2.396852 -2.368029 -2.339446 -2.311298 -2.283830 -2.257347 -2.232220 -2.208883 -2.187825 -2.169576 -2.154670 -2.143603 -2.136782 -2.134478 -2.136782 -2.143603 -2.154670 -2.169576 -2.187825 -2.208883 -2.232220 -2.257347 -2.283830 -2.311298 -2.339446 -2.368029 -2.396852 -2.425765 -2.454651 -2.483427 -2.512027 
-2.531704 -2.504435 -2.477121 -2.449837 -2.422677 -2.395764 -2.369250 -2.343327 -2.318226 -2.294223 -2.271644 -2.250855 -2.232258 -2.216271 -2.203307 -2.193739 -2.187868 -2.185888 -2.187868 -2.193739 -2.203307 -2.216271 -2.232258 -2.250855 -2.271644 -2.294223 -2.318226 -2.343327 -2.369250 -2.395764 -2.422677 -2.449837 -2.477121 -2.504435 -2.531704 
-2.552060 -2.526079 -2.500166 -2.474400 -2.448883 -2.423738 -2.399116 -2.375196 -2.352194 -2.330355 -2.309963 -2.291325 -2.274771 -2.260635 -2.249240 -2.240869 -2.235750 -2.234027 -2.235750 -2.240869 -2.249240 -2.260635 -2.274771 -2.291325 -2.309963 -2.330355 -2.352194 -2.375196 -2.399116 -2.423738 -2.448883 -2.474400 -2.500166 -2.526079 -2.552060 
-2.572982 -2.548238 -2.523656 -2.499322 -2.475336 -2.451819 -2.428917 -2.406797 -2.385653 -2.365705 -2.347195 -2.330384 -2.315541 -2.302937 -2.292824 -2.285425 -2.280911 -2.279394 -2.280911 -2.285425 -2.292824 -2.302937 -2.315541 -2.330384 -2.347195 -2.365705 -2.385653 -2.406797 -2.428917 -2.451819 -2.475336 -2.499322 -2.523656 -2.548238 -2.572982 
-2.594369 -2.570804 -2.547483 -2.524489 -2.501923 -2.479902 -2.458561 -2.438056 -2.418560 -2.400266 -2.383384 -2.368132 -2.354735 -2.343409 -2.334359 -2.327758 -2.323740 -2.322391 -2.323740 -2.327758 -2.334359 -2.343409 -2.354735 -2.368132 -2.383384 -2.400266 -2.418560 -2.438056 -2.458561 -2.479902 -2.501923 -2.524489 -2.547483 -2.570804 -2.594369 
-2.616132 -2.593687 -2.571552 -2.549810 -2.528558 -2.507907 -2.487982 -2.468925 -2.450892 -2.434051 -2.418582 -2.404671 -2.392503 -2.382257 -2.374095 -2.368158 -2.364551 -2.363341 -2.364551 -2.368158 -2.374095 -2.382257 -2.392503 -2.404671 -2.418582 -2.434051 -2.450892 -2.468925 -2.487982 -2.507907 -2.528558 -2.549810 -2.571552 -2.593687 -2.616132 
