77 77
2.099654e+01 0 5
0.484259 0.494838 0.505362 0.515822 0.526211 0.536521 0.546743 0.556869 0.566887 0.576788 0.586561 0.596194 0.605676 0.614992 0.624130 0.633077 0.641816 0.650333 0.658613 0.666639 0.674395 0.681864 0.689028 0.695871 0.702375 0.708523 0.714298 0.719683 0.724662 0.729219 0.733340 0.737011 0.740220 0.742955 0.745207 0.746967 0.748229 0.748988 0.749241 0.748988 0.748229 0.746967 0.745207 0.742955 0.740220 0.737011 0.733340 0.729219 0.724662 0.719683 0.714298 0.708523 0.702375 0.695871 0.689028 0.681864 0.674395 0.666639 0.658613 0.650333 0.641816 0.633077 0.624130 0.614992 0.605676 0.596194 0.586561 0.576788 0.566887 0.556869 0.546743 0.536521 0.526211 0.515822 0.505362 0.494838 0.484259 
0.494126 0.504925 0.515673 0.526363 0.536988 0.547539 0.558007 0.568384 0.578658 0.588820 0.598858 0.608760 0.618513 0.628105 0.637522 0.646747 0.655768 0.664567 0.673128 0.681433 0.689466 0.697208 0.704641 0.711747 0.718506 0.724900 0.730911 0.736520 0.741710 0.746463 0.750764 0.754598 0.757951 0.760809 0.763164 0.765005 0.766325 0.767119 0.767384 0.767119 0.766325 0.765005 0.763164 0.760809 0.757951 0.754598 0.750764 0.746463 0.741710 0.736520 0.730911 0.724900 0.718506 0.711747 0.704641 0.697208 0.689466 0.681433 0.673128 0.664567 0.655768 0.646747 0.637522 0.628105 0.618513 0.608760 0.598858 0.588820 0.578658 0.568384 0.558007 0.547539 0.536988 0.526363 0.515673 0.504925 0.494126 
0.503907 0.514929 0.525907 0.536832 0.547698 0.558496 0.569217 0.579852 0.590390 0.600821 0.611132 0.621313 0.631349 0.641228 0.650934 0.660452 0.669766 0.678860 0.687716 0.696316 0.704641 0.712673 0.720390 0.727774 0.734805 0.741461 0.747724 0.753572 0.758988 0.763952 0.768446 0.772454 0.775961 0.778954 0.781419 0.783347 0.784730 0.785562 0.785840 0.785562 0.784730 0.783347 0.781419 0.778954 0.775961 0.772454 0.768446 0.763952 0.758988 0.753572 0.747724 0.741461 0.734805 0.727774 0.720390 0.712673 0.704641 0.696316 0.687716 0.678860 0.669766 0.660452 0.650934 0.641228 0.631349 0.621313 0.611132 0.600821 0.590390 0.579852 0.569217 0.558496 0.547698 0.536832 0.525907 0.514929 0.503907 
0.513593 0.524843 0.536055 0.547221 0.558333 0.569384 0.580364 0.591265 0.602074 0.612782 0.623377 0.633846 0.644176 0.654352 0.664360 0.674183 0.683805 0.693209 0.702375 0.711285 0.719918 0.728255 0.736275 0.743954 0.751273 0.758210 0.764741 0.770846 0.776504 0.781694 0.786396 0.790593 0.794267 0.797403 0.799988 0.802010 0.803461 0.804335 0.804626 0.804335 0.803461 0.802010 0.799988 0.797403 0.794267 0.790593 0.786396 0.781694 0.776504 0.770846 0.764741 0.758210 0.751273 0.743954 0.736275 0.728255 0.719918 0.711285 0.702375 0.693209 0.683805 0.674183 0.664360 0.654352 0.644176 0.633846 0.623377 0.612782 0.602074 0.591265 0.580364 0.569384 0.558333 0.547221 0.536055 0.524843 0.513593 
0.523176 0.534658 0.546108 0.557519 0.568884 0.580194 0.591440 0.602613 0.613702 0.624696 0.635583 0.646351 0.656985 0.667471 0.677793 0.687935 0.697879 0.707606 0.717099 0.726335 0.735294 0.743954 0.752294 0.760288 0.767915 0.775149 0.781969 0.788349 0.794267 0.799700 0.804626 0.809026 0.812881 0.816173 0.818887 0.821012 0.822537 0.823455 0.823762 0.823455 0.822537 0.821012 0.818887 0.816173 0.812881 0.809026 0.804626 0.799700 0.794267 0.788349 0.781969 0.775149 0.767915 0.760288 0.752294 0.743954 0.735294 0.726335 0.717099 0.707606 0.697879 0.687935 0.677793 0.667471 0.656985 0.646351 0.635583 0.624696 0.613702 0.602613 0.591440 0.580194 0.568884 0.557519 0.546108 0.534658 0.523176 
0.532648 0.544365 0.556057 0.567718 0.579340 0.590915 0.602433 0.613886 0.625262 0.636551 0.647741 0.658817 0.669766 0.680574 0.691223 0.701697 0.711978 0.722046 0.731881 0.741461 0.750764 0.759767 0.768446 0.776775 0.784730 0.792284 0.799412 0.806087 0.812285 0.817980 0.823149 0.827769 0.831819 0.835280 0.838136 0.840373 0.841978 0.842945 0.843268 0.842945 0.841978 0.840373 0.838136 0.835280 0.831819 0.827769 0.823149 0.817980 0.812285 0.806087 0.799412 0.792284 0.784730 0.776775 0.768446 0.759767 0.750764 0.741461 0.731881 0.722046 0.711978 0.701697 0.691223 0.680574 0.669766 0.658817 0.647741 0.636551 0.625262 0.613886 0.602433 0.590915 0.579340 0.567718 0.556057 0.544365 0.532648 
0.541998 0.553953 0.565892 0.577807 0.589691 0.601537 0.613334 0.625074 0.636745 0.648337 0.659838 0.671234 0.682510 0.693651 0.704641 0.715462 0.726095 0.736520 0.746715 0.756658 0.766325 0.775691 0.784730 0.793416 0.801721 0.809617 0.817075 0.824069 0.830568 0.836547 0.841978 0.846837 0.851100 0.854745 0.857755 0.860112 0.861806 0.862826 0.863166 0.862826 0.861806 0.860112 0.857755 0.854745 0.851100 0.846837 0.841978 0.836547 0.830568 0.824069 0.817075 0.809617 0.801721 0.793416 0.784730 0.775691 0.766325 0.756658 0.746715 0.736520 0.726095 0.715462 0.704641 0.693651 0.682510 0.671234 0.659838 0.648337 0.636745 0.625074 0.613334 0.601537 0.589691 0.577807 0.565892 0.553953 0.541998 
0.551216 0.563414 0.575602 0.587776 0.599927 0.612048 0.624130 0.636164 0.648138 0.660043 0.671864 0.683589 0.695204 0.706692 0.718036 0.729219 0.740220 0.751019 0.761593 0.771918 0.781969 0.791719 0.801142 0.810208 0.818887 0.827150 0.834965 0.842300 0.849126 0.855412 0.861128 0.866246 0.870740 0.874587 0.877764 0.880255 0.882045 0.883123 0.883483 0.883123 0.882045 0.880255 0.877764 0.874587 0.870740 0.866246 0.861128 0.855412 0.849126 0.842300 0.834965 0.827150 0.818887 0.810208 0.801142 0.791719 0.781969 0.771918 0.761593 0.751019 0.740220 0.729219 0.718036 0.706692 0.695204 0.683589 0.671864 0.660043 0.648138 0.636164 0.624130 0.612048 0.599927 0.587776 0.575602 0.563414 0.551216 
0.560293 0.572735 0.585177 0.597613 0.610036 0.622438 0.634811 0.647144 0.659429 0.671654 0.683805 0.695871 0.707835 0.719683 0.731396 0.742955 0.754341 0.765532 0.776504 0.787232 0.797689 0.807848 0.817678 0.827150 0.836230 0.844886 0.853084 0.860789 0.867968 0.874587 0.880612 0.886014 0.890761 0.894827 0.898189 0.900826 0.902721 0.903864 0.904245 0.903864 0.902721 0.900826 0.898189 0.894827 0.890761 0.886014 0.880612 0.874587 0.867968 0.860789 0.853084 0.844886 0.836230 0.827150 0.817678 0.807848 0.797689 0.787232 0.776504 0.765532 0.754341 0.742955 0.731396 0.719683 0.707835 0.695871 0.683805 0.671654 0.659429 0.647144 0.634811 0.622438 0.610036 0.597613 0.585177 0.572735 0.560293 
0.569217 0.581906 0.594604 0.607306 0.620004 0.632692 0.645361 0.658002 0.670604 0.683157 0.695648 0.708064 0.720390 0.732610 0.744705 0.756658 0.768446 0.780047 0.791437 0.802590 0.813477 0.824069 0.834333 0.844238 0.853747 0.862826 0.871436 0.879542 0.887104 0.894085 0.900448 0.906159 0.911183 0.915492 0.919056 0.921854 0.923866 0.925078 0.925484 0.925078 0.923866 0.921854 0.919056 0.915492 0.911183 0.906159 0.900448 0.894085 0.887104 0.879542 0.871436 0.862826 0.853747 0.844238 0.834333 0.824069 0.813477 0.802590 0.791437 0.780047 0.768446 0.756658 0.744705 0.732610 0.720390 0.708064 0.695648 0.683157 0.670604 0.658002 0.645361 0.632692 0.620004 0.607306 0.594604 0.581906 0.569217 
0.577977 0.590915 0.603871 0.616842 0.629820 0.642798 0.655768 0.668721 0.681648 0.694538 0.707378 0.720154 0.732853 0.745458 0.757951 0.770312 0.782519 0.794551 0.806380 0.817980 0.829322 0.840373 0.851100 0.861467 0.871436 0.880970 0.890026 0.898565 0.906543 0.913919 0.920652 0.926702 0.932031 0.936606 0.940394 0.943369 0.945510 0.946801 0.947233 0.946801 0.945510 0.943369 0.940394 0.936606 0.932031 0.926702 0.920652 0.913919 0.906543 0.898565 0.890026 0.880970 0.871436 0.861467 0.851100 0.840373 0.829322 0.817980 0.806380 0.794551 0.782519 0.770312 0.757951 0.745458 0.732853 0.720154 0.707378 0.694538 0.681648 0.668721 0.655768 0.642798 0.629820 0.616842 0.603871 0.590915 0.577977 
0.586561 0.599749 0.612966 0.626208 0.639468 0.652740 0.666016 0.679288 0.692546 0.705779 0.718976 0.732124 0.745207 0.758210 0.771114 0.783899 0.796545 0.809026 0.821317 0.833389 0.845210 0.856749 0.867968 0.878830 0.889293 0.899317 0.908856 0.917864 0.926295 0.934103 0.941241 0.947665 0.953330 0.958199 0.962235 0.965407 0.967692 0.969070 0.969531 0.969070 0.967692 0.965407 0.962235 0.958199 0.953330 0.947665 0.941241 0.934103 0.926295 0.917864 0.908856 0.899317 0.889293 0.878830 0.867968 0.856749 0.845210 0.833389 0.821317 0.809026 0.796545 0.783899 0.771114 0.758210 0.745207 0.732124 0.718976 0.705779 0.692546 0.679288 0.666016 0.652740 0.639468 0.626208 0.612966 0.599749 0.586561 
0.594957 0.608396 0.621875 0.635390 0.648935 0.662504 0.676090 0.689685 0.703280 0.716864 0.730427 0.743954 0.757433 0.770846 0.784176 0.797403 0.810504 0.823455 0.836230 0.848798 0.861128 0.873183 0.884927 0.896318 0.907312 0.917864 0.927925 0.937444 0.946370 0.954651 0.962235 0.969070 0.975108 0.980303 0.984615 0.988007 0.990452 0.991927 0.992421 0.991927 0.990452 0.988007 0.984615 0.980303 0.975108 0.969070 0.962235 0.954651 0.946370 0.937444 0.927925 0.917864 0.907312 0.896318 0.884927 0.873183 0.861128 0.848798 0.836230 0.823455 0.810504 0.797403 0.784176 0.770846 0.757433 0.743954 0.730427 0.716864 0.703280 0.689685 0.676090 0.662504 0.648935 0.635390 0.621875 0.608396 0.594957 
0.603152 0.616842 0.630584 0.644373 0.658205 0.672074 0.685974 0.699896 0.713833 0.727774 0.741710 0.755627 0.769511 0.783347 0.797117 0.810800 0.824376 0.837818 0.851100 0.864190 0.877056 0.889660 0.901962 0.913919 0.925484 0.936606 0.947233 0.957309 0.966776 0.975577 0.983652 0.990943 0.997394 1.002954 1.007573 1.011212 1.013837 1.015421 1.015951 1.015421 1.013837 1.011212 1.007573 1.002954 0.997394 0.990943 0.983652 0.975577 0.966776 0.957309 0.947233 0.936606 0.925484 0.913919 0.901962 0.889660 0.877056 0.864190 0.851100 0.837818 0.824376 0.810800 0.797117 0.783347 0.769511 0.755627 0.741710 0.727774 0.713833 0.699896 0.685974 0.672074 0.658205 0.644373 0.630584 0.616842 0.603152 
0.611132 0.625074 0.639078 0.653143 0.667263 0.681433 0.695648 0.709902 0.724185 0.738489 0.752804 0.767119 0.781419 0.795689 0.809912 0.824069 0.838136 0.852090 0.865902 0.879542 0.892973 0.906159 0.919056 0.931619 0.943796 0.955535 0.966776 0.977460 0.987521 0.996894 1.005512 1.013310 1.020223 1.026189 1.031155 1.035071 1.037898 1.039606 1.040177 1.039606 1.037898 1.035071 1.031155 1.026189 1.020223 1.013310 1.005512 0.996894 0.987521 0.977460 0.966776 0.955535 0.943796 0.931619 0.919056 0.906159 0.892973 0.879542 0.865902 0.852090 0.838136 0.824069 0.809912 0.795689 0.781419 0.767119 0.752804 0.738489 0.724185 0.709902 0.695648 0.681433 0.667263 0.653143 0.639078 0.625074 0.611132 
0.618886 0.633077 0.647343 0.661682 0.676090 0.690563 0.705096 0.719683 0.734316 0.748988 0.763689 0.778408 0.793132 0.807848 0.822537 0.837182 0.851760 0.866246 0.880612 0.894827 0.908856 0.922657 0.936187 0.949398 0.962235 0.974640 0.986549 0.997896 1.008609 1.018614 1.027836 1.036199 1.043628 1.050053 1.055409 1.059638 1.062695 1.064543 1.065162 1.064543 1.062695 1.059638 1.055409 1.050053 1.043628 1.036199 1.027836 1.018614 1.008609 0.997896 0.986549 0.974640 0.962235 0.949398 0.936187 0.922657 0.908856 0.894827 0.880612 0.866246 0.851760 0.837182 0.822537 0.807848 0.793132 0.778408 0.763689 0.748988 0.734316 0.719683 0.705096 0.690563 0.676090 0.661682 0.647343 0.633077 0.618886 
0.626397 0.640836 0.655363 0.669976 0.684671 0.699447 0.714298 0.729219 0.744205 0.759247 0.774339 0.789469 0.804626 0.819797 0.834965 0.850112 0.865216 0.880255 0.895199 0.910018 0.924674 0.939127 0.953330 0.967234 0.980780 0.993905 1.006541 1.018614 1.030045 1.040750 1.050643 1.059638 1.067649 1.074591 1.080390 1.084977 1.088295 1.090304 1.090977 1.090304 1.088295 1.084977 1.080390 1.074591 1.067649 1.059638 1.050643 1.040750 1.030045 1.018614 1.006541 0.993905 0.980780 0.967234 0.953330 0.939127 0.924674 0.910018 0.895199 0.880255 0.865216 0.850112 0.834965 0.819797 0.804626 0.789469 0.774339 0.759247 0.744205 0.729219 0.714298 0.699447 0.684671 0.669976 0.655363 0.640836 0.626397 
0.633654 0.648337 0.663122 0.678006 0.692988 0.708064 0.723233 0.738489 0.753828 0.769244 0.784730 0.800276 0.815872 0.831506 0.847163 0.862826 0.878474 0.894085 0.909630 0.925078 0.940394 0.955535 0.970454 0.985097 0.999405 1.013310 1.026737 1.039606 1.051828 1.063310 1.073954 1.083659 1.092326 1.099857 1.106161 1.111157 1.114777 1.116970 1.117705 1.116970 1.114777 1.111157 1.106161 1.099857 1.092326 1.083659 1.073954 1.063310 1.051828 1.039606 1.026737 1.013310 0.999405 0.985097 0.970454 0.955535 0.940394 0.925078 0.909630 0.894085 0.878474 0.862826 0.847163 0.831506 0.815872 0.800276 0.784730 0.769244 0.753828 0.738489 0.723233 0.708064 0.692988 0.678006 0.663122 0.648337 0.633654 
0.640640 0.655565 0.670604 0.685756 0.701021 0.716397 0.731881 0.747471 0.763164 0.778954 0.794835 0.810800 0.826841 0.842945 0.859100 0.875290 0.891497 0.907697 0.923866 0.939971 0.955977 0.971843 0.987521 1.002954 1.018080 1.032827 1.047116 1.060857 1.073954 1.086300 1.097785 1.108292 1.117705 1.125908 1.132792 1.138260 1.142228 1.144636 1.145443 1.144636 1.142228 1.138260 1.132792 1.125908 1.117705 1.108292 1.097785 1.086300 1.073954 1.060857 1.047116 1.032827 1.018080 1.002954 0.987521 0.971843 0.955977 0.939971 0.923866 0.907697 0.891497 0.875290 0.859100 0.842945 0.826841 0.810800 0.794835 0.778954 0.763164 0.747471 0.731881 0.716397 0.701021 0.685756 0.670604 0.655565 0.640640 
0.647343 0.662504 0.677793 0.693209 0.708752 0.724423 0.740220 0.756142 0.772186 0.788349 0.804626 0.821012 0.837500 0.854080 0.870740 0.887468 0.904245 0.921052 0.937864 0.954651 0.971380 0.988007 1.004486 1.020760 1.036764 1.052422 1.067649 1.082347 1.096411 1.109721 1.122151 1.133567 1.143831 1.152806 1.160362 1.166378 1.170754 1.173411 1.174303 1.173411 1.170754 1.166378 1.160362 1.152806 1.143831 1.133567 1.122151 1.109721 1.096411 1.082347 1.067649 1.052422 1.036764 1.020760 1.004486 0.988007 0.971380 0.954651 0.937864 0.921052 0.904245 0.887468 0.870740 0.854080 0.837500 0.821012 0.804626 0.788349 0.772186 0.756142 0.740220 0.724423 0.708752 0.693209 0.677793 0.662504 0.647343 
0.653747 0.669139 0.684671 0.700346 0.716163 0.732124 0.748229 0.764478 0.780870 0.797403 0.814074 0.830881 0.847816 0.864874 0.882045 0.899317 0.916676 0.934103 0.951577 0.969070 0.986549 1.003975 1.021299 1.038466 1.055409 1.072049 1.088295 1.104045 1.119179 1.133567 1.147063 1.159512 1.170754 1.180622 1.188959 1.195618 1.200473 1.203427 1.204419 1.203427 1.200473 1.195618 1.188959 1.180622 1.170754 1.159512 1.147063 1.133567 1.119179 1.104045 1.088295 1.072049 1.055409 1.038466 1.021299 1.003975 0.986549 0.969070 0.951577 0.934103 0.916676 0.899317 0.882045 0.864874 0.847816 0.830881 0.814074 0.797403 0.780870 0.764478 0.748229 0.732124 0.716163 0.700346 0.684671 0.669139 0.653747 
0.659838 0.675454 0.691223 0.707149 0.723233 0.739477 0.755884 0.772454 0.789189 0.806087 0.823149 0.840373 0.857755 0.875290 0.892973 0.910794 0.928742 0.946801 0.964952 0.983171 1.001428 1.019686 1.037898 1.056009 1.073954 1.091651 1.109006 1.125908 1.142228 1.157821 1.172523 1.186153 1.198521 1.209430 1.218685 1.226104 1.231529 1.234836 1.235948 1.234836 1.231529 1.226104 1.218685 1.209430 1.198521 1.186153 1.172523 1.157821 1.142228 1.125908 1.109006 1.091651 1.073954 1.056009 1.037898 1.019686 1.001428 0.983171 0.964952 0.946801 0.928742 0.910794 0.892973 0.875290 0.857755 0.840373 0.823149 0.806087 0.789189 0.772454 0.755884 0.739477 0.723233 0.707149 0.691223 0.675454 0.659838 
0.665602 0.681433 0.697432 0.713600 0.729943 0.746463 0.763164 0.780047 0.797117 0.814373 0.831819 0.849454 0.867278 0.885289 0.903482 0.921854 0.940394 0.959092 0.977932 0.996894 1.015951 1.035071 1.054211 1.073317 1.092326 1.111157 1.129713 1.147877 1.165511 1.182454 1.198521 1.213505 1.227181 1.239309 1.249651 1.257979 1.264089 1.267823 1.269080 1.267823 1.264089 1.257979 1.249651 1.239309 1.227181 1.213505 1.198521 1.182454 1.165511 1.147877 1.129713 1.111157 1.092326 1.073317 1.054211 1.035071 1.015951 0.996894 0.977932 0.959092 0.940394 0.921854 0.903482 0.885289 0.867278 0.849454 0.831819 0.814373 0.797117 0.780047 0.763164 0.746463 0.729943 0.713600 0.697432 0.681433 0.665602 
0.671024 0.687062 0.703280 0.719683 0.736275 0.753060 0.770044 0.787232 0.804626 0.822232 0.840052 0.858091 0.876349 0.894827 0.913527 0.932445 0.951577 0.970916 0.990452 1.010168 1.030045 1.050053 1.070155 1.090304 1.110438 1.130479 1.150331 1.169873 1.188959 1.207415 1.225032 1.241574 1.256773 1.270342 1.281984 1.291407 1.298352 1.302610 1.304044 1.302610 1.298352 1.291407 1.281984 1.270342 1.256773 1.241574 1.225032 1.207415 1.188959 1.169873 1.150331 1.130479 1.110438 1.090304 1.070155 1.050053 1.030045 1.010168 0.990452 0.970916 0.951577 0.932445 0.913527 0.894827 0.876349 0.858091 0.840052 0.822232 0.804626 0.787232 0.770044 0.753060 0.736275 0.719683 0.703280 0.687062 0.671024 
0.676090 0.692325 0.708752 0.725378 0.742208 0.759247 0.776504 0.793983 0.811690 0.829633 0.847816 0.866246 0.884927 0.903864 0.923059 0.942516 0.962235 0.982213 1.002445 1.022921 1.043628 1.064543 1.085638 1.106870 1.128185 1.149511 1.170754 1.191794 1.212481 1.232627 1.252004 1.270342 1.287327 1.302610 1.315818 1.326582 1.334557 1.339465 1.341122 1.339465 1.334557 1.326582 1.315818 1.302610 1.287327 1.270342 1.252004 1.232627 1.212481 1.191794 1.170754 1.149511 1.128185 1.106870 1.085638 1.064543 1.043628 1.022921 1.002445 0.982213 0.962235 0.942516 0.923059 0.903864 0.884927 0.866246 0.847816 0.829633 0.811690 0.793983 0.776504 0.759247 0.742208 0.725378 0.708752 0.692325 0.676090 
0.680789 0.697208 0.713833 0.730669 0.747724 0.765005 0.782519 0.800276 0.818282 0.836547 0.855078 0.873884 0.892973 0.912353 0.932031 0.952015 0.972308 0.992915 1.013837 1.035071 1.056611 1.078445 1.100551 1.122899 1.145443 1.168120 1.190846 1.213505 1.235948 1.257979 1.279352 1.299763 1.318848 1.336182 1.351301 1.363723 1.372990 1.378721 1.380661 1.378721 1.372990 1.363723 1.351301 1.336182 1.318848 1.299763 1.279352 1.257979 1.235948 1.213505 1.190846 1.168120 1.145443 1.122899 1.100551 1.078445 1.056611 1.035071 1.013837 0.992915 0.972308 0.952015 0.932031 0.912353 0.892973 0.873884 0.855078 0.836547 0.818282 0.800276 0.782519 0.765005 0.747724 0.730669 0.713833 0.697208 0.680789 
0.685105 0.701697 0.718506 0.735539 0.752804 0.770312 0.788069 0.806087 0.824376 0.842945 0.861806 0.880970 0.900448 0.920252 0.940394 0.960884 0.981734 1.002954 1.024551 1.046532 1.068899 1.091651 1.114777 1.138260 1.162068 1.186153 1.210443 1.234836 1.259190 1.283309 1.306938 1.329742 1.351301 1.371108 1.388578 1.403080 1.413994 1.420787 1.423094 1.420787 1.413994 1.403080 1.388578 1.371108 1.351301 1.329742 1.306938 1.283309 1.259190 1.234836 1.210443 1.186153 1.162068 1.138260 1.114777 1.091651 1.068899 1.046532 1.024551 1.002954 0.981734 0.960884 0.940394 0.920252 0.900448 0.880970 0.861806 0.842945 0.824376 0.806087 0.788069 0.770312 0.752804 0.735539 0.718506 0.701697 0.685105 
0.689028 0.705779 0.722758 0.739972 0.757433 0.775149 0.793132 0.811393 0.829945 0.848798 0.867968 0.887468 0.907312 0.927517 0.948097 0.969070 0.990452 1.012259 1.034509 1.057214 1.080390 1.104045 1.128185 1.152806 1.177897 1.203427 1.229346 1.255573 1.281984 1.308397 1.334557 1.360110 1.384588 1.407387 1.427776 1.444926 1.457980 1.466173 1.468969 1.466173 1.457980 1.444926 1.427776 1.407387 1.384588 1.360110 1.334557 1.308397 1.281984 1.255573 1.229346 1.203427 1.177897 1.152806 1.128185 1.104045 1.080390 1.057214 1.034509 1.012259 0.990452 0.969070 0.948097 0.927517 0.907312 0.887468 0.867968 0.848798 0.829945 0.811393 0.793132 0.775149 0.757433 0.739972 0.722758 0.705779 0.689028 
0.692546 0.709441 0.726574 0.743954 0.761593 0.779500 0.797689 0.816173 0.834965 0.854080 0.873534 0.893343 0.913527 0.934103 0.955093 0.976517 0.998398 1.020760 1.043628 1.067025 1.090977 1.115506 1.140634 1.166378 1.192745 1.219733 1.247319 1.275453 1.304044 1.332942 1.361910 1.390598 1.418501 1.444926 1.468969 1.489535 1.505427 1.515516 1.518980 1.515516 1.505427 1.489535 1.468969 1.444926 1.418501 1.390598 1.361910 1.332942 1.304044 1.275453 1.247319 1.219733 1.192745 1.166378 1.140634 1.115506 1.090977 1.067025 1.043628 1.020760 0.998398 0.976517 0.955093 0.934103 0.913527 0.893343 0.873534 0.854080 0.834965 0.816173 0.797689 0.779500 0.761593 0.743954 0.726574 0.709441 0.692546 
0.695648 0.712673 0.729943 0.747471 0.765268 0.783347 0.801721 0.820404 0.839413 0.858763 0.878474 0.898565 0.919056 0.939971 0.961334 0.983171 1.005512 1.028387 1.051828 1.075870 1.100551 1.125908 1.151979 1.178802 1.206412 1.234836 1.264089 1.294163 1.325016 1.356550 1.388578 1.420787 1.452671 1.483472 1.512103 1.537135 1.556869 1.569596 1.574004 1.569596 1.556869 1.537135 1.512103 1.483472 1.452671 1.420787 1.388578 1.356550 1.325016 1.294163 1.264089 1.234836 1.206412 1.178802 1.151979 1.125908 1.100551 1.075870 1.051828 1.028387 1.005512 0.983171 0.961334 0.939971 0.919056 0.898565 0.878474 0.858763 0.839413 0.820404 0.801721 0.783347 0.765268 0.747471 0.729943 0.712673 0.695648 
0.698326 0.715462 0.732853 0.750510 0.768446 0.786674 0.805210 0.824069 0.843268 0.862826 0.882763 0.903102 0.923866 0.945081 0.966776 0.988983 1.011735 1.035071 1.059031 1.083659 1.109006 1.135123 1.162068 1.189901 1.218685 1.248483 1.279352 1.311340 1.344470 1.378721 1.413994 1.450061 1.486484 1.522497 1.556869 1.587777 1.612818 1.629332 1.635125 1.629332 1.612818 1.587777 1.556869 1.522497 1.486484 1.450061 1.413994 1.378721 1.344470 1.311340 1.279352 1.248483 1.218685 1.189901 1.162068 1.135123 1.109006 1.083659 1.059031 1.035071 1.011735 0.988983 0.966776 0.945081 0.923866 0.903102 0.882763 0.862826 0.843268 0.824069 0.805210 0.786674 0.768446 0.750510 0.732853 0.715462 0.698326 
0.700571 0.717802 0.735294 0.753060 0.771114 0.789469 0.808142 0.827150 0.846511 0.866246 0.886376 0.906927 0.927925 0.949398 0.971380 0.993905 1.017014 1.040750 1.065162 1.090304 1.116237 1.143029 1.170754 1.199495 1.229346 1.260406 1.292781 1.326582 1.361910 1.398848 1.437425 1.477562 1.518980 1.561032 1.602459 1.641075 1.673543 1.695653 1.703558 1.695653 1.673543 1.641075 1.602459 1.561032 1.518980 1.477562 1.437425 1.398848 1.361910 1.326582 1.292781 1.260406 1.229346 1.199495 1.170754 1.143029 1.116237 1.090304 1.065162 1.040750 1.017014 0.993905 0.971380 0.949398 0.927925 0.906927 0.886376 0.866246 0.846511 0.827150 0.808142 0.789469 0.771114 0.753060 0.735294 0.717802 0.700571 
0.702375 0.719683 0.737257 0.755112 0.773261 0.791719 0.810504 0.829633 0.849126 0.869005 0.889293 0.910018 0.931206 0.952891 0.975108 0.997896 1.021299 1.045367 1.070155 1.095726 1.122151 1.149511 1.177897 1.207415 1.238184 1.270342 1.304044 1.339465 1.376795 1.416237 1.457980 1.502160 1.548767 1.597456 1.647192 1.695653 1.738466 1.769004 1.780246 1.769004 1.738466 1.695653 1.647192 1.597456 1.548767 1.502160 1.457980 1.416237 1.376795 1.339465 1.304044 1.270342 1.238184 1.207415 1.177897 1.149511 1.122151 1.095726 1.070155 1.045367 1.021299 0.997896 0.975108 0.952891 0.931206 0.910018 0.889293 0.869005 0.849126 0.829633 0.810504 0.791719 0.773261 0.755112 0.737257 0.719683 0.702375 
0.703733 0.721099 0.738736 0.756658 0.774879 0.793416 0.812285 0.831506 0.851100 0.871088 0.891497 0.912353 0.933688 0.955535 0.977932 1.000921 1.024551 1.048875 1.073954 1.099857 1.126665 1.154468 1.183374 1.213505 1.245006 1.278046 1.312824 1.349576 1.388578 1.430152 1.474663 1.522497 1.574004 1.629332 1.688028 1.748165 1.804702 1.847719 1.864271 1.847719 1.804702 1.748165 1.688028 1.629332 1.574004 1.522497 1.474663 1.430152 1.388578 1.349576 1.312824 1.278046 1.245006 1.213505 1.183374 1.154468 1.126665 1.099857 1.073954 1.048875 1.024551 1.000921 0.977932 0.955535 0.933688 0.912353 0.891497 0.871088 0.851100 0.831506 0.812285 0.793416 0.774879 0.756658 0.738736 0.721099 0.703733 
0.704641 0.722046 0.739725 0.757692 0.775961 0.794551 0.813477 0.832760 0.852421 0.872483 0.892973 0.913919 0.935352 0.957309 0.979828 1.002954 1.026737 1.051235 1.076512 1.102643 1.129713 1.157821 1.187085 1.217641 1.249651 1.283309 1.318848 1.356550 1.396759 1.439899 1.486484 1.537135 1.592564 1.653486 1.720300 1.792120 1.864271 1.923643 1.947898 1.923643 1.864271 1.792120 1.720300 1.653486 1.592564 1.537135 1.486484 1.439899 1.396759 1.356550 1.318848 1.283309 1.249651 1.217641 1.187085 1.157821 1.129713 1.102643 1.076512 1.051235 1.026737 1.002954 0.979828 0.957309 0.935352 0.913919 0.892973 0.872483 0.852421 0.832760 0.813477 0.794551 0.775961 0.757692 0.739725 0.722046 0.704641 
0.705096 0.722520 0.740220 0.758210 0.776504 0.795119 0.814074 0.833389 0.853084 0.873183 0.893714 0.914704 0.936187 0.958199 0.980780 1.003975 1.027836 1.052422 1.077799 1.104045 1.131248 1.159512 1.188959 1.219733 1.252004 1.285981 1.321913 1.360110 1.400955 1.444926 1.492628 1.544823 1.602459 1.666649 1.738466 1.818086 1.901920 1.975361 2.007011 1.975361 1.901920 1.818086 1.738466 1.666649 1.602459 1.544823 1.492628 1.444926 1.400955 1.360110 1.321913 1.285981 1.252004 1.219733 1.188959 1.159512 1.131248 1.104045 1.077799 1.052422 1.027836 1.003975 0.980780 0.958199 0.936187 0.914704 0.893714 0.873183 0.853084 0.833389 0.814074 0.795119 0.776504 0.758210 0.740220 0.722520 0.705096 
0.705153 0.722580 0.740282 0.758274 0.776572 0.795191 0.814149 0.833467 0.853166 0.873271 0.893806 0.914803 0.936292 0.958310 0.980899 1.004103 1.027974 1.052571 1.077961 1.104221 1.131441 1.159725 1.189195 1.219995 1.252300 1.286317 1.322299 1.360559 1.401484 1.445562 1.493407 1.545802 1.603727 1.668352 1.740850 1.821568 1.907141 1.982832 2.015738 1.982832 1.907141 1.821568 1.740850 1.668352 1.603727 1.545802 1.493407 1.445562 1.401484 1.360559 1.322299 1.286317 1.252300 1.219995 1.189195 1.159725 1.131441 1.104221 1.077961 1.052571 1.027974 1.004103 0.980899 0.958310 0.936292 0.914803 0.893806 0.873271 0.853166 0.833467 0.814149 0.795191 0.776572 0.758274 0.740282 0.722580 0.705153 
0.705153 0.722580 0.740282 0.758274 0.776572 0.795190 0.814149 0.833467 0.853166 0.873271 0.893806 0.914803 0.936292 0.958310 0.980899 1.004103 1.027974 1.052570 1.077960 1.104221 1.131441 1.159724 1.189194 1.219995 1.252300 1.286316 1.322299 1.360559 1.401484 1.445561 1.493406 1.545802 1.603726 1.668350 1.740847 1.821565 1.907136 1.982825 2.015730 1.982825 1.907136 1.821565 1.740847 1.668350 1.603726 1.545802 1.493406 1.445561 1.401484 1.360559 1.322299 1.286316 1.252300 1.219995 1.189194 1.159724 1.131441 1.104221 1.077960 1.052570 1.027974 1.004103 0.980899 0.958310 0.936292 0.914803 0.893806 0.873271 0.853166 0.833467 0.814149 0.795190 0.776572 0.758274 0.740282 0.722580 0.705153 
0.705153 0.722580 0.740282 0.758274 0.776572 0.795190 0.814149 0.833467 0.853166 0.873271 0.893806 0.914803 0.936292 0.958310 0.980899 1.004102 1.027973 1.052570 1.077960 1.104221 1.131441 1.159724 1.189194 1.219995 1.252300 1.286316 1.322299 1.360559 1.401484 1.445561 1.493406 1.545801 1.603726 1.668350 1.740847 1.821564 1.907135 1.982823 2.015728 1.982823 1.907135 1.821564 1.740847 1.668350 1.603726 1.545801 1.493406 1.445561 1.401484 1.360559 1.322299 1.286316 1.252300 1.219995 1.189194 1.159724 1.131441 1.104221 1.077960 1.052570 1.027973 1.004102 0.980899 0.958310 0.936292 0.914803 0.893806 0.873271 0.853166 0.833467 0.814149 0.795190 0.776572 0.758274 0.740282 0.722580 0.705153 
0.705153 0.722580 0.740282 0.758274 0.776572 0.795191 0.814149 0.833467 0.853166 0.873271 0.893806 0.914803 0.936292 0.958310 0.980899 1.004103 1.027974 1.052571 1.077961 1.104221 1.131441 1.159725 1.189194 1.219995 1.252300 1.286317 1.322299 1.360559 1.401484 1.445562 1.493407 1.545802 1.603727 1.668352 1.740849 1.821568 1.907141 1.982831 2.015737 1.982831 1.907141 1.821568 1.740849 1.668352 1.603727 1.545802 1.493407 1.445562 1.401484 1.360559 1.322299 1.286317 1.252300 1.219995 1.189194 1.159725 1.131441 1.104221 1.077961 1.052571 1.027974 1.004103 0.980899 0.958310 0.936292 0.914803 0.893806 0.873271 0.853166 0.833467 0.814149 0.795191 0.776572 0.758274 0.740282 0.722580 0.705153 
0.705153 0.722580 0.740282 0.758274 0.776572 0.795191 0.814149 0.833467 0.853166 0.873271 0.893806 0.914803 0.936292 0.958310 0.980899 1.004103 1.027974 1.052571 1.077961 1.104221 1.131441 1.159725 1.189195 1.219995 1.252300 1.286317 1.322299 1.360559 1.401484 1.445562 1.493407 1.545802 1.603727 1.668352 1.740850 1.821569 1.907141 1.982833 2.015739 1.982833 1.907141 1.821569 1.740850 1.668352 1.603727 1.545802 1.493407 1.445562 1.401484 1.360559 1.322299 1.286317 1.252300 1.219995 1.189195 1.159725 1.131441 1.104221 1.077961 1.052571 1.027974 1.004103 0.980899 0.958310 0.936292 0.914803 0.893806 0.873271 0.853166 0.833467 0.814149 0.795191 0.776572 0.758274 0.740282 0.722580 0.705153 
0.705094 0.722518 0.740218 0.758207 0.776501 0.795117 0.814072 0.833386 0.853081 0.873180 0.893710 0.914701 0.936184 0.958195 0.980775 1.003970 1.027831 1.052417 1.077794 1.104039 1.131241 1.159505 1.188951 1.219724 1.251994 1.285969 1.321900 1.360095 1.400936 1.444903 1.492600 1.544788 1.602414 1.666589 1.738382 1.817963 1.901737 1.975101 2.006709 1.975101 1.901737 1.817963 1.738382 1.666589 1.602414 1.544788 1.492600 1.444903 1.400936 1.360095 1.321900 1.285969 1.251994 1.219724 1.188951 1.159505 1.131241 1.104039 1.077794 1.052417 1.027831 1.003970 0.980775 0.958195 0.936184 0.914701 0.893710 0.873180 0.853081 0.833386 0.814072 0.795117 0.776501 0.758207 0.740218 0.722518 0.705094 
0.704635 0.722040 0.739718 0.757685 0.775954 0.794543 0.813469 0.832752 0.852412 0.872474 0.892963 0.913909 0.935341 0.957297 0.979815 1.002940 1.026723 1.051219 1.076495 1.102624 1.129692 1.157799 1.187061 1.217614 1.249621 1.283274 1.318808 1.356503 1.396704 1.439833 1.486404 1.537035 1.592436 1.653318 1.720070 1.791798 1.863818 1.923040 1.947221 1.923040 1.863818 1.791798 1.720070 1.653318 1.592436 1.537035 1.486404 1.439833 1.396704 1.356503 1.318808 1.283274 1.249621 1.217614 1.187061 1.157799 1.129692 1.102624 1.076495 1.051219 1.026723 1.002940 0.979815 0.957297 0.935341 0.913909 0.892963 0.872474 0.852412 0.832752 0.813469 0.794543 0.775954 0.757685 0.739718 0.722040 0.704635 
0.703723 0.721089 0.738725 0.756646 0.774867 0.793403 0.812272 0.831492 0.851085 0.871073 0.891481 0.912336 0.933670 0.955515 0.977911 1.000899 1.024527 1.048849 1.073926 1.099827 1.126631 1.154432 1.183334 1.213460 1.244956 1.277989 1.312759 1.349501 1.388490 1.430047 1.474536 1.522341 1.573809 1.629081 1.687699 1.747730 1.804134 1.847021 1.863517 1.847021 1.804134 1.747730 1.687699 1.629081 1.573809 1.522341 1.474536 1.430047 1.388490 1.349501 1.312759 1.277989 1.244956 1.213460 1.183334 1.154432 1.126631 1.099827 1.073926 1.048849 1.024527 1.000899 0.977911 0.955515 0.933670 0.912336 0.891481 0.871073 0.851085 0.831492 0.812272 0.793403 0.774867 0.756646 0.738725 0.721089 0.703723 
0.702361 0.719668 0.737242 0.755096 0.773244 0.791702 0.810486 0.829614 0.849106 0.868984 0.889271 0.909994 0.931181 0.952864 0.975079 0.997865 1.021266 1.045331 1.070117 1.095684 1.122105 1.149460 1.177841 1.207353 1.238115 1.270265 1.303956 1.339363 1.376678 1.416099 1.457815 1.501961 1.548523 1.597152 1.646812 1.695176 1.737885 1.768332 1.779538 1.768332 1.737885 1.695176 1.646812 1.597152 1.548523 1.501961 1.457815 1.416099 1.376678 1.339363 1.303956 1.270265 1.238115 1.207353 1.177841 1.149460 1.122105 1.095684 1.070117 1.045331 1.021266 0.997865 0.975079 0.952864 0.931181 0.909994 0.889271 0.868984 0.849106 0.829614 0.810486 0.791702 0.773244 0.755096 0.737242 0.719668 0.702361 
0.700553 0.717783 0.735275 0.753040 0.771093 0.789447 0.808119 0.827125 0.846485 0.866219 0.886348 0.906897 0.927892 0.949364 0.971343 0.993866 1.016972 1.040705 1.065113 1.090251 1.116179 1.142965 1.170684 1.199418 1.229260 1.260310 1.292673 1.326458 1.361767 1.398682 1.437230 1.477332 1.518704 1.560700 1.602060 1.640599 1.672991 1.695041 1.702923 1.695041 1.672991 1.640599 1.602060 1.560700 1.518704 1.477332 1.437230 1.398682 1.361767 1.326458 1.292673 1.260310 1.229260 1.199418 1.170684 1.142965 1.116179 1.090251 1.065113 1.040705 1.016972 0.993866 0.971343 0.949364 0.927892 0.906897 0.886348 0.866219 0.846485 0.827125 0.808119 0.789447 0.771093 0.753040 0.735275 0.717783 0.700553 
0.698304 0.715440 0.732830 0.750486 0.768420 0.786647 0.805182 0.824039 0.843237 0.862793 0.882728 0.903065 0.923827 0.945039 0.966732 0.988936 1.011685 1.035017 1.058972 1.083596 1.108937 1.135048 1.161985 1.189810 1.218584 1.248370 1.279226 1.311197 1.344307 1.378534 1.413779 1.449811 1.486192 1.522155 1.556471 1.587320 1.612307 1.628781 1.634559 1.628781 1.612307 1.587320 1.556471 1.522155 1.486192 1.449811 1.413779 1.378534 1.344307 1.311197 1.279226 1.248370 1.218584 1.189810 1.161985 1.135048 1.108937 1.083596 1.058972 1.035017 1.011685 0.988936 0.966732 0.945039 0.923827 0.903065 0.882728 0.862793 0.843237 0.824039 0.805182 0.786647 0.768420 0.750486 0.732830 0.715440 0.698304 
0.695623 0.712646 0.729916 0.747442 0.765238 0.783315 0.801688 0.820369 0.839376 0.858725 0.878434 0.898522 0.919011 0.939923 0.961283 0.983117 1.005454 1.028324 1.051760 1.075797 1.100472 1.125821 1.151885 1.178699 1.206298 1.234710 1.263948 1.294005 1.324838 1.356348 1.388349 1.420525 1.452372 1.483131 1.511718 1.536704 1.556399 1.569099 1.573497 1.569099 1.556399 1.536704 1.511718 1.483131 1.452372 1.420525 1.388349 1.356348 1.324838 1.294005 1.263948 1.234710 1.206298 1.178699 1.151885 1.125821 1.100472 1.075797 1.051760 1.028324 1.005454 0.983117 0.961283 0.939923 0.919011 0.898522 0.878434 0.858725 0.839376 0.820369 0.801688 0.783315 0.765238 0.747442 0.729916 0.712646 0.695623 
0.692517 0.709411 0.726543 0.743922 0.761558 0.779464 0.797651 0.816133 0.834923 0.854036 0.873487 0.893295 0.913475 0.934049 0.955035 0.976455 0.998332 1.020690 1.043552 1.066943 1.090888 1.115410 1.140530 1.166264 1.192620 1.219595 1.247166 1.275283 1.303855 1.332730 1.361673 1.390331 1.418202 1.444592 1.468599 1.489132 1.504995 1.515064 1.518521 1.515064 1.504995 1.489132 1.468599 1.444592 1.418202 1.390331 1.361673 1.332730 1.303855 1.275283 1.247166 1.219595 1.192620 1.166264 1.140530 1.115410 1.090888 1.066943 1.043552 1.020690 0.998332 0.976455 0.955035 0.934049 0.913475 0.893295 0.873487 0.854036 0.834923 0.816133 0.797651 0.779464 0.761558 0.743922 0.726543 0.709411 0.692517 
0.688995 0.705745 0.722722 0.739936 0.757394 0.775109 0.793090 0.811349 0.829898 0.848749 0.867916 0.887413 0.907255 0.927456 0.948033 0.969001 0.990379 1.012181 1.034425 1.057124 1.080293 1.103940 1.128071 1.152683 1.177762 1.203279 1.229184 1.255395 1.281786 1.308179 1.334315 1.359843 1.384293 1.407063 1.427424 1.444547 1.457580 1.465759 1.468550 1.465759 1.457580 1.444547 1.427424 1.407063 1.384293 1.359843 1.334315 1.308179 1.281786 1.255395 1.229184 1.203279 1.177762 1.152683 1.128071 1.103940 1.080293 1.057124 1.034425 1.012181 0.990379 0.969001 0.948033 0.927456 0.907255 0.887413 0.867916 0.848749 0.829898 0.811349 0.793090 0.775109 0.757394 0.739936 0.722722 0.705745 0.688995 
0.685069 0.701660 0.718467 0.735498 0.752762 0.770267 0.788023 0.806038 0.824325 0.842891 0.861749 0.880910 0.900385 0.920186 0.940323 0.960809 0.981655 1.002869 1.024460 1.046435 1.068795 1.091538 1.114656 1.138128 1.161925 1.185998 1.210274 1.234652 1.258987 1.283088 1.306696 1.329477 1.351013 1.370796 1.388243 1.402725 1.413622 1.420404 1.422708 1.420404 1.413622 1.402725 1.388243 1.370796 1.351013 1.329477 1.306696 1.283088 1.258987 1.234652 1.210274 1.185998 1.161925 1.138128 1.114656 1.091538 1.068795 1.046435 1.024460 1.002869 0.981655 0.960809 0.940323 0.920186 0.900385 0.880910 0.861749 0.842891 0.824325 0.806038 0.788023 0.770267 0.752762 0.735498 0.718467 0.701660 0.685069 
0.680749 0.697167 0.713790 0.730624 0.747677 0.764956 0.782469 0.800223 0.818227 0.836489 0.855017 0.873820 0.892905 0.912281 0.931955 0.951934 0.972222 0.992824 1.013739 1.034967 1.056500 1.078326 1.100423 1.122761 1.145294 1.167959 1.190672 1.213316 1.235743 1.257756 1.279111 1.299503 1.318567 1.335882 1.350983 1.363388 1.372642 1.378365 1.380302 1.378365 1.372642 1.363388 1.350983 1.335882 1.318567 1.299503 1.279111 1.257756 1.235743 1.213316 1.190672 1.167959 1.145294 1.122761 1.100423 1.078326 1.056500 1.034967 1.013739 0.992824 0.972222 0.951934 0.931955 0.912281 0.892905 0.873820 0.855017 0.836489 0.818227 0.800223 0.782469 0.764956 0.747677 0.730624 0.713790 0.697167 0.680749 
0.676048 0.692281 0.708706 0.725330 0.742157 0.759195 0.776449 0.793926 0.811631 0.829570 0.847750 0.866177 0.884854 0.903787 0.922978 0.942431 0.962144 0.982116 1.002342 1.022812 1.043511 1.064419 1.085504 1.106727 1.128031 1.149345 1.170576 1.191603 1.212275 1.232405 1.251766 1.270087 1.287055 1.302321 1.315515 1.326265 1.334230 1.339132 1.340787 1.339132 1.334230 1.326265 1.315515 1.302321 1.287055 1.270087 1.251766 1.232405 1.212275 1.191603 1.170576 1.149345 1.128031 1.106727 1.085504 1.064419 1.043511 1.022812 1.002342 0.982116 0.962144 0.942431 0.922978 0.903787 0.884854 0.866177 0.847750 0.829570 0.811631 0.793926 0.776449 0.759195 0.742157 0.725330 0.708706 0.692281 0.676048 
0.670978 0.687014 0.703230 0.719631 0.736221 0.753004 0.769986 0.787171 0.804562 0.822165 0.839982 0.858017 0.876271 0.894746 0.913441 0.932354 0.951481 0.970815 0.990344 1.010054 1.029923 1.049923 1.070017 1.090157 1.110281 1.130311 1.150151 1.169680 1.188753 1.207195 1.224798 1.241325 1.256510 1.270065 1.281694 1.291107 1.298044 1.302296 1.303729 1.302296 1.298044 1.291107 1.281694 1.270065 1.256510 1.241325 1.224798 1.207195 1.188753 1.169680 1.150151 1.130311 1.110281 1.090157 1.070017 1.049923 1.029923 1.010054 0.990344 0.970815 0.951481 0.932354 0.913441 0.894746 0.876271 0.858017 0.839982 0.822165 0.804562 0.787171 0.769986 0.753004 0.736221 0.719631 0.703230 0.687014 0.670978 
0.665553 0.681382 0.697379 0.713546 0.729886 0.746404 0.763102 0.779982 0.797049 0.814303 0.831745 0.849377 0.867197 0.885203 0.903392 0.921759 0.940294 0.958986 0.977820 0.996775 1.015826 1.034938 1.054069 1.073167 1.092166 1.110987 1.129531 1.147684 1.165306 1.182236 1.198291 1.213262 1.226925 1.239043 1.249374 1.257693 1.263796 1.267527 1.268782 1.267527 1.263796 1.257693 1.249374 1.239043 1.226925 1.213262 1.198291 1.182236 1.165306 1.147684 1.129531 1.110987 1.092166 1.073167 1.054069 1.034938 1.015826 0.996775 0.977820 0.958986 0.940294 0.921759 0.903392 0.885203 0.867197 0.849377 0.831745 0.814303 0.797049 0.779982 0.763102 0.746404 0.729886 0.713546 0.697379 0.681382 0.665553 
0.659786 0.675400 0.691167 0.707091 0.723172 0.739415 0.755819 0.772386 0.789117 0.806013 0.823071 0.840291 0.857669 0.875201 0.892879 0.910696 0.928638 0.946692 0.964837 0.983049 1.001299 1.019549 1.037753 1.055857 1.073792 1.091479 1.108824 1.125716 1.142025 1.157607 1.172297 1.185916 1.198274 1.209173 1.218419 1.225831 1.231251 1.234554 1.235665 1.234554 1.231251 1.225831 1.218419 1.209173 1.198274 1.185916 1.172297 1.157607 1.142025 1.125716 1.108824 1.091479 1.073792 1.055857 1.037753 1.019549 1.001299 0.983049 0.964837 0.946692 0.928638 0.910696 0.892879 0.875201 0.857669 0.840291 0.823071 0.806013 0.789117 0.772386 0.755819 0.739415 0.723172 0.707091 0.691167 0.675400 0.659786 
0.653692 0.669082 0.684613 0.700284 0.716099 0.732058 0.748160 0.764406 0.780795 0.797325 0.813993 0.830796 0.847727 0.864781 0.881947 0.899215 0.916568 0.933990 0.951458 0.968945 0.986417 1.003836 1.021153 1.038312 1.055246 1.071877 1.088114 1.103854 1.118979 1.133356 1.146842 1.159282 1.170514 1.180374 1.188704 1.195357 1.200207 1.203158 1.204149 1.203158 1.200207 1.195357 1.188704 1.180374 1.170514 1.159282 1.146842 1.133356 1.118979 1.103854 1.088114 1.071877 1.055246 1.038312 1.021153 1.003836 0.986417 0.968945 0.951458 0.933990 0.916568 0.899215 0.881947 0.864781 0.847727 0.830796 0.813993 0.797325 0.780795 0.764406 0.748160 0.732058 0.716099 0.700284 0.684613 0.669082 0.653692 
0.647286 0.662445 0.677731 0.693145 0.708686 0.724354 0.740149 0.756067 0.772108 0.788268 0.804542 0.820924 0.837408 0.853983 0.870639 0.887362 0.904135 0.920936 0.937742 0.954524 0.971245 0.987866 1.004338 1.020605 1.036600 1.052250 1.067468 1.082158 1.096213 1.109514 1.121935 1.133343 1.143599 1.152567 1.160116 1.166127 1.170499 1.173154 1.174045 1.173154 1.170499 1.166127 1.160116 1.152567 1.143599 1.133343 1.121935 1.109514 1.096213 1.082158 1.067468 1.052250 1.036600 1.020605 1.004338 0.987866 0.971245 0.954524 0.937742 0.920936 0.904135 0.887362 0.870639 0.853983 0.837408 0.820924 0.804542 0.788268 0.772108 0.756067 0.740149 0.724354 0.708686 0.693145 0.677731 0.662445 0.647286 
0.640580 0.655503 0.670540 0.685690 0.700952 0.716325 0.731806 0.747394 0.763083 0.778870 0.794748 0.810709 0.826746 0.842846 0.858997 0.875182 0.891384 0.907579 0.923742 0.939841 0.955842 0.971701 0.987371 1.002797 1.017916 1.032656 1.046937 1.060670 1.073758 1.086096 1.097573 1.108073 1.117479 1.125676 1.132555 1.138018 1.141983 1.144389 1.145195 1.144389 1.141983 1.138018 1.132555 1.125676 1.117479 1.108073 1.097573 1.086096 1.073758 1.060670 1.046937 1.032656 1.017916 1.002797 0.987371 0.971701 0.955842 0.939841 0.923742 0.907579 0.891384 0.875182 0.858997 0.842846 0.826746 0.810709 0.794748 0.778870 0.763083 0.747394 0.731806 0.716325 0.700952 0.685690 0.670540 0.655503 0.640580 
0.633591 0.648273 0.663055 0.677937 0.692916 0.707990 0.723156 0.738409 0.753745 0.769158 0.784640 0.800182 0.815775 0.831405 0.847057 0.862715 0.878359 0.893964 0.909504 0.924947 0.940257 0.955391 0.970304 0.984941 0.999242 1.013139 1.026559 1.039421 1.051636 1.063110 1.073747 1.083446 1.092107 1.099632 1.105932 1.110924 1.114541 1.116732 1.117466 1.116732 1.114541 1.110924 1.105932 1.099632 1.092107 1.083446 1.073747 1.063110 1.051636 1.039421 1.026559 1.013139 0.999242 0.984941 0.970304 0.955391 0.940257 0.924947 0.909504 0.893964 0.878359 0.862715 0.847057 0.831405 0.815775 0.800182 0.784640 0.769158 0.753745 0.738409 0.723156 0.707990 0.692916 0.677937 0.663055 0.648273 0.633591 
0.626333 0.640769 0.655294 0.669904 0.684597 0.699370 0.714218 0.729137 0.744119 0.759159 0.774247 0.789373 0.804526 0.819693 0.834857 0.849999 0.865099 0.880133 0.895072 0.909885 0.924535 0.938982 0.953180 0.967077 0.980617 0.993735 1.006365 1.018431 1.029855 1.040554 1.050441 1.059430 1.067435 1.074373 1.080168 1.084751 1.088067 1.090075 1.090747 1.090075 1.088067 1.084751 1.080168 1.074373 1.067435 1.059430 1.050441 1.040554 1.029855 1.018431 1.006365 0.993735 0.980617 0.967077 0.953180 0.938982 0.924535 0.909885 0.895072 0.880133 0.865099 0.849999 0.834857 0.819693 0.804526 0.789373 0.774247 0.759159 0.744119 0.729137 0.714218 0.699370 0.684597 0.669904 0.655294 0.640769 0.626333 
0.618819 0.633007 0.647272 0.661608 0.676014 0.690484 0.705014 0.719598 0.734228 0.748897 0.763594 0.778310 0.793031 0.807742 0.822428 0.837068 0.851641 0.866122 0.880484 0.894694 0.908717 0.922512 0.936037 0.949242 0.962073 0.974472 0.986375 0.997716 1.008423 1.018422 1.027638 1.035996 1.043420 1.049841 1.055193 1.059420 1.062474 1.064321 1.064939 1.064321 1.062474 1.059420 1.055193 1.049841 1.043420 1.035996 1.027638 1.018422 1.008423 0.997716 0.986375 0.974472 0.962073 0.949242 0.936037 0.922512 0.908717 0.894694 0.880484 0.866122 0.851641 0.837068 0.822428 0.807742 0.793031 0.778310 0.763594 0.748897 0.734228 0.719598 0.705014 0.690484 0.676014 0.661608 0.647272 0.633007 0.618819 
0.611063 0.625002 0.639005 0.653067 0.667184 0.681352 0.695565 0.709815 0.724095 0.738396 0.752708 0.767019 0.781315 0.795582 0.809801 0.823953 0.838016 0.851966 0.865773 0.879407 0.892834 0.906014 0.918906 0.931463 0.943635 0.955368 0.966604 0.977282 0.987337 0.996705 1.005319 1.013112 1.020020 1.025983 1.030945 1.034859 1.037684 1.039391 1.039962 1.039391 1.037684 1.034859 1.030945 1.025983 1.020020 1.013112 1.005319 0.996705 0.987337 0.977282 0.966604 0.955368 0.943635 0.931463 0.918906 0.906014 0.892834 0.879407 0.865773 0.851966 0.838016 0.823953 0.809801 0.795582 0.781315 0.767019 0.752708 0.738396 0.724095 0.709815 0.695565 0.681352 0.667184 0.653067 0.639005 0.625002 0.611063 
0.603081 0.616769 0.630508 0.644295 0.658125 0.671991 0.685888 0.699807 0.713741 0.727680 0.741612 0.755525 0.769406 0.783238 0.797004 0.810683 0.824255 0.837692 0.850969 0.864055 0.876916 0.889515 0.901812 0.913764 0.925324 0.936441 0.947062 0.957133 0.966596 0.975392 0.983462 0.990749 0.997197 1.002753 1.007370 1.011006 1.013629 1.015212 1.015742 1.015212 1.013629 1.011006 1.007370 1.002753 0.997197 0.990749 0.983462 0.975392 0.966596 0.957133 0.947062 0.936441 0.925324 0.913764 0.901812 0.889515 0.876916 0.864055 0.850969 0.837692 0.824255 0.810683 0.797004 0.783238 0.769406 0.755525 0.741612 0.727680 0.713741 0.699807 0.685888 0.671991 0.658125 0.644295 0.630508 0.616769 0.603081 
0.594884 0.608321 0.621798 0.635310 0.648853 0.662420 0.676003 0.689595 0.703187 0.716768 0.730327 0.743851 0.757326 0.770736 0.784062 0.797285 0.810382 0.823329 0.836099 0.848663 0.860988 0.873039 0.884778 0.896164 0.907153 0.917700 0.927756 0.937271 0.946193 0.954470 0.962049 0.968880 0.974915 0.980107 0.984416 0.987807 0.990250 0.991724 0.992217 0.991724 0.990250 0.987807 0.984416 0.980107 0.974915 0.968880 0.962049 0.954470 0.946193 0.937271 0.927756 0.917700 0.907153 0.896164 0.884778 0.873039 0.860988 0.848663 0.836099 0.823329 0.810382 0.797285 0.784062 0.770736 0.757326 0.743851 0.730327 0.716768 0.703187 0.689595 0.676003 0.662420 0.648853 0.635310 0.621798 0.608321 0.594884 
0.586487 0.599672 0.612887 0.626127 0.639384 0.652654 0.665927 0.679196 0.692451 0.705681 0.718875 0.732019 0.745099 0.758098 0.770999 0.783781 0.796422 0.808899 0.821186 0.833253 0.845071 0.856605 0.867820 0.878677 0.889136 0.899155 0.908689 0.917693 0.926121 0.933925 0.941059 0.947479 0.953142 0.958008 0.962041 0.965212 0.967495 0.968872 0.969333 0.968872 0.967495 0.965212 0.962041 0.958008 0.953142 0.947479 0.941059 0.933925 0.926121 0.917693 0.908689 0.899155 0.889136 0.878677 0.867820 0.856605 0.845071 0.833253 0.821186 0.808899 0.796422 0.783781 0.770999 0.758098 0.745099 0.732019 0.718875 0.705681 0.692451 0.679196 0.665927 0.652654 0.639384 0.626127 0.612887 0.599672 0.586487 
0.577901 0.590836 0.603791 0.616759 0.629734 0.642710 0.655677 0.668628 0.681552 0.694439 0.707275 0.720049 0.732744 0.745346 0.757835 0.770192 0.782396 0.794424 0.806249 0.817845 0.829183 0.840229 0.850952 0.861315 0.871281 0.880810 0.889862 0.898397 0.906371 0.913744 0.920473 0.926520 0.931847 0.936419 0.940205 0.943178 0.945318 0.946608 0.947040 0.946608 0.945318 0.943178 0.940205 0.936419 0.931847 0.926520 0.920473 0.913744 0.906371 0.898397 0.889862 0.880810 0.871281 0.861315 0.850952 0.840229 0.829183 0.817845 0.806249 0.794424 0.782396 0.770192 0.757835 0.745346 0.732744 0.720049 0.707275 0.694439 0.681552 0.668628 0.655677 0.642710 0.629734 0.616759 0.603791 0.590836 0.577901 
0.569140 0.581826 0.594522 0.607221 0.619918 0.632603 0.645269 0.657907 0.670507 0.683057 0.695545 0.707958 0.720281 0.732497 0.744589 0.756538 0.768322 0.779920 0.791306 0.802455 0.813338 0.823926 0.834187 0.844087 0.853593 0.862668 0.871275 0.879376 0.886934 0.893912 0.900273 0.905981 0.911003 0.915309 0.918871 0.921667 0.923678 0.924890 0.925295 0.924890 0.923678 0.921667 0.918871 0.915309 0.911003 0.905981 0.900273 0.893912 0.886934 0.879376 0.871275 0.862668 0.853593 0.844087 0.834187 0.823926 0.813338 0.802455 0.791306 0.779920 0.768322 0.756538 0.744589 0.732497 0.720281 0.707958 0.695545 0.683057 0.670507 0.657907 0.645269 0.632603 0.619918 0.607221 0.594522 0.581826 0.569140 
0.560214 0.572654 0.585094 0.597527 0.609948 0.622347 0.634717 0.647049 0.659331 0.671552 0.683701 0.695764 0.707725 0.719569 0.731279 0.742835 0.754218 0.765405 0.776373 0.787097 0.797551 0.807706 0.817533 0.827001 0.836077 0.844730 0.852924 0.860626 0.867801 0.874417 0.880440 0.885839 0.890584 0.894648 0.898008 0.900644 0.902538 0.903680 0.904061 0.903680 0.902538 0.900644 0.898008 0.894648 0.890584 0.885839 0.880440 0.874417 0.867801 0.860626 0.852924 0.844730 0.836077 0.827001 0.817533 0.807706 0.797551 0.787097 0.776373 0.765405 0.754218 0.742835 0.731279 0.719569 0.707725 0.695764 0.683701 0.671552 0.659331 0.647049 0.634717 0.622347 0.609948 0.597527 0.585094 0.572654 0.560214 
0.551136 0.563331 0.575518 0.587689 0.599838 0.611957 0.624036 0.636067 0.648039 0.659940 0.671759 0.683481 0.695093 0.706578 0.717919 0.729099 0.740096 0.750892 0.761462 0.771784 0.781831 0.791578 0.800998 0.810060 0.818736 0.826995 0.834807 0.842139 0.848962 0.855245 0.860958 0.866074 0.870566 0.874411 0.877587 0.880077 0.881865 0.882943 0.883303 0.882943 0.881865 0.880077 0.877587 0.874411 0.870566 0.866074 0.860958 0.855245 0.848962 0.842139 0.834807 0.826995 0.818736 0.810060 0.800998 0.791578 0.781831 0.771784 0.761462 0.750892 0.740096 0.729099 0.717919 0.706578 0.695093 0.683481 0.671759 0.659940 0.648039 0.636067 0.624036 0.611957 0.599838 0.587689 0.575518 0.563331 0.551136 
0.541916 0.553870 0.565806 0.577719 0.589601 0.601444 0.613239 0.624976 0.636645 0.648235 0.659732 0.671125 0.682398 0.693537 0.704524 0.715342 0.725972 0.736393 0.746585 0.756524 0.766188 0.775551 0.784587 0.793269 0.801571 0.809464 0.816920 0.823910 0.830407 0.836383 0.841812 0.846668 0.850929 0.854573 0.857581 0.859938 0.861630 0.862650 0.862990 0.862650 0.861630 0.859938 0.857581 0.854573 0.850929 0.846668 0.841812 0.836383 0.830407 0.823910 0.816920 0.809464 0.801571 0.793269 0.784587 0.775551 0.766188 0.756524 0.746585 0.736393 0.725972 0.715342 0.704524 0.693537 0.682398 0.671125 0.659732 0.648235 0.636645 0.624976 0.613239 0.601444 0.589601 0.577719 0.565806 0.553870 0.541916 
0.532565 0.544280 0.555970 0.567629 0.579249 0.590821 0.602337 0.613787 0.625161 0.636448 0.647634 0.658708 0.669654 0.680459 0.691106 0.701577 0.711854 0.721919 0.731751 0.741328 0.750628 0.759628 0.768304 0.776630 0.784582 0.792133 0.799258 0.805931 0.812126 0.817819 0.822986 0.827603 0.831652 0.835111 0.837966 0.840201 0.841806 0.842772 0.843095 0.842772 0.841806 0.840201 0.837966 0.835111 0.831652 0.827603 0.822986 0.817819 0.812126 0.805931 0.799258 0.792133 0.784582 0.776630 0.768304 0.759628 0.750628 0.741328 0.731751 0.721919 0.711854 0.701577 0.691106 0.680459 0.669654 0.658708 0.647634 0.636448 0.625161 0.613787 0.602337 0.590821 0.579249 0.567629 0.555970 0.544280 0.532565 
0.523093 0.534572 0.546020 0.557429 0.568792 0.580099 0.591343 0.602514 0.613600 0.624592 0.635477 0.646241 0.656873 0.667356 0.677675 0.687814 0.697755 0.707480 0.716969 0.726203 0.735159 0.743816 0.752153 0.760144 0.767768 0.775000 0.781817 0.788194 0.794110 0.799541 0.804465 0.808863 0.812716 0.816007 0.818720 0.820844 0.822369 0.823286 0.823593 0.823286 0.822369 0.820844 0.818720 0.816007 0.812716 0.808863 0.804465 0.799541 0.794110 0.788194 0.781817 0.775000 0.767768 0.760144 0.752153 0.743816 0.735159 0.726203 0.716969 0.707480 0.697755 0.687814 0.677675 0.667356 0.656873 0.646241 0.635477 0.624592 0.613600 0.602514 0.591343 0.580099 0.568792 0.557429 0.546020 0.534572 0.523093 
0.513508 0.524756 0.535966 0.547130 0.558240 0.569289 0.580267 0.591165 0.601972 0.612678 0.623270 0.633737 0.644064 0.654237 0.664242 0.674063 0.683682 0.693083 0.702246 0.711153 0.719784 0.728118 0.736135 0.743812 0.751128 0.758062 0.764591 0.770694 0.776349 0.781537 0.786237 0.790432 0.794105 0.797240 0.799823 0.801845 0.803296 0.804169 0.804460 0.804169 0.803296 0.801845 0.799823 0.797240 0.794105 0.790432 0.786237 0.781537 0.776349 0.770694 0.764591 0.758062 0.751128 0.743812 0.736135 0.728118 0.719784 0.711153 0.702246 0.693083 0.683682 0.674063 0.664242 0.654237 0.644064 0.633737 0.623270 0.612678 0.601972 0.591165 0.580267 0.569289 0.558240 0.547130 0.535966 0.524756 0.513508 
0.503821 0.514842 0.525817 0.536741 0.547605 0.558400 0.569119 0.579752 0.590287 0.600716 0.611025 0.621203 0.631237 0.641113 0.650816 0.660332 0.669643 0.678735 0.687588 0.696185 0.704508 0.712537 0.720252 0.727633 0.734661 0.741315 0.747575 0.753422 0.758835 0.763797 0.768290 0.772297 0.775802 0.778793 0.781257 0.783185 0.784567 0.785399 0.785677 0.785399 0.784567 0.783185 0.781257 0.778793 0.775802 0.772297 0.768290 0.763797 0.758835 0.753422 0.747575 0.741315 0.734661 0.727633 0.720252 0.712537 0.704508 0.696185 0.687588 0.678735 0.669643 0.660332 0.650816 0.641113 0.631237 0.621203 0.611025 0.600716 0.590287 0.579752 0.569119 0.558400 0.547605 0.536741 0.525817 0.514842 0.503821 
0.494040 0.504837 0.515583 0.526271 0.536894 0.547443 0.557909 0.568283 0.578555 0.588714 0.598750 0.608650 0.618401 0.627990 0.637404 0.646628 0.655645 0.664442 0.673000 0.681303 0.689334 0.697073 0.704504 0.711607 0.718364 0.724756 0.730764 0.736371 0.741559 0.746311 0.750611 0.754443 0.757794 0.760652 0.763005 0.764845 0.766165 0.766959 0.767224 0.766959 0.766165 0.764845 0.763005 0.760652 0.757794 0.754443 0.750611 0.746311 0.741559 0.736371 0.730764 0.724756 0.718364 0.711607 0.704504 0.697073 0.689334 0.681303 0.673000 0.664442 0.655645 0.646628 0.637404 0.627990 0.618401 0.608650 0.598750 0.588714 0.578555 0.568283 0.557909 0.547443 0.536894 0.526271 0.515583 0.504837 0.494040 
0.484172 0.494750 0.505271 0.515729 0.526116 0.536424 0.546644 0.556767 0.566784 0.576683 0.586453 0.596084 0.605563 0.614877 0.624013 0.632957 0.641694 0.650209 0.658486 0.666510 0.674263 0.681730 0.688892 0.695732 0.702234 0.708380 0.714153 0.719536 0.724513 0.729069 0.733189 0.736858 0.740066 0.742800 0.745051 0.746810 0.748071 0.748830 0.749083 0.748830 0.748071 0.746810 0.745051 0.742800 0.740066 0.736858 0.733189 0.729069 0.724513 0.719536 0.714153 0.708380 0.702234 0.695732 0.688892 0.681730 0.674263 0.666510 0.658486 0.650209 0.641694 0.632957 0.624013 0.614877 0.605563 0.596084 0.586453 0.576683 0.566784 0.556767 0.546644 0.536424 0.526116 0.515729 0.505271 0.494750 0.484172 
