47 47
2.375959e-01 0 5
-1.334330 -1.317435 -1.300737 -1.284267 -1.268061 -1.252158 -1.236599 -1.221433 -1.206710 -1.192485 -1.178816 -1.165767 -1.153403 -1.141791 -1.131003 -1.121109 -1.112177 -1.104276 -1.097469 -1.091813 -1.087358 -1.084146 -1.082206 -1.081557 -1.082206 -1.084146 -1.087358 -1.091813 -1.097469 -1.104276 -1.112177 -1.121109 -1.131003 -1.141791 -1.153403 -1.165767 -1.178816 -1.192485 -1.206710 -1.221433 -1.236599 -1.252158 -1.268061 -1.284267 -1.300737 -1.317435 -1.334330 
-1.317817 -1.300342 -1.283040 -1.265943 -1.249087 -1.232513 -1.216264 -1.200389 -1.184944 -1.169986 -1.155579 -1.141791 -1.128696 -1.116370 -1.104890 -1.094337 -1.084790 -1.076328 -1.069025 -1.062947 -1.058154 -1.054694 -1.052603 -1.051903 -1.052603 -1.054694 -1.058154 -1.062947 -1.069025 -1.076328 -1.084790 -1.094337 -1.104890 -1.116370 -1.128696 -1.141791 -1.155579 -1.169986 -1.184944 -1.200389 -1.216264 -1.232513 -1.249087 -1.265943 -1.283040 -1.300342 -1.317817 
-1.301527 -1.283449 -1.265518 -1.247765 -1.230226 -1.212943 -1.195960 -1.179330 -1.163109 -1.147360 -1.132152 -1.117559 -1.103662 -1.090545 -1.078297 -1.067009 -1.056773 -1.047680 -1.039814 -1.033257 -1.028078 -1.024336 -1.022072 -1.021314 -1.022072 -1.024336 -1.028078 -1.033257 -1.039814 -1.047680 -1.056773 -1.067009 -1.078297 -1.090545 -1.103662 -1.117559 -1.132152 -1.147360 -1.163109 -1.179330 -1.195960 -1.212943 -1.230226 -1.247765 -1.265518 -1.283449 -1.301527 
-1.285492 -1.266791 -1.248206 -1.229768 -1.211512 -1.193481 -1.175720 -1.158283 -1.141231 -1.124628 -1.108550 -1.093077 -1.078297 -1.064306 -1.051203 -1.039091 -1.028078 -1.018269 -1.009764 -1.002659 -0.997038 -0.992970 -0.990507 -0.989683 -0.990507 -0.992970 -0.997038 -1.002659 -1.009764 -1.018269 -1.028078 -1.039091 -1.051203 -1.064306 -1.078297 -1.093077 -1.108550 -1.124628 -1.141231 -1.158283 -1.175720 -1.193481 -1.211512 -1.229768 -1.248206 -1.266791 -1.285492 
-1.269749 -1.250406 -1.231142 -1.211990 -1.192983 -1.174164 -1.155579 -1.137283 -1.119338 -1.101814 -1.084790 -1.068354 -1.052603 -1.037641 -1.023583 -1.010546 -0.998653 -0.988028 -0.978792 -0.971056 -0.964924 -0.960479 -0.957785 -0.956882 -0.957785 -0.960479 -0.964924 -0.971056 -0.978792 -0.988028 -0.998653 -1.010546 -1.023583 -1.037641 -1.052603 -1.068354 -1.084790 -1.101814 -1.119338 -1.137283 -1.155579 -1.174164 -1.192983 -1.211990 -1.231142 -1.250406 -1.269749 
-1.254338 -1.234333 -1.214369 -1.194474 -1.174683 -1.155036 -1.135580 -1.116370 -1.097469 -1.078951 -1.060900 -1.043409 -1.026586 -1.010546 -0.995416 -0.981334 -0.968441 -0.956882 -0.946802 -0.938336 -0.931608 -0.926722 -0.923758 -0.922764 -0.923758 -0.926722 -0.931608 -0.938336 -0.946802 -0.956882 -0.968441 -0.981334 -0.995416 -1.010546 -1.026586 -1.043409 -1.060900 -1.078951 -1.097469 -1.116370 -1.135580 -1.155036 -1.174683 -1.194474 -1.214369 -1.234333 -1.254338 
-1.239304 -1.218621 -1.197934 -1.177271 -1.156663 -1.136148 -1.115773 -1.095592 -1.075670 -1.056081 -1.036914 -1.018269 -1.000261 -0.983019 -0.966687 -0.951419 -0.937383 -0.924749 -0.913689 -0.904370 -0.896942 -0.891537 -0.888251 -0.887149 -0.888251 -0.891537 -0.896942 -0.904370 -0.913689 -0.924749 -0.937383 -0.951419 -0.966687 -0.983019 -1.000261 -1.018269 -1.036914 -1.056081 -1.075670 -1.095592 -1.115773 -1.136148 -1.156663 -1.177271 -1.197934 -1.218621 -1.239304 
-1.224693 -1.203318 -1.181891 -1.160435 -1.138979 -1.117559 -1.096219 -1.075011 -1.053998 -1.033257 -1.012879 -0.992970 -0.973653 -0.955071 -0.937383 -0.920768 -0.905418 -0.891537 -0.879332 -0.869008 -0.860751 -0.854726 -0.851057 -0.849826 -0.851057 -0.854726 -0.860751 -0.869008 -0.879332 -0.891537 -0.905418 -0.920768 -0.937383 -0.955071 -0.973653 -0.992970 -1.012879 -1.033257 -1.053998 -1.075011 -1.096219 -1.117559 -1.138979 -1.160435 -1.181891 -1.203318 -1.224693 
-1.210556 -1.188479 -1.166297 -1.144028 -1.121697 -1.099337 -1.076986 -1.054694 -1.032522 -1.010546 -0.988856 -0.967565 -0.946802 -0.926722 -0.907504 -0.889350 -0.872484 -0.857149 -0.843596 -0.832076 -0.822827 -0.816055 -0.811923 -0.810534 -0.811923 -0.816055 -0.822827 -0.832076 -0.843596 -0.857149 -0.872484 -0.889350 -0.907504 -0.926722 -0.946802 -0.967565 -0.988856 -1.010546 -1.032522 -1.054694 -1.076986 -1.099337 -1.121697 -1.144028 -1.166297 -1.188479 -1.210556 
-1.196948 -1.174164 -1.151215 -1.128118 -1.104890 -1.081557 -1.058154 -1.034724 -1.011325 -0.988028 -0.964924 -0.942124 -0.919765 -0.898013 -0.877065 -0.857149 -0.838526 -0.821484 -0.806329 -0.793376 -0.782923 -0.775241 -0.770540 -0.768957 -0.770540 -0.775241 -0.782923 -0.793376 -0.806329 -0.821484 -0.838526 -0.857149 -0.877065 -0.898013 -0.919765 -0.942124 -0.964924 -0.988028 -1.011325 -1.034724 -1.058154 -1.081557 -1.104890 -1.128118 -1.151215 -1.174164 -1.196948 
-1.183928 -1.160435 -1.136716 -1.112779 -1.088636 -1.064306 -1.039814 -1.015199 -0.990507 -0.965806 -0.941181 -0.916740 -0.892625 -0.869008 -0.846102 -0.824165 -0.803496 -0.784438 -0.767366 -0.752673 -0.740747 -0.731937 -0.726528 -0.724704 -0.726528 -0.731937 -0.740747 -0.752673 -0.767366 -0.784438 -0.803496 -0.824165 -0.846102 -0.869008 -0.892625 -0.916740 -0.941181 -0.965806 -0.990507 -1.015199 -1.039814 -1.064306 -1.088636 -1.112779 -1.136716 -1.160435 -1.183928 
-1.171557 -1.147360 -1.122872 -1.098093 -1.073025 -1.047680 -1.022072 -0.996228 -0.970187 -0.944002 -0.917751 -0.891537 -0.865494 -0.839801 -0.814684 -0.790424 -0.767366 -0.745914 -0.726528 -0.709704 -0.695946 -0.685721 -0.679416 -0.677285 -0.679416 -0.685721 -0.695946 -0.709704 -0.726528 -0.745914 -0.767366 -0.790424 -0.814684 -0.839801 -0.865494 -0.891537 -0.917751 -0.944002 -0.970187 -0.996228 -1.022072 -1.047680 -1.073025 -1.098093 -1.122872 -1.147360 -1.171557 
-1.159898 -1.135010 -1.109763 -1.084146 -1.058154 -1.031785 -1.005043 -0.977940 -0.950501 -0.922764 -0.894790 -0.866669 -0.838526 -0.810534 -0.782923 -0.755999 -0.730145 -0.705836 -0.683634 -0.664169 -0.648102 -0.636071 -0.628610 -0.626081 -0.628610 -0.636071 -0.648102 -0.664169 -0.683634 -0.705836 -0.730145 -0.755999 -0.782923 -0.810534 -0.838526 -0.866669 -0.894790 -0.922764 -0.950501 -0.977940 -1.005043 -1.031785 -1.058154 -1.084146 -1.109763 -1.135010 -1.159898 
-1.149017 -1.123458 -1.097469 -1.071030 -1.044124 -1.016737 -0.988856 -0.960479 -0.931608 -0.902264 -0.872484 -0.842336 -0.811923 -0.781402 -0.750997 -0.721022 -0.691897 -0.664169 -0.638516 -0.615741 -0.596723 -0.582340 -0.573358 -0.570301 -0.573358 -0.582340 -0.596723 -0.615741 -0.638516 -0.664169 -0.691897 -0.721022 -0.750997 -0.781402 -0.811923 -0.842336 -0.872484 -0.902264 -0.931608 -0.960479 -0.988856 -1.016737 -1.044124 -1.071030 -1.097469 -1.123458 -1.149017 
-1.138979 -1.112779 -1.086076 -1.058842 -1.031046 -1.002659 -0.973653 -0.944002 -0.913689 -0.882705 -0.851057 -0.818781 -0.785945 -0.752673 -0.719165 -0.685721 -0.652782 -0.620956 -0.591055 -0.564089 -0.541236 -0.523731 -0.512694 -0.508919 -0.512694 -0.523731 -0.541236 -0.564089 -0.591055 -0.620956 -0.652782 -0.685721 -0.719165 -0.752673 -0.785945 -0.818781 -0.851057 -0.882705 -0.913689 -0.944002 -0.973653 -1.002659 -1.031046 -1.058842 -1.086076 -1.112779 -1.138979 
-1.129851 -1.103047 -1.075670 -1.047680 -1.019033 -0.989683 -0.959583 -0.928685 -0.896942 -0.864315 -0.830771 -0.796300 -0.760921 -0.724704 -0.687794 -0.650451 -0.613099 -0.576383 -0.541236 -0.508919 -0.481008 -0.459266 -0.445381 -0.440599 -0.445381 -0.459266 -0.481008 -0.508919 -0.541236 -0.576383 -0.613099 -0.650451 -0.687794 -0.724704 -0.760921 -0.796300 -0.830771 -0.864315 -0.896942 -0.928685 -0.959583 -0.989683 -1.019033 -1.047680 -1.075670 -1.103047 -1.129851 
-1.121697 -1.094337 -1.066335 -1.037641 -1.008197 -0.977940 -0.946802 -0.914709 -0.881584 -0.847348 -0.811923 -0.775241 -0.737253 -0.697950 -0.657389 -0.615741 -0.573358 -0.530861 -0.489263 -0.450085 -0.415411 -0.387789 -0.369836 -0.363593 -0.369836 -0.387789 -0.415411 -0.450085 -0.489263 -0.530861 -0.573358 -0.615741 -0.657389 -0.697950 -0.737253 -0.775241 -0.811923 -0.847348 -0.881584 -0.914709 -0.946802 -0.977940 -1.008197 -1.037641 -1.066335 -1.094337 -1.121697 
-1.114578 -1.086718 -1.058154 -1.028823 -0.998653 -0.967565 -0.935468 -0.902264 -0.867840 -0.832076 -0.794841 -0.755999 -0.715415 -0.672976 -0.628610 -0.582340 -0.534361 -0.485165 -0.435736 -0.387789 -0.344002 -0.308046 -0.284095 -0.275647 -0.284095 -0.308046 -0.344002 -0.387789 -0.435736 -0.485165 -0.534361 -0.582340 -0.628610 -0.672976 -0.715415 -0.755999 -0.794841 -0.832076 -0.867840 -0.902264 -0.935468 -0.967565 -0.998653 -1.028823 -1.058154 -1.086718 -1.114578 
-1.108550 -1.080256 -1.051203 -1.021314 -0.990507 -0.958685 -0.925737 -0.891537 -0.855940 -0.818781 -0.779873 -0.739005 -0.695946 -0.650451 -0.602284 -0.551251 -0.497288 -0.440599 -0.381929 -0.322973 -0.266945 -0.219018 -0.185947 -0.174037 -0.185947 -0.219018 -0.266945 -0.322973 -0.381929 -0.440599 -0.497288 -0.551251 -0.602284 -0.650451 -0.695946 -0.739005 -0.779873 -0.818781 -0.855940 -0.891537 -0.925737 -0.958685 -0.990507 -1.021314 -1.051203 -1.080256 -1.108550 
-1.103662 -1.075011 -1.045551 -1.015199 -0.983859 -0.951419 -0.917751 -0.882705 -0.846102 -0.807737 -0.767366 -0.724704 -0.679416 -0.631118 -0.579377 -0.523731 -0.463748 -0.399160 -0.330155 -0.257973 -0.185947 -0.120904 -0.073705 -0.056161 -0.073705 -0.120904 -0.185947 -0.257973 -0.330155 -0.399160 -0.463748 -0.523731 -0.579377 -0.631118 -0.679416 -0.724704 -0.767366 -0.807737 -0.846102 -0.882705 -0.917751 -0.951419 -0.983859 -1.015199 -1.045551 -1.075011 -1.103662 
-1.099958 -1.071030 -1.041257 -1.010546 -0.978792 -0.945871 -0.911640 -0.875926 -0.838526 -0.799198 -0.757648 -0.713524 -0.666395 -0.615741 -0.560932 -0.501217 -0.435736 -0.363593 -0.284095 -0.197391 -0.105985 -0.017685 0.051001 0.077768 0.051001 -0.017685 -0.105985 -0.197391 -0.284095 -0.363593 -0.435736 -0.501217 -0.560932 -0.615741 -0.666395 -0.713524 -0.757648 -0.799198 -0.838526 -0.875926 -0.911640 -0.945871 -0.978792 -1.010546 -1.041257 -1.071030 -1.099958 
-1.097469 -1.068354 -1.038367 -1.007411 -0.975374 -0.942124 -0.907504 -0.871329 -0.833377 -0.793376 -0.750997 -0.705836 -0.657389 -0.605025 -0.547951 -0.485165 -0.415411 -0.337162 -0.248713 -0.148664 -0.037533 0.077768 0.175256 0.215724 0.175256 0.077768 -0.037533 -0.148664 -0.248713 -0.337162 -0.415411 -0.485165 -0.547951 -0.605025 -0.657389 -0.705836 -0.750997 -0.793376 -0.833377 -0.871329 -0.907504 -0.942124 -0.975374 -1.007411 -1.038367 -1.068354 -1.097469 
-1.096219 -1.067009 -1.036914 -1.005834 -0.973653 -0.940235 -0.905418 -0.869008 -0.830771 -0.790424 -0.747618 -0.701918 -0.652782 -0.599517 -0.541236 -0.476789 -0.404680 -0.322973 -0.229257 -0.120904 0.003547 0.139324 0.261967 0.315795 0.261967 0.139324 0.003547 -0.120904 -0.229257 -0.322973 -0.404680 -0.476789 -0.541236 -0.599517 -0.652782 -0.701918 -0.747618 -0.790424 -0.830771 -0.869008 -0.905418 -0.940235 -0.973653 -1.005834 -1.036914 -1.067009 -1.096219 
-1.096062 -1.066841 -1.036732 -1.005636 -0.973437 -0.939998 -0.905156 -0.868716 -0.830444 -0.790053 -0.747193 -0.701425 -0.652201 -0.598821 -0.540385 -0.475725 -0.403310 -0.321149 -0.226731 -0.117244 0.009093 0.147934 0.274623 0.330733 0.274623 0.147934 0.009093 -0.117244 -0.226731 -0.321149 -0.403310 -0.475725 -0.540385 -0.598821 -0.652201 -0.701425 -0.747193 -0.790053 -0.830444 -0.868716 -0.905156 -0.939998 -0.973437 -1.005636 -1.036732 -1.066841 -1.096062 
-1.096226 -1.067017 -1.036922 -1.005843 -0.973662 -0.940245 -0.905429 -0.869020 -0.830785 -0.790440 -0.747636 -0.701940 -0.652807 -0.599547 -0.541273 -0.476835 -0.404740 -0.323052 -0.229366 -0.121062 0.003309 0.138955 0.261427 0.315161 0.261427 0.138955 0.003309 -0.121062 -0.229366 -0.323052 -0.404740 -0.476835 -0.541273 -0.599547 -0.652807 -0.701940 -0.747636 -0.790440 -0.830785 -0.869020 -0.905429 -0.940245 -0.973662 -1.005843 -1.036922 -1.067017 -1.096226 
-1.097489 -1.068376 -1.038390 -1.007437 -0.975402 -0.942154 -0.907538 -0.871367 -0.833419 -0.793423 -0.751052 -0.705899 -0.657463 -0.605113 -0.548058 -0.485299 -0.415582 -0.337386 -0.249018 -0.149092 -0.038154 0.076865 0.174028 0.214333 0.174028 0.076865 -0.038154 -0.149092 -0.249018 -0.337386 -0.415582 -0.485299 -0.548058 -0.605113 -0.657463 -0.705899 -0.751052 -0.793423 -0.833419 -0.871367 -0.907538 -0.942154 -0.975402 -1.007437 -1.038390 -1.068376 -1.097489 
-1.099991 -1.071066 -1.041295 -1.010588 -0.978837 -0.945921 -0.911695 -0.875987 -0.838595 -0.799275 -0.757737 -0.713626 -0.666514 -0.615883 -0.561103 -0.501427 -0.436000 -0.363933 -0.284543 -0.197995 -0.106808 -0.018787 0.049623 0.076267 0.049623 -0.018787 -0.106808 -0.197995 -0.284543 -0.363933 -0.436000 -0.501427 -0.561103 -0.615883 -0.666514 -0.713626 -0.757737 -0.799275 -0.838595 -0.875987 -0.911695 -0.945921 -0.978837 -1.010588 -1.041295 -1.071066 -1.099991 
-1.103708 -1.075060 -1.045604 -1.015257 -0.983922 -0.951488 -0.917828 -0.882789 -0.846196 -0.807843 -0.767486 -0.724842 -0.679576 -0.631306 -0.579601 -0.524003 -0.464083 -0.399580 -0.330689 -0.258659 -0.186825 -0.121998 -0.074986 -0.057519 -0.074986 -0.121998 -0.186825 -0.258659 -0.330689 -0.399580 -0.464083 -0.524003 -0.579601 -0.631306 -0.679576 -0.724842 -0.767486 -0.807843 -0.846196 -0.882789 -0.917828 -0.951488 -0.983922 -1.015257 -1.045604 -1.075060 -1.103708 
-1.108609 -1.080319 -1.051270 -1.021388 -0.990587 -0.958772 -0.925832 -0.891642 -0.856057 -0.818912 -0.780021 -0.739174 -0.696140 -0.650678 -0.602550 -0.551569 -0.497670 -0.441066 -0.382502 -0.323677 -0.267799 -0.220025 -0.187075 -0.175212 -0.187075 -0.220025 -0.267799 -0.323677 -0.382502 -0.441066 -0.497670 -0.551569 -0.602550 -0.650678 -0.696140 -0.739174 -0.780021 -0.818912 -0.856057 -0.891642 -0.925832 -0.958772 -0.990587 -1.021388 -1.051270 -1.080319 -1.108609 
-1.114649 -1.086794 -1.058235 -1.028911 -0.998748 -0.967668 -0.935582 -0.902389 -0.867979 -0.832231 -0.795014 -0.756194 -0.715639 -0.673233 -0.628908 -0.582689 -0.534772 -0.485653 -0.436316 -0.388474 -0.344801 -0.308951 -0.285078 -0.276660 -0.285078 -0.308951 -0.344801 -0.388474 -0.436316 -0.485653 -0.534772 -0.582689 -0.628908 -0.673233 -0.715639 -0.756194 -0.795014 -0.832231 -0.867979 -0.902389 -0.935582 -0.967668 -0.998748 -1.028911 -1.058235 -1.086794 -1.114649 
-1.121780 -1.094424 -1.066430 -1.037743 -1.008307 -0.978059 -0.946932 -0.914851 -0.881741 -0.847522 -0.812117 -0.775458 -0.737498 -0.698229 -0.657708 -0.616109 -0.573782 -0.531352 -0.489831 -0.450736 -0.416147 -0.388598 -0.370699 -0.364474 -0.370699 -0.388598 -0.416147 -0.450736 -0.489831 -0.531352 -0.573782 -0.616109 -0.657708 -0.698229 -0.737498 -0.775458 -0.812117 -0.847522 -0.881741 -0.914851 -0.946932 -0.978059 -1.008307 -1.037743 -1.066430 -1.094424 -1.121780 
-1.129945 -1.103146 -1.075776 -1.047794 -1.019156 -0.989816 -0.959727 -0.928843 -0.897115 -0.864505 -0.830982 -0.796535 -0.761184 -0.724999 -0.688127 -0.650828 -0.613527 -0.576868 -0.541783 -0.509531 -0.481682 -0.459993 -0.446145 -0.441376 -0.446145 -0.459993 -0.481682 -0.509531 -0.541783 -0.576868 -0.613527 -0.650828 -0.688127 -0.724999 -0.761184 -0.796535 -0.830982 -0.864505 -0.897115 -0.928843 -0.959727 -0.989816 -1.019156 -1.047794 -1.075776 -1.103146 -1.129945 
-1.139082 -1.112889 -1.086194 -1.058968 -1.031182 -1.002805 -0.973811 -0.944174 -0.913876 -0.882909 -0.851282 -0.819029 -0.786220 -0.752979 -0.719505 -0.686101 -0.653206 -0.621429 -0.591577 -0.564662 -0.541856 -0.524390 -0.513379 -0.509613 -0.513379 -0.524390 -0.541856 -0.564662 -0.591577 -0.621429 -0.653206 -0.686101 -0.719505 -0.752979 -0.786220 -0.819029 -0.851282 -0.882909 -0.913876 -0.944174 -0.973811 -1.002805 -1.031182 -1.058968 -1.086194 -1.112889 -1.139082 
-1.149129 -1.123578 -1.097596 -1.071166 -1.044270 -1.016894 -0.989025 -0.960661 -0.931806 -0.902480 -0.872720 -0.842594 -0.812206 -0.781713 -0.751340 -0.721400 -0.692313 -0.664625 -0.639014 -0.616278 -0.597296 -0.582942 -0.573978 -0.570928 -0.573978 -0.582942 -0.597296 -0.616278 -0.639014 -0.664625 -0.692313 -0.721400 -0.751340 -0.781713 -0.812206 -0.842594 -0.872720 -0.902480 -0.931806 -0.960661 -0.989025 -1.016894 -1.044270 -1.071166 -1.097596 -1.123578 -1.149129 
-1.160019 -1.135139 -1.109899 -1.084291 -1.058309 -1.031951 -1.005222 -0.978133 -0.950708 -0.922988 -0.895034 -0.866934 -0.838814 -0.810848 -0.783266 -0.756372 -0.730550 -0.706275 -0.684107 -0.664673 -0.648634 -0.636625 -0.629178 -0.626654 -0.629178 -0.636625 -0.648634 -0.664673 -0.684107 -0.706275 -0.730550 -0.756372 -0.783266 -0.810848 -0.838814 -0.866934 -0.895034 -0.922988 -0.950708 -0.978133 -1.005222 -1.031951 -1.058309 -1.084291 -1.109899 -1.135139 -1.160019 
-1.171686 -1.147497 -1.123017 -1.098247 -1.073189 -1.047855 -1.022259 -0.996429 -0.970402 -0.944234 -0.918001 -0.891806 -0.865785 -0.840116 -0.815023 -0.790791 -0.767760 -0.746336 -0.726978 -0.710179 -0.696442 -0.686235 -0.679941 -0.677813 -0.679941 -0.686235 -0.696442 -0.710179 -0.726978 -0.746336 -0.767760 -0.790791 -0.815023 -0.840116 -0.865785 -0.891806 -0.918001 -0.944234 -0.970402 -0.996429 -1.022259 -1.047855 -1.073189 -1.098247 -1.123017 -1.147497 -1.171686 
-1.184065 -1.160579 -1.136868 -1.112940 -1.088807 -1.064488 -1.040009 -1.015406 -0.990729 -0.966043 -0.941434 -0.917012 -0.892917 -0.869320 -0.846437 -0.824523 -0.803878 -0.784844 -0.767794 -0.753122 -0.741213 -0.732417 -0.727017 -0.725195 -0.727017 -0.732417 -0.741213 -0.753122 -0.767794 -0.784844 -0.803878 -0.824523 -0.846437 -0.869320 -0.892917 -0.917012 -0.941434 -0.966043 -0.990729 -1.015406 -1.040009 -1.064488 -1.088807 -1.112940 -1.136868 -1.160579 -1.184065 
-1.197092 -1.174314 -1.151374 -1.128286 -1.105067 -1.081745 -1.058354 -1.034937 -1.011551 -0.988269 -0.965180 -0.942397 -0.920056 -0.898324 -0.877395 -0.857499 -0.838897 -0.821874 -0.806739 -0.793802 -0.783364 -0.775692 -0.770998 -0.769417 -0.770998 -0.775692 -0.783364 -0.793802 -0.806739 -0.821874 -0.838897 -0.857499 -0.877395 -0.898324 -0.920056 -0.942397 -0.965180 -0.988269 -1.011551 -1.034937 -1.058354 -1.081745 -1.105067 -1.128286 -1.151374 -1.174314 -1.197092 
-1.210705 -1.188636 -1.166461 -1.144202 -1.121881 -1.099531 -1.077191 -1.054910 -1.032751 -1.010789 -0.989114 -0.967838 -0.947092 -0.927029 -0.907828 -0.889692 -0.872844 -0.857525 -0.843988 -0.832482 -0.823245 -0.816482 -0.812355 -0.810967 -0.812355 -0.816482 -0.823245 -0.832482 -0.843988 -0.857525 -0.872844 -0.889692 -0.907828 -0.927029 -0.947092 -0.967838 -0.989114 -1.010789 -1.032751 -1.054910 -1.077191 -1.099531 -1.121881 -1.144202 -1.166461 -1.188636 -1.210705 
-1.224847 -1.203480 -1.182061 -1.160614 -1.139167 -1.117757 -1.096428 -1.075230 -1.054230 -1.033502 -1.013138 -0.993242 -0.973940 -0.955373 -0.937701 -0.921101 -0.905766 -0.891900 -0.879708 -0.869396 -0.861149 -0.855131 -0.851467 -0.850237 -0.851467 -0.855131 -0.861149 -0.869396 -0.879708 -0.891900 -0.905766 -0.921101 -0.937701 -0.955373 -0.973940 -0.993242 -1.013138 -1.033502 -1.054230 -1.075230 -1.096428 -1.117757 -1.139167 -1.160614 -1.182061 -1.203480 -1.224847 
-1.239463 -1.218788 -1.198109 -1.177454 -1.156855 -1.136350 -1.115985 -1.095815 -1.075904 -1.056327 -1.037172 -1.018540 -1.000545 -0.983317 -0.966998 -0.951745 -0.937721 -0.925099 -0.914051 -0.904742 -0.897323 -0.891923 -0.888642 -0.887541 -0.888642 -0.891923 -0.897323 -0.904742 -0.914051 -0.925099 -0.937721 -0.951745 -0.966998 -0.983317 -1.000545 -1.018540 -1.037172 -1.056327 -1.075904 -1.095815 -1.115985 -1.136350 -1.156855 -1.177454 -1.198109 -1.218788 -1.239463 
-1.254502 -1.234504 -1.214548 -1.194661 -1.174878 -1.155240 -1.135794 -1.116594 -1.097704 -1.079197 -1.061157 -1.043679 -1.026867 -1.010839 -0.995722 -0.981651 -0.968770 -0.957222 -0.947151 -0.938694 -0.931973 -0.927092 -0.924131 -0.923138 -0.924131 -0.927092 -0.931973 -0.938694 -0.947151 -0.957222 -0.968770 -0.981651 -0.995722 -1.010839 -1.026867 -1.043679 -1.061157 -1.079197 -1.097704 -1.116594 -1.135794 -1.155240 -1.174878 -1.194661 -1.214548 -1.234504 -1.254502 
-1.269916 -1.250580 -1.231324 -1.212179 -1.193181 -1.174370 -1.155794 -1.137508 -1.119573 -1.102060 -1.085046 -1.068621 -1.052881 -1.037930 -1.023882 -1.010856 -0.998973 -0.988358 -0.979130 -0.971402 -0.965275 -0.960834 -0.958143 -0.957241 -0.958143 -0.960834 -0.965275 -0.971402 -0.979130 -0.988358 -0.998973 -1.010856 -1.023882 -1.037930 -1.052881 -1.068621 -1.085046 -1.102060 -1.119573 -1.137508 -1.155794 -1.174370 -1.193181 -1.212179 -1.231324 -1.250580 -1.269916 
-1.285662 -1.266969 -1.248391 -1.229960 -1.211712 -1.193689 -1.175937 -1.158509 -1.141466 -1.124873 -1.108804 -1.093341 -1.078572 -1.064590 -1.051496 -1.039395 -1.028391 -1.018589 -1.010092 -1.002993 -0.997377 -0.993313 -0.990852 -0.990029 -0.990852 -0.993313 -0.997377 -1.002993 -1.010092 -1.018589 -1.028391 -1.039395 -1.051496 -1.064590 -1.078572 -1.093341 -1.108804 -1.124873 -1.141466 -1.158509 -1.175937 -1.193689 -1.211712 -1.229960 -1.248391 -1.266969 -1.285662 
-1.301700 -1.283630 -1.265706 -1.247960 -1.230428 -1.213153 -1.196178 -1.179556 -1.163344 -1.147604 -1.132405 -1.117821 -1.103933 -1.090825 -1.078586 -1.067306 -1.057078 -1.047992 -1.040133 -1.033581 -1.028407 -1.024667 -1.022405 -1.021648 -1.022405 -1.024667 -1.028407 -1.033581 -1.040133 -1.047992 -1.057078 -1.067306 -1.078586 -1.090825 -1.103933 -1.117821 -1.132405 -1.147604 -1.163344 -1.179556 -1.196178 -1.213153 -1.230428 -1.247960 -1.265706 -1.283630 -1.301700 
-1.317994 -1.300525 -1.283229 -1.266139 -1.249291 -1.232723 -1.216482 -1.200616 -1.185178 -1.170228 -1.155829 -1.142050 -1.128964 -1.116645 -1.105173 -1.094627 -1.085088 -1.076632 -1.069335 -1.063261 -1.058472 -1.055015 -1.052926 -1.052227 -1.052926 -1.055015 -1.058472 -1.063261 -1.069335 -1.076632 -1.085088 -1.094627 -1.105173 -1.116645 -1.128964 -1.142050 -1.155829 -1.170228 -1.185178 -1.200616 -1.216482 -1.232723 -1.249291 -1.266139 -1.283229 -1.300525 -1.317994 
-1.334509 -1.317620 -1.300928 -1.284465 -1.268266 -1.252369 -1.236818 -1.221659 -1.206943 -1.192726 -1.179065 -1.166023 -1.153666 -1.142063 -1.131282 -1.121394 -1.112468 -1.104573 -1.097771 -1.092119 -1.087668 -1.084458 -1.082519 -1.081871 -1.082519 -1.084458 -1.087668 -1.092119 -1.097771 -1.104573 -1.112468 -1.121394 -1.131282 -1.142063 -1.153666 -1.166023 -1.179065 -1.192726 -1.206943 -1.221659 -1.236818 -1.252369 -1.268266 -1.284465 -1.300928 -1.317620 -1.334509 
