57 57
1.114243e+00 0 5
-0.426471 -0.412458 -0.398582 -0.384859 -0.371308 -0.357950 -0.344808 -0.331906 -0.319269 -0.306924 -0.294901 -0.283232 -0.271947 -0.261083 -0.250674 -0.240758 -0.231371 -0.222552 -0.214338 -0.206768 -0.199879 -0.193705 -0.188280 -0.183633 -0.179792 -0.176780 -0.174615 -0.173310 -0.172875 -0.173310 -0.174615 -0.176780 -0.179792 -0.183633 -0.188280 -0.193705 -0.199879 -0.206768 -0.214338 -0.222552 -0.231371 -0.240758 -0.250674 -0.261083 -0.271947 -0.283232 -0.294901 -0.306924 -0.319269 -0.331906 -0.344808 -0.357950 -0.371308 -0.384859 -0.398582 -0.412458 -0.426471 
-0.412717 -0.398316 -0.384039 -0.369904 -0.355929 -0.342137 -0.328548 -0.315190 -0.302088 -0.289270 -0.276769 -0.264617 -0.252848 -0.241500 -0.230611 -0.220221 -0.210371 -0.201103 -0.192459 -0.184482 -0.177212 -0.170689 -0.164951 -0.160031 -0.155962 -0.152768 -0.150471 -0.149086 -0.148624 -0.149086 -0.150471 -0.152768 -0.155962 -0.160031 -0.164951 -0.170689 -0.177212 -0.184482 -0.192459 -0.201103 -0.210371 -0.220221 -0.230611 -0.241500 -0.252848 -0.264617 -0.276769 -0.289270 -0.302088 -0.315190 -0.328548 -0.342137 -0.355929 -0.369904 -0.384039 -0.398316 -0.412717 
-0.399112 -0.384313 -0.369623 -0.355061 -0.340646 -0.326399 -0.312345 -0.298508 -0.284917 -0.271601 -0.258593 -0.245928 -0.233642 -0.221776 -0.210371 -0.199470 -0.189119 -0.179363 -0.170250 -0.161827 -0.154140 -0.147233 -0.141150 -0.135929 -0.131605 -0.128210 -0.125766 -0.124293 -0.123801 -0.124293 -0.125766 -0.128210 -0.131605 -0.135929 -0.141150 -0.147233 -0.154140 -0.161827 -0.170250 -0.179363 -0.189119 -0.199470 -0.210371 -0.221776 -0.233642 -0.245928 -0.258593 -0.271601 -0.284917 -0.298508 -0.312345 -0.326399 -0.340646 -0.355061 -0.369623 -0.384313 -0.399112 
-0.385676 -0.370466 -0.355350 -0.340347 -0.325475 -0.310757 -0.296216 -0.281879 -0.267773 -0.253931 -0.240386 -0.227175 -0.214338 -0.201917 -0.189956 -0.178504 -0.167609 -0.157323 -0.147697 -0.138785 -0.130638 -0.123308 -0.116842 -0.111286 -0.106681 -0.103060 -0.100453 -0.098881 -0.098355 -0.098881 -0.100453 -0.103060 -0.106681 -0.111286 -0.116842 -0.123308 -0.130638 -0.138785 -0.147697 -0.157323 -0.167609 -0.178504 -0.189956 -0.201917 -0.214338 -0.227175 -0.240386 -0.253931 -0.267773 -0.281879 -0.296216 -0.310757 -0.325475 -0.340347 -0.355350 -0.370466 -0.385676 
-0.372428 -0.356797 -0.341243 -0.325784 -0.310439 -0.295230 -0.280182 -0.265320 -0.250674 -0.236277 -0.222164 -0.208373 -0.194947 -0.181930 -0.169372 -0.157323 -0.145837 -0.134972 -0.124785 -0.115335 -0.106681 -0.098881 -0.091990 -0.086061 -0.081140 -0.077267 -0.074477 -0.072793 -0.072230 -0.072793 -0.074477 -0.077267 -0.081140 -0.086061 -0.091990 -0.098881 -0.106681 -0.115335 -0.124785 -0.134972 -0.145837 -0.157323 -0.169372 -0.181930 -0.194947 -0.208373 -0.222164 -0.236277 -0.250674 -0.265320 -0.280182 -0.295230 -0.310439 -0.325784 -0.341243 -0.356797 -0.372428 
-0.359389 -0.343326 -0.327322 -0.311393 -0.295559 -0.279842 -0.264265 -0.248855 -0.233642 -0.218660 -0.203945 -0.189538 -0.175482 -0.161827 -0.148624 -0.135929 -0.123801 -0.112302 -0.101498 -0.091455 -0.082239 -0.073916 -0.066551 -0.060204 -0.054929 -0.050773 -0.047775 -0.045965 -0.045360 -0.045965 -0.047775 -0.050773 -0.054929 -0.060204 -0.066551 -0.073916 -0.082239 -0.091455 -0.101498 -0.112302 -0.123801 -0.135929 -0.148624 -0.161827 -0.175482 -0.189538 -0.203945 -0.218660 -0.233642 -0.248855 -0.264265 -0.279842 -0.295559 -0.311393 -0.327322 -0.343326 -0.359389 
-0.346582 -0.330078 -0.313612 -0.297200 -0.280861 -0.264617 -0.248490 -0.232508 -0.216701 -0.201103 -0.185751 -0.170689 -0.155962 -0.141621 -0.127722 -0.114326 -0.101498 -0.089306 -0.077823 -0.067123 -0.057283 -0.048377 -0.040480 -0.033662 -0.027986 -0.023510 -0.020277 -0.018324 -0.017670 -0.018324 -0.020277 -0.023510 -0.027986 -0.033662 -0.040480 -0.048377 -0.057283 -0.067123 -0.077823 -0.089306 -0.101498 -0.114326 -0.127722 -0.141621 -0.155962 -0.170689 -0.185751 -0.201103 -0.216701 -0.232508 -0.248490 -0.264617 -0.280861 -0.297200 -0.313612 -0.330078 -0.346582 
-0.334030 -0.317077 -0.300139 -0.283232 -0.266373 -0.249584 -0.232886 -0.216308 -0.199879 -0.183633 -0.167609 -0.151851 -0.136406 -0.121330 -0.106681 -0.092524 -0.078932 -0.065979 -0.053746 -0.042318 -0.031780 -0.022220 -0.013724 -0.006373 -0.000244 0.004599 0.008099 0.010216 0.010925 0.010216 0.008099 0.004599 -0.000244 -0.006373 -0.013724 -0.022220 -0.031780 -0.042318 -0.053746 -0.065979 -0.078932 -0.092524 -0.106681 -0.121330 -0.136406 -0.151851 -0.167609 -0.183633 -0.199879 -0.216308 -0.232886 -0.249584 -0.266373 -0.283232 -0.300139 -0.317077 -0.334030 
-0.321761 -0.304351 -0.286931 -0.269517 -0.252125 -0.234774 -0.217486 -0.200287 -0.183208 -0.166282 -0.149548 -0.133052 -0.116842 -0.100976 -0.085517 -0.070535 -0.056107 -0.042318 -0.029255 -0.017016 -0.005698 0.004599 0.013773 0.021730 0.028379 0.033640 0.037449 0.039754 0.040526 0.039754 0.037449 0.033640 0.028379 0.021730 0.013773 0.004599 -0.005698 -0.017016 -0.029255 -0.042318 -0.056107 -0.070535 -0.085517 -0.100976 -0.116842 -0.133052 -0.149548 -0.166282 -0.183208 -0.200287 -0.217486 -0.234774 -0.252125 -0.269517 -0.286931 -0.304351 -0.321761 
-0.309802 -0.291929 -0.274020 -0.256089 -0.238150 -0.220221 -0.202323 -0.184482 -0.166725 -0.149086 -0.131605 -0.114326 -0.097301 -0.080589 -0.064256 -0.048377 -0.033036 -0.018324 -0.004342 0.008803 0.020999 0.032129 0.042075 0.050725 0.057971 0.063716 0.067881 0.070406 0.071252 0.070406 0.067881 0.063716 0.057971 0.050725 0.042075 0.032129 0.020999 0.008803 -0.004342 -0.018324 -0.033036 -0.048377 -0.064256 -0.080589 -0.097301 -0.114326 -0.131605 -0.149086 -0.166725 -0.184482 -0.202323 -0.220221 -0.238150 -0.256089 -0.274020 -0.291929 -0.309802 
-0.298182 -0.279842 -0.261438 -0.242981 -0.224484 -0.205964 -0.187439 -0.168932 -0.150471 -0.132088 -0.113821 -0.095716 -0.077823 -0.060204 -0.042928 -0.026075 -0.009734 0.005995 0.020999 0.035158 0.048344 0.060421 0.071252 0.080700 0.088636 0.094945 0.099527 0.102307 0.103239 0.102307 0.099527 0.094945 0.088636 0.080700 0.071252 0.060421 0.048344 0.035158 0.020999 0.005995 -0.009734 -0.026075 -0.042928 -0.060204 -0.077823 -0.095716 -0.113821 -0.132088 -0.150471 -0.168932 -0.187439 -0.205964 -0.224484 -0.242981 -0.261438 -0.279842 -0.298182 
-0.286931 -0.268123 -0.249219 -0.230231 -0.211167 -0.192043 -0.172875 -0.153683 -0.134493 -0.115335 -0.096245 -0.077267 -0.058454 -0.039865 -0.021574 -0.003662 0.013773 0.030624 0.046766 0.062065 0.076372 0.089530 0.101378 0.111751 0.120494 0.127463 0.132536 0.135619 0.136654 0.135619 0.132536 0.127463 0.120494 0.111751 0.101378 0.089530 0.076372 0.062065 0.046766 0.030624 0.013773 -0.003662 -0.021574 -0.039865 -0.058454 -0.077267 -0.096245 -0.115335 -0.134493 -0.153683 -0.172875 -0.192043 -0.211167 -0.230231 -0.249219 -0.268123 -0.286931 
-0.276083 -0.256806 -0.237402 -0.217878 -0.198241 -0.178504 -0.158679 -0.138785 -0.118843 -0.098881 -0.078932 -0.059038 -0.039250 -0.019627 -0.000244 0.018815 0.037449 0.055538 0.072949 0.089530 0.105112 0.119511 0.132536 0.143991 0.153682 0.161434 0.167091 0.170535 0.171692 0.170535 0.167091 0.161434 0.153682 0.143991 0.132536 0.119511 0.105112 0.089530 0.072949 0.055538 0.037449 0.018815 -0.000244 -0.019627 -0.039250 -0.059038 -0.078932 -0.098881 -0.118843 -0.138785 -0.158679 -0.178504 -0.198241 -0.217878 -0.237402 -0.256806 -0.276083 
-0.265671 -0.245928 -0.226024 -0.205964 -0.185751 -0.165395 -0.144904 -0.124293 -0.103579 -0.082787 -0.061946 -0.041094 -0.020277 0.000444 0.020999 0.041300 0.061242 0.080700 0.099527 0.117554 0.134588 0.150419 0.164815 0.177541 0.188359 0.197045 0.203405 0.207286 0.208591 0.207286 0.203405 0.197045 0.188359 0.177541 0.164815 0.150419 0.134588 0.117554 0.099527 0.080700 0.061242 0.041300 0.020999 0.000444 -0.020277 -0.041094 -0.061946 -0.082787 -0.103579 -0.124293 -0.144904 -0.165395 -0.185751 -0.205964 -0.226024 -0.245928 -0.265671 
-0.255730 -0.235526 -0.215127 -0.194533 -0.173746 -0.152768 -0.131605 -0.110267 -0.088767 -0.067123 -0.045360 -0.023510 -0.001615 0.020270 0.042075 0.063716 0.085085 0.106052 0.126459 0.146119 0.164815 0.182302 0.198306 0.212539 0.224706 0.234523 0.241738 0.246154 0.247640 0.246154 0.241738 0.234523 0.224706 0.212539 0.198306 0.182302 0.164815 0.146119 0.126459 0.106052 0.085085 0.063716 0.042075 0.020270 -0.001615 -0.023510 -0.045360 -0.067123 -0.088767 -0.110267 -0.131605 -0.152768 -0.173746 -0.194533 -0.215127 -0.235526 -0.255730 
-0.246295 -0.225640 -0.204754 -0.183633 -0.162275 -0.140678 -0.118843 -0.096774 -0.074477 -0.051965 -0.029255 -0.006373 0.016646 0.039754 0.062889 0.085969 0.108889 0.131515 0.153682 0.175188 0.195789 0.215201 0.233100 0.249134 0.262933 0.274133 0.282405 0.287484 0.289197 0.287484 0.282405 0.274133 0.262933 0.249134 0.233100 0.215201 0.195789 0.175188 0.153682 0.131515 0.108889 0.085969 0.062889 0.039754 0.016646 -0.006373 -0.029255 -0.051965 -0.074477 -0.096774 -0.118843 -0.140678 -0.162275 -0.183633 -0.204754 -0.225640 -0.246295 
-0.237402 -0.216308 -0.194947 -0.173310 -0.151391 -0.129183 -0.106681 -0.083881 -0.060786 -0.037397 -0.013724 0.010216 0.034398 0.058786 0.083324 0.107941 0.132536 0.156981 0.181105 0.204693 0.227478 0.249134 0.269280 0.287484 0.303278 0.316193 0.325788 0.331704 0.333704 0.331704 0.325788 0.316193 0.303278 0.287484 0.269280 0.249134 0.227478 0.204693 0.181105 0.156981 0.132536 0.107941 0.083324 0.058786 0.034398 0.010216 -0.013724 -0.037397 -0.060786 -0.083881 -0.106681 -0.129183 -0.151391 -0.173310 -0.194947 -0.216308 -0.237402 
-0.229087 -0.207572 -0.185751 -0.163615 -0.141150 -0.118344 -0.095186 -0.071666 -0.047775 -0.023510 0.001133 0.026148 0.051523 0.077233 0.103239 0.129483 0.155877 0.182302 0.208591 0.234523 0.259810 0.284088 0.306909 0.327746 0.346009 0.361077 0.372358 0.379351 0.381722 0.379351 0.372358 0.361077 0.346009 0.327746 0.306909 0.284088 0.259810 0.234523 0.208591 0.182302 0.155877 0.129483 0.103239 0.077233 0.051523 0.026148 0.001133 -0.023510 -0.047775 -0.071666 -0.095186 -0.118344 -0.141150 -0.163615 -0.185751 -0.207572 -0.229087 
-0.221388 -0.199470 -0.177212 -0.154596 -0.131605 -0.108222 -0.084427 -0.060204 -0.035534 -0.010402 0.015206 0.041300 0.067881 0.094945 0.122470 0.150419 0.178724 0.207286 0.235952 0.264507 0.292653 0.319992 0.346009 0.370065 0.391411 0.409226 0.422693 0.431100 0.433961 0.431100 0.422693 0.409226 0.391411 0.370065 0.346009 0.319992 0.292653 0.264507 0.235952 0.207286 0.178724 0.150419 0.122470 0.094945 0.067881 0.041300 0.015206 -0.010402 -0.035534 -0.060204 -0.084427 -0.108222 -0.131605 -0.154596 -0.177212 -0.199470 -0.221388 
-0.214338 -0.192043 -0.169372 -0.146303 -0.122814 -0.098881 -0.074477 -0.049577 -0.024153 0.001824 0.028379 0.055538 0.083324 0.111751 0.140825 0.170535 0.200845 0.231685 0.262933 0.294397 0.325788 0.356689 0.386524 0.414534 0.439773 0.461145 0.477505 0.487814 0.491339 0.487814 0.477505 0.461145 0.439773 0.414534 0.386524 0.356689 0.325788 0.294397 0.262933 0.231685 0.200845 0.170535 0.140825 0.111751 0.083324 0.055538 0.028379 0.001824 -0.024153 -0.049577 -0.074477 -0.098881 -0.122814 -0.146303 -0.169372 -0.192043 -0.214338 
-0.207973 -0.185329 -0.162275 -0.138785 -0.114831 -0.090382 -0.065405 -0.039865 -0.013724 0.013059 0.040526 0.068721 0.097686 0.127463 0.158088 0.189585 0.221959 0.255187 0.289197 0.323843 0.358874 0.393887 0.428269 0.461145 0.491339 0.517387 0.537658 0.550594 0.555047 0.550594 0.537658 0.517387 0.491339 0.461145 0.428269 0.393887 0.358874 0.323843 0.289197 0.255187 0.221959 0.189585 0.158088 0.127463 0.097686 0.068721 0.040526 0.013059 -0.013724 -0.039865 -0.065405 -0.090382 -0.114831 -0.138785 -0.162275 -0.185329 -0.207973 
-0.202323 -0.179363 -0.155962 -0.132088 -0.107709 -0.082787 -0.057283 -0.031150 -0.004342 0.023196 0.051523 0.080700 0.110794 0.141877 0.174018 0.207286 0.241738 0.277414 0.314312 0.352368 0.391411 0.431100 0.470843 0.509686 0.546213 0.578489 0.604167 0.620838 0.626633 0.620838 0.604167 0.578489 0.546213 0.509686 0.470843 0.431100 0.391411 0.352368 0.314312 0.277414 0.241738 0.207286 0.174018 0.141877 0.110794 0.080700 0.051523 0.023196 -0.004342 -0.031150 -0.057283 -0.082787 -0.107709 -0.132088 -0.155962 -0.179363 -0.202323 
-0.197420 -0.174181 -0.150471 -0.126256 -0.101498 -0.076154 -0.050175 -0.023510 0.003903 0.032129 0.061242 0.091325 0.122470 0.154778 0.188359 0.223329 0.259810 0.297917 0.337747 0.379351 0.422693 0.467572 0.513509 0.559575 0.604167 0.644805 0.678113 0.700270 0.708078 0.700270 0.678113 0.644805 0.604167 0.559575 0.513509 0.467572 0.422693 0.379351 0.337747 0.297917 0.259810 0.223329 0.188359 0.154778 0.122470 0.091325 0.061242 0.032129 0.003903 -0.023510 -0.050175 -0.076154 -0.101498 -0.126256 -0.150471 -0.174181 -0.197420 
-0.193290 -0.169811 -0.145837 -0.121330 -0.096245 -0.070535 -0.044146 -0.017016 0.010925 0.039754 0.069562 0.100451 0.132536 0.165951 0.200845 0.237388 0.275769 0.316193 0.358874 0.404018 0.451781 0.502198 0.555047 0.609610 0.664293 0.716119 0.760342 0.790798 0.801755 0.790798 0.760342 0.716119 0.664293 0.609610 0.555047 0.502198 0.451781 0.404018 0.358874 0.316193 0.275769 0.237388 0.200845 0.165951 0.132536 0.100451 0.069562 0.039754 0.010925 -0.017016 -0.044146 -0.070535 -0.096245 -0.121330 -0.145837 -0.169811 -0.193290 
-0.189956 -0.166282 -0.142091 -0.117343 -0.091990 -0.065979 -0.039250 -0.011734 0.016646 0.045980 0.076372 0.107941 0.140825 0.175188 0.211217 0.249134 0.289197 0.331704 0.377000 0.425467 0.477505 0.533481 0.593600 0.657639 0.724405 0.790798 0.850560 0.893815 0.909870 0.893815 0.850560 0.790798 0.724405 0.657639 0.593600 0.533481 0.477505 0.425467 0.377000 0.331704 0.289197 0.249134 0.211217 0.175188 0.140825 0.107941 0.076372 0.045980 0.016646 -0.011734 -0.039250 -0.065979 -0.091990 -0.117343 -0.142091 -0.166282 -0.189956 
-0.187439 -0.163615 -0.139259 -0.114326 -0.088767 -0.062525 -0.035534 -0.007721 0.020999 0.050725 0.081572 0.113674 0.147188 0.182302 0.219237 0.258261 0.299693 0.343920 0.391411 0.442726 0.498530 0.559575 0.626633 0.700270 0.780264 0.864242 0.945036 1.007671 1.032032 1.007671 0.945036 0.864242 0.780264 0.700270 0.626633 0.559575 0.498530 0.442726 0.391411 0.343920 0.299693 0.258261 0.219237 0.182302 0.147188 0.113674 0.081572 0.050725 0.020999 -0.007721 -0.035534 -0.062525 -0.088767 -0.114326 -0.139259 -0.163615 -0.187439 
-0.185751 -0.161827 -0.137359 -0.112302 -0.086604 -0.060204 -0.033036 -0.005020 0.023932 0.053926 0.085085 0.117554 0.151503 0.187138 0.224706 0.264507 0.306909 0.352368 0.401450 0.454867 0.513509 0.578489 0.651146 0.732953 0.825076 0.926902 1.032032 1.120552 1.157208 1.120552 1.032032 0.926902 0.825076 0.732953 0.651146 0.578489 0.513509 0.454867 0.401450 0.352368 0.306909 0.264507 0.224706 0.187138 0.151503 0.117554 0.085085 0.053926 0.023932 -0.005020 -0.033036 -0.060204 -0.086604 -0.112302 -0.137359 -0.161827 -0.185751 
-0.184905 -0.160930 -0.136406 -0.111286 -0.085517 -0.059038 -0.031780 -0.003662 0.025408 0.055538 0.086856 0.119511 0.153682 0.189585 0.227478 0.267680 0.310587 0.356689 0.406610 0.461145 0.521322 0.588468 0.664293 0.750903 0.850560 0.964417 1.087962 1.199034 1.247649 1.199034 1.087962 0.964417 0.850560 0.750903 0.664293 0.588468 0.521322 0.461145 0.406610 0.356689 0.310587 0.267680 0.227478 0.189585 0.153682 0.119511 0.086856 0.055538 0.025408 -0.003662 -0.031780 -0.059038 -0.085517 -0.111286 -0.136406 -0.160930 -0.184905 
-0.184799 -0.160818 -0.136287 -0.111159 -0.085381 -0.058892 -0.031623 -0.003492 0.025593 0.055740 0.087078 0.119757 0.153956 0.189892 0.227826 0.268080 0.311050 0.357234 0.407262 0.461940 0.522314 0.589742 0.665982 0.753232 0.853917 0.969476 1.095775 1.210472 1.261127 1.210472 1.095775 0.969476 0.853917 0.753232 0.665982 0.589742 0.522314 0.461940 0.407262 0.357234 0.311050 0.268080 0.227826 0.189892 0.153956 0.119757 0.087078 0.055740 0.025593 -0.003492 -0.031623 -0.058892 -0.085381 -0.111159 -0.136287 -0.160818 -0.184799 
-0.184910 -0.160935 -0.136411 -0.111292 -0.085523 -0.059045 -0.031787 -0.003670 0.025400 0.055529 0.086846 0.119500 0.153671 0.189571 0.227463 0.267663 0.310567 0.356665 0.406582 0.461111 0.521279 0.588413 0.664219 0.750802 0.850415 0.964199 1.087627 1.198547 1.247077 1.198547 1.087627 0.964199 0.850415 0.750802 0.664219 0.588413 0.521279 0.461111 0.406582 0.356665 0.310567 0.267663 0.227463 0.189571 0.153671 0.119500 0.086846 0.055529 0.025400 -0.003670 -0.031787 -0.059045 -0.085523 -0.111292 -0.136411 -0.160935 -0.184910 
-0.185765 -0.161842 -0.137375 -0.112319 -0.086621 -0.060223 -0.033056 -0.005042 0.023908 0.053900 0.085057 0.117522 0.151468 0.187098 0.224661 0.264456 0.306850 0.352299 0.401368 0.454766 0.513385 0.578331 0.650938 0.732673 0.824683 0.926335 1.031211 1.119439 1.155948 1.119439 1.031211 0.926335 0.824683 0.732673 0.650938 0.578331 0.513385 0.454766 0.401368 0.352299 0.306850 0.264456 0.224661 0.187098 0.151468 0.117522 0.085057 0.053900 0.023908 -0.005042 -0.033056 -0.060223 -0.086621 -0.112319 -0.137375 -0.161842 -0.185765 
-0.187461 -0.163639 -0.139284 -0.114354 -0.088796 -0.062556 -0.035568 -0.007758 0.020960 0.050682 0.081525 0.113622 0.147131 0.182237 0.219164 0.258178 0.299597 0.343808 0.391278 0.442566 0.498334 0.559329 0.626318 0.699856 0.779708 0.863488 0.944029 1.006416 1.030667 1.006416 0.944029 0.863488 0.779708 0.699856 0.626318 0.559329 0.498334 0.442566 0.391278 0.343808 0.299597 0.258178 0.219164 0.182237 0.147131 0.113622 0.081525 0.050682 0.020960 -0.007758 -0.035568 -0.062556 -0.088796 -0.114354 -0.139284 -0.163639 -0.187461 
-0.189988 -0.166315 -0.142127 -0.117381 -0.092030 -0.066022 -0.039296 -0.011785 0.016591 0.045921 0.076307 0.107869 0.140746 0.175100 0.211118 0.249021 0.289067 0.331554 0.376824 0.425257 0.477251 0.533169 0.593210 0.657144 0.723772 0.789990 0.849556 0.892642 0.908628 0.892642 0.849556 0.789990 0.723772 0.657144 0.593210 0.533169 0.477251 0.425257 0.376824 0.331554 0.289067 0.249021 0.211118 0.175100 0.140746 0.107869 0.076307 0.045921 0.016591 -0.011785 -0.039296 -0.066022 -0.092030 -0.117381 -0.142127 -0.166315 -0.189988 
-0.193330 -0.169854 -0.145882 -0.121378 -0.096296 -0.070590 -0.044205 -0.017079 0.010856 0.039679 0.069481 0.100361 0.132437 0.165841 0.200722 0.237249 0.275610 0.316010 0.358662 0.403768 0.451484 0.501840 0.554613 0.609078 0.663641 0.715330 0.759414 0.789760 0.800674 0.789760 0.759414 0.715330 0.663641 0.609078 0.554613 0.501840 0.451484 0.403768 0.358662 0.316010 0.275610 0.237249 0.200722 0.165841 0.132437 0.100361 0.069481 0.039679 0.010856 -0.017079 -0.044205 -0.070590 -0.096296 -0.121378 -0.145882 -0.169854 -0.193330 
-0.197469 -0.174232 -0.150525 -0.126314 -0.101560 -0.076220 -0.050246 -0.023586 0.003821 0.032039 0.061145 0.091219 0.122353 0.154648 0.188214 0.223167 0.259626 0.297707 0.337506 0.379072 0.422366 0.467187 0.513054 0.559035 0.603530 0.644065 0.677276 0.699361 0.707142 0.699361 0.677276 0.644065 0.603530 0.559035 0.513054 0.467187 0.422366 0.379072 0.337506 0.297707 0.259626 0.223167 0.188214 0.154648 0.122353 0.091219 0.061145 0.032039 0.003821 -0.023586 -0.050246 -0.076220 -0.101560 -0.126314 -0.150525 -0.174232 -0.197469 
-0.202380 -0.179423 -0.156025 -0.132155 -0.107781 -0.082864 -0.057365 -0.031239 -0.004437 0.023094 0.051411 0.080578 0.110661 0.141730 0.173855 0.207104 0.241534 0.277183 0.314050 0.352069 0.391066 0.430703 0.470383 0.509156 0.545606 0.577805 0.603415 0.620038 0.625815 0.620038 0.603415 0.577805 0.545606 0.509156 0.470383 0.430703 0.391066 0.352069 0.314050 0.277183 0.241534 0.207104 0.173855 0.141730 0.110661 0.080578 0.051411 0.023094 -0.004437 -0.031239 -0.057365 -0.082864 -0.107781 -0.132155 -0.156025 -0.179423 -0.202380 
-0.208037 -0.185397 -0.162347 -0.138861 -0.114912 -0.090469 -0.065498 -0.039965 -0.013831 0.012944 0.040401 0.068585 0.097538 0.127301 0.157909 0.189386 0.221739 0.254941 0.288920 0.323530 0.358521 0.393486 0.427815 0.460634 0.490767 0.516758 0.536980 0.549882 0.554324 0.549882 0.536980 0.516758 0.490767 0.460634 0.427815 0.393486 0.358521 0.323530 0.288920 0.254941 0.221739 0.189386 0.157909 0.127301 0.097538 0.068585 0.040401 0.012944 -0.013831 -0.039965 -0.065498 -0.090469 -0.114912 -0.138861 -0.162347 -0.185397 -0.208037 
-0.214410 -0.192119 -0.169452 -0.146388 -0.122904 -0.098977 -0.074579 -0.049686 -0.024270 0.001697 0.028242 0.055391 0.083163 0.111576 0.140634 0.170324 0.200612 0.231427 0.262646 0.294078 0.325431 0.356291 0.386082 0.414045 0.439237 0.460566 0.476889 0.487174 0.490691 0.487174 0.476889 0.460566 0.439237 0.414045 0.386082 0.356291 0.325431 0.294078 0.262646 0.231427 0.200612 0.170324 0.140634 0.111576 0.083163 0.055391 0.028242 0.001697 -0.024270 -0.049686 -0.074579 -0.098977 -0.122904 -0.146388 -0.169452 -0.192119 -0.214410 
-0.221467 -0.199554 -0.177300 -0.154689 -0.131704 -0.108327 -0.084539 -0.060323 -0.035661 -0.010538 0.015060 0.041142 0.067710 0.094759 0.122268 0.150197 0.178482 0.207020 0.235659 0.264185 0.292298 0.319602 0.345581 0.369599 0.390908 0.408690 0.422129 0.430519 0.433374 0.430519 0.422129 0.408690 0.390908 0.369599 0.345581 0.319602 0.292298 0.264185 0.235659 0.207020 0.178482 0.150197 0.122268 0.094759 0.067710 0.041142 0.015060 -0.010538 -0.035661 -0.060323 -0.084539 -0.108327 -0.131704 -0.154689 -0.177300 -0.199554 -0.221467 
-0.229174 -0.207662 -0.185847 -0.163716 -0.141256 -0.118456 -0.095305 -0.071793 -0.047911 -0.023655 0.000977 0.025981 0.051342 0.077038 0.103029 0.129254 0.155629 0.182031 0.208296 0.234201 0.259460 0.283707 0.306497 0.327303 0.345536 0.360578 0.371838 0.378818 0.381184 0.378818 0.371838 0.360578 0.345536 0.327303 0.306497 0.283707 0.259460 0.234201 0.208296 0.182031 0.155629 0.129254 0.103029 0.077038 0.051342 0.025981 0.000977 -0.023655 -0.047911 -0.071793 -0.095305 -0.118456 -0.141256 -0.163716 -0.185847 -0.207662 -0.229174 
-0.237494 -0.216405 -0.195049 -0.173418 -0.151505 -0.129303 -0.106808 -0.084017 -0.060929 -0.037550 -0.013888 0.010041 0.034211 0.058584 0.083107 0.107706 0.132284 0.156708 0.180809 0.204374 0.227134 0.248764 0.268884 0.287062 0.302833 0.315726 0.325306 0.331212 0.333208 0.331212 0.325306 0.315726 0.302833 0.287062 0.268884 0.248764 0.227134 0.204374 0.180809 0.156708 0.132284 0.107706 0.083107 0.058584 0.034211 0.010041 -0.013888 -0.037550 -0.060929 -0.084017 -0.106808 -0.129303 -0.151505 -0.173418 -0.195049 -0.216405 -0.237494 
-0.246393 -0.225743 -0.204862 -0.183747 -0.162395 -0.140805 -0.118977 -0.096915 -0.074628 -0.052125 -0.029426 -0.006555 0.016452 0.039547 0.062668 0.085732 0.108634 0.131241 0.153389 0.174873 0.195452 0.214842 0.232719 0.248732 0.262511 0.273695 0.281954 0.287025 0.288735 0.287025 0.281954 0.273695 0.262511 0.248732 0.232719 0.214842 0.195452 0.174873 0.153389 0.131241 0.108634 0.085732 0.062668 0.039547 0.016452 -0.006555 -0.029426 -0.052125 -0.074628 -0.096915 -0.118977 -0.140805 -0.162395 -0.183747 -0.204862 -0.225743 -0.246393 
-0.255834 -0.235635 -0.215242 -0.194653 -0.173872 -0.152901 -0.131745 -0.110415 -0.088924 -0.067289 -0.045536 -0.023696 -0.001814 0.020058 0.041850 0.063476 0.084829 0.105779 0.126167 0.145809 0.164487 0.181954 0.197940 0.212155 0.224305 0.234109 0.241315 0.245723 0.247208 0.245723 0.241315 0.234109 0.224305 0.212155 0.197940 0.181954 0.164487 0.145809 0.126167 0.105779 0.084829 0.063476 0.041850 0.020058 -0.001814 -0.023696 -0.045536 -0.067289 -0.088924 -0.110415 -0.131745 -0.152901 -0.173872 -0.194653 -0.215242 -0.235635 -0.255834 
-0.265781 -0.246042 -0.226144 -0.206089 -0.185883 -0.165533 -0.145050 -0.124446 -0.103741 -0.082958 -0.062126 -0.041285 -0.020480 0.000230 0.020771 0.041058 0.060986 0.080428 0.099239 0.117249 0.134268 0.150081 0.164462 0.177173 0.187978 0.196653 0.203004 0.206880 0.208183 0.206880 0.203004 0.196653 0.187978 0.177173 0.164462 0.150081 0.134268 0.117249 0.099239 0.080428 0.060986 0.041058 0.020771 0.000230 -0.020480 -0.041285 -0.062126 -0.082958 -0.103741 -0.124446 -0.145050 -0.165533 -0.185883 -0.206089 -0.226144 -0.246042 -0.265781 
-0.276198 -0.256925 -0.237526 -0.218008 -0.198378 -0.178647 -0.158830 -0.138943 -0.119009 -0.099056 -0.079116 -0.059233 -0.039455 -0.019844 -0.000473 0.018574 0.037193 0.055269 0.072666 0.089232 0.104799 0.119184 0.132196 0.143638 0.153318 0.161060 0.166710 0.170150 0.171306 0.170150 0.166710 0.161060 0.153318 0.143638 0.132196 0.119184 0.104799 0.089232 0.072666 0.055269 0.037193 0.018574 -0.000473 -0.019844 -0.039455 -0.059233 -0.079116 -0.099056 -0.119009 -0.138943 -0.158830 -0.178647 -0.198378 -0.218008 -0.237526 -0.256925 -0.276198 
-0.287050 -0.268246 -0.249349 -0.230366 -0.211308 -0.192191 -0.173029 -0.153845 -0.134663 -0.115513 -0.096433 -0.077465 -0.058661 -0.040084 -0.021803 -0.003904 0.013520 0.030357 0.046487 0.061772 0.076067 0.089213 0.101049 0.111412 0.120145 0.127107 0.132174 0.135253 0.136286 0.135253 0.132174 0.127107 0.120145 0.111412 0.101049 0.089213 0.076067 0.061772 0.046487 0.030357 0.013520 -0.003904 -0.021803 -0.040084 -0.058661 -0.077465 -0.096433 -0.115513 -0.134663 -0.153845 -0.173029 -0.192191 -0.211308 -0.230366 -0.249349 -0.268246 -0.287050 
-0.298305 -0.279970 -0.261571 -0.243120 -0.224629 -0.206115 -0.187597 -0.169097 -0.150644 -0.132269 -0.114011 -0.095915 -0.078032 -0.060423 -0.043157 -0.026315 -0.009985 0.005732 0.020724 0.034872 0.048047 0.060113 0.070933 0.080372 0.088301 0.094603 0.099180 0.101957 0.102888 0.101957 0.099180 0.094603 0.088301 0.080372 0.070933 0.060113 0.048047 0.034872 0.020724 0.005732 -0.009985 -0.026315 -0.043157 -0.060423 -0.078032 -0.095915 -0.114011 -0.132269 -0.150644 -0.169097 -0.187597 -0.206115 -0.224629 -0.243120 -0.261571 -0.279970 -0.298305 
-0.309929 -0.292061 -0.274157 -0.256231 -0.238298 -0.220376 -0.202485 -0.184650 -0.166901 -0.149270 -0.131797 -0.114527 -0.097511 -0.080808 -0.064485 -0.048616 -0.033285 -0.018584 -0.004612 0.008523 0.020709 0.031829 0.041767 0.050409 0.057647 0.063387 0.067548 0.070070 0.070915 0.070070 0.067548 0.063387 0.057647 0.050409 0.041767 0.031829 0.020709 0.008523 -0.004612 -0.018584 -0.033285 -0.048616 -0.064485 -0.080808 -0.097511 -0.114527 -0.131797 -0.149270 -0.166901 -0.184650 -0.202485 -0.220376 -0.238298 -0.256231 -0.274157 -0.292061 -0.309929 
-0.321891 -0.304486 -0.287072 -0.269663 -0.252277 -0.234931 -0.217650 -0.200458 -0.183386 -0.166468 -0.149742 -0.133253 -0.117052 -0.101195 -0.085745 -0.070772 -0.056354 -0.042574 -0.029521 -0.017290 -0.005981 0.004307 0.013474 0.021423 0.028066 0.033323 0.037128 0.039431 0.040202 0.039431 0.037128 0.033323 0.028066 0.021423 0.013474 0.004307 -0.005981 -0.017290 -0.029521 -0.042574 -0.056354 -0.070772 -0.085745 -0.101195 -0.117052 -0.133253 -0.149742 -0.166468 -0.183386 -0.200458 -0.217650 -0.234931 -0.252277 -0.269663 -0.287072 -0.304486 -0.321891 
-0.334164 -0.317215 -0.300282 -0.283380 -0.266528 -0.249744 -0.233053 -0.216481 -0.200059 -0.183820 -0.167804 -0.152053 -0.136616 -0.121548 -0.106907 -0.092760 -0.079176 -0.066231 -0.054007 -0.042587 -0.032057 -0.022505 -0.014015 -0.006671 -0.000546 0.004292 0.007789 0.009904 0.010612 0.009904 0.007789 0.004292 -0.000546 -0.006671 -0.014015 -0.022505 -0.032057 -0.042587 -0.054007 -0.066231 -0.079176 -0.092760 -0.106907 -0.121548 -0.136616 -0.152053 -0.167804 -0.183820 -0.200059 -0.216481 -0.233053 -0.249744 -0.266528 -0.283380 -0.300282 -0.317215 -0.334164 
-0.346718 -0.330219 -0.313758 -0.297351 -0.281018 -0.264779 -0.248659 -0.232683 -0.216882 -0.201291 -0.185947 -0.170891 -0.156172 -0.141838 -0.127948 -0.114560 -0.101739 -0.089555 -0.078080 -0.067387 -0.057554 -0.048655 -0.040764 -0.033951 -0.028280 -0.023807 -0.020577 -0.018626 -0.017973 -0.018626 -0.020577 -0.023807 -0.028280 -0.033951 -0.040764 -0.048655 -0.057554 -0.067387 -0.078080 -0.089555 -0.101739 -0.114560 -0.127948 -0.141838 -0.156172 -0.170891 -0.185947 -0.201291 -0.216882 -0.232683 -0.248659 -0.264779 -0.281018 -0.297351 -0.313758 -0.330219 -0.346718 
-0.359528 -0.343470 -0.327470 -0.311547 -0.295718 -0.280006 -0.264435 -0.249031 -0.233825 -0.218849 -0.204141 -0.189740 -0.175692 -0.162044 -0.148848 -0.136160 -0.124039 -0.112548 -0.101750 -0.091714 -0.082504 -0.074188 -0.066828 -0.060485 -0.055214 -0.051062 -0.048066 -0.046258 -0.045653 -0.046258 -0.048066 -0.051062 -0.055214 -0.060485 -0.066828 -0.074188 -0.082504 -0.091714 -0.101750 -0.112548 -0.124039 -0.136160 -0.148848 -0.162044 -0.175692 -0.189740 -0.204141 -0.218849 -0.233825 -0.249031 -0.264435 -0.280006 -0.295718 -0.311547 -0.327470 -0.343470 -0.359528 
-0.372569 -0.356942 -0.341393 -0.325939 -0.310600 -0.295397 -0.280354 -0.265498 -0.250858 -0.236467 -0.222360 -0.208576 -0.195156 -0.182146 -0.169594 -0.157551 -0.146073 -0.135214 -0.125033 -0.115589 -0.106941 -0.099146 -0.092260 -0.086335 -0.081418 -0.077548 -0.074760 -0.073077 -0.072514 -0.073077 -0.074760 -0.077548 -0.081418 -0.086335 -0.092260 -0.099146 -0.106941 -0.115589 -0.125033 -0.135214 -0.146073 -0.157551 -0.169594 -0.182146 -0.195156 -0.208576 -0.222360 -0.236467 -0.250858 -0.265498 -0.280354 -0.295397 -0.310600 -0.325939 -0.341393 -0.356942 -0.372569 
-0.385820 -0.370614 -0.355503 -0.340504 -0.325638 -0.310925 -0.296389 -0.282057 -0.267957 -0.254121 -0.240582 -0.227377 -0.214546 -0.202131 -0.190177 -0.178730 -0.167842 -0.157561 -0.147941 -0.139035 -0.130893 -0.123567 -0.117106 -0.111554 -0.106952 -0.103334 -0.100729 -0.099157 -0.098632 -0.099157 -0.100729 -0.103334 -0.106952 -0.111554 -0.117106 -0.123567 -0.130893 -0.139035 -0.147941 -0.157561 -0.167842 -0.178730 -0.190177 -0.202131 -0.214546 -0.227377 -0.240582 -0.254121 -0.267957 -0.282057 -0.296389 -0.310925 -0.325638 -0.340504 -0.355503 -0.370614 -0.385820 
-0.399258 -0.384462 -0.369777 -0.355220 -0.340809 -0.326568 -0.312519 -0.298687 -0.285101 -0.271791 -0.258789 -0.246129 -0.233849 -0.221989 -0.210589 -0.199694 -0.189349 -0.179598 -0.170491 -0.162073 -0.154390 -0.147487 -0.141408 -0.136190 -0.131870 -0.128477 -0.126035 -0.124563 -0.124071 -0.124563 -0.126035 -0.128477 -0.131870 -0.136190 -0.141408 -0.147487 -0.154390 -0.162073 -0.170491 -0.179598 -0.189349 -0.199694 -0.210589 -0.221989 -0.233849 -0.246129 -0.258789 -0.271791 -0.285101 -0.298687 -0.312519 -0.326568 -0.340809 -0.355220 -0.369777 -0.384462 -0.399258 
-0.412864 -0.398468 -0.384195 -0.370064 -0.356094 -0.342306 -0.328723 -0.315369 -0.302272 -0.289460 -0.276964 -0.264817 -0.253054 -0.241711 -0.230828 -0.220443 -0.210598 -0.201335 -0.192696 -0.184723 -0.177457 -0.170939 -0.165204 -0.160288 -0.156220 -0.153029 -0.150733 -0.149350 -0.148887 -0.149350 -0.150733 -0.153029 -0.156220 -0.160288 -0.165204 -0.170939 -0.177457 -0.184723 -0.192696 -0.201335 -0.210598 -0.220443 -0.230828 -0.241711 -0.253054 -0.264817 -0.276964 -0.289460 -0.302272 -0.315369 -0.328723 -0.342306 -0.356094 -0.370064 -0.384195 -0.398468 -0.412864 
-0.426620 -0.412611 -0.398739 -0.385020 -0.371474 -0.358121 -0.344983 -0.332086 -0.319453 -0.307114 -0.295096 -0.283431 -0.272152 -0.261293 -0.250889 -0.240977 -0.231595 -0.222781 -0.214572 -0.207006 -0.200120 -0.193950 -0.188528 -0.183884 -0.180046 -0.177035 -0.174872 -0.173568 -0.173132 -0.173568 -0.174872 -0.177035 -0.180046 -0.183884 -0.188528 -0.193950 -0.200120 -0.207006 -0.214572 -0.222781 -0.231595 -0.240977 -0.250889 -0.261293 -0.272152 -0.283431 -0.295096 -0.307114 -0.319453 -0.332086 -0.344983 -0.358121 -0.371474 -0.385020 -0.398739 -0.412611 -0.426620 
