59 59
1.300451e+00 0 5
-0.365554 -0.351910 -0.338393 -0.325021 -0.311811 -0.298780 -0.285950 -0.273341 -0.260977 -0.248881 -0.237081 -0.225603 -0.214477 -0.203733 -0.193402 -0.183518 -0.174114 -0.165224 -0.156883 -0.149124 -0.141982 -0.135489 -0.129676 -0.124574 -0.120207 -0.116600 -0.113774 -0.111743 -0.110519 -0.110111 -0.110519 -0.111743 -0.113774 -0.116600 -0.120207 -0.124574 -0.129676 -0.135489 -0.141982 -0.149124 -0.156883 -0.165224 -0.174114 -0.183518 -0.193402 -0.203733 -0.214477 -0.225603 -0.237081 -0.248881 -0.260977 -0.273341 -0.285950 -0.298780 -0.311811 -0.325021 -0.338393 -0.351910 -0.365554 
-0.352152 -0.338144 -0.324254 -0.310497 -0.296891 -0.283454 -0.270208 -0.257175 -0.244378 -0.231842 -0.219597 -0.207669 -0.196091 -0.184895 -0.174114 -0.163785 -0.153943 -0.144627 -0.135874 -0.127721 -0.120207 -0.113368 -0.107239 -0.101853 -0.097240 -0.093427 -0.090437 -0.088287 -0.086992 -0.086559 -0.086992 -0.088287 -0.090437 -0.093427 -0.097240 -0.101853 -0.107239 -0.113368 -0.120207 -0.127721 -0.135874 -0.144627 -0.153943 -0.163785 -0.174114 -0.184895 -0.196091 -0.207669 -0.219597 -0.231842 -0.244378 -0.257175 -0.270208 -0.283454 -0.296891 -0.310497 -0.324254 -0.338144 -0.352152 
-0.338891 -0.324510 -0.310234 -0.296078 -0.282062 -0.268204 -0.254525 -0.241047 -0.227796 -0.214799 -0.202082 -0.189679 -0.177620 -0.165942 -0.154680 -0.143873 -0.133560 -0.123783 -0.114583 -0.106002 -0.098083 -0.090865 -0.084389 -0.078692 -0.073808 -0.069767 -0.066595 -0.064315 -0.062940 -0.062481 -0.062940 -0.064315 -0.066595 -0.069767 -0.073808 -0.078692 -0.084389 -0.090865 -0.098083 -0.106002 -0.114583 -0.123783 -0.133560 -0.143873 -0.154680 -0.165942 -0.177620 -0.189679 -0.202082 -0.214799 -0.227796 -0.241047 -0.254525 -0.268204 -0.282062 -0.296078 -0.310234 -0.324510 -0.338891 
-0.325788 -0.311023 -0.296349 -0.281783 -0.267342 -0.253046 -0.238916 -0.224974 -0.211248 -0.197763 -0.184551 -0.171643 -0.159074 -0.146881 -0.135104 -0.123783 -0.112962 -0.102686 -0.093001 -0.083954 -0.075591 -0.067958 -0.061100 -0.055059 -0.049874 -0.045581 -0.042209 -0.039783 -0.038320 -0.037831 -0.038320 -0.039783 -0.042209 -0.045581 -0.049874 -0.055059 -0.061100 -0.067958 -0.075591 -0.083954 -0.093001 -0.102686 -0.112962 -0.123783 -0.135104 -0.146881 -0.159074 -0.171643 -0.184551 -0.197763 -0.211248 -0.224974 -0.238916 -0.253046 -0.267342 -0.281783 -0.296349 -0.311023 -0.325788 
-0.312860 -0.297701 -0.282619 -0.267630 -0.252750 -0.237999 -0.223399 -0.208974 -0.194749 -0.180753 -0.167017 -0.153575 -0.140463 -0.127721 -0.115391 -0.103518 -0.092148 -0.081331 -0.071118 -0.061561 -0.052711 -0.044621 -0.037341 -0.030920 -0.025403 -0.020829 -0.017233 -0.014644 -0.013082 -0.012560 -0.013082 -0.014644 -0.017233 -0.020829 -0.025403 -0.030920 -0.037341 -0.044621 -0.052711 -0.061561 -0.071118 -0.081331 -0.092148 -0.103518 -0.115391 -0.127721 -0.140463 -0.153575 -0.167017 -0.180753 -0.194749 -0.208974 -0.223399 -0.237999 -0.252750 -0.267630 -0.282619 -0.297701 -0.312860 
-0.300126 -0.284565 -0.269064 -0.253638 -0.238305 -0.223083 -0.207996 -0.193065 -0.178318 -0.163785 -0.149497 -0.135489 -0.121800 -0.108472 -0.095550 -0.083082 -0.071118 -0.059714 -0.048924 -0.038808 -0.029423 -0.020829 -0.013082 -0.006238 -0.000349 0.004539 0.008385 0.011157 0.012830 0.013389 0.012830 0.011157 0.008385 0.004539 -0.000349 -0.006238 -0.013082 -0.020829 -0.029423 -0.038808 -0.048924 -0.059714 -0.071118 -0.083082 -0.095550 -0.108472 -0.121800 -0.135489 -0.149497 -0.163785 -0.178318 -0.193065 -0.207996 -0.223083 -0.238305 -0.253638 -0.269064 -0.284565 -0.300126 
-0.287607 -0.271635 -0.255704 -0.239830 -0.224030 -0.208322 -0.192728 -0.177271 -0.161979 -0.146881 -0.132011 -0.117405 -0.103102 -0.089148 -0.075591 -0.062481 -0.049874 -0.037831 -0.026412 -0.015682 -0.005706 0.003447 0.011714 0.019029 0.025334 0.030574 0.034703 0.037680 0.039479 0.040080 0.039479 0.037680 0.034703 0.030574 0.025334 0.019029 0.011714 0.003447 -0.005706 -0.015682 -0.026412 -0.037831 -0.049874 -0.062481 -0.075591 -0.089148 -0.103102 -0.117405 -0.132011 -0.146881 -0.161979 -0.177271 -0.192728 -0.208322 -0.224030 -0.239830 -0.255704 -0.271635 -0.287607 
-0.275324 -0.258933 -0.242564 -0.226231 -0.209950 -0.193739 -0.177620 -0.161617 -0.145756 -0.130066 -0.114583 -0.099343 -0.084389 -0.069767 -0.055527 -0.041725 -0.028422 -0.015682 -0.003573 0.007833 0.018461 0.028236 0.037083 0.044927 0.051701 0.057339 0.061786 0.064997 0.066938 0.067587 0.066938 0.064997 0.061786 0.057339 0.051701 0.044927 0.037083 0.028236 0.018461 0.007833 -0.003573 -0.015682 -0.028422 -0.041725 -0.055527 -0.069767 -0.084389 -0.099343 -0.114583 -0.130066 -0.145756 -0.161617 -0.177620 -0.193739 -0.209950 -0.226231 -0.242564 -0.258933 -0.275324 
-0.263301 -0.246485 -0.229668 -0.212865 -0.196091 -0.179363 -0.162702 -0.146131 -0.129676 -0.113368 -0.097240 -0.081331 -0.065685 -0.050349 -0.035377 -0.020829 -0.006769 0.006732 0.019598 0.031749 0.043102 0.053570 0.063067 0.071508 0.078811 0.084901 0.089712 0.093189 0.095293 0.095997 0.095293 0.093189 0.089712 0.084901 0.078811 0.071508 0.063067 0.053570 0.043102 0.031749 0.019598 0.006732 -0.006769 -0.020829 -0.035377 -0.050349 -0.065685 -0.081331 -0.097240 -0.113368 -0.129676 -0.146131 -0.162702 -0.179363 -0.196091 -0.212865 -0.229668 -0.246485 -0.263301 
-0.251563 -0.234315 -0.217044 -0.199762 -0.182483 -0.165224 -0.148004 -0.130845 -0.113774 -0.096818 -0.080014 -0.063399 -0.047018 -0.030920 -0.015163 0.000191 0.015072 0.029403 0.043102 0.056078 0.068238 0.079482 0.089712 0.098827 0.106732 0.113338 0.118566 0.122350 0.124641 0.125408 0.124641 0.122350 0.118566 0.113338 0.106732 0.098827 0.089712 0.079482 0.068238 0.056078 0.043102 0.029403 0.015072 0.000191 -0.015163 -0.030920 -0.047018 -0.063399 -0.080014 -0.096818 -0.113774 -0.130845 -0.148004 -0.165224 -0.182483 -0.199762 -0.217044 -0.234315 -0.251563 
-0.240135 -0.222451 -0.204720 -0.186951 -0.169158 -0.151355 -0.133560 -0.115795 -0.098083 -0.080453 -0.062940 -0.045581 -0.028422 -0.011513 0.005086 0.021309 0.037083 0.052323 0.066938 0.080829 0.093889 0.106006 0.117064 0.126947 0.135542 0.142741 0.148450 0.152588 0.155096 0.155937 0.155096 0.152588 0.148450 0.142741 0.135542 0.126947 0.117064 0.106006 0.093889 0.080829 0.066938 0.052323 0.037083 0.021309 0.005086 -0.011513 -0.028422 -0.045581 -0.062940 -0.080453 -0.098083 -0.115795 -0.133560 -0.151355 -0.169158 -0.186951 -0.204720 -0.222451 -0.240135 
-0.229045 -0.210924 -0.192728 -0.174466 -0.156150 -0.137792 -0.119408 -0.101018 -0.082645 -0.064315 -0.046061 -0.027920 -0.009938 0.007833 0.025334 0.042496 0.059238 0.075473 0.091099 0.106006 0.120075 0.133176 0.145175 0.155937 0.165325 0.173211 0.179479 0.184032 0.186795 0.187721 0.186795 0.184032 0.179479 0.173211 0.165325 0.155937 0.145175 0.133176 0.120075 0.106006 0.091099 0.075473 0.059238 0.042496 0.025334 0.007833 -0.009938 -0.027920 -0.046061 -0.064315 -0.082645 -0.101018 -0.119408 -0.137792 -0.156150 -0.174466 -0.192728 -0.210924 -0.229045 
-0.218322 -0.199762 -0.181099 -0.162341 -0.143495 -0.124574 -0.105589 -0.086559 -0.067504 -0.048449 -0.029423 -0.010464 0.008385 0.027073 0.045538 0.063710 0.081504 0.098827 0.115569 0.131608 0.146808 0.161024 0.174099 0.185871 0.196179 0.204866 0.211791 0.216831 0.219894 0.220922 0.219894 0.216831 0.211791 0.204866 0.196179 0.185871 0.174099 0.161024 0.146808 0.131608 0.115569 0.098827 0.081504 0.063710 0.045538 0.027073 0.008385 -0.010464 -0.029423 -0.048449 -0.067504 -0.086559 -0.105589 -0.124574 -0.143495 -0.162341 -0.181099 -0.199762 -0.218322 
-0.207996 -0.188999 -0.169869 -0.150613 -0.131234 -0.111743 -0.092148 -0.072465 -0.052711 -0.032907 -0.013082 0.006732 0.026492 0.046150 0.065643 0.084901 0.103837 0.122350 0.140324 0.157624 0.174099 0.189581 0.203889 0.216831 0.228212 0.237842 0.245543 0.251164 0.254586 0.255736 0.254586 0.251164 0.245543 0.237842 0.228212 0.216831 0.203889 0.189581 0.174099 0.157624 0.140324 0.122350 0.103837 0.084901 0.065643 0.046150 0.026492 0.006732 -0.013082 -0.032907 -0.052711 -0.072465 -0.092148 -0.111743 -0.131234 -0.150613 -0.169869 -0.188999 -0.207996 
-0.198097 -0.178667 -0.159074 -0.139320 -0.119408 -0.099343 -0.079133 -0.058787 -0.038320 -0.017749 0.002902 0.023604 0.044318 0.064997 0.085584 0.106006 0.126177 0.145991 0.165325 0.184032 0.201944 0.218870 0.234599 0.248903 0.261547 0.272295 0.280925 0.287244 0.291099 0.292396 0.291099 0.287244 0.280925 0.272295 0.261547 0.248903 0.234599 0.218870 0.201944 0.184032 0.165325 0.145991 0.126177 0.106006 0.085584 0.064997 0.044318 0.023604 0.002902 -0.017749 -0.038320 -0.058787 -0.079133 -0.099343 -0.119408 -0.139320 -0.159074 -0.178667 -0.198097 
-0.188658 -0.168802 -0.148751 -0.128504 -0.108062 -0.087424 -0.066595 -0.045581 -0.024391 -0.003037 0.018461 0.040080 0.061786 0.083538 0.105281 0.126947 0.148450 0.169682 0.190515 0.210792 0.230327 0.248903 0.266277 0.282178 0.296318 0.308405 0.318157 0.325325 0.329711 0.331188 0.329711 0.325325 0.318157 0.308405 0.296318 0.282178 0.266277 0.248903 0.230327 0.210792 0.190515 0.169682 0.148450 0.126947 0.105281 0.083538 0.061786 0.040080 0.018461 -0.003037 -0.024391 -0.045581 -0.066595 -0.087424 -0.108062 -0.128504 -0.148751 -0.168802 -0.188658 
-0.179711 -0.159438 -0.138939 -0.118207 -0.097240 -0.076035 -0.054590 -0.032907 -0.010989 0.011157 0.033518 0.056078 0.078811 0.101681 0.124641 0.147628 0.170561 0.193334 0.215816 0.237842 0.259209 0.279677 0.298962 0.316744 0.332672 0.346379 0.357503 0.365719 0.370763 0.372465 0.370763 0.365719 0.357503 0.346379 0.332672 0.316744 0.298962 0.279677 0.259209 0.237842 0.215816 0.193334 0.170561 0.147628 0.124641 0.101681 0.078811 0.056078 0.033518 0.011157 -0.010989 -0.032907 -0.054590 -0.076035 -0.097240 -0.118207 -0.138939 -0.159438 -0.179711 
-0.171289 -0.150613 -0.129676 -0.108472 -0.086992 -0.065229 -0.043176 -0.020829 0.001816 0.024757 0.047990 0.071508 0.095293 0.119319 0.143550 0.167932 0.192392 0.216831 0.241119 0.265088 0.288523 0.311159 0.332672 0.352683 0.370763 0.386450 0.399275 0.408803 0.414677 0.416663 0.414677 0.408803 0.399275 0.386450 0.370763 0.352683 0.332672 0.311159 0.288523 0.265088 0.241119 0.216831 0.192392 0.167932 0.143550 0.119319 0.095293 0.071508 0.047990 0.024757 0.001816 -0.020829 -0.043176 -0.065229 -0.086992 -0.108472 -0.129676 -0.150613 -0.171289 
-0.163424 -0.142361 -0.121004 -0.099343 -0.077366 -0.055059 -0.032411 -0.009412 0.013949 0.037680 0.061786 0.086269 0.111122 0.136334 0.161880 0.187721 0.213797 0.240023 0.266277 0.292396 0.318157 0.343277 0.367391 0.390056 0.410747 0.428881 0.443841 0.455039 0.461981 0.464334 0.461981 0.455039 0.443841 0.428881 0.410747 0.390056 0.367391 0.343277 0.318157 0.292396 0.266277 0.240023 0.213797 0.187721 0.161880 0.136334 0.111122 0.086269 0.061786 0.037680 0.013949 -0.009412 -0.032411 -0.055059 -0.077366 -0.099343 -0.121004 -0.142361 -0.163424 
-0.156150 -0.134718 -0.112962 -0.090865 -0.068411 -0.045581 -0.022359 0.001273 0.025334 0.049841 0.074809 0.100251 0.126177 0.152588 0.179479 0.206829 0.234599 0.262723 0.291099 0.319577 0.347942 0.375898 0.403048 0.428881 0.452763 0.473952 0.491634 0.504998 0.513341 0.516180 0.513341 0.504998 0.491634 0.473952 0.452763 0.428881 0.403048 0.375898 0.347942 0.319577 0.291099 0.262723 0.234599 0.206829 0.179479 0.152588 0.126177 0.100251 0.074809 0.049841 0.025334 0.001273 -0.022359 -0.045581 -0.068411 -0.090865 -0.112962 -0.134718 -0.156150 
-0.149497 -0.127721 -0.105589 -0.083082 -0.060176 -0.036851 -0.013082 0.011157 0.035891 0.061148 0.086954 0.113338 0.140324 0.167932 0.196179 0.225067 0.254586 0.284700 0.315338 0.346379 0.377629 0.408803 0.439484 0.469102 0.496902 0.521947 0.543151 0.559380 0.569605 0.573101 0.569605 0.559380 0.543151 0.521947 0.496902 0.469102 0.439484 0.408803 0.377629 0.346379 0.315338 0.284700 0.254586 0.225067 0.196179 0.167932 0.140324 0.113338 0.086954 0.061148 0.035891 0.011157 -0.013082 -0.036851 -0.060176 -0.083082 -0.105589 -0.127721 -0.149497 
-0.143495 -0.121402 -0.098924 -0.076035 -0.052711 -0.028923 -0.004641 0.020168 0.045538 0.071508 0.098117 0.125408 0.153422 0.182203 0.211791 0.242219 0.273513 0.305677 0.338685 0.372465 0.406871 0.441654 0.476410 0.510532 0.543151 0.573101 0.598934 0.619033 0.631856 0.636271 0.631856 0.619033 0.598934 0.573101 0.543151 0.510532 0.476410 0.441654 0.406871 0.372465 0.338685 0.305677 0.273513 0.242219 0.211791 0.182203 0.153422 0.125408 0.098117 0.071508 0.045538 0.020168 -0.004641 -0.028923 -0.052711 -0.076035 -0.098924 -0.121402 -0.143495 
-0.138174 -0.115795 -0.093001 -0.069767 -0.046061 -0.021850 0.002902 0.028236 0.054196 0.080829 0.108189 0.136334 0.165325 0.195228 0.226112 0.258047 0.291099 0.325325 0.360762 0.397407 0.435194 0.473952 0.513341 0.552771 0.591297 0.627513 0.659506 0.684951 0.701468 0.707209 0.701468 0.684951 0.659506 0.627513 0.591297 0.552771 0.513341 0.473952 0.435194 0.397407 0.360762 0.325325 0.291099 0.258047 0.226112 0.195228 0.165325 0.136334 0.108189 0.080829 0.054196 0.028236 0.002902 -0.021850 -0.046061 -0.069767 -0.093001 -0.115795 -0.138174 
-0.133560 -0.110927 -0.087856 -0.064315 -0.040269 -0.015682 0.009491 0.035296 0.061786 0.089020 0.117064 0.145991 0.175882 0.206829 0.238931 0.272295 0.307038 0.343277 0.381125 0.420677 0.461981 0.504998 0.549527 0.595088 0.640759 0.684951 0.725209 0.758194 0.780130 0.787860 0.780130 0.758194 0.725209 0.684951 0.640759 0.595088 0.549527 0.504998 0.461981 0.420677 0.381125 0.343277 0.307038 0.272295 0.238931 0.206829 0.175882 0.145991 0.117064 0.089020 0.061786 0.035296 0.009491 -0.015682 -0.040269 -0.064315 -0.087856 -0.110927 -0.133560 
-0.129676 -0.106827 -0.083518 -0.059714 -0.035377 -0.010464 0.015072 0.041286 0.068238 0.095997 0.124641 0.154258 0.184950 0.216831 0.250032 0.284700 0.321004 0.359128 0.399275 0.441654 0.486465 0.533861 0.583871 0.636271 0.690344 0.744509 0.795819 0.839582 0.869711 0.880548 0.869711 0.839582 0.795819 0.744509 0.690344 0.636271 0.583871 0.533861 0.486465 0.441654 0.399275 0.359128 0.321004 0.284700 0.250032 0.216831 0.184950 0.154258 0.124641 0.095997 0.068238 0.041286 0.015072 -0.010464 -0.035377 -0.059714 -0.083518 -0.106827 -0.129676 
-0.126544 -0.103518 -0.080014 -0.055994 -0.031418 -0.006238 0.019598 0.046150 0.073485 0.101681 0.130826 0.161024 0.192392 0.225067 0.259209 0.295005 0.332672 0.372465 0.414677 0.459648 0.507751 0.559380 0.614891 0.674481 0.737919 0.804020 0.869711 0.928808 0.971562 0.987427 0.971562 0.928808 0.869711 0.804020 0.737919 0.674481 0.614891 0.559380 0.507751 0.459648 0.414677 0.372465 0.332672 0.295005 0.259209 0.225067 0.192392 0.161024 0.130826 0.101681 0.073485 0.046150 0.019598 -0.006238 -0.031418 -0.055994 -0.080014 -0.103518 -0.126544 
-0.124179 -0.101018 -0.077366 -0.053182 -0.028422 -0.003037 0.023029 0.049841 0.077472 0.106006 0.135542 0.166192 0.198089 0.231389 0.266277 0.302973 0.341738 0.382889 0.426807 0.473952 0.524877 0.580233 0.640759 0.707209 0.780130 0.859291 0.942333 1.022170 1.084027 1.108078 1.084027 1.022170 0.942333 0.859291 0.780130 0.707209 0.640759 0.580233 0.524877 0.473952 0.426807 0.382889 0.341738 0.302973 0.266277 0.231389 0.198089 0.166192 0.135542 0.106006 0.077472 0.049841 0.023029 -0.003037 -0.028422 -0.053182 -0.077366 -0.101018 -0.124179 
-0.122594 -0.099343 -0.075591 -0.051295 -0.026412 -0.000888 0.025334 0.052323 0.080155 0.108920 0.138722 0.169682 0.201944 0.235676 0.271082 0.308405 0.347942 0.390056 0.435194 0.483917 0.536922 0.595088 0.659506 0.731489 0.812480 0.903611 1.004256 1.108078 1.195434 1.231593 1.195434 1.108078 1.004256 0.903611 0.812480 0.731489 0.659506 0.595088 0.536922 0.483917 0.435194 0.390056 0.347942 0.308405 0.271082 0.235676 0.201944 0.169682 0.138722 0.108920 0.080155 0.052323 0.025334 -0.000888 -0.026412 -0.051295 -0.075591 -0.099343 -0.122594 
-0.121800 -0.098503 -0.074700 -0.050349 -0.025403 0.000191 0.026492 0.053570 0.081504 0.110386 0.140324 0.171442 0.203889 0.237842 0.273513 0.311159 0.351094 0.393707 0.439484 0.489038 0.543151 0.602835 0.669395 0.744509 0.830242 0.928808 1.041313 1.163279 1.272843 1.320775 1.272843 1.163279 1.041313 0.928808 0.830242 0.744509 0.669395 0.602835 0.543151 0.489038 0.439484 0.393707 0.351094 0.311159 0.273513 0.237842 0.203889 0.171442 0.140324 0.110386 0.081504 0.053570 0.026492 0.000191 -0.025403 -0.050349 -0.074700 -0.098503 -0.121800 
-0.121701 -0.098398 -0.074589 -0.050230 -0.025276 0.000326 0.026637 0.053726 0.081673 0.110570 0.140524 0.171662 0.204133 0.238114 0.273818 0.311505 0.351491 0.394167 0.440025 0.489684 0.543940 0.603819 0.670657 0.746181 0.832547 0.932127 1.046310 1.170988 1.284121 1.334061 1.284121 1.170988 1.046310 0.932127 0.832547 0.746181 0.670657 0.603819 0.543940 0.489684 0.440025 0.394167 0.351491 0.311505 0.273818 0.238114 0.204133 0.171662 0.140524 0.110570 0.081673 0.053726 0.026637 0.000326 -0.025276 -0.050230 -0.074589 -0.098398 -0.121701 
-0.121805 -0.098508 -0.074705 -0.050354 -0.025408 0.000185 0.026486 0.053563 0.081497 0.110378 0.140315 0.171432 0.203878 0.237830 0.273500 0.311144 0.351077 0.393687 0.439461 0.489009 0.543117 0.602792 0.669340 0.744436 0.830143 0.928664 1.041098 1.162948 1.272362 1.320210 1.272362 1.162948 1.041098 0.928664 0.830143 0.744436 0.669340 0.602792 0.543117 0.489009 0.439461 0.393687 0.351077 0.311144 0.273500 0.237830 0.203878 0.171432 0.140315 0.110378 0.081497 0.053563 0.026486 0.000185 -0.025408 -0.050354 -0.074705 -0.098508 -0.121805 
-0.122607 -0.099357 -0.075605 -0.051310 -0.026428 -0.000906 0.025316 0.052303 0.080133 0.108896 0.138696 0.169654 0.201912 0.235641 0.271043 0.308361 0.347891 0.389997 0.435125 0.483835 0.536823 0.594965 0.659348 0.731283 0.812202 0.903222 1.003695 1.107267 1.194336 1.230351 1.194336 1.107267 1.003695 0.903222 0.812202 0.731283 0.659348 0.594965 0.536823 0.483835 0.435125 0.389997 0.347891 0.308361 0.271043 0.235641 0.201912 0.169654 0.138696 0.108896 0.080133 0.052303 0.025316 -0.000906 -0.026428 -0.051310 -0.075605 -0.099357 -0.122607 
-0.124200 -0.101041 -0.077390 -0.053207 -0.028449 -0.003066 0.022998 0.049807 0.077436 0.105967 0.135499 0.166145 0.198037 0.231332 0.266213 0.302900 0.341655 0.382794 0.426696 0.473821 0.524718 0.580039 0.640516 0.706896 0.779720 0.858741 0.941588 1.021175 1.082788 1.106730 1.082788 1.021175 0.941588 0.858741 0.779720 0.706896 0.640516 0.580039 0.524718 0.473821 0.426696 0.382794 0.341655 0.302900 0.266213 0.231332 0.198037 0.166145 0.135499 0.105967 0.077436 0.049807 0.022998 -0.003066 -0.028449 -0.053207 -0.077390 -0.101041 -0.124200 
-0.126573 -0.103549 -0.080047 -0.056029 -0.031455 -0.006278 0.019555 0.046103 0.073435 0.101627 0.130768 0.160960 0.192321 0.224989 0.259122 0.294906 0.332560 0.372336 0.414528 0.459473 0.507543 0.559128 0.614581 0.674094 0.737430 0.803394 0.868912 0.927815 0.970403 0.986199 0.970403 0.927815 0.868912 0.803394 0.737430 0.674094 0.614581 0.559128 0.507543 0.459473 0.414528 0.372336 0.332560 0.294906 0.259122 0.224989 0.192321 0.160960 0.130768 0.101627 0.073435 0.046103 0.019555 -0.006278 -0.031455 -0.056029 -0.080047 -0.103549 -0.126573 
-0.129714 -0.106867 -0.083560 -0.059759 -0.035424 -0.010515 0.015018 0.041227 0.068175 0.095929 0.124567 0.154177 0.184861 0.216733 0.249922 0.284578 0.320865 0.358970 0.399093 0.441443 0.486217 0.533566 0.583516 0.635840 0.689817 0.743863 0.795038 0.838664 0.868685 0.879480 0.868685 0.838664 0.795038 0.743863 0.689817 0.635840 0.583516 0.533566 0.486217 0.441443 0.399093 0.358970 0.320865 0.284578 0.249922 0.216733 0.184861 0.154177 0.124567 0.095929 0.068175 0.041227 0.015018 -0.010515 -0.035424 -0.059759 -0.083560 -0.106867 -0.129714 
-0.133606 -0.110976 -0.087907 -0.064369 -0.040327 -0.015743 0.009426 0.035226 0.061711 0.088939 0.116975 0.145894 0.175777 0.206713 0.238802 0.272151 0.306876 0.343094 0.380917 0.420438 0.461704 0.504674 0.549145 0.594637 0.640224 0.684320 0.724476 0.757365 0.779230 0.786933 0.779230 0.757365 0.724476 0.684320 0.640224 0.594637 0.549145 0.504674 0.461704 0.420438 0.380917 0.343094 0.306876 0.272151 0.238802 0.206713 0.175777 0.145894 0.116975 0.088939 0.061711 0.035226 0.009426 -0.015743 -0.040327 -0.064369 -0.087907 -0.110976 -0.133606 
-0.138228 -0.115851 -0.093061 -0.069830 -0.046128 -0.021921 0.002826 0.028155 0.054108 0.080735 0.108087 0.136223 0.165204 0.195095 0.225966 0.257885 0.290918 0.325123 0.360533 0.397147 0.434897 0.473610 0.512947 0.552315 0.590771 0.626911 0.658828 0.684206 0.700675 0.706399 0.700675 0.684206 0.658828 0.626911 0.590771 0.552315 0.512947 0.473610 0.434897 0.397147 0.360533 0.325123 0.290918 0.257885 0.225966 0.195095 0.165204 0.136223 0.108087 0.080735 0.054108 0.028155 0.002826 -0.021921 -0.046128 -0.069830 -0.093061 -0.115851 -0.138228 
-0.143556 -0.121467 -0.098991 -0.076107 -0.052787 -0.029004 -0.004727 0.020076 0.045439 0.071402 0.098003 0.125284 0.153287 0.182056 0.211629 0.242042 0.273316 0.305458 0.338440 0.372189 0.406561 0.441303 0.476012 0.510081 0.542644 0.572534 0.598310 0.618360 0.631151 0.635554 0.631151 0.618360 0.598310 0.572534 0.542644 0.510081 0.476012 0.441303 0.406561 0.372189 0.338440 0.305458 0.273316 0.242042 0.211629 0.182056 0.153287 0.125284 0.098003 0.071402 0.045439 0.020076 -0.004727 -0.029004 -0.052787 -0.076107 -0.098991 -0.121467 -0.143556 
-0.149565 -0.127793 -0.105665 -0.083161 -0.060261 -0.036941 -0.013177 0.011055 0.035782 0.061031 0.086829 0.113203 0.140177 0.167773 0.196005 0.224877 0.254377 0.284469 0.315082 0.346094 0.377312 0.408449 0.439089 0.468662 0.496416 0.521415 0.542576 0.558769 0.568971 0.572459 0.568971 0.558769 0.542576 0.521415 0.496416 0.468662 0.439089 0.408449 0.377312 0.346094 0.315082 0.284469 0.254377 0.224877 0.196005 0.167773 0.140177 0.113203 0.086829 0.061031 0.035782 0.011055 -0.013177 -0.036941 -0.060261 -0.083161 -0.105665 -0.127793 -0.149565 
-0.156225 -0.134797 -0.113045 -0.090953 -0.068503 -0.045679 -0.022463 0.001163 0.025216 0.049714 0.074673 0.100105 0.126019 0.152418 0.179294 0.206628 0.234379 0.262482 0.290835 0.319287 0.347622 0.375545 0.402660 0.428456 0.452300 0.473453 0.491102 0.504439 0.512765 0.515597 0.512765 0.504439 0.491102 0.473453 0.452300 0.428456 0.402660 0.375545 0.347622 0.319287 0.290835 0.262482 0.234379 0.206628 0.179294 0.152418 0.126019 0.100105 0.074673 0.049714 0.025216 0.001163 -0.022463 -0.045679 -0.068503 -0.090953 -0.113045 -0.134797 -0.156225 
-0.163506 -0.142446 -0.121094 -0.099438 -0.077466 -0.055165 -0.032523 -0.009531 0.013823 0.037545 0.061642 0.086114 0.110956 0.136155 0.161686 0.187511 0.213570 0.239776 0.266008 0.292102 0.317838 0.342929 0.367013 0.389646 0.410307 0.428411 0.443345 0.454524 0.461453 0.463801 0.461453 0.454524 0.443345 0.428411 0.410307 0.389646 0.367013 0.342929 0.317838 0.292102 0.266008 0.239776 0.213570 0.187511 0.161686 0.136155 0.110956 0.086114 0.061642 0.037545 0.013823 -0.009531 -0.032523 -0.055165 -0.077466 -0.099438 -0.121094 -0.142446 -0.163506 
-0.171376 -0.150704 -0.129773 -0.108574 -0.087099 -0.065341 -0.043295 -0.020955 0.001681 0.024614 0.047838 0.071345 0.095119 0.119133 0.143350 0.167717 0.192159 0.216580 0.240848 0.264795 0.288206 0.310817 0.332304 0.352290 0.370344 0.386007 0.398812 0.408324 0.414189 0.416171 0.414189 0.408324 0.398812 0.386007 0.370344 0.352290 0.332304 0.310817 0.288206 0.264795 0.240848 0.216580 0.192159 0.167717 0.143350 0.119133 0.095119 0.071345 0.047838 0.024614 0.001681 -0.020955 -0.043295 -0.065341 -0.087099 -0.108574 -0.129773 -0.150704 -0.171376 
-0.179804 -0.159536 -0.139041 -0.118315 -0.097354 -0.076154 -0.054716 -0.033040 -0.011130 0.011007 0.033360 0.055909 0.078631 0.101488 0.124435 0.147408 0.170324 0.193081 0.215544 0.237550 0.258897 0.279342 0.298606 0.316366 0.332272 0.345960 0.357068 0.365272 0.370308 0.372006 0.370308 0.365272 0.357068 0.345960 0.332272 0.316366 0.298606 0.279342 0.258897 0.237550 0.215544 0.193081 0.170324 0.147408 0.124435 0.101488 0.078631 0.055909 0.033360 0.011007 -0.011130 -0.033040 -0.054716 -0.076154 -0.097354 -0.118315 -0.139041 -0.159536 -0.179804 
-0.188757 -0.168905 -0.148859 -0.128618 -0.108181 -0.087550 -0.066727 -0.045720 -0.024538 -0.003193 0.018297 0.039905 0.061601 0.083341 0.105071 0.126723 0.148211 0.169428 0.190244 0.210503 0.230019 0.248577 0.265932 0.281814 0.295937 0.308008 0.317747 0.324904 0.329284 0.330759 0.329284 0.324904 0.317747 0.308008 0.295937 0.281814 0.265932 0.248577 0.230019 0.210503 0.190244 0.169428 0.148211 0.126723 0.105071 0.083341 0.061601 0.039905 0.018297 -0.003193 -0.024538 -0.045720 -0.066727 -0.087550 -0.108181 -0.128618 -0.148859 -0.168905 -0.188757 
-0.198201 -0.178776 -0.159188 -0.139439 -0.119533 -0.099474 -0.079270 -0.058932 -0.038472 -0.017909 0.002733 0.023425 0.044128 0.064796 0.085371 0.105780 0.125937 0.145736 0.165055 0.183746 0.201642 0.218551 0.234264 0.248553 0.261182 0.271916 0.280535 0.286846 0.290696 0.291991 0.290696 0.286846 0.280535 0.271916 0.261182 0.248553 0.234264 0.218551 0.201642 0.183746 0.165055 0.145736 0.125937 0.105780 0.085371 0.064796 0.044128 0.023425 0.002733 -0.017909 -0.038472 -0.058932 -0.079270 -0.099474 -0.119533 -0.139439 -0.159188 -0.178776 -0.198201 
-0.208104 -0.189112 -0.169988 -0.150736 -0.131364 -0.111878 -0.092290 -0.072614 -0.052868 -0.033072 -0.013256 0.006549 0.026299 0.045946 0.065428 0.084673 0.103596 0.122096 0.140056 0.157342 0.173803 0.189270 0.203564 0.216493 0.227861 0.237480 0.245172 0.250786 0.254204 0.255352 0.254204 0.250786 0.245172 0.237480 0.227861 0.216493 0.203564 0.189270 0.173803 0.157342 0.140056 0.122096 0.103596 0.084673 0.065428 0.045946 0.026299 0.006549 -0.013256 -0.033072 -0.052868 -0.072614 -0.092290 -0.111878 -0.131364 -0.150736 -0.169988 -0.189112 -0.208104 
-0.218435 -0.199880 -0.181222 -0.162469 -0.143629 -0.124714 -0.105736 -0.086713 -0.067665 -0.048617 -0.029601 -0.010650 0.008189 0.026867 0.045321 0.063482 0.081265 0.098575 0.115304 0.131330 0.146518 0.160721 0.173784 0.185544 0.195841 0.204519 0.211436 0.216471 0.219531 0.220557 0.219531 0.216471 0.211436 0.204519 0.195841 0.185544 0.173784 0.160721 0.146518 0.131330 0.115304 0.098575 0.081265 0.063482 0.045321 0.026867 0.008189 -0.010650 -0.029601 -0.048617 -0.067665 -0.086713 -0.105736 -0.124714 -0.143629 -0.162469 -0.181222 -0.199880 -0.218435 
-0.229162 -0.211046 -0.192855 -0.174598 -0.156288 -0.137936 -0.119559 -0.101175 -0.082809 -0.064487 -0.046241 -0.028109 -0.010136 0.007626 0.025117 0.042268 0.058999 0.075223 0.090837 0.105733 0.119790 0.132880 0.144869 0.155620 0.164999 0.172877 0.179139 0.183687 0.186447 0.187372 0.186447 0.183687 0.179139 0.172877 0.164999 0.155620 0.144869 0.132880 0.119790 0.105733 0.090837 0.075223 0.058999 0.042268 0.025117 0.007626 -0.010136 -0.028109 -0.046241 -0.064487 -0.082809 -0.101175 -0.119559 -0.137936 -0.156288 -0.174598 -0.192855 -0.211046 -0.229162 
-0.240256 -0.222577 -0.204851 -0.187087 -0.169300 -0.151502 -0.133714 -0.115955 -0.098250 -0.080628 -0.063123 -0.045772 -0.028621 -0.011722 0.004868 0.021082 0.036845 0.052075 0.066680 0.080561 0.093611 0.105718 0.116766 0.126640 0.135227 0.142419 0.148123 0.152257 0.154763 0.155602 0.154763 0.152257 0.148123 0.142419 0.135227 0.126640 0.116766 0.105718 0.093611 0.080561 0.066680 0.052075 0.036845 0.021082 0.004868 -0.011722 -0.028621 -0.045772 -0.063123 -0.080628 -0.098250 -0.115955 -0.133714 -0.151502 -0.169300 -0.187087 -0.204851 -0.222577 -0.240256 
-0.251687 -0.234444 -0.217178 -0.199901 -0.182628 -0.165375 -0.148161 -0.131008 -0.113943 -0.096995 -0.080198 -0.063591 -0.047218 -0.031129 -0.015380 -0.000035 0.014836 0.029159 0.042848 0.055815 0.067965 0.079201 0.089422 0.098529 0.106428 0.113028 0.118251 0.122031 0.124320 0.125086 0.124320 0.122031 0.118251 0.113028 0.106428 0.098529 0.089422 0.079201 0.067965 0.055815 0.042848 0.029159 0.014836 -0.000035 -0.015380 -0.031129 -0.047218 -0.063591 -0.080198 -0.096995 -0.113943 -0.131008 -0.148161 -0.165375 -0.182628 -0.199901 -0.217178 -0.234444 -0.251687 
-0.263429 -0.246617 -0.229805 -0.213007 -0.196239 -0.179517 -0.162861 -0.146297 -0.129848 -0.113547 -0.097426 -0.081525 -0.065886 -0.050557 -0.035594 -0.021054 -0.007003 0.006490 0.019347 0.031490 0.042835 0.053295 0.062785 0.071218 0.078515 0.084600 0.089407 0.092881 0.094983 0.095686 0.094983 0.092881 0.089407 0.084600 0.078515 0.071218 0.062785 0.053295 0.042835 0.031490 0.019347 0.006490 -0.007003 -0.021054 -0.035594 -0.050557 -0.065886 -0.081525 -0.097426 -0.113547 -0.129848 -0.146297 -0.162861 -0.179517 -0.196239 -0.213007 -0.229805 -0.246617 -0.263429 
-0.275455 -0.259068 -0.242704 -0.226376 -0.210100 -0.193895 -0.177782 -0.161784 -0.145929 -0.130247 -0.114770 -0.099537 -0.084590 -0.069975 -0.055743 -0.041949 -0.028654 -0.015921 -0.003820 0.007578 0.018199 0.027967 0.036807 0.044646 0.051414 0.057047 0.061491 0.064699 0.066638 0.067287 0.066638 0.064699 0.061491 0.057047 0.051414 0.044646 0.036807 0.027967 0.018199 0.007578 -0.003820 -0.015921 -0.028654 -0.041949 -0.055743 -0.069975 -0.084590 -0.099537 -0.114770 -0.130247 -0.145929 -0.161784 -0.177782 -0.193895 -0.210100 -0.226376 -0.242704 -0.259068 -0.275455 
-0.287740 -0.271773 -0.255847 -0.239978 -0.224182 -0.208480 -0.192891 -0.177440 -0.162154 -0.147063 -0.132199 -0.117599 -0.103303 -0.089356 -0.075806 -0.062703 -0.050104 -0.038067 -0.026655 -0.015932 -0.005964 0.003184 0.011444 0.018754 0.025055 0.030291 0.034416 0.037391 0.039188 0.039789 0.039188 0.037391 0.034416 0.030291 0.025055 0.018754 0.011444 0.003184 -0.005964 -0.015932 -0.026655 -0.038067 -0.050104 -0.062703 -0.075806 -0.089356 -0.103303 -0.117599 -0.132199 -0.147063 -0.162154 -0.177440 -0.192891 -0.208480 -0.224182 -0.239978 -0.255847 -0.271773 -0.287740 
-0.300262 -0.284705 -0.269209 -0.253788 -0.238459 -0.223243 -0.208160 -0.193235 -0.178495 -0.163967 -0.149685 -0.135683 -0.122001 -0.108679 -0.095764 -0.083302 -0.071345 -0.059948 -0.049165 -0.039055 -0.029676 -0.021087 -0.013345 -0.006506 -0.000621 0.004263 0.008106 0.010876 0.012547 0.013106 0.012547 0.010876 0.008106 0.004263 -0.000621 -0.006506 -0.013345 -0.021087 -0.029676 -0.039055 -0.049165 -0.059948 -0.071345 -0.083302 -0.095764 -0.108679 -0.122001 -0.135683 -0.149685 -0.163967 -0.178495 -0.193235 -0.208160 -0.223243 -0.238459 -0.253788 -0.269209 -0.284705 -0.300262 
-0.312998 -0.297844 -0.282766 -0.267781 -0.252906 -0.238160 -0.223565 -0.209145 -0.194926 -0.180935 -0.167205 -0.153769 -0.140663 -0.127928 -0.115604 -0.103737 -0.092373 -0.081562 -0.071355 -0.061803 -0.052959 -0.044874 -0.037599 -0.031182 -0.025669 -0.021098 -0.017505 -0.014917 -0.013356 -0.012835 -0.013356 -0.014917 -0.017505 -0.021098 -0.025669 -0.031182 -0.037599 -0.044874 -0.052959 -0.061803 -0.071355 -0.081562 -0.092373 -0.103737 -0.115604 -0.127928 -0.140663 -0.153769 -0.167205 -0.180935 -0.194926 -0.209145 -0.223565 -0.238160 -0.252906 -0.267781 -0.282766 -0.297844 -0.312998 
-0.325928 -0.311167 -0.296498 -0.281936 -0.267500 -0.253208 -0.239083 -0.225147 -0.211425 -0.197946 -0.184739 -0.171837 -0.159274 -0.147087 -0.135315 -0.124000 -0.113185 -0.102914 -0.093235 -0.084193 -0.075834 -0.068206 -0.061352 -0.055316 -0.050134 -0.045844 -0.042474 -0.040050 -0.038587 -0.038099 -0.038587 -0.040050 -0.042474 -0.045844 -0.050134 -0.055316 -0.061352 -0.068206 -0.075834 -0.084193 -0.093235 -0.102914 -0.113185 -0.124000 -0.135315 -0.147087 -0.159274 -0.171837 -0.184739 -0.197946 -0.211425 -0.225147 -0.239083 -0.253208 -0.267500 -0.281936 -0.296498 -0.311167 -0.325928 
-0.339033 -0.324656 -0.310383 -0.296233 -0.282221 -0.268367 -0.254693 -0.241220 -0.227974 -0.214982 -0.202271 -0.189872 -0.177819 -0.166146 -0.154890 -0.144088 -0.133780 -0.124008 -0.114813 -0.106238 -0.098322 -0.091109 -0.084637 -0.078943 -0.074062 -0.070024 -0.066854 -0.064575 -0.063201 -0.062742 -0.063201 -0.064575 -0.066854 -0.070024 -0.074062 -0.078943 -0.084637 -0.091109 -0.098322 -0.106238 -0.114813 -0.124008 -0.133780 -0.144088 -0.154890 -0.166146 -0.177819 -0.189872 -0.202271 -0.214982 -0.227974 -0.241220 -0.254693 -0.268367 -0.282221 -0.296233 -0.310383 -0.324656 -0.339033 
-0.352295 -0.338291 -0.324405 -0.310652 -0.297050 -0.283619 -0.270377 -0.257348 -0.244556 -0.232026 -0.219785 -0.207862 -0.196289 -0.185098 -0.174322 -0.163998 -0.154161 -0.144850 -0.136101 -0.127953 -0.120443 -0.113608 -0.107482 -0.102100 -0.097489 -0.093679 -0.090690 -0.088542 -0.087248 -0.086815 -0.087248 -0.088542 -0.090690 -0.093679 -0.097489 -0.102100 -0.107482 -0.113608 -0.120443 -0.127953 -0.136101 -0.144850 -0.154161 -0.163998 -0.174322 -0.185098 -0.196289 -0.207862 -0.219785 -0.232026 -0.244556 -0.257348 -0.270377 -0.283619 -0.297050 -0.310652 -0.324405 -0.338291 -0.352295 
-0.365699 -0.352058 -0.338546 -0.325178 -0.311972 -0.298945 -0.286119 -0.273515 -0.261155 -0.249064 -0.237268 -0.225795 -0.214674 -0.203935 -0.193609 -0.183729 -0.174330 -0.165444 -0.157107 -0.149352 -0.142214 -0.135725 -0.129915 -0.124816 -0.120451 -0.116847 -0.114022 -0.111992 -0.110769 -0.110361 -0.110769 -0.111992 -0.114022 -0.116847 -0.120451 -0.124816 -0.129915 -0.135725 -0.142214 -0.149352 -0.157107 -0.165444 -0.174330 -0.183729 -0.193609 -0.203935 -0.214674 -0.225795 -0.237268 -0.249064 -0.261155 -0.273515 -0.286119 -0.298945 -0.311972 -0.325178 -0.338546 -0.352058 -0.365699 
