# 1644995562 58
14.0339  -90.0889  GI.JUT2.HH.--  1644995589  264.025
14.113  -89.6827  SV.RBDL.HN.--  1644995598.5  233.59
13.9366  -90.8349  GI.ESSJ.HN.00  1644995572  189.18
14.621  -90.599  GI.GUMI.HH.--  1644995581.5  131.767
14.2311  -90.1984  GI.SROR.HH.--  1644995585  126.867
14.7828  -90.7937  GI.CMSM.HH.--  1644995579.5  119.58
14.1516  -91.1941  GI.ESTQ.HH.--  1644995566  116.02
14.7504  -91.5851  GI.STG8.HH.--  1644995573  113.822
14.56  -91.557  GI.SUCU.HN.--  1644995568.5  62.8555
14.9942  -90.8073  GI.QCJY.HN.00  1644995585  53.1065
13.9982  -89.7806  SV.LOAL.HN.--  1644995598  41.2315
14.5246  -91.6949  GI.RERE.HN.00  1644995570.5  35.8612
14.532  -90.498  GI.GUVC.HN.--  1644995583  32.7848
14.535  -90.44  GI.GUJV.HH.--  1644995585  31.9584
13.6117  -89.1796  SV.PANC.HN.--  1644995610.5  29.4522
13.8349  -89.2724  SV.QUEZ.HN.--  1644996932.5  28.5715
13.7137  -89.1698  SV.IGN.HN.--  1644995611  26.3106
13.6542  -89.4489  SV.JAYA.HH.--  1644995602.5  22.3453
13.8028  -89.3949  SV.CEDA.HH.--  1644995605  21.4339
13.7033  -89.224  SV.SEM.HN.--  1644995611  20.0728
14.552  -90.3168  GI.GUSP.HN.--  1644995587  19.2606
13.9022  -89.7799  SV.NUBE.HH.--  1644995594  16.2518
13.4494  -89.0507  SV.AERO.HN.00  1644995616.5  15.0009
13.7206  -89.2014  SV.UES.HN.--  1644995615  7.73086
13.7152  -89.155  SV.UDBS.HN.--  1644995611  7.52823
13.9816  -89.5485  SV.UNIC.HN.--  1644995600  6.37122
13.5751  -89.8329  SV.ACAJ.HN.00  1644995595  6.34829
13.6842  -89.2865  SV.MAGT.HN.--  1644995612  5.70556
13.713  -88.9371  SV.PAVA.HH.--  1644995617  5.6062
13.7008  -89.2013  SV.UTEC.HN.--  1644995615  4.79487
14.964  -89.584  GI.ZAES.HN.00  1644995599.5  4.41986
13.469  -88.3233  SV.PACA.HN.--  1644995598  3.69769
14.4956  -89.8395  GI.JAMO.HH.--  1644995599  3.58716
13.8158  -88.861  SV.UNICI.HN.00  1644995619  2.35575
14.3989  -89.3606  SV.MTO3.HH.--  1644995609.5  1.96129
13.2763  -87.8337  SV.CNCH.HH.--  1644995605.5  1.57892
16.0034  -90.7772  GI.QCIX.HH.--  1644995615.5  1.51033
14.5599  -89.3414  GI.CQES.HN.00  1644995614  1.45713
14.1626  -88.9445  SV.LLGN.HN.--  1644995617.5  0.914051
15.397  -89.641  GI.AVPA.HN.00  1644995608.5  0.728086
13.4746  -88.1705  SV.CNRM.HNZ.--  1644995600  0.631714
15.5606  -88.9077  GI.IZLV.HN.--  1644995615.5  0.475755
13.309  -87.8903  SV.LCNA.HN.--  1644995605  0.446535
